       51467.315      20.0800    0.0830000      51467.3      20.0480    0.0270000      51467.3      19.7750    0.0310000      51467.3      19.7370    0.0400000      51467.3      19.4840     0.111000
       51819.291      20.2410    0.0580000      51819.3      20.1650    0.0220000      51819.3      19.8870    0.0220000      51819.3      19.8180    0.0340000      51819.3      19.7800    0.0980000
       52172.306      20.1620    0.0500000      52172.3      20.0290    0.0190000      52172.3      19.8340    0.0200000      52172.3      19.7610    0.0280000      52172.3      19.7660    0.0860000
       52172.357      20.0970    0.0550000      52172.4      20.0020    0.0200000      52172.4      19.7580    0.0210000      52172.4      19.7180    0.0280000      52172.4      19.7230    0.0840000
       52558.256      19.8870    0.0390000      52558.3      19.8420    0.0160000      52558.3      19.6010    0.0170000      52558.3      19.5190    0.0230000      52558.3      19.4660    0.0610000
       52577.144      19.9570    0.0420000      52577.1      19.8470    0.0170000      52577.1      19.6600    0.0200000      52577.1      19.6080    0.0290000      52577.1      19.5910    0.0950000
       52586.147      19.8880    0.0390000      52586.1      19.8380    0.0160000      52586.1      19.6210    0.0180000      52586.1      19.6170    0.0270000      52586.1      19.5320    0.0750000
       52931.158      19.6150    0.0330000      52931.2      19.5550    0.0140000      52931.2      19.3840    0.0140000      52931.2      19.3470    0.0190000      52931.2      19.3340    0.0560000
       52935.155      19.6610    0.0350000      52935.2      19.5950    0.0140000      52935.2      19.3790    0.0150000      52935.2      19.3700    0.0210000      52935.2      19.3800    0.0620000
       53313.148      19.8660    0.0460000      53313.1      19.7240    0.0160000      53313.1      19.5010    0.0200000      53313.1      19.4160    0.0290000      53313.1      19.4490    0.0950000
       53622.257      19.8470    0.0520000      53622.3      19.8120    0.0210000      53622.3      19.5900    0.0210000      53622.3      19.5150    0.0320000      53622.3      19.5520     0.101000
       53625.253      19.8610    0.0380000      53625.3      19.7890    0.0160000      53625.2      19.5750    0.0160000      53625.3      19.5160    0.0210000      53625.3      19.4840    0.0550000
       53634.207      20.0720     0.173000      53634.2      19.8010    0.0520000      53634.2      19.6160    0.0420000      53634.2     -99.9900    0.0560000      53634.2     -99.9900     0.145000
       53636.212      19.7920    0.0490000      53636.2      19.7750    0.0220000      53636.2      19.5400    0.0180000      53636.2      19.5230    0.0260000      53636.2      19.5190    0.0760000
       53655.184      19.8140    0.0880000      53655.2      19.8190    0.0360000      53655.2      19.5710    0.0320000      53655.2      19.5980    0.0410000      53655.2      19.4470    0.0960000
       53664.209      19.8920    0.0820000      53664.2      19.8490    0.0360000      53664.2      19.5170    0.0240000      53664.2      19.5420    0.0360000      53664.2      19.5030    0.0900000
       53666.173      19.8900    0.0410000      53666.2      19.8080    0.0150000      53666.2      19.5430    0.0170000      53666.2      19.5200    0.0240000      53666.2      19.3780    0.0670000
       53669.168      19.9000    0.0400000      53669.2      19.7980    0.0160000      53669.2      19.5120    0.0160000      53669.2      19.5490    0.0250000      53669.2      19.4010    0.0640000
       53671.253     -99.9900    0.0960000      53671.3      19.7070    0.0270000      53671.2      19.5750    0.0310000      53671.3      19.5590    0.0680000      53671.3      19.5240     0.144000
       53674.153      19.9020    0.0430000      53674.2      19.7750    0.0160000      53674.2      19.5760    0.0200000      53674.2      19.5480    0.0270000      53674.2      19.4750    0.0680000
       53676.242      19.8800    0.0450000      53676.2      19.8050    0.0160000      53676.2      19.5560    0.0170000      53676.2      19.4920    0.0220000      53676.2      19.5530    0.0590000
       53679.214      19.8930    0.0550000      53679.2      19.7880    0.0190000      53679.2      19.5660    0.0210000      53679.2      19.5150    0.0300000      53679.2      19.6090    0.0910000
       53681.206      19.9150    0.0430000      53681.2      19.7890    0.0150000      53681.2      19.5370    0.0160000      53681.2      19.4710    0.0200000      53681.2      19.4280    0.0500000
       53685.165      19.8520    0.0960000      53685.2      19.8040    0.0480000      53685.2      19.5610    0.0350000      53685.2      19.5150    0.0410000      53685.2      19.5030    0.0890000
       53687.203      19.9030     0.133000      53687.2      19.8680    0.0480000      53687.2      19.5390    0.0370000      53687.2      19.4550    0.0340000      53687.2      19.5810    0.0830000
       53694.178      19.9460     0.172000      53694.2      19.6910    0.0570000      53694.2      19.5960    0.0560000      53694.2      19.3610    0.0570000      53694.2      19.3040     0.146000
       53697.163      19.9610    0.0730000      53697.2      19.8090    0.0250000      53697.2      19.5980    0.0340000      53697.2      19.4920    0.0370000      53697.2      19.4850     0.101000
       53700.162      19.9020    0.0450000      53700.2      19.8110    0.0160000      53700.2      19.5600    0.0190000      53700.2      19.5040    0.0240000      53700.2      19.4660    0.0640000
       53705.148      19.9120    0.0490000      53705.1      19.8310    0.0180000      53705.1      19.5520    0.0190000      53705.1      19.5200    0.0270000      53705.1      19.4970    0.0650000
       53975.233      19.8870    0.0400000      53975.2      19.8000    0.0230000      53975.2      19.5340    0.0210000      53975.2      19.5140    0.0240000      53975.2      19.5530    0.0810000
       53993.301      19.9790    0.0420000      53993.3      19.8400    0.0210000      53993.3      19.5900    0.0180000      53993.3      19.5330    0.0210000      53993.3      19.5150    0.0560000
       53996.240      19.9650    0.0420000      53996.2      19.8510    0.0210000      53996.2      19.5740    0.0190000      53996.2      19.4940    0.0230000      53996.2      19.5530    0.0590000
       53998.209      19.9440    0.0370000      53998.2      19.8160    0.0170000      53998.2      19.5830    0.0170000      53998.2      19.5490    0.0240000      53998.2      19.5500    0.0570000
       54005.239      19.9010    0.0370000      54005.2      19.8430    0.0200000      54005.2      19.6140    0.0190000      54005.2      19.5120    0.0210000      54005.2      19.5440    0.0550000
       54010.194      19.9300    0.0530000      54010.2      19.8650    0.0280000      54010.2      19.6250    0.0240000      54010.2      19.5230    0.0230000      54010.2      19.6430    0.0620000
       54012.187      19.9890    0.0800000      54012.2      19.8790    0.0400000      54012.2      19.5850    0.0280000      54012.2      19.6000    0.0340000      54012.2      19.6500    0.0810000
       54020.193      19.8930    0.0390000      54020.2      19.8840    0.0200000      54020.2      19.6010    0.0210000      54020.2      19.5140    0.0240000      54020.2      19.3990    0.0620000
       54022.242      19.9060    0.0350000      54022.2     -99.9900    0.0170000      54022.2     -99.9900    0.0170000      54022.2      19.5070    0.0210000      54022.2      19.5480    0.0490000
       54028.183      19.9350    0.0420000      54028.2      19.8640    0.0220000      54028.2      19.6130    0.0210000      54028.2      19.5230    0.0250000      54028.2      19.4820    0.0630000
       54030.186      19.9340    0.0360000      54030.2      19.8830    0.0210000      54030.2      19.5940    0.0180000      54030.2      19.5150    0.0200000      54030.2      19.5150    0.0530000
       54035.262      19.8800    0.0680000      54035.3      19.8210    0.0240000      54035.3      19.5810    0.0270000      54035.3      19.5170    0.0410000      54035.3      19.5630     0.117000
       54037.168      19.9350    0.0430000      54037.2      19.8380    0.0200000      54037.2      19.5880    0.0200000      54037.2      19.5700    0.0260000      54037.2      19.4430    0.0590000
       54040.182      19.8750    0.0900000      54040.2      19.8730    0.0520000      54040.2      19.5710    0.0360000      54040.2      19.5660    0.0440000      54040.2      19.7140     0.137000
       54050.167      19.8440    0.0550000      54050.2      19.7850    0.0270000      54050.2      19.5960    0.0280000      54050.2      19.5720    0.0370000      54050.2      19.5300     0.115000
       54053.173      19.7900    0.0430000      54053.2      19.7990    0.0240000      54053.2      19.5700    0.0190000      54053.2      19.5100    0.0270000      54053.2      19.4210    0.0820000
       54056.175      19.8450    0.0620000      54056.2      19.7940    0.0310000      54056.2      19.6100    0.0330000      54056.2      19.5680    0.0450000      54056.2      19.4360    0.0910000
       54057.143      19.9100    0.0370000      54057.1      19.7870    0.0170000      54057.1      19.6070    0.0190000      54057.1      19.5220    0.0260000      54057.1      19.5040    0.0610000
       54059.169      19.8650    0.0500000      54059.2      19.8080    0.0230000      54059.2      19.6300    0.0210000      54059.2      19.5210    0.0270000      54059.2      19.5370    0.0830000
       54061.180      19.7870    0.0540000      54061.2      19.7920    0.0200000      54061.2      19.5440    0.0200000      54061.2      19.5270    0.0290000      54061.2      19.4670    0.0810000
       54062.174      19.9620    0.0560000      54062.2      19.8030    0.0280000      54062.2      19.5520    0.0240000      54062.2      19.5110    0.0300000      54062.2      19.2530    0.0770000
       54068.164      19.8910     0.148000      54068.2      19.8350    0.0550000      54068.2      19.4630    0.0460000      54068.2      19.5800    0.0580000      54068.2      19.2830    0.0920000
       54357.212      19.9430    0.0400000      54357.2      19.8150    0.0170000      54357.2      19.5700    0.0200000      54357.2      19.4930    0.0250000      54357.2      19.5550    0.0620000
       54365.210      19.8530    0.0620000      54365.2      19.7830    0.0290000      54365.2      19.5360    0.0270000      54365.2      19.5300    0.0340000      54365.2      19.5760    0.0860000
       54376.271      20.1790    0.0590000      54376.3      19.8750    0.0220000      54376.3      19.5700    0.0240000      54376.3      19.5060    0.0290000      54376.3      19.6380    0.0840000
       54385.260      20.0170    0.0510000      54385.3      19.8390    0.0200000      54385.3      19.5630    0.0220000      54385.3      19.5680    0.0300000      54385.3      19.6410    0.0670000
       54387.260      20.0330    0.0560000      54387.3      19.8750    0.0320000      54387.3      19.6270    0.0220000      54387.3      19.5270    0.0280000      54387.3      19.5310    0.0760000
       54392.255      19.9020    0.0490000      54392.3      19.8660    0.0220000      54392.3      19.5790    0.0210000      54392.3      19.5740    0.0300000      54392.3      19.4970    0.0760000
       54402.254      19.8600     0.117000      54402.3      19.9390    0.0460000      54402.3      19.6150    0.0340000      54402.3      19.5780    0.0350000      54402.3      19.3170    0.0690000
       52558.000       19.928000     0.038000000       52558.000       19.878000     0.021000000       52558.000       19.619000     0.019000000       52558.000       19.539000     0.023000000       52558.000       19.475000     0.058000000
       51467       20.157000     0.076000000       51467       20.052000     0.032000000       51467       19.759000     0.032000000       51467       19.698000     0.040000000       51467       19.419000      0.10000000
       51819       20.292000     0.061000000       51819       20.175000     0.024000000       51819       19.884000     0.024000000       51819       19.791000     0.031000000       51819       19.737000     0.091000000
       52172       20.202000     0.045000000       52172       20.049000     0.025000000       52172       19.817000     0.022000000       52172       19.749000     0.029000000       52172       19.717000     0.080000000
       52172       20.183000     0.051000000       52172       20.054000     0.027000000       52172       19.773000     0.020000000       52172       19.726000     0.027000000       52172       19.730000     0.079000000
       52552       19.962000     0.041000000       52552       19.872000     0.020000000       52552       19.620000     0.019000000       52552       19.563000     0.024000000       52552       19.483000     0.072000000
       52558       19.920000     0.038000000       52558       19.871000     0.020000000       52558       19.618000     0.018000000       52558       19.540000     0.024000000       52558       19.470000     0.058000000
       52577       20.009000     0.039000000       52577       19.868000     0.021000000       52577       19.650000     0.020000000       52577       19.574000     0.029000000       52577       19.548000     0.089000000
       52586       19.941000     0.035000000       52586       19.857000     0.021000000       52586       19.608000     0.019000000       52586       19.584000     0.026000000       52586       19.497000     0.072000000
       52935       19.702000     0.036000000       52935       19.611000     0.024000000       52935       19.347000     0.024000000       52935       19.357000     0.030000000       52935       19.342000     0.059000000
       53313       19.917000     0.049000000       53313       19.746000     0.023000000       53313       19.507000     0.033000000       53313       19.407000     0.030000000       53313       19.423000     0.092000000
