       51075.239      20.0550    0.0470000      51075.2      19.3750    0.0130000      51075.2      18.7710    0.0110000      51075.2      18.5220    0.0120000      51075.2      18.3970    0.0380000
       51464.226      20.0660    0.0470000      51464.2      19.3440    0.0120000      51464.2      18.7280    0.0100000      51464.2      18.4780    0.0100000      51464.2      18.4440    0.0280000
       52197.252      20.1670    0.0550000      52197.3      19.3120    0.0120000      52197.2      18.6770    0.0100000      52197.2      18.4420   0.00900000      52197.3      18.3490    0.0280000
       52231.138      20.0750    0.0540000      52231.1      19.2710    0.0120000      52231.1      18.6470    0.0100000      52231.1      18.4680    0.0100000      52231.1      18.3540    0.0270000
       52557.246      20.1570    0.0590000      52557.2      19.3460    0.0120000      52557.2      18.7320    0.0100000      52557.2      18.4760    0.0100000      52557.2      18.3710    0.0290000
       52578.142      20.1010    0.0500000      52578.1      19.3210    0.0110000      52578.1      18.7150    0.0100000      52578.1      18.4820    0.0100000      52578.1      18.3350    0.0260000
       52929.172      20.0450    0.0480000      52929.2      19.2760    0.0110000      52929.2      18.7000   0.00900000      52929.2      18.4570   0.00900000      52929.2      18.4390    0.0290000
       52934.153      19.9640    0.0510000      52934.2      19.2560    0.0120000      52934.2      18.6890    0.0100000      52934.2      18.4690    0.0100000      52934.2      18.3820    0.0320000
       52936.149      20.0710    0.0440000      52936.1      19.2900    0.0110000      52936.1      18.7010    0.0100000      52936.1      18.4830    0.0100000      52936.1      18.5780    0.0290000
       53270.213      20.0470    0.0510000      53270.2      19.2880    0.0160000      53270.2      18.7100    0.0150000      53270.2      18.4910    0.0140000      53270.2      18.5030    0.0390000
       53272.263      19.9590    0.0870000      53272.3      19.2820    0.0210000      53272.3      18.6950    0.0130000      53272.3      18.4770    0.0130000      53272.3      18.4250    0.0300000
       53286.231      20.0000    0.0650000      53286.2      19.2760    0.0120000      53286.2      18.6890    0.0110000      53286.2      18.4790    0.0100000      53286.2      18.4070    0.0290000
       53288.190      20.0250    0.0520000      53288.2      19.2880    0.0120000      53288.2      18.7100    0.0100000      53288.2      18.5160    0.0100000      53288.2      18.4200    0.0280000
       53294.217      20.0500    0.0560000      53294.2     -99.9900    0.0490000      53294.2      18.6900    0.0140000      53294.2      18.4620    0.0200000      53294.2      18.2490    0.0380000
       53302.185      19.9150     0.100000      53302.2      19.3380    0.0280000      53302.2      18.6910    0.0160000      53302.2      18.4660    0.0130000      53302.2      18.4110    0.0370000
       53312.141      20.0060    0.0570000      53312.1      19.3190    0.0200000      53312.1      18.7100    0.0140000      53312.1      18.4980    0.0140000      53312.1      18.4480    0.0460000
       53314.142      20.0100    0.0470000      53314.1      19.2910    0.0110000      53314.1      18.7160    0.0100000      53314.1      18.5180    0.0100000      53314.1      18.4610    0.0320000
       53616.246      20.1750    0.0850000      53616.2      19.4140    0.0150000      53616.2      18.7880    0.0130000      53616.2      18.5760    0.0130000      53616.2      18.5430    0.0420000
       53623.237      20.0050    0.0610000      53623.2      19.4290    0.0150000      53623.2      18.7910    0.0110000      53623.2      18.5910    0.0110000      53623.2      18.4040    0.0310000
       53626.223      20.0200    0.0740000      53626.2     -99.9900    0.0380000      53626.2      18.8380    0.0130000      53626.2      18.6110    0.0130000      53626.2      18.4940    0.0330000
       53628.208      20.0180     0.119000      53628.2      19.4510    0.0310000      53628.2      18.8110    0.0180000      53628.2      18.5760    0.0140000      53628.2      18.4770    0.0360000
       53637.209      20.0710    0.0750000      53637.2      19.4500    0.0170000      53637.2      18.8390    0.0120000      53637.2      18.5990    0.0130000      53637.2      18.5600    0.0460000
       53644.202      20.1100    0.0430000      53644.2      19.4680    0.0210000      53644.2      18.8380    0.0160000      53644.2      18.5900    0.0140000      53644.2      18.6030    0.0420000
       53654.236      20.0770    0.0630000      53654.2      19.4770    0.0170000      53654.2      18.8640    0.0120000      53654.2      18.6100    0.0120000      53654.2      18.4990    0.0410000
       53656.184      19.9720     0.133000      53656.2      19.4470    0.0350000      53656.2      18.8220    0.0260000      53656.2      18.5730    0.0190000      53656.2     -99.9900    0.0450000
       53663.197      20.1790    0.0820000      53663.2      19.4720    0.0190000      53663.2      18.8300    0.0120000      53663.2      18.6090    0.0110000      53663.2      18.4070    0.0260000
       53668.187      20.1600    0.0700000      53668.2      19.4830    0.0140000      53668.2      18.8410    0.0120000      53668.2      18.6080    0.0130000      53668.2      18.5750    0.0440000
       53670.192      20.2170    0.0600000      53670.2      19.4590    0.0120000      53670.2      18.8480    0.0110000      53670.2      18.6380    0.0110000      53670.2      18.5290    0.0340000
       53673.160      20.2840    0.0670000      53673.2      19.4840    0.0130000      53673.2      18.8490    0.0110000      53673.2      18.6090    0.0110000      53673.2      18.5020    0.0310000
       53675.157      20.2090    0.0590000      53675.2      19.4780    0.0130000      53675.2      18.8440    0.0110000      53675.2      18.6200    0.0110000      53675.2      18.6120    0.0370000
       53677.178      20.1750    0.0520000      53677.2      19.4910    0.0120000      53677.2      18.8440    0.0100000      53677.2      18.6360    0.0100000      53677.2      18.4640    0.0250000
       53680.164      20.1050    0.0520000      53680.2      19.4670    0.0130000      53680.2      18.8490    0.0100000      53680.2      18.6270    0.0100000      53680.2      18.4980    0.0270000
       53686.231      20.5310     0.385000      53686.2      19.5080    0.0590000      53686.2      18.8420    0.0270000      53686.2      18.6070    0.0220000      53686.2      18.5220    0.0590000
       53693.166      20.2540     0.110000      53693.2      19.4350    0.0230000      53693.2      18.8620    0.0130000      53693.2      18.6190    0.0120000      53693.2      18.5710    0.0310000
       53702.162      20.0510    0.0980000      53702.2      19.4420    0.0250000      53702.2      18.8410    0.0210000      53702.2      18.6310    0.0230000      53702.2      18.4750    0.0660000
       53704.150      20.1460    0.0640000      53704.2      19.4750    0.0130000      53704.1      18.8590    0.0110000      53704.1      18.6210    0.0110000      53704.2      18.5590    0.0370000
       53989.246      19.9630    0.0730000      53989.2      19.4250    0.0230000      53989.2      18.8610    0.0160000      53989.2      18.6350    0.0190000      53989.2      18.5720    0.0350000
       53995.235      20.2140    0.0500000      53995.2      19.4940    0.0270000      53995.2      18.8360    0.0160000      53995.2      18.6300    0.0130000      53995.2      18.5190    0.0260000
       54000.221      20.1360    0.0670000      54000.2      19.4450    0.0160000      54000.2      18.8470    0.0190000      54000.2      18.6120    0.0220000      54000.2      18.4940    0.0390000
       54007.271      20.1730    0.0560000      54007.3      19.4370    0.0190000      54007.3      18.7820    0.0190000      54007.3      18.5980    0.0170000      54007.3      18.4780    0.0350000
       54009.195      20.1540    0.0610000      54009.2      19.4620    0.0190000      54009.2      18.8200    0.0190000      54009.2      18.6360    0.0160000      54009.2      18.5110    0.0290000
       54011.259      20.1660    0.0850000      54011.3      19.4830    0.0260000      54011.3      18.8400    0.0140000      54011.3      18.6240    0.0200000      54011.3      18.5310    0.0300000
       54019.210      20.0900    0.0640000      54019.2      19.4520    0.0240000      54019.2      18.8520    0.0170000      54019.2      18.6250    0.0170000      54019.2      18.5170    0.0270000
       54025.258      20.0180    0.0660000      54025.3      19.5200    0.0240000      54025.3      18.8240    0.0180000      54025.3      18.6190    0.0180000      54025.3      18.4920    0.0390000
       54029.189      20.1740    0.0500000      54029.2      19.4350    0.0220000      54029.2      18.8140    0.0150000      54029.2      18.6050    0.0160000      54029.2      18.6000    0.0310000
       54356.267      20.1360    0.0620000      54356.3      19.5940    0.0220000      54356.3      18.8980    0.0190000      54356.3      18.6750    0.0160000      54356.3      18.5730    0.0340000
       54358.212      20.2810    0.0790000      54358.2      19.5640    0.0280000      54358.2      18.9390    0.0190000      54358.2      18.7020    0.0190000      54358.2      18.6150    0.0480000
       54365.245      20.2380    0.0750000      54365.2      19.5680    0.0250000      54365.2      18.8930    0.0160000      54365.2      18.6730    0.0170000      54365.2      18.5640    0.0390000
       54373.319      20.1480     0.153000      54373.3      19.6040    0.0360000      54373.3      18.9830    0.0210000      54373.3      18.6810    0.0200000      54373.3      18.6150    0.0420000
       54382.254      20.2110    0.0750000      54382.3      19.5520    0.0530000      54382.3      18.8940    0.0180000      54382.3      18.6800    0.0170000      54382.3      18.5990    0.0400000
       54386.257      20.2190    0.0590000      54386.3      19.5590    0.0170000      54386.3      18.9380    0.0190000      54386.3      18.6530    0.0170000      54386.3      18.5720    0.0320000
       54388.261      20.1470    0.0620000      54388.3      19.5970    0.0180000      54388.3      18.9210    0.0170000      54388.3      18.7070    0.0160000      54388.3      18.6670    0.0390000
       54403.175      20.2240     0.111000      54403.2      19.5780    0.0300000      54403.2      18.9310    0.0220000      54403.2      18.6790    0.0250000      54403.2      18.4890    0.0390000
       54406.169      20.2270    0.0520000      54406.2      19.5820    0.0220000      54406.2      18.9310    0.0250000      54406.2      18.6890    0.0210000      54406.2      18.6250    0.0360000
       54412.172      20.2970    0.0880000      54412.2      19.5790    0.0290000      54412.2      18.9120    0.0170000      54412.2      18.7330    0.0180000      54412.2      18.6280    0.0370000
       52197.000       20.145000     0.055000000       52197.000       19.314000     0.023000000       52197.000       18.648000     0.015000000       52197.000       18.428000     0.016000000       52197.000       18.314000     0.035000000
       51075       19.993000     0.044000000       51075       19.347000     0.018000000       51075       18.736000     0.014000000       51075       18.480000     0.017000000       51075       18.361000     0.040000000
       51459       20.054000     0.064000000       51459       19.335000     0.021000000       51459       18.690000     0.017000000       51459       18.472000     0.018000000       51459       18.347000     0.038000000
       51464       20.041000     0.040000000       51464       19.346000     0.018000000       51464       18.730000     0.017000000       51464       18.462000     0.015000000       51464       18.431000     0.031000000
       52197       20.143000     0.047000000       52197       19.310000     0.020000000       52197       18.650000     0.016000000       52197       18.425000     0.016000000       52197       18.316000     0.036000000
       52231       20.072000     0.049000000       52231       19.274000     0.021000000       52231       18.651000     0.014000000       52231       18.466000     0.015000000       52231       18.300000     0.036000000
       52557       20.135000     0.050000000       52557       19.361000     0.023000000       52557       18.722000     0.018000000       52557       18.460000     0.020000000       52557       18.340000     0.030000000
       52578       20.055000     0.045000000       52578       19.330000     0.020000000       52578       18.699000     0.017000000       52578       18.469000     0.017000000       52578       18.296000     0.029000000
       52929       20.034000     0.047000000       52929       19.284000     0.022000000       52929       18.693000     0.014000000       52929       18.431000     0.016000000       52929       18.420000     0.031000000
       52934       19.918000     0.042000000       52934       19.241000     0.027000000       52934       18.671000     0.022000000       52934       18.447000     0.019000000       52934       18.354000     0.037000000
       53270       20.024000     0.046000000       53270       19.275000     0.018000000       53270       18.690000     0.016000000       53270       18.463000     0.015000000       53270       18.470000     0.042000000
       53272       19.893000     0.077000000       53272       19.231000     0.030000000       53272       18.663000     0.028000000       53272       18.428000     0.021000000       53272       18.364000     0.032000000
       53286       19.996000     0.063000000       53286       19.288000     0.019000000       53286       18.666000     0.021000000       53286       18.463000     0.018000000       53286       18.380000     0.033000000
       53288       19.996000     0.046000000       53288       19.281000     0.021000000       53288       18.675000     0.015000000       53288       18.479000     0.020000000       53288       18.381000     0.032000000
       53294       20.011000     0.052000000       53294       19.286000     0.022000000       53294       18.671000     0.016000000       53294       18.451000     0.021000000       53294       18.238000     0.041000000
       53312       20.016000     0.050000000       53312       19.317000     0.020000000       53312       18.691000     0.015000000       53312       18.475000     0.015000000       53312       18.416000     0.046000000
       53314       20.000000     0.045000000       53314       19.284000     0.023000000       53314       18.704000     0.017000000       53314       18.515000     0.018000000       53314       18.430000     0.032000000
