       51075.242      20.0940    0.0500000      51075.2      19.8000    0.0170000      51075.2      19.5650    0.0180000      51075.2      19.2850    0.0240000      51075.2      19.0920    0.0790000
       51464.230      20.1120    0.0420000      51464.2      19.7490    0.0150000      51464.2      19.5060    0.0150000      51464.2      19.3290    0.0180000      51464.2      19.0620    0.0550000
       51467.321      19.9740    0.0760000      51467.3      19.7120    0.0220000      51467.3      19.4740    0.0220000      51467.3      19.2780    0.0270000      51467.3      19.1480    0.0860000
       51819.297      19.9490    0.0460000      51819.3      19.6340    0.0150000      51819.3      19.4630    0.0170000      51819.3      19.3440    0.0230000      51819.3      19.0770    0.0500000
       52197.256      20.3760    0.0630000      52197.3      20.0260    0.0170000      52197.3      19.7250    0.0180000      52197.3      19.5230    0.0200000      52197.3      19.4330    0.0760000
       52231.142      20.3490    0.0610000      52231.1      20.0060    0.0170000      52231.1      19.7580    0.0190000      52231.1      19.5170    0.0220000      52231.1      19.3680    0.0740000
       52557.250      20.3810    0.0700000      52557.2      20.0700    0.0200000      52557.2      19.8440    0.0200000      52557.2      19.5700    0.0220000      52557.2      19.2890    0.0780000
       52578.146      20.4640    0.0610000      52578.1      20.1620    0.0170000      52578.1      19.8970    0.0200000      52578.1      19.6130    0.0210000      52578.1      19.2490    0.0640000
       52929.176      20.1820    0.0540000      52929.2      19.8500    0.0150000      52929.2      19.6170    0.0170000      52929.2      19.4180    0.0190000      52929.2      19.1840    0.0630000
       52934.156      20.2880    0.0640000      52934.2      19.8320    0.0170000      52934.2      19.6130    0.0200000      52934.2      19.4040    0.0220000      52934.2      19.2440    0.0740000
       52936.152      20.1010    0.0460000      52936.2      19.8440    0.0140000      52936.2      19.5940    0.0150000      52936.2      19.3650    0.0170000      52936.2      19.1210    0.0540000
       53270.216      20.2360    0.0650000      53270.2      19.7550    0.0180000      53270.2      19.5080    0.0230000      53270.2      19.3350    0.0220000      53270.2      19.0630    0.0510000
       53272.266      19.9810    0.0750000      53272.3      19.6330    0.0270000      53272.3      19.5300    0.0240000      53272.3      19.2830    0.0220000      53272.3      19.2900    0.0700000
       53286.235      20.1990    0.0660000      53286.2      19.6850    0.0150000      53286.2      19.5050    0.0170000      53286.2      19.2960    0.0190000      53286.2      19.0620    0.0590000
       53288.193      20.0270    0.0500000      53288.2      19.7080    0.0140000      53288.2      19.5030    0.0160000      53288.2      19.2920    0.0180000      53288.2      19.1100    0.0570000
       53294.221      19.9480    0.0610000      53294.2      19.6650    0.0420000      53294.2     -99.9900    0.0270000      53294.2      19.3460    0.0310000      53294.2      19.3230     0.151000
       53302.189      20.1770     0.118000      53302.2      19.7440    0.0330000      53302.2      19.4610    0.0290000      53302.2      19.3040    0.0280000      53302.2      19.1840    0.0760000
       53312.145      19.9170    0.0550000      53312.1      19.6920    0.0180000      53312.1      19.4370    0.0230000      53312.1      19.3360    0.0240000      53312.1      19.1870    0.0810000
       53314.146      20.1380    0.0510000      53314.1      19.7310    0.0140000      53314.1      19.5200    0.0160000      53314.1      19.2930    0.0190000      53314.1      19.0410    0.0590000
       53616.250      19.9250    0.0670000      53616.2      19.4640    0.0150000      53616.2      19.2850    0.0180000      53616.2      19.1060    0.0220000      53616.2      18.6920    0.0750000
       53623.240      19.8460    0.0560000      53623.2      19.6010    0.0220000      53623.2      19.3190    0.0160000      53623.2      19.1410    0.0180000      53623.2      19.0450    0.0770000
       53626.227      19.9830    0.0660000      53626.2      19.4880    0.0200000      53626.2     -99.9900    0.0350000      53626.2     -99.9900    0.0480000      53626.2      18.9470    0.0530000
       53628.211      19.9290     0.112000      53628.2      19.5120    0.0290000      53628.2      19.2550    0.0240000      53628.2      19.1220    0.0240000      53628.2      19.1140    0.0750000
       53637.213      19.7930    0.0630000      53637.2      19.5180    0.0190000      53637.2      19.2720    0.0170000      53637.2      19.1570    0.0210000      53637.2      18.8900    0.0750000
       53644.205      19.8620    0.0370000      53644.2      19.5290    0.0150000      53644.2      19.2860    0.0160000      53644.2      19.1110    0.0190000      53644.2      18.9560    0.0400000
       53654.240      19.8860    0.0580000      53654.2      19.4740    0.0160000      53654.2      19.3210    0.0170000      53654.2      19.1700    0.0200000      53654.2      18.8980    0.0580000
       53656.188      19.9750     0.124000      53656.2      19.5410    0.0350000      53656.2      19.2670    0.0290000      53656.2      19.0930    0.0280000      53656.2      18.8360    0.0720000
       53663.201      19.9240    0.0630000      53663.2      19.5420    0.0190000      53663.2      19.3100    0.0160000      53663.2      19.1340    0.0160000      53663.2      18.9180    0.0430000
       53668.191      20.0430    0.0640000      53668.2      19.5020    0.0140000      53668.2      19.4290    0.0190000      53668.2      19.0410    0.0200000      53668.2      18.9010    0.0740000
       53670.195      20.0980    0.0570000      53670.2      19.5390    0.0130000      53670.2      19.3030    0.0140000      53670.2      19.1730    0.0180000      53670.2      18.9540    0.0520000
       53673.163      19.9660    0.0540000      53673.2      19.5880    0.0140000      53673.2      19.3290    0.0150000      53673.2      19.1480    0.0180000      53673.2      18.9720    0.0570000
       53675.160      19.9630    0.0500000      53675.2      19.5730    0.0130000      53675.2      19.3350    0.0160000      53675.2      19.1740    0.0180000      53675.2      18.9670    0.0560000
       53677.181      19.9120    0.0490000      53677.2      19.5740    0.0130000      53677.2      19.3360    0.0140000      53677.2      19.1610    0.0150000      53677.2      19.0120    0.0440000
       53680.168      20.0350    0.0490000      53680.2      19.6050    0.0130000      53680.2      19.3340    0.0140000      53680.2      19.1570    0.0150000      53680.2      18.9420    0.0430000
       53686.235      20.4170     0.331000      53686.2      19.5510    0.0620000      53686.2      19.3920    0.0430000      53686.2      19.1300    0.0360000      53686.2     -99.9900     0.116000
       53693.170      20.1570    0.0990000      53693.2      19.5330    0.0240000      53693.2      19.3200    0.0190000      53693.2      19.1200    0.0170000      53693.2      18.8860    0.0500000
       53702.166      19.8500    0.0900000      53702.2      19.5630    0.0250000      53702.2     -99.9900    0.0290000      53702.2      19.3080    0.0390000      53702.2      18.9480     0.119000
       53704.153      19.9640    0.0550000      53704.2      19.5990    0.0150000      53704.2      19.3110    0.0150000      53704.2      19.1800    0.0190000      53704.2      18.8970    0.0550000
       53989.249      20.1890    0.0890000      53989.2      19.8900    0.0280000      53989.2      19.6210    0.0240000      53989.2      19.3370    0.0240000      53989.2      19.1900    0.0650000
       53995.239      20.1470    0.0440000      53995.2      19.8460    0.0190000      53995.2      19.5360    0.0180000      53995.2      19.3070    0.0200000      53995.2      19.0690    0.0420000
       54000.225      20.1410    0.0620000      54000.2      19.7960    0.0230000      54000.2      19.5410    0.0170000      54000.2      19.3080    0.0200000      54000.2      19.0910    0.0650000
       54007.275      20.3810    0.0870000      54007.3      19.8160    0.0210000      54007.3      19.5770    0.0190000      54007.3      19.3290    0.0200000      54007.3      19.0100    0.0530000
       54009.199      20.2160    0.0590000      54009.2      19.8330    0.0190000      54009.2      19.5440    0.0240000      54009.2      19.3010    0.0230000      54009.2      19.1490    0.0560000
       54011.263      20.1450    0.0800000      54011.3      19.8310    0.0250000      54011.3      19.6300    0.0220000      54011.3      19.2620    0.0190000      54011.3      19.1080    0.0470000
       54019.213      20.1300    0.0580000      54019.2      19.7700    0.0180000      54019.2      19.5430    0.0160000      54019.2      19.2910    0.0160000      54019.2      19.1240    0.0450000
       54025.262      20.0260    0.0680000      54025.3      19.7540    0.0210000      54025.3      19.5490    0.0250000      54025.3      19.3450    0.0310000      54025.3      19.0940    0.0820000
       54029.192      20.0480    0.0580000      54029.2      19.7330    0.0170000      54029.2      19.5250    0.0220000      54029.2      19.2700    0.0230000      54029.2      19.0120    0.0510000
       54356.271      20.1990    0.0590000      54356.3      19.7520    0.0220000      54356.3      19.5360    0.0210000      54356.3      19.3160    0.0210000      54356.3      19.1880    0.0620000
       54358.216      19.9800    0.0630000      54358.2      19.7990    0.0240000      54358.2      19.5730    0.0210000      54358.2      19.2880    0.0320000      54358.2      18.9510    0.0710000
       54365.249      20.1760    0.0670000      54365.2      19.8320    0.0220000      54365.2      19.5460    0.0190000      54365.2      19.3430    0.0210000      54365.2      19.0520    0.0590000
       54373.323      20.2830     0.165000      54373.3      19.7890    0.0380000      54373.3      19.6210    0.0310000      54373.3      19.3810    0.0290000      54373.3      19.0020    0.0660000
       54382.258      20.0910    0.0700000      54382.3      19.9070    0.0270000      54382.3      19.6100    0.0260000      54382.3      19.3550    0.0250000      54382.3      19.2610    0.0820000
       54386.261      20.1860    0.0570000      54386.3      19.8540    0.0200000      54386.3      19.5750    0.0180000      54386.3      19.3700    0.0170000      54386.3      19.0920    0.0510000
       54388.265      20.2260    0.0660000      54388.3      19.8830    0.0170000      54388.3      19.5840    0.0200000      54388.3      19.3620    0.0190000      54388.3      19.1240    0.0580000
       54403.179      20.3000    0.0810000      54403.2      19.8380    0.0270000      54403.2      19.6440    0.0280000      54403.2      19.3880    0.0240000      54403.2      19.1580    0.0630000
       54404.185      20.2680    0.0540000      54404.2      19.8310    0.0150000      54404.2      19.6240    0.0170000      54404.2      19.3660    0.0220000      54404.2      19.1820    0.0510000
       54406.172      20.3170    0.0570000      54406.2      19.8810    0.0250000      54406.2      19.6570    0.0260000      54406.2      19.3590    0.0260000      54406.2      19.1810    0.0650000
       54412.176      20.1320    0.0660000      54412.2      19.9480    0.0240000      54412.2      19.6340    0.0250000      54412.2      19.3730    0.0300000      54412.2      19.1930    0.0610000
       52197.000       20.379000     0.063000000       52197.000       20.036000     0.023000000       52197.000       19.716000     0.025000000       52197.000       19.511000     0.022000000       52197.000       19.406000     0.072000000
       51075       20.121000     0.048000000       51075       19.786000     0.018000000       51075       19.540000     0.020000000       51075       19.298000     0.025000000       51075       19.039000     0.072000000
       51459       20.381000     0.076000000       51459       19.728000     0.023000000       51459       19.511000     0.024000000       51459       19.318000     0.026000000       51459       19.152000     0.086000000
       51464       20.128000     0.037000000       51464       19.716000     0.041000000       51464       19.495000     0.019000000       51464       19.314000     0.021000000       51464       19.000000     0.050000000
       51467       20.065000     0.070000000       51467       19.730000     0.024000000       51467       19.488000     0.025000000       51467       19.281000     0.027000000       51467       19.167000     0.084000000
       51819       20.040000     0.045000000       51819       19.667000     0.019000000       51819       19.466000     0.019000000       51819       19.339000     0.024000000       51819       19.098000     0.049000000
       52197       20.376000     0.058000000       52197       20.027000     0.022000000       52197       19.719000     0.022000000       52197       19.497000     0.021000000       52197       19.394000     0.066000000
       52231       20.270000     0.061000000       52231       19.972000     0.026000000       52231       19.719000     0.028000000       52231       19.474000     0.029000000       52231       19.304000     0.065000000
       52557       20.509000     0.068000000       52557       20.111000     0.028000000       52557       19.909000     0.024000000       52557       19.597000     0.027000000       52557       19.319000     0.080000000
       52578       20.468000     0.054000000       52578       20.161000     0.019000000       52578       19.874000     0.021000000       52578       19.592000     0.023000000       52578       19.208000     0.057000000
       52929       20.213000     0.048000000       52929       19.863000     0.017000000       52929       19.631000     0.024000000       52929       19.408000     0.023000000       52929       19.211000     0.057000000
       52934       20.294000     0.054000000       52934       19.826000     0.022000000       52934       19.580000     0.025000000       52934       19.352000     0.024000000       52934       19.161000     0.066000000
       53270       20.230000     0.065000000       53270       19.747000     0.020000000       53270       19.482000     0.023000000       53270       19.302000     0.024000000       53270       19.059000     0.050000000
       53272       19.949000     0.070000000       53272       19.617000     0.031000000       53272       19.505000     0.027000000       53272       19.242000     0.030000000       53272       19.246000     0.061000000
       53286       20.276000     0.064000000       53286       19.717000     0.021000000       53286       19.511000     0.024000000       53286       19.323000     0.024000000       53286       19.200000     0.070000000
       53288       20.026000     0.049000000       53288       19.698000     0.020000000       53288       19.485000     0.026000000       53288       19.282000     0.019000000       53288       19.100000     0.053000000
       53294       20.200000     0.083000000       53294       19.784000     0.037000000       53294       19.625000     0.025000000       53294       19.685000     0.062000000       53294       20.166000      0.43300000
       53312       19.973000     0.052000000       53312       19.688000     0.020000000       53312       19.419000     0.026000000       53312       19.286000     0.027000000       53312       19.149000     0.082000000
       53314       20.145000     0.046000000       53314       19.754000     0.020000000       53314       19.505000     0.021000000       53314       19.282000     0.021000000       53314       19.045000     0.058000000
