       51075.243      20.5630    0.0700000      51075.2      20.1950    0.0220000      51075.2      19.9620    0.0250000      51075.2      19.8050    0.0390000      51075.2      19.4360     0.105000
       51464.231      20.4430    0.0580000      51464.2      19.9690    0.0200000      51464.2      19.8250    0.0220000      51464.2      19.6820    0.0270000      51464.2      19.4130    0.0730000
       52197.257      20.5030    0.0670000      52197.3      19.9720    0.0170000      52197.3      19.8430    0.0200000      52197.3      19.6470    0.0260000      52197.3      19.5130    0.0730000
       52231.143      20.4410    0.0650000      52231.1      19.9520    0.0170000      52231.1      19.7580    0.0210000      52231.1      19.6230    0.0270000      52231.1      19.5490    0.0820000
       52557.251      20.2720    0.0620000      52557.3      19.7740    0.0180000      52557.2      19.6350    0.0200000      52557.2      19.5420    0.0270000      52557.2      19.3760    0.0750000
       52578.147      20.1680    0.0480000      52578.1      19.7840    0.0140000      52578.1      19.6720    0.0170000      52578.1      19.5760    0.0260000      52578.1      19.4320    0.0680000
       52929.177      20.0270    0.0470000      52929.2      19.6090    0.0130000      52929.2      19.5290    0.0180000      52929.2      19.4400    0.0220000      52929.2      19.4560    0.0740000
       52934.157      19.9400    0.0470000      52934.2      19.6810    0.0150000      52934.2      19.5390    0.0190000      52934.2      19.4120    0.0230000      52934.2      19.2330    0.0650000
       52936.153      20.1130    0.0440000      52936.2      19.6200    0.0140000      52936.2      19.5240    0.0190000      52936.2      19.4660    0.0230000      52936.2      19.2810    0.0620000
       53270.217      20.1070    0.0510000      53270.2      19.7600    0.0240000      53270.2      19.5950    0.0240000      53270.2      19.4860    0.0280000      53270.2      19.3070    0.0600000
       53272.267      20.1740    0.0880000      53272.3      19.7570    0.0310000      53272.3      19.5600    0.0250000      53272.3      19.4550    0.0290000      53272.3      19.3370    0.0760000
       53286.236      20.0730    0.0590000      53286.2      19.6280    0.0150000      53286.2      19.5250    0.0200000      53286.2      19.4210    0.0250000      53286.2      19.3960    0.0680000
       53288.194      20.1290    0.0550000      53288.2      19.6550    0.0140000      53288.2      19.5440    0.0180000      53288.2      19.4610    0.0220000      53288.2      19.2350    0.0600000
       53294.222      19.9010    0.0810000      53294.2      19.6970    0.0240000      53294.2      19.5340    0.0280000      53294.2      19.4870    0.0400000      53294.2      19.4450    0.0980000
       53302.190      20.3110     0.127000      53302.2      19.6380    0.0360000      53302.2      19.5820    0.0340000      53302.2      19.5040    0.0390000      53302.2      19.2630    0.0820000
       53312.146      20.0640    0.0510000      53312.1      19.6640    0.0170000      53312.1      19.5080    0.0230000      53312.1      19.4530    0.0300000      53312.1      19.2810    0.0750000
       53314.147      20.1320    0.0500000      53314.1      19.6450    0.0140000      53314.1      19.4840    0.0180000      53314.1      19.4370    0.0260000      53314.1      19.3780    0.0800000
       53616.251      20.4690     0.124000      53616.3      19.8460    0.0200000      53616.2      19.6980    0.0230000      53616.2      19.5740    0.0310000      53616.2      19.3380    0.0950000
       53623.241     -99.9900    0.0940000      53623.2     -99.9900    0.0280000      53623.2      19.6550    0.0220000      53623.2     -99.9900    0.0300000      53623.2     -99.9900     0.216000
       53626.228      20.4010    0.0870000      53626.2      19.8800    0.0260000      53626.2     -99.9900    0.0450000      53626.2      19.5520    0.0280000      53626.2      19.4110    0.0770000
       53628.212      20.2530     0.139000      53628.2      19.8200    0.0390000      53628.2      19.5520    0.0330000      53628.2      19.4440    0.0350000      53628.2      19.3910    0.0890000
       53637.214      20.1950    0.0880000      53637.2      19.8650    0.0250000      53637.2      19.6540    0.0240000      53637.2      19.4760    0.0330000      53637.2      19.2860     0.103000
       53644.206      20.2930    0.0460000      53644.2      19.8470    0.0150000      53644.2      19.6160    0.0150000      53644.2      19.5350    0.0200000      53644.2      19.6190    0.0650000
       53654.241      20.2010    0.0650000      53654.2      19.8160    0.0230000      53654.2      19.6220    0.0290000      53654.2      19.4660    0.0300000      53654.2      19.3990    0.0970000
       53656.189      20.2930     0.157000      53656.2      19.7710    0.0430000      53656.2      19.5160    0.0360000      53656.2      19.5240    0.0440000      53656.2      19.3740     0.103000
       53663.202      20.2850    0.0860000      53663.2      19.7960    0.0240000      53663.2      19.6070    0.0220000      53663.2      19.5190    0.0270000      53663.2      19.4240    0.0660000
       53668.192      20.1840    0.0660000      53668.2      19.7780    0.0160000      53668.2      19.6350    0.0210000      53668.2      19.5390    0.0310000      53668.2      19.2390    0.0800000
       53670.196      20.2570    0.0570000      53670.2      19.8240    0.0160000      53670.2      19.6630    0.0190000      53670.2      19.5400    0.0260000      53670.2      19.4070    0.0700000
       53673.164      20.2180    0.0610000      53673.2      19.8060    0.0160000      53673.2      19.6500    0.0200000      53673.2      19.5190    0.0260000      53673.2      19.5090    0.0830000
       53675.161      20.1360    0.0570000      53675.2      19.9280    0.0180000      53675.2      19.6080    0.0210000      53675.2      19.4810    0.0270000      53675.2      19.4470    0.0840000
       53677.182      20.1470    0.0490000      53677.2      19.7990    0.0140000      53677.2      19.6130    0.0190000      53677.2      19.5780    0.0260000      53677.2      19.3790    0.0570000
       53680.169      20.2460    0.0560000      53680.2      19.8050    0.0150000      53680.2      19.6030    0.0170000      53680.2      19.5400    0.0250000      53680.2      19.4970    0.0640000
       53686.236      20.6700     0.427000      53686.2      19.6560    0.0700000      53686.2      19.5250    0.0510000      53686.2      19.5110    0.0580000      53686.2      19.3500     0.144000
       53693.171      20.2170     0.102000      53693.2      19.7750    0.0290000      53693.2      19.5990    0.0260000      53693.2      19.5090    0.0280000      53693.2      19.5180    0.0770000
       53702.167      20.0550     0.112000      53702.2      19.7810    0.0340000      53702.2      19.6170    0.0360000      53702.2      19.4840    0.0510000      53702.2      19.4610     0.166000
       53704.154      20.2040    0.0630000      53704.2      19.7540    0.0160000      53704.2      19.6380    0.0200000      53704.2      19.5340    0.0260000      53704.2      19.4020    0.0760000
       53989.250      20.3170     0.104000      53989.2      19.8260    0.0300000      53989.2      19.6770    0.0280000      53989.2      19.5320    0.0310000      53989.2      19.4420    0.0760000
       53995.240      20.1890    0.0430000      53995.2      19.7790    0.0160000      53995.2      19.6370    0.0160000      53995.2      19.5160    0.0200000      53995.2      19.3590    0.0530000
       54000.226      20.3300    0.0670000      54000.2      19.7890    0.0180000      54000.2      19.6310    0.0180000      54000.2      19.5060    0.0290000      54000.2      19.3950    0.0760000
       54007.276      20.2550    0.0600000      54007.3      19.7650    0.0180000      54007.3      19.6260    0.0200000      54007.3      19.5110    0.0250000      54007.3      19.4010    0.0610000
       54009.200      20.2220    0.0630000      54009.2      19.8380    0.0220000      54009.2      19.6400    0.0190000      54009.2      19.6120    0.0280000      54009.2      19.5540    0.0800000
       54011.264      20.2340    0.0770000      54011.3      19.7820    0.0270000      54011.3     -99.9900    0.0280000      54011.3      19.5120    0.0300000      54011.3      19.4700    0.0670000
       54019.214      20.1960    0.0610000      54019.2      19.7980    0.0200000      54019.2      19.6200    0.0190000      54019.2     -99.9900    0.0250000      54019.2     -99.9900    0.0760000
       54025.263      20.4600    0.0960000      54025.3      19.8220    0.0240000      54025.3      19.6070    0.0250000      54025.3      19.5270    0.0310000      54025.3      19.6030     0.100000
       54029.193      20.2810    0.0580000      54029.2      19.8350    0.0200000      54029.2      19.6410    0.0230000      54029.2      19.5400    0.0260000      54029.2      19.4270    0.0870000
       54358.217      20.0120    0.0720000      54358.2      19.6950    0.0320000      54358.2      19.5690    0.0250000      54358.2      19.5120    0.0340000      54358.2      19.2500    0.0700000
       54365.250      20.1180    0.0620000      54365.2      19.6900    0.0210000      54365.2      19.6230    0.0230000      54365.2      19.4950    0.0260000      54365.2      19.3310    0.0670000
       54373.324      20.0930     0.146000      54373.3     -99.9900    0.0420000      54373.3      19.5870    0.0330000      54373.3      19.4560    0.0330000      54373.3      19.3670    0.0790000
       54382.259      20.2170    0.0720000      54382.3      19.7520    0.0250000      54382.3      19.5660    0.0280000      54382.3      19.5410    0.0290000      54382.3      19.4250    0.0870000
       54386.262      20.3250    0.0560000      54386.3      19.7730    0.0180000      54386.3      19.5410    0.0170000      54386.3      19.4820    0.0210000      54386.3      19.3310    0.0530000
       54388.266      20.1250    0.0580000      54388.3      19.7540    0.0200000      54388.3      19.5770    0.0220000      54388.3      19.4830    0.0260000      54388.3      19.4550    0.0700000
       54403.180      20.2650    0.0820000      54403.2      19.7580    0.0250000      54403.2      19.6130    0.0270000      54403.2      19.5190    0.0310000      54403.2      19.3580    0.0750000
       54404.186      20.2110    0.0500000      54404.2      19.7420    0.0170000      54404.2      19.5850    0.0190000      54404.2      19.5790    0.0230000      54404.2      19.4040    0.0600000
       54406.173      20.2520    0.0580000      54406.2      19.7910    0.0280000      54406.2      19.5770    0.0210000      54406.2      19.5490    0.0270000      54406.2      19.4330    0.0690000
       54412.177      20.2400    0.0640000      54412.2      19.8030    0.0190000      54412.2      19.6360    0.0260000      54412.2     -99.9900    0.0280000      54412.2     -99.9900    0.0570000
       52197.000       20.480000     0.066000000       52197.000       20.006000     0.026000000       52197.000       19.860000     0.022000000       52197.000       19.674000     0.026000000       52197.000       19.499000     0.069000000
       51075       20.593000     0.065000000       51075       20.198000     0.029000000       51075       19.963000     0.026000000       51075       19.818000     0.038000000       51075       19.435000      0.10500000
       51459       20.421000     0.084000000       51459       20.001000     0.024000000       51459       19.784000     0.029000000       51459       19.706000     0.040000000       51459       19.678000      0.13400000
       51464       20.442000     0.054000000       51464       19.956000     0.025000000       51464       19.839000     0.023000000       51464       19.707000     0.027000000       51464       19.442000     0.074000000
       52197       20.478000     0.060000000       52197       20.008000     0.025000000       52197       19.861000     0.021000000       52197       19.678000     0.026000000       52197       19.512000     0.071000000
       52231       20.457000     0.056000000       52231       19.972000     0.024000000       52231       19.789000     0.024000000       52231       19.657000     0.028000000       52231       19.556000     0.079000000
       52557       20.292000     0.056000000       52557       19.811000     0.025000000       52557       19.645000     0.021000000       52557       19.553000     0.028000000       52557       19.340000     0.073000000
       52578       20.171000     0.043000000       52578       19.796000     0.021000000       52578       19.676000     0.021000000       52578       19.581000     0.026000000       52578       19.414000     0.067000000
       52929       20.068000     0.043000000       52929       19.625000     0.019000000       52929       19.552000     0.019000000       52929       19.467000     0.024000000       52929       19.424000     0.071000000
       52934       19.919000     0.042000000       52934       19.686000     0.027000000       52934       19.525000     0.022000000       52934       19.407000     0.027000000       52934       19.198000     0.065000000
       52936       20.102000     0.042000000       52936       19.637000     0.021000000       52936       19.535000     0.019000000       52936       19.475000     0.025000000       52936       19.302000     0.064000000
       53270       20.108000     0.051000000       53270       19.784000     0.021000000       53270       19.597000     0.027000000       53270       19.497000     0.029000000       53270       19.300000     0.065000000
       53272       20.172000     0.084000000       53272       19.785000     0.037000000       53272       19.577000     0.031000000       53272       19.487000     0.028000000       53272       19.345000     0.079000000
       53286       20.082000     0.054000000       53286       19.671000     0.021000000       53286       19.548000     0.022000000       53286       19.453000     0.024000000       53286       19.385000     0.067000000
       53288       20.103000     0.050000000       53288       19.666000     0.025000000       53288       19.550000     0.021000000       53288       19.465000     0.025000000       53288       19.209000     0.061000000
       53294       20.305000     0.079000000       53294       19.713000     0.025000000       53294       19.543000     0.030000000       53294       19.502000     0.038000000       53294       19.436000      0.10700000
       53312       20.047000     0.053000000       53312       19.666000     0.018000000       53312       19.524000     0.025000000       53312       19.471000     0.032000000       53312       19.263000     0.082000000
       53314       20.146000     0.044000000       53314       19.679000     0.018000000       53314       19.524000     0.021000000       53314       19.459000     0.027000000       53314       19.375000     0.078000000
