       51075.237      20.4520    0.0600000      51075.2      19.8420    0.0190000      51075.2      19.6820    0.0200000      51075.2      19.3470    0.0250000      51075.2      19.3380    0.0900000
       51464.224      20.7290    0.0700000      51464.2      19.9910    0.0200000      51464.2      19.7800    0.0200000      51464.2      19.5530    0.0230000      51464.2      19.1800    0.0580000
       52197.250      20.8670    0.0830000      52197.2      20.1060    0.0210000      52197.2      19.9960    0.0210000      52197.2      19.5890    0.0220000      52197.2      19.5260    0.0730000
       52231.136      21.0920    0.0960000      52231.1      20.1760    0.0230000      52231.1      19.9930    0.0230000      52231.1      19.5840    0.0230000      52231.1      19.3930    0.0700000
       52557.244      20.4370    0.0630000      52557.2      19.7950    0.0180000      52557.2      19.6510    0.0180000      52557.2      19.3770    0.0210000      52557.2      19.3010    0.0640000
       52578.140      20.3550    0.0520000      52578.1      19.8470    0.0170000      52578.1      19.6630    0.0170000      52578.1      19.4410    0.0200000      52578.1      19.2930    0.0630000
       52929.170      20.9560    0.0870000      52929.2      20.0880    0.0200000      52929.2      19.9160    0.0200000      52929.2      19.5510    0.0220000      52929.2      19.4190    0.0650000
       52934.151      20.9670    0.0990000      52934.2      20.0580    0.0220000      52934.1      19.8720    0.0230000      52934.1      19.5650    0.0250000      52934.2      19.4760    0.0790000
       53270.211      20.7860    0.0790000      53270.2      19.9770    0.0250000      53270.2      19.8420    0.0210000      53270.2      19.5260    0.0230000      53270.2      19.4420    0.0560000
       53272.261      20.7130     0.161000      53272.3      19.8250    0.0380000      53272.3      19.7560    0.0340000      53272.3      19.4240    0.0310000      53272.3      19.3010    0.0740000
       53286.229      20.6760     0.100000      53286.2      19.9660    0.0250000      53286.2      19.7290    0.0220000      53286.2      19.4010    0.0220000      53286.2      19.3180    0.0660000
       53288.188      20.6590    0.0840000      53288.2      19.8970    0.0190000      53288.2      19.7650    0.0200000      53288.2      19.4740    0.0210000      53288.2      19.4330    0.0690000
       53294.215      20.6750    0.0730000      53294.2      19.9520    0.0270000      53294.2      19.6980    0.0350000      53294.2      19.4780    0.0310000      53294.2      19.3400    0.0820000
       53302.183      20.9320     0.240000      53302.2      19.9610    0.0480000      53302.2      19.7810    0.0390000      53302.2      19.4710    0.0340000      53302.2      19.3490    0.0860000
       53312.139      20.6190    0.0740000      53312.1      19.9750    0.0260000      53312.1      19.7320    0.0420000      53312.1      19.5180    0.0300000      53312.1      19.3300    0.0770000
       53314.140      20.6630    0.0680000      53314.1      19.9400    0.0180000      53314.1      19.7470    0.0190000      53314.1      19.4340    0.0220000      53314.1      19.4150    0.0750000
       53616.245      20.8760     0.135000      53616.2      20.0840    0.0300000      53616.2      19.8370    0.0250000      53616.2      19.5020    0.0330000      53616.2      19.3260     0.101000
       53623.235      20.9150     0.103000      53623.2      20.0780    0.0260000      53623.2      19.9010    0.0230000      53623.2      19.5470    0.0250000      53623.2      19.3900    0.0770000
       53626.221      20.6280     0.112000      53626.2      20.0030    0.0350000      53626.2      19.8610    0.0280000      53626.2      19.5650    0.0280000      53626.2      19.4160    0.0780000
       53628.206      20.8040     0.249000      53628.2      20.0280    0.0560000      53628.2      19.8990    0.0480000      53628.2      19.5290    0.0400000      53628.2      19.2850    0.0830000
       53637.207      20.7520     0.122000      53637.2      19.8860    0.0270000      53637.2      19.7380    0.0270000      53637.2      19.3270    0.0270000      53637.2      19.3210    0.0950000
       53644.200      20.7110    0.0600000      53644.2      20.0250    0.0220000      53644.2      19.8840    0.0200000      53644.2      19.6170    0.0210000      53644.2      19.4390    0.0530000
       53654.235      20.6340    0.0840000      53654.2      19.8660    0.0220000      53654.2      19.7690    0.0220000      53654.2      19.4750    0.0240000      53654.2      19.2790    0.0710000
       53656.182      21.0720     0.414000      53656.2      19.9380    0.0570000      53656.2      19.8180    0.0510000      53656.2      19.4500    0.0410000      53656.2      19.2060    0.0950000
       53663.195      20.4490    0.0950000      53663.2      19.8330    0.0260000      53663.2      19.7260    0.0220000      53663.2      19.4940    0.0210000      53663.2      19.4260    0.0600000
       53668.185      20.4500    0.0730000      53668.2      19.8380    0.0210000      53668.2      19.6610    0.0220000      53668.2      19.3330    0.0260000      53668.2      19.1560    0.0790000
       53670.190      20.4920    0.0650000      53670.2      19.8500    0.0180000      53670.2      19.6720    0.0190000      53670.2      19.4140    0.0230000      53670.2      19.4050    0.0810000
       53673.158      20.4680    0.0730000      53673.2      19.8170    0.0190000      53673.2      19.6360    0.0190000      53673.2      19.4010    0.0220000      53673.2      19.3190    0.0670000
       53675.155      20.4190    0.0590000      53675.2      19.8450    0.0180000      53675.2      19.6680    0.0190000      53675.2      19.4230    0.0230000      53675.2      19.4060    0.0750000
       53677.176      20.6280    0.0610000      53677.2      19.8900    0.0170000      53677.2      19.7360    0.0170000      53677.2      19.4480    0.0190000      53677.2      19.3780    0.0530000
       53680.162      20.5200    0.0620000      53680.2      19.8630    0.0180000      53680.2      19.7160    0.0180000      53680.2      19.4670    0.0200000      53680.2      19.3530    0.0530000
       53686.229      20.9130     0.490000      53686.2      19.9970    0.0940000      53686.2      19.7210    0.0590000      53686.2      19.3270    0.0480000      53686.2      19.3740     0.132000
       53693.164      20.7120     0.164000      53693.2      19.9270    0.0360000      53693.2      19.7390    0.0270000      53693.2      19.4710    0.0250000      53693.2      19.3210    0.0620000
       53702.160      20.6880     0.145000      53702.2      19.9550    0.0370000      53702.2      19.7330    0.0450000      53702.2      19.3800    0.0360000      53702.2      19.2210     0.127000
       53704.148      20.5180    0.0710000      53704.1      19.9380    0.0200000      53704.1      19.7910    0.0200000      53704.1      19.4660    0.0230000      53704.1      19.2810    0.0650000
       53995.233      21.1720    0.0840000      53995.2      20.2210    0.0260000      53995.2      20.0960    0.0220000      53995.2      19.8330    0.0240000      53995.2      19.6170    0.0560000
       54000.219      21.0590     0.103000      54000.2      20.2400    0.0290000      54000.2      20.0680    0.0300000      54000.2      19.6900    0.0300000      54000.2      19.4450    0.0780000
       54025.257      21.6660     0.244000      54025.3      20.3910    0.0330000      54025.3      20.1960    0.0330000      54025.3      19.7110    0.0470000      54025.3      19.6100    0.0860000
       54029.187      21.1770     0.107000      54029.2      20.3780    0.0270000      54029.2      20.2750    0.0290000      54029.2      19.8970    0.0280000      54029.2      19.5510    0.0740000
       54382.252      21.2520     0.167000      54382.3      20.4820    0.0370000      54382.2      20.3480    0.0400000      54382.2      19.7420    0.0350000      54382.3      19.6000     0.109000
       52197.000       20.871000     0.080000000       52197.000       20.133000     0.029000000       52197.000       20.049000     0.021000000       52197.000       19.656000     0.029000000       52197.000       19.600000     0.075000000
       51075       20.427000     0.053000000       51075       19.871000     0.021000000       51075       19.734000     0.026000000       51075       19.421000     0.034000000       51075       19.349000     0.078000000
       51459       20.560000     0.083000000       51459       20.039000     0.029000000       51459       19.820000     0.031000000       51459       19.475000     0.031000000       51459       19.235000     0.089000000
       51464       20.746000     0.058000000       51464       20.053000     0.023000000       51464       19.873000     0.022000000       51464       19.654000     0.031000000       51464       19.251000     0.058000000
       52231       21.031000     0.078000000       52231       20.240000     0.028000000       52231       20.116000     0.027000000       52231       19.728000     0.028000000       52231       19.472000     0.068000000
       52557       20.408000     0.055000000       52557       19.828000     0.027000000       52557       19.679000     0.024000000       52557       19.425000     0.020000000       52557       19.358000     0.068000000
       52578       20.367000     0.045000000       52578       19.885000     0.025000000       52578       19.753000     0.018000000       52578       19.532000     0.025000000       52578       19.338000     0.062000000
       52929       20.959000     0.076000000       52929       20.148000     0.027000000       52929       19.997000     0.027000000       52929       19.681000     0.025000000       52929       19.596000     0.074000000
       52934       20.976000     0.086000000       52934       20.101000     0.030000000       52934       19.926000     0.027000000       52934       19.642000     0.033000000       52934       19.526000     0.079000000
       52936       21.076000     0.069000000       52936       20.140000     0.032000000       52936       20.029000     0.025000000       52936       19.734000     0.025000000       52936       19.505000     0.059000000
       53270       20.736000     0.079000000       53270       19.958000     0.028000000       53270       19.832000     0.023000000       53270       19.508000     0.023000000       53270       19.418000     0.061000000
       53272       20.720000      0.14900000       53272       19.858000     0.046000000       53272       19.809000     0.036000000       53272       19.494000     0.034000000       53272       19.371000     0.074000000
       53286       20.578000     0.083000000       53286       19.972000     0.029000000       53286       19.761000     0.030000000       53286       19.442000     0.023000000       53286       19.410000     0.072000000
       53288       20.633000     0.073000000       53288       19.930000     0.028000000       53288       19.823000     0.023000000       53288       19.566000     0.026000000       53288       19.498000     0.070000000
       53294       20.631000     0.068000000       53294       19.921000     0.023000000       53294       19.671000     0.039000000       53294       19.478000     0.033000000       53294       19.331000     0.089000000
       53312       20.546000     0.071000000       53312       19.942000     0.025000000       53312       19.736000     0.038000000       53312       19.530000     0.034000000       53312       19.277000     0.083000000
       53314       20.677000     0.060000000       53314       19.992000     0.023000000       53314       19.834000     0.025000000       53314       19.535000     0.023000000       53314       19.500000     0.075000000
