       51075.236      20.6080    0.0760000      51075.2      20.5020    0.0280000      51075.2      20.4270    0.0360000      51075.2      20.1420    0.0430000      51075.2      20.3420     0.207000
       51464.224      21.0990     0.101000      51464.2      20.6780    0.0280000      51464.2      20.6040    0.0370000      51464.2      20.3050    0.0390000      51464.2      20.1700     0.124000
       52197.250      20.9900     0.109000      52197.2      20.5930    0.0270000      52197.2      20.5000    0.0300000      52197.2      20.1430    0.0290000      52197.2      20.1740     0.115000
       52231.135      21.0290     0.101000      52231.1      20.7000    0.0290000      52231.1      20.5900    0.0320000      52231.1      20.2220    0.0300000      52231.1      20.2850     0.124000
       52557.243      21.3430     0.157000      52557.2      21.0180    0.0370000      52557.2      20.8150    0.0450000      52557.2      20.3380    0.0420000      52557.2      20.4080     0.154000
       52578.140      21.5540     0.153000      52578.1      20.9190    0.0310000      52578.1      20.7790    0.0380000      52578.1      20.3950    0.0360000      52578.1      20.3910     0.141000
       52929.170      21.3560     0.147000      52929.2      20.7360    0.0280000      52929.2      20.6190    0.0330000      52929.2      20.2350    0.0320000      52929.2      20.1820     0.115000
       52934.150      21.1300     0.129000      52934.2      20.7770    0.0330000      52934.1      20.6350    0.0420000      52934.1      20.3600    0.0430000      52934.2      20.1560     0.132000
       52936.146      21.1330    0.0960000      52936.1      20.7760    0.0260000      52936.1      20.6690    0.0320000      52936.1      20.2700    0.0300000      52936.1      20.3780     0.121000
       53270.210      20.9450     0.102000      53270.2      20.6940    0.0380000      53270.2      20.5150    0.0340000      53270.2      20.1810    0.0320000      53270.2      20.1410    0.0880000
       53272.260      20.9300     0.237000      53272.3      20.5230    0.0690000      53272.3      20.5610    0.0630000      53272.3      20.2310    0.0490000      53272.3      20.1060     0.125000
       53286.229      20.8150     0.120000      53286.2      20.5400    0.0310000      53286.2      20.4780    0.0380000      53286.2      20.1720    0.0370000      53286.2      20.0810     0.129000
       53288.187      20.7920     0.106000      53288.2      20.5850    0.0290000      53288.2      20.4560    0.0330000      53288.2      20.1140    0.0300000      53288.2      20.2530     0.126000
       53294.214      20.8970     0.101000      53294.2      20.6090    0.0370000      53294.2      20.4690    0.0530000      53294.2      20.1380    0.0610000      53294.2      20.4280     0.186000
       53302.183      20.8190     0.242000      53302.2      20.4090    0.0740000      53302.2      20.4190    0.0690000      53302.2      20.0690    0.0500000      53302.2      20.0210     0.152000
       53312.138      20.8910     0.110000      53312.1      20.5210    0.0280000      53312.1      20.4400    0.0500000      53312.1      20.1590    0.0480000      53312.1      19.9980     0.136000
       53314.139      20.7610    0.0830000      53314.1      20.4860    0.0230000      53314.1      20.4990    0.0320000      53314.1      20.0870    0.0300000      53314.1      20.1440     0.133000
       53616.244      20.9930     0.169000      53616.2      20.4860    0.0330000      53616.2      20.4480    0.0390000      53616.2      20.0510    0.0400000      53616.2      20.1700     0.202000
       53623.234      20.8190     0.114000      53623.2      20.5040    0.0320000      53623.2      20.3780    0.0350000      53623.2      20.0920    0.0350000      53623.2      19.9240     0.108000
       53628.205      20.2450     0.181000      53628.2      20.5620    0.0860000      53628.2      20.4460    0.0770000      53628.2      20.1430    0.0590000      53628.2      19.9470     0.135000
       53637.207      21.0940     0.171000      53637.2      20.4610    0.0340000      53637.2      20.4610    0.0420000      53637.2      20.0140    0.0400000      53637.2      19.9950     0.149000
       53644.199      20.8460    0.0780000      53644.2      20.5600    0.0250000      53644.2      20.4380    0.0260000      53644.2      20.1170    0.0250000      53644.2      20.0890    0.0820000
       53654.234      20.7950     0.107000      53654.2      20.4730    0.0320000      53654.2      20.4210    0.0350000      53654.2      20.0190    0.0320000      53654.2      19.7750     0.101000
       53656.181      21.1490     0.407000      53656.2      20.3970    0.0910000      53656.2      20.4400    0.0790000      53656.2      20.2240    0.0810000      53656.2      20.1790     0.263000
       53663.195      20.8750     0.151000      53663.2      20.4650    0.0410000      53663.2      20.4240    0.0360000      53663.2      20.1430    0.0310000      53663.2      20.1630     0.103000
       53668.184      20.7710     0.107000      53668.2      20.4660    0.0270000      53668.2      20.4400    0.0410000      53668.2      19.9990    0.0380000      53668.2      19.9830     0.153000
       53670.189      20.8140    0.0980000      53670.2      20.4970    0.0260000      53670.2      20.4300    0.0350000      53670.2      20.1350    0.0340000      53670.2      19.9820     0.114000
       53673.157      20.8890     0.107000      53673.2      20.4650    0.0260000      53673.2      20.3780    0.0340000      53673.2      20.0690    0.0330000      53673.2      19.9900     0.116000
       53675.154      20.7120    0.0860000      53675.2      20.5040    0.0240000      53675.2      20.3380    0.0300000      53675.2      20.0740    0.0320000      53675.2      20.1410     0.128000
       53677.175      20.6830    0.0720000      53677.2      20.5160    0.0220000      53677.2      20.4060    0.0270000      53677.2      20.0420    0.0240000      53677.2      20.1740    0.0910000
       53680.162      20.7050    0.0860000      53680.2      20.4400    0.0230000      53680.2      20.3080    0.0280000      53680.2      20.0000    0.0260000      53680.2      19.9270    0.0850000
       53686.228      20.8830     0.535000      53686.2      20.5340     0.145000      53686.2      20.1890    0.0860000      53686.2      20.1290    0.0800000      53686.2      19.9460     0.205000
       53693.164      20.8290     0.178000      53693.2      20.3780    0.0490000      53693.2      20.2980    0.0390000      53693.2      20.1240    0.0360000      53693.2      20.2310     0.128000
       53702.159      20.9590     0.214000      53702.2      20.6220    0.0520000      53702.2      20.3440    0.0660000      53702.2      20.0850    0.0740000      53702.2      20.2000     0.304000
       53704.147      20.9490     0.114000      53704.1      20.5250    0.0270000      53704.1      20.4040    0.0310000      53704.1      20.1100    0.0330000      53704.1      20.1430     0.134000
       53989.243      20.2800    0.0950000      53989.2      20.0890    0.0340000      53989.2      20.0570    0.0310000      53989.2      19.8490    0.0310000      53989.2      19.6790    0.0720000
       53995.232      20.4060    0.0580000      53995.2      20.0820    0.0210000      53995.2      20.0400    0.0230000      53995.2      19.8690    0.0210000      53995.2      19.7500    0.0590000
       54000.218      20.3620    0.0660000      54000.2      20.0850    0.0280000      54000.2      20.0680    0.0280000      54000.2      19.8030    0.0290000      54000.2      19.8320    0.0940000
       54007.269      20.2340    0.0620000      54007.3      20.0210    0.0260000      54007.3      20.0090    0.0220000      54007.3      19.7790    0.0270000      54007.3      19.8140    0.0830000
       54009.192      20.2810    0.0670000      54009.2      20.0420    0.0270000      54009.2      20.0200    0.0250000      54009.2      19.8120    0.0240000      54009.2      19.7610    0.0760000
       54011.257      20.3250    0.0960000      54011.3      20.1150    0.0350000      54011.3      20.0390    0.0300000      54011.3      19.8090    0.0310000      54011.3      19.7940    0.0710000
       54019.207      20.3630    0.0720000      54019.2      20.0090    0.0230000      54019.2      19.9510    0.0210000      54019.2      19.7920    0.0210000      54019.2      19.6600    0.0540000
       54025.256      20.3570     0.104000      54025.3      20.0200    0.0250000      54025.3      20.0000    0.0280000      54025.3      19.7460    0.0310000      54025.3      19.9410     0.127000
       54029.186      20.3240    0.0630000      54029.2      20.0470    0.0210000      54029.2      19.9810    0.0220000      54029.2      19.7110    0.0230000      54029.2      19.7600    0.0800000
       54356.264      20.2440    0.0620000      54356.3      19.9440    0.0220000      54356.3      20.0560    0.0240000      54356.3      19.7850    0.0260000      54356.3      19.7820    0.0820000
       54358.209      20.2380    0.0780000      54358.2      19.9460    0.0230000      54358.2      19.9910    0.0280000      54358.2      19.8240    0.0350000      54358.2      19.7390     0.105000
       54365.242      20.2690    0.0740000      54365.2      19.9470    0.0270000      54365.2      19.9690    0.0260000      54365.2      19.7490    0.0320000      54365.2      19.6140    0.0770000
       54373.317      20.2360     0.228000      54373.3      20.0880    0.0540000      54373.3     -99.9900    0.0530000      54373.3      19.7720    0.0440000      54373.3      19.6430     0.107000
       54382.252      20.4150    0.0960000      54382.3      20.0200    0.0270000      54382.2      20.0160    0.0300000      54382.2      19.7780    0.0330000      54382.3      19.5380    0.0930000
       54386.254      20.3720    0.0650000      54386.3      20.0480    0.0280000      54386.3      20.0280    0.0250000      54386.3      19.7480    0.0250000      54386.3      19.7620    0.0790000
       54388.259      20.2010    0.0650000      54388.3      20.0690    0.0220000      54388.3      20.0130    0.0240000      54388.3      19.7670    0.0260000      54388.3      19.7630    0.0920000
       54403.172      20.2430    0.0770000      54403.2      20.0030    0.0370000      54403.2      19.9740    0.0290000      54403.2      19.8050    0.0280000      54403.2      19.6670    0.0960000
       54406.166      20.3790    0.0640000      54406.2      20.0560    0.0330000      54406.2      20.0020    0.0240000      54406.2      19.7330    0.0250000      54406.2      19.8300    0.0910000
       54412.169      20.3360    0.0930000      54412.2      20.0480    0.0250000      54412.2      20.0710    0.0310000      54412.2      19.7720    0.0390000      54412.2      19.7260     0.119000
       52197.000       20.994000      0.10400000       52197.000       20.620000     0.030000000       52197.000       20.506000     0.030000000       52197.000       20.159000     0.032000000       52197.000       20.137000      0.10600000
       51075       20.561000     0.065000000       51075       20.493000     0.030000000       51075       20.430000     0.036000000       51075       20.128000     0.041000000       51075       20.347000      0.20500000
       51459       21.014000      0.14800000       51459       20.672000     0.042000000       51459       20.635000     0.058000000       51459       20.284000     0.060000000       51459       20.171000      0.18900000
       51464       21.064000     0.083000000       51464       20.680000     0.031000000       51464       20.585000     0.040000000       51464       20.275000     0.041000000       51464       20.183000      0.12600000
       52197       20.991000     0.086000000       52197       20.614000     0.029000000       52197       20.508000     0.031000000       52197       20.160000     0.033000000       52197       20.136000      0.10700000
       52231       21.003000     0.081000000       52231       20.691000     0.036000000       52231       20.567000     0.032000000       52231       20.197000     0.033000000       52231       20.216000      0.11700000
       52557       21.318000      0.12600000       52557       21.049000     0.041000000       52557       20.813000     0.045000000       52557       20.346000     0.047000000       52557       20.374000      0.14900000
       52578       21.472000      0.11300000       52578       20.912000     0.034000000       52578       20.765000     0.036000000       52578       20.391000     0.039000000       52578       20.354000      0.13400000
       52929       21.355000      0.11300000       52929       20.776000     0.032000000       52929       20.662000     0.036000000       52929       20.266000     0.035000000       52929       20.146000      0.10600000
       52934       21.165000      0.10300000       52934       20.784000     0.035000000       52934       20.651000     0.042000000       52934       20.375000     0.047000000       52934       20.142000      0.12300000
       53270       20.899000     0.095000000       53270       20.671000     0.041000000       53270       20.499000     0.037000000       53270       20.175000     0.035000000       53270       20.111000     0.096000000
       53272       20.904000      0.20700000       53272       20.506000     0.068000000       53272       20.534000     0.062000000       53272       20.197000     0.053000000       53272       20.038000      0.12100000
       53286       20.766000     0.097000000       53286       20.525000     0.037000000       53286       20.467000     0.039000000       53286       20.170000     0.040000000       53286       20.068000      0.12900000
       53288       20.736000     0.081000000       53288       20.591000     0.032000000       53288       20.448000     0.034000000       53288       20.105000     0.036000000       53288       20.231000      0.12200000
       53294       20.846000     0.085000000       53294       20.628000     0.039000000       53294       20.485000     0.057000000       53294       20.111000     0.051000000       53294       20.435000      0.20600000
       53312       20.876000     0.095000000       53312       20.519000     0.032000000       53312       20.456000     0.052000000       53312       20.113000     0.059000000       53312       19.940000      0.14300000
       53314       20.743000     0.066000000       53314       20.508000     0.029000000       53314       20.511000     0.033000000       53314       20.106000     0.032000000       53314       20.171000      0.13100000
