       51467.310      22.0950     0.450000      51467.3      20.5250    0.0380000      51467.3      19.8460    0.0300000      51467.3      19.7100    0.0400000      51467.3      19.4830     0.113000
       51819.286      22.0220     0.241000      51819.3      20.8150    0.0330000      51819.3      19.9970    0.0260000      51819.3      19.7400    0.0310000      51819.3      19.6000    0.0890000
       52172.302      21.3920     0.141000      52172.3      20.8030    0.0320000      52172.3      19.9880    0.0230000      52172.3      19.6760    0.0270000      52172.3      19.4220    0.0730000
       52172.352      22.1140     0.319000      52172.4      20.7650    0.0320000      52172.4      19.9170    0.0240000      52172.4      19.6690    0.0290000      52172.4      19.5080    0.0830000
       52558.251      21.7160     0.191000      52558.3      20.7770    0.0290000      52558.2      19.9430    0.0210000      52558.2      19.6650    0.0260000      52558.3      19.4360    0.0720000
       52577.139      22.3760     0.344000      52577.1      20.7320    0.0310000      52577.1      19.9190    0.0250000      52577.1      19.6370    0.0330000      52577.1      19.4170    0.0970000
       52586.142      21.7320     0.180000      52586.1      20.7620    0.0290000      52586.1      19.9480    0.0240000      52586.1      19.6880    0.0300000      52586.1      19.5600    0.0910000
       52931.153      21.7060     0.191000      52931.2      20.7180    0.0310000      52931.2      19.9090    0.0230000      52931.2      19.6250    0.0280000      52931.2      19.2520    0.0690000
       52935.150      22.0110     0.239000      52935.2      20.7430    0.0300000      52935.1      19.9000    0.0220000      52935.1      19.6630    0.0280000      52935.2      19.5040    0.0850000
       53313.143      22.0350     0.379000      53313.1      20.7840    0.0340000      53313.1      19.9170    0.0280000      53313.1      19.7410    0.0420000      53313.1      19.5510     0.107000
       53622.252      21.8430     0.326000      53622.3      20.7010    0.0380000      53622.2      19.7840    0.0240000      53622.2      19.6130    0.0340000      53622.3      19.4220     0.103000
       53625.248      21.5450     0.151000      53625.2      20.6080    0.0330000      53625.2      19.7520    0.0240000      53625.2      19.5470    0.0280000      53625.2      19.3370    0.0610000
       53634.202      21.8090     0.773000      53634.2     -99.9900     0.109000      53634.2      19.8790    0.0580000      53634.2      19.7120    0.0620000      53634.2      19.5620     0.142000
       53636.207      21.7590     0.251000      53636.2      20.6130    0.0380000      53636.2      19.7770    0.0250000      53636.2      19.5980    0.0280000      53636.2      19.5720    0.0840000
       53655.179      21.5800     0.421000      53655.2      20.4910    0.0660000      53655.2      19.7550    0.0350000      53655.2      19.5810    0.0410000      53655.2      19.2530    0.0930000
       53664.204      22.1900     0.771000      53664.2      20.6780    0.0810000      53664.2      19.7930    0.0350000      53664.2      19.5920    0.0380000      53664.2      19.4230     0.104000
       53666.168      21.5900     0.168000      53666.2      20.5420    0.0240000      53666.2      19.7700    0.0200000      53666.2      19.5530    0.0280000      53666.2      19.4000    0.0810000
       53669.164      21.4650     0.136000      53669.2      20.5960    0.0240000      53669.2      19.8050    0.0190000      53669.2      19.5340    0.0260000      53669.2      19.3720    0.0700000
       53671.248      22.2570     0.802000      53671.2      20.5640    0.0490000      53671.2      19.7750    0.0370000      53671.2      19.5680    0.0470000      53671.2     -99.9900     0.189000
       53674.148      21.6970     0.174000      53674.1      20.6240    0.0270000      53674.1      19.7990    0.0230000      53674.1      19.5670    0.0280000      53674.1      19.4250    0.0670000
       53676.237      21.6080     0.196000      53676.2      20.5430    0.0270000      53676.2      19.7420    0.0200000      53676.2      19.5100    0.0240000      53676.2      19.2880    0.0590000
       53679.209      21.2010     0.188000      53679.2      20.6750    0.0350000      53679.2      19.8810    0.0270000      53679.2      19.5800    0.0310000      53679.2      19.5380     0.101000
       53681.201      21.4450     0.147000      53681.2      20.5890    0.0240000      53681.2      19.7710    0.0210000      53681.2      19.6850    0.0260000      53681.2      19.4380    0.0580000
       53685.160      22.1320     0.696000      53685.2      20.6150    0.0910000      53685.2      19.7970    0.0430000      53685.2      19.5420    0.0410000      53685.2      19.5600     0.105000
       53687.198      22.4610      1.35900      53687.2      20.5410    0.0870000      53687.2      19.7570    0.0400000      53687.2      19.5640    0.0380000      53687.2      19.3620    0.0830000
       53694.174      21.9650     0.902000      53694.2      20.6270     0.113000      53694.2      19.7810    0.0520000      53694.2      19.6620    0.0630000      53694.2     -99.9900     0.189000
       53697.158      21.9650     0.541000      53697.2      20.5810    0.0650000      53697.2      19.7190    0.0890000      53697.2     -99.9900    0.0570000      53697.2      19.1830     0.109000
       53700.157      21.7090     0.223000      53700.2      20.6020    0.0290000      53700.2      19.7640    0.0210000      53700.2      19.6130    0.0300000      53700.2      19.2870    0.0670000
       53705.143      21.6500     0.234000      53705.1      20.6120    0.0310000      53705.1      19.7730    0.0220000      53705.1      19.6200    0.0300000      53705.1      19.4140    0.0740000
       53975.228      21.4530     0.143000      53975.2      20.5430    0.0220000      53975.2      19.8240    0.0230000      53975.2      19.5550    0.0260000      53975.2      19.3280    0.0690000
       53993.296      21.6510     0.203000      53993.3      20.5400    0.0260000      53993.3      19.7810    0.0230000      53993.3      19.5540    0.0270000      53993.3      19.4540    0.0650000
       53996.235      21.6620     0.161000      53996.2      20.5740    0.0240000      53996.2      19.8180    0.0210000      53996.2      19.5920    0.0260000      53996.2      19.4510    0.0620000
       53998.204      21.7910     0.172000      53998.2      20.5450    0.0250000      53998.2      19.7790    0.0170000      53998.2      19.5830    0.0230000      53998.2      19.2740    0.0580000
       54005.234      21.6770     0.161000      54005.2      20.4960    0.0240000      54005.2      19.7600    0.0190000      54005.2      19.5720    0.0230000      54005.2      19.4280    0.0630000
       54010.189      21.6350     0.230000      54010.2      20.5870    0.0420000      54010.2      19.7350    0.0230000      54010.2      19.6270    0.0270000      54010.2      19.7150     0.145000
       54012.182      21.9670     0.493000      54012.2      20.6340    0.0780000      54012.2      19.7630    0.0370000      54012.2      19.6100    0.0400000      54012.2     -99.9900    0.0780000
       54020.188      21.7290     0.186000      54020.2      20.4630    0.0270000      54020.2      19.7660    0.0200000      54020.2      19.5500    0.0260000      54020.2      19.3840    0.0750000
       54022.237      21.4840     0.134000      54022.2      20.5400    0.0220000      54022.2      19.7830    0.0210000      54022.2      19.5700    0.0230000      54022.2      19.4820    0.0590000
       54028.178      21.6410     0.180000      54028.2      20.5060    0.0260000      54028.2      19.7430    0.0250000      54028.2      19.5820    0.0290000      54028.2      19.3400    0.0720000
       54030.182      21.5410     0.137000      54030.2      20.5480    0.0240000      54030.2      19.7640    0.0190000      54030.2      19.5780    0.0250000      54030.2      19.3110    0.0550000
       54035.257      21.2390     0.215000      54035.3      20.5400    0.0480000      54035.3      19.7460    0.0330000      54035.3      19.5190    0.0360000      54035.3      19.2850    0.0900000
       54037.163      21.6380     0.205000      54037.2      20.5130    0.0310000      54037.2      19.7280    0.0270000      54037.2      19.6080    0.0340000      54037.2      19.4500    0.0770000
       54040.177      20.9990     0.241000      54040.2      20.5340    0.0840000      54040.2      19.7500    0.0430000      54040.2      19.5620    0.0460000      54040.2      19.5170     0.123000
       54050.162      21.6290     0.312000      54050.2      20.4820    0.0360000      54050.2      19.7550    0.0330000      54050.2      19.6620    0.0460000      54050.2      19.3740     0.109000
       54053.168      21.7510     0.245000      54053.2      20.5370    0.0300000      54053.2      19.7110    0.0240000      54053.2      19.5530    0.0320000      54053.2      19.5790    0.0950000
       54056.170      21.1930     0.238000      54056.2      20.5700    0.0430000      54056.2      19.7780    0.0350000      54056.2      19.6600    0.0400000      54056.2     -99.9900    0.0820000
       54057.138      21.2830     0.125000      54057.1      20.6030    0.0260000      54057.1      19.7850    0.0230000      54057.1      19.5590    0.0280000      54057.1      19.3870    0.0700000
       54059.164      21.2290     0.161000      54059.2      20.5480    0.0300000      54059.2      19.7790    0.0220000      54059.2      19.5720    0.0280000      54059.2      19.4810    0.0860000
       54061.175      21.3490     0.173000      54061.2      20.5510    0.0310000      54061.2      19.7940    0.0260000      54061.2      19.6140    0.0340000      54061.2      19.5290    0.0900000
       54062.169      21.7930     0.257000      54062.2      20.5670    0.0330000      54062.2      19.7470    0.0250000      54062.2      19.5970    0.0340000      54062.2      19.4100    0.0840000
       54357.207      21.5050     0.201000      54357.2      20.5850    0.0330000      54357.2      19.7680    0.0240000      54357.2      19.6230    0.0300000      54357.2      19.3330    0.0630000
       54365.205      21.7490     0.376000      54365.2      20.5510    0.0600000      54365.2      19.7820    0.0330000      54365.2      19.5220    0.0320000      54365.2      19.2490    0.0820000
       54376.266      22.0760     0.344000      54376.3      20.5800    0.0380000      54376.3      19.8080    0.0280000      54376.3      19.6070    0.0290000      54376.3      19.6210     0.101000
       54385.255      21.3670     0.196000      54385.3      20.6890    0.0340000      54385.3      19.7660    0.0300000      54385.3      19.5860    0.0300000      54385.3      19.4850    0.0730000
       54387.256      21.8430     0.294000      54387.3      20.5810    0.0280000      54387.3      19.7850    0.0240000      54387.3      19.5980    0.0300000      54387.3      19.3460    0.0690000
       54392.250      21.8850     0.340000      54392.3      20.6290    0.0330000      54392.2      19.8030    0.0240000      54392.2      19.5740    0.0320000      54392.2      19.4730    0.0910000
       54402.249      21.8540     0.484000      54402.2      20.5850    0.0810000      54402.2      19.8470    0.0430000      54402.2      19.6790    0.0410000      54402.2      19.3190     0.119000
       52558.000       21.656000      0.17300000       52558.000       20.791000     0.031000000       52558.000       19.951000     0.023000000       52558.000       19.669000     0.026000000       52558.000       19.390000     0.068000000
       51467       21.941000      0.35700000       51467       20.496000     0.041000000       51467       19.837000     0.030000000       51467       19.706000     0.039000000       51467       19.480000      0.11300000
       51819       21.939000      0.18200000       51819       20.822000     0.034000000       51819       19.997000     0.027000000       51819       19.742000     0.030000000       51819       19.606000     0.086000000
       52172       21.367000      0.11600000       52172       20.829000     0.034000000       52172       19.988000     0.024000000       52172       19.658000     0.026000000       52172       19.418000     0.074000000
       52172       21.988000      0.23900000       52172       20.769000     0.033000000       52172       19.914000     0.025000000       52172       19.673000     0.029000000       52172       19.479000     0.078000000
       52552       21.502000      0.13400000       52552       20.764000     0.032000000       52552       19.915000     0.026000000       52552       19.685000     0.032000000       52552       19.474000     0.073000000
       52558       21.674000      0.15400000       52558       20.793000     0.032000000       52558       19.946000     0.024000000       52558       19.667000     0.026000000       52558       19.386000     0.069000000
       52577       22.367000      0.27900000       52577       20.767000     0.033000000       52577       19.948000     0.028000000       52577       19.663000     0.035000000       52577       19.425000     0.094000000
       52586       21.766000      0.14400000       52586       20.800000     0.029000000       52586       19.975000     0.025000000       52586       19.727000     0.031000000       52586       19.610000     0.092000000
       52931       21.627000      0.14700000       52931       20.771000     0.033000000       52931       19.973000     0.027000000       52931       19.652000     0.032000000       52931       19.324000     0.068000000
       52935       22.082000      0.19000000       52935       20.739000     0.030000000       52935       19.900000     0.025000000       52935       19.663000     0.030000000       52935       19.502000     0.084000000
       53313       22.085000      0.32300000       53313       20.779000     0.044000000       53313       19.915000     0.031000000       53313       19.742000     0.046000000       53313       19.518000      0.10200000
