       51467.321      19.5120    0.0510000      51467.3      19.4150    0.0170000      51467.3      19.1150    0.0160000      51467.3      19.0750    0.0220000      51467.3      19.1080    0.0790000
       51819.297      19.5870    0.0360000      51819.3      19.4700    0.0140000      51819.3      19.0840    0.0130000      51819.3      19.0520    0.0190000      51819.3      19.1650    0.0530000
       52172.313      19.9140    0.0430000      52172.3      19.7840    0.0160000      52172.3      19.3170    0.0140000      52172.3      19.2500    0.0190000      52172.3      19.2910    0.0570000
       52172.363      19.8520    0.0460000      52172.4      19.7970    0.0170000      52172.4      19.3250    0.0140000      52172.4      19.2790    0.0190000      52172.4      19.2080    0.0540000
       52558.262      19.6420    0.0350000      52558.3      19.5090    0.0140000      52558.3      19.1950    0.0120000      52558.3      19.1740    0.0170000      52558.3      19.2360    0.0510000
       52577.150      19.6290    0.0340000      52577.2      19.5190    0.0130000      52577.1      19.1930    0.0140000      52577.1      19.1700    0.0210000      52577.2      19.1710    0.0620000
       52586.153      19.6550    0.0330000      52586.2      19.5370    0.0140000      52586.2      19.1870    0.0140000      52586.2      19.1200    0.0190000      52586.2      19.1890    0.0670000
       52931.164      19.7630    0.0350000      52931.2      19.5520    0.0130000      52931.2      19.2080    0.0120000      52931.2      19.2100    0.0160000      52931.2      19.2600    0.0480000
       52935.161      19.7880    0.0380000      52935.2      19.5700    0.0140000      52935.2      19.2210    0.0130000      52935.2      19.2140    0.0180000      52935.2      19.1950    0.0530000
       53313.154      19.9550    0.0500000      53313.2      19.7330    0.0170000      53313.2      19.3240    0.0160000      53313.2      19.2750    0.0250000      53313.2      19.5050    0.0920000
       53622.263      19.5360    0.0430000      53622.3      19.4620    0.0160000      53622.3      19.1610    0.0160000      53622.3      19.1030    0.0260000      53622.3      19.0390    0.0670000
       53625.259      19.6230    0.0340000      53625.3      19.4070    0.0120000      53625.3      19.1320    0.0120000      53625.3      19.0850    0.0150000      53625.3      19.1340    0.0410000
       53634.213      19.6900     0.137000      53634.2      19.3980    0.0400000      53634.2      19.2220    0.0340000      53634.2      19.1220    0.0400000      53634.2      18.9850    0.0990000
       53636.218      19.5400    0.0420000      53636.2      19.4210    0.0170000      53636.2      19.1170    0.0140000      53636.2      19.0590    0.0170000      53636.2      19.1340    0.0530000
       53655.190      19.5200    0.0660000      53655.2      19.3640    0.0260000      53655.2      19.1120    0.0190000      53655.2      19.0910    0.0260000      53655.2      19.0940    0.0690000
       53664.215      19.6830    0.0790000      53664.2      19.3820    0.0240000      53664.2      19.1400    0.0200000      53664.2      19.0830    0.0250000      53664.2      19.1530    0.0810000
       53666.179      19.6460    0.0350000      53666.2      19.4280    0.0130000      53666.2      19.1200    0.0120000      53666.2      19.1070    0.0170000      53666.2      19.1210    0.0520000
       53669.174      19.5350    0.0300000      53669.2      19.3860    0.0120000      53669.2      19.1180    0.0130000      53669.2      19.0500    0.0160000      53669.2      19.0660    0.0440000
       53671.259      19.4680    0.0600000      53671.3      19.3310    0.0180000      53671.3      19.0790    0.0190000      53671.3      19.1270    0.0350000      53671.3      19.1040    0.0890000
       53674.159      19.4900    0.0330000      53674.2      19.3630    0.0130000      53674.2      19.0910    0.0130000      53674.2      19.0600    0.0170000      53674.2      19.0780    0.0510000
       53676.248      19.5470    0.0430000      53676.2      19.3550    0.0120000      53676.2      19.0780    0.0120000      53676.2      19.0400    0.0160000      53676.2      19.1210    0.0440000
       53679.220      19.5670    0.0420000      53679.2      19.3280    0.0140000      53679.2      19.0930    0.0150000      53679.2      19.0950    0.0200000      53679.2      19.1100    0.0610000
       53681.212      19.5440    0.0330000      53681.2      19.4000    0.0120000      53681.2      19.0990    0.0120000      53681.2      19.0820    0.0150000      53681.2      19.1150    0.0390000
       53685.171      19.5000    0.0710000      53685.2      19.2960    0.0330000      53685.2      19.0250    0.0250000      53685.2      19.0130    0.0270000      53685.2      19.2600    0.0810000
       53687.209      19.3890    0.0890000      53687.2      19.3040    0.0330000      53687.2      19.0970    0.0250000      53687.2      19.0210    0.0260000      53687.2      19.1660    0.0620000
       53694.185      19.5680     0.113000      53694.2      19.3980    0.0410000      53694.2      19.0760    0.0300000      53694.2      18.9880    0.0340000      53694.2      19.0220    0.0990000
       53697.169      19.3570    0.0430000      53697.2      19.3210    0.0180000      53697.2      19.0330    0.0190000      53697.2      19.0050    0.0240000      53697.2      18.9720    0.0570000
       53700.168      19.4490    0.0340000      53700.2      19.3180    0.0130000      53700.2      19.0580    0.0120000      53700.2      19.0260    0.0170000      53700.2      19.1120    0.0500000
       53705.154      19.4190    0.0330000      53705.2      19.2780    0.0130000      53705.2      19.0450    0.0130000      53705.2      19.0050    0.0170000      53705.2      19.0400    0.0440000
       53975.239      19.4750    0.0310000      53975.2      19.2780    0.0170000      53975.2      18.9890    0.0170000      53975.2      18.9980    0.0200000      53975.2      19.2050    0.0570000
       53993.307      19.4350    0.0390000      53993.3      19.2790    0.0150000      53993.3      19.0250    0.0140000      53993.3      18.9820    0.0180000      53993.3      19.0770    0.0390000
       53996.246      19.4310    0.0280000      53996.2      19.2690    0.0140000      53996.2      19.0210    0.0170000      53996.2      19.0200    0.0180000      53996.2      19.0630    0.0440000
       53998.215      19.3550    0.0340000      53998.2      19.2550    0.0170000      53998.2      19.0180    0.0130000      53998.2      19.0420    0.0180000      53998.2      19.0190    0.0360000
       54005.245      19.3080    0.0260000      54005.2      19.2520    0.0180000      54005.2      19.0140    0.0130000      54005.2      18.9610    0.0150000      54005.2      19.0340    0.0390000
       54010.200      19.3300    0.0350000      54010.2      19.2230    0.0170000      54010.2      19.0300    0.0160000      54010.2      18.9890    0.0160000      54010.2      19.0550    0.0360000
       54012.193     -99.9900    0.0450000      54012.2      19.2030    0.0220000      54012.2      18.9950    0.0220000      54012.2      19.0390    0.0230000      54012.2      19.0150    0.0460000
       54020.199      19.3210    0.0330000      54020.2      19.2230    0.0140000      54020.2      19.0170    0.0130000      54020.2      19.0100    0.0170000      54020.2      19.0430    0.0460000
       54022.248      19.3570    0.0290000      54022.2     -99.9900    0.0180000      54022.2     -99.9900    0.0130000      54022.2      19.0020    0.0180000      54022.2      19.0320    0.0350000
       54028.189      19.3860    0.0290000      54028.2      19.2640    0.0180000      54028.2      19.0580    0.0210000      54028.2      18.9950    0.0170000      54028.2      19.0750    0.0490000
       54030.192      19.3590    0.0270000      54030.2      19.2920    0.0160000      54030.2      19.0530    0.0130000      54030.2      19.0210    0.0160000      54030.2      19.0730    0.0350000
       54035.268      19.4680    0.0430000      54035.3      19.3000    0.0180000      54035.3      19.0310    0.0200000      54035.3      19.0390    0.0220000      54035.3      19.1230    0.0670000
       54037.174      19.4130    0.0330000      54037.2      19.2910    0.0190000      54037.2      19.0770    0.0140000      54037.2      19.0520    0.0210000      54037.2      19.0820    0.0500000
       54040.188      19.4110    0.0540000      54040.2      19.3130    0.0290000      54040.2      19.0520    0.0220000      54040.2      19.0480    0.0310000      54040.2      19.1110    0.0650000
       54050.173      19.4840    0.0490000      54050.2      19.3480    0.0220000      54050.2      19.0570    0.0290000      54050.2      19.0290    0.0260000      54050.2      19.1460    0.0860000
       54053.179      19.4900    0.0360000      54053.2      19.3410    0.0160000      54053.2      19.0840    0.0150000      54053.2      19.0430    0.0210000      54053.2      19.1440    0.0610000
       54056.181      19.4640    0.0450000      54056.2      19.3370    0.0290000      54056.2      18.9890    0.0460000      54056.2      19.0410    0.0360000      54056.2      19.0250    0.0710000
       54057.149      19.5270    0.0320000      54057.2      19.3360    0.0200000      54057.1      19.0780    0.0140000      54057.1      18.9960    0.0210000      54057.1      19.1070    0.0520000
       54059.175      19.3920    0.0380000      54059.2      19.3480    0.0240000      54059.2      19.0960    0.0250000      54059.2      19.0670    0.0220000      54059.2      19.0740    0.0520000
       54061.186      19.4380    0.0560000      54061.2      19.3340    0.0230000      54061.2      19.0770    0.0170000      54061.2      19.0700    0.0250000      54061.2      18.9950    0.0500000
       54062.180      19.5050    0.0460000      54062.2      19.3330    0.0190000      54062.2      19.0960    0.0200000      54062.2      19.0510    0.0230000      54062.2      19.1660    0.0750000
       54068.170      19.4870    0.0870000      54068.2      19.3810    0.0390000      54068.2      19.0790    0.0300000      54068.2      19.0790    0.0360000      54068.2      19.0630    0.0800000
       54357.218      19.4240    0.0360000      54357.2      19.3200    0.0200000      54357.2      19.0850    0.0190000      54357.2      19.0730    0.0200000      54357.2      19.1410    0.0420000
       54365.216      19.4030    0.0420000      54365.2      19.2770    0.0170000      54365.2      19.0760    0.0190000      54365.2      19.0580    0.0230000      54365.2      19.1440    0.0530000
       54376.277      19.4270    0.0400000      54376.3      19.2870    0.0160000      54376.3      19.0430    0.0150000      54376.3      19.0360    0.0190000      54376.3      19.1290    0.0520000
       54385.266      19.4360    0.0370000      54385.3      19.2880    0.0280000      54385.3      19.0380    0.0160000      54385.3      19.0370    0.0190000      54385.3      19.0350    0.0430000
       54387.266      19.2750    0.0350000      54387.3      19.2930    0.0160000      54387.3      19.0460    0.0170000      54387.3      19.0140    0.0220000      54387.3      19.0660    0.0530000
       54392.261      19.4520    0.0400000      54392.3     -99.9900    0.0370000      54392.3      19.0430    0.0170000      54392.3      19.0520    0.0250000      54392.3      19.0610    0.0490000
       54402.260      19.3080    0.0720000      54402.3      19.3250    0.0270000      54402.3      19.0400    0.0230000      54402.3      19.0430    0.0240000      54402.3      19.0340    0.0580000
       52558.000       19.720000     0.034000000       52558.000       19.555000     0.015000000       52558.000       19.185000     0.016000000       52558.000       19.165000     0.019000000       52558.000       19.238000     0.052000000
       51467       19.562000     0.048000000       51467       19.438000     0.021000000       51467       19.097000     0.019000000       51467       19.065000     0.024000000       51467       19.086000     0.078000000
       51819       19.647000     0.037000000       51819       19.489000     0.018000000       51819       19.070000     0.016000000       51819       19.031000     0.021000000       51819       19.154000     0.052000000
       52172       19.978000     0.045000000       52172       19.810000     0.018000000       52172       19.312000     0.022000000       52172       19.235000     0.022000000       52172       19.282000     0.056000000
       52172       19.893000     0.044000000       52172       19.815000     0.021000000       52172       19.304000     0.016000000       52172       19.267000     0.019000000       52172       19.194000     0.052000000
       52552       19.625000     0.032000000       52552       19.507000     0.018000000       52552       19.171000     0.020000000       52552       19.149000     0.020000000       52552       19.158000     0.058000000
       52558       19.717000     0.034000000       52558       19.555000     0.015000000       52558       19.188000     0.017000000       52558       19.160000     0.019000000       52558       19.236000     0.051000000
       52577       19.658000     0.033000000       52577       19.541000     0.017000000       52577       19.173000     0.018000000       52577       19.150000     0.022000000       52577       19.126000     0.059000000
       52586       19.708000     0.032000000       52586       19.545000     0.017000000       52586       19.174000     0.018000000       52586       19.100000     0.021000000       52586       19.182000     0.065000000
       52935       19.777000     0.034000000       52935       19.566000     0.026000000       52935       19.208000     0.022000000       52935       19.196000     0.023000000       52935       19.162000     0.050000000
       53313       19.938000     0.046000000       53313       19.765000     0.028000000       53313       19.365000     0.025000000       53313       19.289000     0.028000000       53313       19.471000     0.085000000
