       51075.240      18.8480    0.0200000      51075.2      18.4480   0.00700000      51075.2      18.2460   0.00800000      51075.2      18.0170    0.0100000      51075.2      17.9740    0.0290000
       51464.228      18.7110    0.0180000      51464.2      18.3580   0.00700000      51464.2      18.2010   0.00700000      51464.2      17.9810   0.00800000      51464.2      17.9280    0.0200000
       52197.253      18.7680    0.0210000      52197.3      18.4340   0.00700000      52197.2      18.2770   0.00800000      52197.3      18.0620   0.00900000      52197.3      18.0420    0.0220000
       52231.139      18.6480    0.0190000      52231.1      18.3720   0.00700000      52231.1      18.2370   0.00800000      52231.1      18.0400   0.00900000      52231.1      18.0070    0.0230000
       52557.247      18.7770    0.0220000      52557.2      18.4550   0.00700000      52557.2      18.3090   0.00800000      52557.2      18.0630   0.00900000      52557.2      18.0150    0.0230000
       52578.143      18.8160    0.0210000      52578.1      18.4710   0.00700000      52578.1      18.2430   0.00800000      52578.1      18.0660   0.00900000      52578.1      17.9980    0.0230000
       52929.174      18.8550    0.0220000      52929.2      18.4810   0.00800000      52929.2      18.3480   0.00800000      52929.2      18.1050    0.0100000      52929.2      18.1010    0.0240000
       52934.154      18.8200    0.0230000      52934.2      18.4750   0.00800000      52934.2      18.3350    0.0100000      52934.2      18.0960    0.0100000      52934.2      18.0920    0.0280000
       52936.150      18.8390    0.0200000      52936.2      18.4940   0.00700000      52936.1      18.3220   0.00800000      52936.1      18.0910   0.00800000      52936.2     -99.9900    0.0210000
       53270.214      18.8640    0.0260000      53270.2      18.5580    0.0130000      53270.2      18.3810    0.0130000      53270.2      18.1080    0.0150000      53270.2      18.0780    0.0240000
       53272.264      18.8950    0.0340000      53272.3      18.5510    0.0110000      53272.3      18.3990    0.0110000      53272.3      18.1620    0.0110000      53272.3      18.0990    0.0270000
       53286.232      18.9600    0.0270000      53286.2      18.5880   0.00800000      53286.2      18.3670   0.00900000      53286.2      18.1340   0.00900000      53286.2      18.1080    0.0240000
       53288.191      19.0080    0.0480000      53288.2      18.5750   0.00800000      53288.2      18.3930   0.00800000      53288.2      18.1170   0.00900000      53288.2      18.0930    0.0240000
       53294.218      18.9880    0.0280000      53294.2      18.5610    0.0400000      53294.2      18.4170    0.0160000      53294.2      18.1350    0.0290000      53294.2      18.1110    0.0310000
       53302.187      18.8630    0.0400000      53302.2      18.5780    0.0140000      53302.2      18.4220    0.0130000      53302.2      18.1400    0.0130000      53302.2      18.0390    0.0290000
       53312.142      18.9690    0.0300000      53312.1      18.5340    0.0220000      53312.1      18.4120    0.0150000      53312.1      18.1180    0.0160000      53312.1      18.0520    0.0410000
       53314.143      18.9430    0.0240000      53314.1      18.5790   0.00800000      53314.1      18.3990   0.00800000      53314.1      18.1610    0.0100000      53314.1      18.1280    0.0270000
       53616.248      19.0630    0.0330000      53616.2      18.6820   0.00900000      53616.2      18.4690    0.0100000      53616.2      18.2010    0.0120000      53616.2      18.1210    0.0320000
       53623.238      19.0650    0.0370000      53623.2      18.6780    0.0100000      53623.2      18.4680   0.00900000      53623.2      18.1780    0.0110000      53623.2     -99.9900    0.0280000
       53626.224      19.0740    0.0350000      53626.2     -99.9900    0.0180000      53626.2      18.4600    0.0100000      53626.2      18.1870    0.0110000      53626.2     -99.9900    0.0470000
       53628.209      18.9950    0.0470000      53628.2      18.6730    0.0170000      53628.2      18.4620    0.0130000      53628.2      18.1690    0.0120000      53628.2      18.1750    0.0310000
       53637.211      19.0970    0.0340000      53637.2      18.6930    0.0100000      53637.2      18.4660    0.0100000      53637.2      18.1830    0.0110000      53637.2      18.1130    0.0330000
       53644.203      19.0830    0.0270000      53644.2      18.6780    0.0110000      53644.2      18.4630    0.0160000      53644.2      18.1920    0.0140000      53644.2      18.1210    0.0230000
       53654.238      19.1020    0.0330000      53654.2      18.6970    0.0100000      53654.2      18.4620    0.0100000      53654.2      18.1850    0.0110000      53654.2      18.1230    0.0300000
       53656.185      19.0840    0.0560000      53656.2      18.6950    0.0170000      53656.2      18.4890    0.0170000      53656.2      18.2460    0.0170000      53656.2      18.1810    0.0380000
       53663.198      19.1070    0.0330000      53663.2      18.6960    0.0110000      53663.2      18.4790    0.0100000      53663.2      18.2450    0.0100000      53663.2      18.2110    0.0240000
       53668.188      19.1130    0.0300000      53668.2      18.6750   0.00800000      53668.2      18.4980    0.0100000      53668.2      18.2090    0.0120000      53668.2      18.2300    0.0330000
       53670.193      19.1550    0.0280000      53670.2      18.7140   0.00800000      53670.2      18.4850   0.00900000      53670.2      18.2200    0.0100000      53670.2      18.1290    0.0260000
       53673.161      19.1040    0.0270000      53673.2      18.7010   0.00800000      53673.2      18.4750   0.00900000      53673.2      18.1860    0.0100000      53673.2      18.1200    0.0260000
       53675.158      19.1360    0.0280000      53675.2      18.7150   0.00800000      53675.2      18.4880   0.00900000      53675.2      18.2110    0.0110000      53675.2      18.0750    0.0260000
       53677.179      19.1600    0.0260000      53677.2      18.6930   0.00800000      53677.2      18.4910   0.00900000      53677.2      18.2020   0.00900000      53677.2      18.1730    0.0220000
       53680.165      19.0960    0.0260000      53680.2      18.7060   0.00800000      53680.2      18.4810   0.00900000      53680.2      18.2390   0.00900000      53680.2      18.1630    0.0220000
       53686.232     -99.9900    0.0930000      53686.2      18.7510    0.0270000      53686.2      18.5330    0.0210000      53686.2      18.2310    0.0260000      53686.2      18.1280    0.0430000
       53693.167      19.1180    0.0390000      53693.2      18.7430    0.0130000      53693.2      18.4780    0.0110000      53693.2      18.2080    0.0110000      53693.2      18.1670    0.0240000
       53702.163     -99.9900    0.0500000      53702.2      18.7150    0.0210000      53702.2      18.5090    0.0190000      53702.2      18.1930    0.0220000      53702.2      18.1670    0.0570000
       53704.151      19.1410    0.0300000      53704.2      18.7030   0.00900000      53704.1      18.4700   0.00900000      53704.1      18.2100    0.0110000      53704.2      18.1490    0.0270000
       53989.247      19.0930    0.0390000      53989.2      18.6640    0.0160000      53989.2      18.4270    0.0130000      53989.2      18.1750    0.0150000      53989.2      18.1250    0.0290000
       53995.236      19.0970    0.0290000      53995.2      18.6520    0.0140000      53995.2      18.4640    0.0130000      53995.2      18.1850    0.0120000      53995.2      18.1760    0.0220000
       54000.222      19.1600    0.0330000      54000.2      18.6790    0.0130000      54000.2      18.4500    0.0140000      54000.2      18.1730    0.0160000      54000.2      18.1120    0.0260000
       54007.272      19.1170    0.0330000      54007.3      18.6780    0.0140000      54007.3      18.4570    0.0120000      54007.3      18.2080    0.0140000      54007.3      18.1820    0.0250000
       54009.196      19.1730    0.0320000      54009.2      18.6700    0.0120000      54009.2      18.4500    0.0180000      54009.2      18.1870    0.0140000      54009.2      18.1090    0.0300000
       54011.261      19.1290    0.0320000      54011.3      18.6960    0.0150000      54011.3      18.4610    0.0120000      54011.3      18.1610    0.0140000      54011.3      18.1300    0.0240000
       54019.211      19.1300    0.0300000      54019.2      18.6730    0.0160000      54019.2      18.4530    0.0130000      54019.2      18.1660    0.0130000      54019.2      18.1640    0.0230000
       54025.260      19.1340    0.0360000      54025.3      18.6490    0.0250000      54025.3      18.4630    0.0150000      54025.3      18.2060    0.0190000      54025.3      18.1390    0.0340000
       54029.190      19.0880    0.0320000      54029.2      18.6500    0.0170000      54029.2      18.4330    0.0140000      54029.2      18.2070    0.0170000      54029.2      18.1220    0.0240000
       54356.268      18.7970    0.0390000      54356.3      18.5210    0.0170000      54356.3      18.3860    0.0150000      54356.3      18.1260    0.0150000      54356.3      18.0930    0.0280000
       54358.213      18.8510    0.0340000      54358.2      18.5070    0.0160000      54358.2      18.3910    0.0150000      54358.2      18.1070    0.0190000      54358.2      18.1210    0.0300000
       54365.246      18.8610    0.0310000      54365.2      18.5220    0.0150000      54365.2      18.3540    0.0110000      54365.2      18.1280    0.0150000      54365.2      18.0670    0.0240000
       54373.320      18.8800    0.0600000      54373.3      18.5410    0.0200000      54373.3      18.3850    0.0170000      54373.3      18.1120    0.0140000      54373.3      18.1450    0.0300000
       54382.255      18.8480    0.0330000      54382.3      18.5300    0.0150000      54382.3      18.3690    0.0180000      54382.3      18.1260    0.0150000      54382.3      18.1100    0.0320000
       54386.258      18.8300    0.0310000      54386.3      18.5250    0.0130000      54386.3      18.3760    0.0120000      54386.3      18.1350    0.0150000      54386.3      18.0570    0.0220000
       54388.262      18.8490    0.0270000      54388.3      18.5300    0.0170000      54388.3      18.3410    0.0130000      54388.3      18.1010    0.0130000      54388.3      18.0770    0.0300000
       54403.176      18.8280    0.0400000      54403.2      18.5100    0.0130000      54403.2      18.3580    0.0130000      54403.2      18.1210    0.0170000      54403.2      18.1130    0.0300000
       54404.183      18.8280    0.0270000      54404.2      18.5210    0.0120000      54404.2      18.3700    0.0120000      54404.2      18.1200    0.0130000      54404.2      18.0850    0.0220000
       54406.170      18.8870    0.0270000      54406.2      18.4860    0.0210000      54406.2      18.3730    0.0140000      54406.2      18.1180    0.0140000      54406.2      18.0970    0.0270000
       54412.173      18.8090    0.0280000      54412.2      18.4700    0.0170000      54412.2      18.3670    0.0170000      54412.2     -99.9900    0.0150000      54412.2     -99.9900    0.0340000
       52197.000       18.733000     0.027000000       52197.000       18.427000     0.020000000       52197.000       18.254000     0.017000000       52197.000       18.045000     0.014000000       52197.000       18.006000     0.025000000
       51075       18.762000     0.023000000       51075       18.446000     0.020000000       51075       18.237000     0.017000000       51075       18.007000     0.017000000       51075       17.940000     0.033000000
       51459       18.703000     0.026000000       51459       18.350000     0.013000000       51459       18.204000     0.013000000       51459       18.020000     0.015000000       51459       17.929000     0.030000000
       51464       18.676000     0.023000000       51464       18.354000     0.015000000       51464       18.204000     0.013000000       51464       17.988000     0.016000000       51464       17.906000     0.022000000
       52197       18.730000     0.026000000       52197       18.425000     0.017000000       52197       18.257000     0.018000000       52197       18.046000     0.013000000       52197       18.005000     0.024000000
       52231       18.640000     0.033000000       52231       18.356000     0.021000000       52231       18.225000     0.017000000       52231       18.026000     0.019000000       52231       17.977000     0.024000000
       52557       18.758000     0.027000000       52557       18.466000     0.015000000       52557       18.325000     0.017000000       52557       18.060000     0.015000000       52557       17.997000     0.025000000
       52578       18.823000     0.028000000       52578       18.476000     0.011000000       52578       18.227000     0.015000000       52578       18.065000     0.014000000       52578       17.980000     0.022000000
       52929       18.814000     0.026000000       52929       18.486000     0.023000000       52929       18.326000     0.014000000       52929       18.086000     0.012000000       52929       18.030000     0.026000000
       52934       18.795000     0.025000000       52934       18.472000     0.017000000       52934       18.355000     0.024000000       52934       18.085000     0.017000000       52934       18.077000     0.031000000
       52936       18.825000     0.033000000       52936       18.489000     0.017000000       52936       18.307000     0.013000000       52936       18.084000     0.012000000       52936       17.980000     0.024000000
       53270       18.831000     0.024000000       53270       18.538000     0.014000000       53270       18.374000     0.015000000       53270       18.096000     0.016000000       53270       18.037000     0.026000000
       53272       18.894000     0.039000000       53272       18.565000     0.022000000       53272       18.383000     0.020000000       53272       18.140000     0.017000000       53272       18.062000     0.028000000
       53286       18.903000     0.030000000       53286       18.563000     0.013000000       53286       18.327000     0.019000000       53286       18.085000     0.028000000       53286       18.057000     0.024000000
       53288       18.923000     0.031000000       53288       18.541000     0.020000000       53288       18.367000     0.013000000       53288       18.087000     0.017000000       53288       18.053000     0.024000000
       53294       18.916000     0.035000000       53294       18.535000     0.011000000       53294       18.406000     0.019000000       53294       18.093000     0.029000000       53294       18.114000     0.035000000
       53312       18.962000     0.031000000       53312       18.542000     0.021000000       53312       18.400000     0.015000000       53312       18.111000     0.019000000       53312       18.058000     0.041000000
       53314       18.929000     0.027000000       53314       18.580000     0.013000000       53314       18.367000     0.015000000       53314       18.152000     0.023000000       53314       18.065000     0.027000000
