       51467.311      20.2140    0.0990000      51467.3      19.5740    0.0190000      51467.3      19.0000    0.0160000      51467.3      18.2810    0.0120000      51467.3      18.0240    0.0340000
       51819.287      20.1300    0.0540000      51819.3      19.4510    0.0130000      51819.3      18.9080    0.0110000      51819.3      18.2030    0.0100000      51819.3      17.9580    0.0230000
       52172.303      20.0830    0.0510000      52172.3      19.3390    0.0120000      52172.3      18.8050    0.0100000      52172.3      18.1350   0.00900000      52172.3      17.9250    0.0220000
       52172.353      20.0950    0.0600000      52172.4      19.3160    0.0120000      52172.4      18.8050    0.0110000      52172.4      18.1450    0.0100000      52172.4      17.9620    0.0230000
       52558.252      20.0330    0.0510000      52558.3      19.2970    0.0110000      52558.2      18.7940    0.0100000      52558.2      18.1210   0.00900000      52558.3      17.8890    0.0200000
       52577.140      19.9830    0.0480000      52577.1      19.2740    0.0110000      52577.1      18.7690    0.0110000      52577.1      18.1150    0.0100000      52577.1      17.9150    0.0260000
       52586.143      19.9590    0.0430000      52586.1      19.2790    0.0110000      52586.1      18.7820    0.0100000      52586.1      18.0990   0.00900000      52586.1      17.8480    0.0210000
       52931.154      20.1030    0.0570000      52931.2      19.3240    0.0120000      52931.2      18.8510    0.0110000      52931.2      18.1020   0.00900000      52931.2      17.8750    0.0220000
       52935.151      20.1170    0.0520000      52935.2      19.3720    0.0120000      52935.1      18.8500    0.0110000      52935.1      18.1550   0.00900000      52935.2      17.9300    0.0230000
       53313.144      20.1980    0.0660000      53313.1      19.3980    0.0130000      53313.1      18.8870    0.0140000      53313.1      18.1850    0.0120000      53313.1      17.9260    0.0270000
       53622.253      20.3150    0.0880000      53622.3      19.5210    0.0150000      53622.2      18.9730    0.0130000      53622.3      18.2470    0.0120000      53622.3      18.0290    0.0300000
       53625.249      20.2830    0.0560000      53625.2      19.5280    0.0130000      53625.2      18.9530    0.0110000      53625.2      18.2400   0.00900000      53625.2      18.0090    0.0210000
       53634.203      20.2590     0.180000      53634.2      19.4770    0.0390000      53634.2      18.9360    0.0260000      53634.2      18.2730    0.0170000      53634.2      17.9790    0.0380000
       53636.208      20.3860    0.0780000      53636.2      19.5390    0.0160000      53636.2      18.9930    0.0130000      53636.2      18.2650    0.0100000      53636.2      18.0090    0.0230000
       53655.180      20.3250     0.145000      53655.2      19.4870    0.0270000      53655.2      18.9680    0.0190000      53655.2      18.2550    0.0130000      53655.2      17.9720    0.0300000
       53664.205     -99.9900     0.136000      53664.2      19.5820    0.0290000      53664.2      18.9950    0.0180000      53664.2      18.2530    0.0130000      53664.2      18.0430    0.0320000
       53666.169      20.3370    0.0590000      53666.2      19.5440    0.0120000      53666.2      18.9890    0.0120000      53666.2      18.2440    0.0100000      53666.2      18.0510    0.0260000
       53669.165      20.1820    0.0500000      53669.2      19.5600    0.0120000      53669.2      19.0010    0.0110000      53669.2      18.2690    0.0100000      53669.2      18.0090    0.0230000
       53671.249     -99.9900     0.158000      53671.2      19.5740    0.0200000      53671.2     -99.9900    0.0240000      53671.2     -99.9900    0.0140000      53671.2     -99.9900    0.0380000
       53674.149      20.2050    0.0540000      53674.2      19.5500    0.0130000      53674.1      18.9950    0.0120000      53674.1      18.2390    0.0100000      53674.1      17.9780    0.0220000
       53676.238      20.4140    0.0660000      53676.2      19.5570    0.0130000      53676.2      18.9920    0.0110000      53676.2      18.2470   0.00900000      53676.2      18.0090    0.0200000
       53679.210      20.3440    0.0900000      53679.2      19.5910    0.0160000      53679.2      19.0010    0.0140000      53679.2      18.2490    0.0110000      53679.2      18.0620    0.0270000
       53681.202      20.2170    0.0570000      53681.2      19.5610    0.0130000      53681.2      18.9970    0.0120000      53681.2      18.2530   0.00900000      53681.2      18.0460    0.0200000
       53685.161      20.1130     0.118000      53685.2      19.5540    0.0350000      53685.2      18.9910    0.0220000      53685.2      18.2510    0.0140000      53685.2      18.0200    0.0290000
       53687.199      20.3050     0.186000      53687.2      19.6180    0.0400000      53687.2      18.9990    0.0200000      53687.2      18.2630    0.0130000      53687.2      18.0790    0.0250000
       53694.175      20.0140     0.188000      53694.2      19.5330    0.0460000      53694.2      19.1000    0.0300000      53694.2      18.1860    0.0170000      53694.2      17.9260    0.0400000
       53697.159      20.0550     0.103000      53697.2      19.5850    0.0240000      53697.2      18.9940    0.0260000      53697.2      18.2550    0.0170000      53697.2      18.0400    0.0450000
       53700.158      20.3180    0.0730000      53700.2      19.5670    0.0140000      53700.2      18.9930    0.0120000      53700.2      18.2570    0.0100000      53700.2      18.0300    0.0240000
       53705.144      20.3320    0.0780000      53705.1      19.5270    0.0140000      53705.1      19.0040    0.0130000      53705.1      18.2440    0.0100000      53705.1      18.0250    0.0230000
       53975.229      20.3210    0.0560000      53975.2      19.6150    0.0180000      53975.2      19.0390    0.0140000      53975.2      18.2950    0.0140000      53975.2      17.9990    0.0250000
       53993.297      20.2650    0.0610000      53993.3      19.6300    0.0190000      53993.3      19.0170    0.0170000      53993.3      18.2870    0.0140000      53993.3      18.0500    0.0230000
       53996.236      20.2940    0.0540000      53996.2      19.6270    0.0190000      53996.2      19.0340    0.0170000      53996.2      18.2880    0.0110000      53996.2      18.0350    0.0230000
       53998.205      20.3840    0.0580000      53998.2      19.6280    0.0180000      53998.2      19.0360    0.0140000      53998.2      18.2890    0.0160000      53998.2      18.0540    0.0220000
       54005.235      20.3470    0.0570000      54005.2      19.6490    0.0170000      54005.2      19.0260    0.0130000      54005.2      18.2750    0.0130000      54005.2      18.0590    0.0230000
       54010.190      20.3590    0.0740000      54010.2      19.6580    0.0240000      54010.2      19.0150    0.0150000      54010.2      18.2840    0.0130000      54010.2      18.0200    0.0220000
       54012.183      20.2150     0.102000      54012.2      19.6570    0.0340000      54012.2      19.0530    0.0210000      54012.2      18.2690    0.0160000      54012.2     -99.9900    0.0290000
       54020.189      20.4970    0.0670000      54020.2      19.5930    0.0160000      54020.2      19.0410    0.0130000      54020.2      18.2990    0.0140000      54020.2      18.0010    0.0260000
       54022.238      20.2610    0.0500000      54022.2      19.6080    0.0180000      54022.2      19.0470    0.0140000      54022.2      18.2920    0.0120000      54022.2      18.1000    0.0220000
       54028.179      20.2660    0.0580000      54028.2      19.6150    0.0210000      54028.2      19.0550    0.0170000      54028.2      18.2860    0.0130000      54028.2      18.0710    0.0260000
       54030.183      20.3870    0.0550000      54030.2      19.6320    0.0170000      54030.2      19.0210    0.0130000      54030.2      18.2670    0.0160000      54030.2      18.0640    0.0240000
       54035.258      20.4080     0.116000      54035.3      19.6200    0.0290000      54035.3      19.0280    0.0250000      54035.3      18.2810    0.0190000      54035.3     -99.9900    0.0570000
       54037.164      20.2420    0.0620000      54037.2      19.6300    0.0210000      54037.2      19.0510    0.0170000      54037.2      18.3040    0.0170000      54037.2      18.0380    0.0260000
       54040.178      20.3950     0.169000      54040.2      19.6560    0.0370000      54040.2      19.0510    0.0240000      54040.2      18.2650    0.0180000      54040.2      18.0870    0.0340000
       54050.163      20.6260     0.120000      54050.2      19.6720    0.0640000      54050.2      19.0220    0.0920000      54050.2      18.3090    0.0490000      54050.2      18.1070    0.0400000
       54053.169      20.4300    0.0780000      54053.2      19.6490    0.0210000      54053.2      19.0300    0.0150000      54053.2      18.2880    0.0140000      54053.2      18.0740    0.0260000
       54056.171      20.5550     0.120000      54056.2      19.9840     0.674000      54056.2      19.0200    0.0230000      54056.2      18.2950     0.382000      54056.2      18.1150    0.0360000
       54057.139      20.4500    0.0640000      54057.1      19.6410    0.0170000      54057.1      19.0490    0.0140000      54057.1      18.2900    0.0130000      54057.1      18.0710    0.0250000
       54059.165      20.3580    0.0830000      54059.2      19.6610    0.0230000      54059.2      19.0210    0.0160000      54059.2      18.2830    0.0140000      54059.2      18.0440    0.0270000
       54061.176      20.4510    0.0840000      54061.2      19.6260    0.0200000      54061.2      19.0560    0.0240000      54061.2      18.2830    0.0280000      54061.2      18.1070    0.0350000
       54062.170      20.3690    0.0820000      54062.2      19.6130    0.0260000      54062.2      19.0690    0.0180000      54062.2      18.2970    0.0160000      54062.2      18.0820    0.0340000
       54068.160      20.3100     0.197000      54068.2      19.5650    0.0500000      54068.2      19.0580    0.0290000      54068.2      18.3170    0.0210000      54068.2      18.0490    0.0400000
       54357.208      20.5840    0.0860000      54357.2      19.6030    0.0210000      54357.2      19.0460    0.0190000      54357.2     -99.9900    0.0230000      54357.2      18.0410    0.0270000
       54365.206      20.7320     0.161000      54365.2      19.6340    0.0290000      54365.2      19.0560    0.0220000      54365.2      18.3040    0.0170000      54365.2      18.0670    0.0320000
       54376.267      20.1680    0.0750000      54376.3      19.6040    0.0230000      54376.3      19.0000    0.0170000      54376.3      18.2950    0.0190000      54376.3      18.0540    0.0300000
       54385.256      20.3010    0.0790000      54385.3      19.5740    0.0190000      54385.3      18.9870    0.0160000      54385.3      18.2860    0.0140000      54385.3      18.0230    0.0270000
       54387.256      20.1900    0.0730000      54387.3      19.6170    0.0170000      54387.3      18.9970    0.0230000      54387.3      18.2860    0.0150000      54387.3      18.0580    0.0270000
       54392.251      20.3950    0.0990000      54392.3      19.5870    0.0180000      54392.2      18.9830    0.0170000      54392.2      18.2440    0.0140000      54392.3      18.0330    0.0280000
       54402.250      20.1760     0.145000      54402.2      19.5780    0.0320000      54402.2      18.9660    0.0220000      54402.2      18.2820    0.0180000      54402.2      18.0880    0.0310000
       52558.000       20.069000     0.050000000       52558.000       19.315000     0.020000000       52558.000       18.803000     0.016000000       52558.000       18.131000     0.015000000       52558.000       17.896000     0.023000000
       51467       20.306000      0.10000000       51467       19.616000     0.022000000       51467       19.039000     0.019000000       51467       18.303000     0.016000000       51467       18.060000     0.037000000
       51819       20.148000     0.051000000       51819       19.464000     0.022000000       51819       18.911000     0.017000000       51819       18.215000     0.015000000       51819       17.956000     0.027000000
       52172       20.109000     0.048000000       52172       19.363000     0.020000000       52172       18.808000     0.014000000       52172       18.137000     0.016000000       52172       17.918000     0.028000000
       52172       20.102000     0.057000000       52172       19.351000     0.020000000       52172       18.813000     0.016000000       52172       18.144000     0.018000000       52172       17.960000     0.029000000
       52552       20.169000     0.049000000       52552       19.302000     0.018000000       52552       18.828000     0.017000000       52552       18.115000     0.014000000       52552       17.887000     0.024000000
       52558       20.078000     0.049000000       52558       19.321000     0.021000000       52558       18.812000     0.018000000       52558       18.137000     0.016000000       52558       17.901000     0.026000000
       52577       20.026000     0.058000000       52577       19.288000     0.081000000       52577       18.758000     0.080000000       52577       18.108000     0.051000000       52577       17.900000     0.051000000
       52586       20.007000     0.045000000       52586       19.320000     0.023000000       52586       18.801000     0.020000000       52586       18.109000     0.018000000       52586       17.854000     0.028000000
       52935       20.142000     0.047000000       52935       19.380000     0.018000000       52935       18.854000     0.019000000       52935       18.156000     0.017000000       52935       17.925000     0.027000000
       53313       20.347000     0.083000000       53313       19.416000      0.33500000       53313       18.894000      0.26600000       53313       18.220000      0.14400000       53313       17.961000     0.082000000
