       51075.238      21.3480     0.128000      51075.2      20.8350    0.0340000      51075.2      20.4550    0.0360000      51075.2      19.9480    0.0370000      51075.2      19.4900     0.117000
       51464.226      21.5020     0.124000      51464.2      20.9510    0.0320000      51464.2      20.3920    0.0290000      51464.2      19.9930    0.0310000      51464.2      19.5350    0.0850000
       52197.251      21.5640     0.154000      52197.3      20.9230    0.0320000      52197.2      20.3730    0.0290000      52197.2      19.9280    0.0270000      52197.3      19.6670    0.0890000
       52231.137      21.5470     0.154000      52231.1      20.9450    0.0320000      52231.1      20.3760    0.0280000      52231.1      19.9490    0.0300000      52231.1      19.6380    0.0980000
       52557.245      21.6550     0.192000      52557.2      20.9600    0.0350000      52557.2      20.4630    0.0330000      52557.2      20.0530    0.0330000      52557.2      19.3470    0.0760000
       52578.141      21.6430     0.153000      52578.1      21.0430    0.0330000      52578.1      20.5400    0.0320000      52578.1      20.0860    0.0310000      52578.1      19.5480    0.0830000
       52929.172      21.3560     0.131000      52929.2      20.8370    0.0300000      52929.2      20.4210    0.0290000      52929.2      19.9600    0.0270000      52929.2      19.3130    0.0660000
       52934.152      21.6900     0.194000      52934.2      20.8530    0.0350000      52934.1      20.4270    0.0320000      52934.2      20.0310    0.0320000      52934.2      19.3820    0.0830000
       52936.148      21.3240     0.104000      52936.1      20.8210    0.0270000      52936.1      20.3830    0.0250000      52936.1      19.9760    0.0250000      52936.1      19.5170    0.0710000
       53270.212      21.4720     0.156000      53270.2      21.0220    0.0430000      53270.2      20.4380    0.0290000      53270.2      19.9700    0.0270000      53270.2      19.5350    0.0730000
       53272.262      21.5730     0.389000      53272.3      20.7800    0.0750000      53272.3      20.4890    0.0640000      53272.3      20.0240    0.0450000      53272.3      19.4870     0.102000
       53286.231      21.4180     0.212000      53286.2      20.9500    0.0380000      53286.2      20.4580    0.0360000      53286.2      19.9820    0.0360000      53286.2      19.3970    0.0850000
       53288.189      21.4310     0.156000      53288.2      20.9120    0.0330000      53288.2      20.3840    0.0310000      53288.2      19.9240    0.0280000      53288.2      19.6250    0.0860000
       53294.216      22.3050     0.420000      53294.2      20.9010    0.0350000      53294.2      20.3920    0.0320000      53294.2      20.0830    0.0390000      53294.2      19.5430    0.0980000
       53302.185      21.8740     0.577000      53302.2      20.7800    0.0950000      53302.2      20.4450    0.0640000      53302.2      19.9520    0.0510000      53302.2      19.6480     0.115000
       53312.140      21.8950     0.265000      53312.1      20.9420    0.0420000      53312.1      20.3980    0.0350000      53312.1      20.0570    0.0390000      53312.1      19.5090     0.113000
       53314.141      21.1630     0.109000      53314.1      20.8240    0.0290000      53314.1      20.3540    0.0290000      53314.1      19.9570    0.0310000      53314.1      19.5350    0.0930000
       53616.246      22.7250     0.707000      53616.2      20.8610    0.0400000      53616.2      20.3310    0.0370000      53616.2      19.8920    0.0430000      53616.2      19.8710     0.185000
       53623.236      21.2760     0.155000      53623.2      20.9280    0.0390000      53623.2      20.3730    0.0310000      53623.2      19.9180    0.0300000      53623.2      19.5550    0.0990000
       53626.222      21.4420     0.262000      53626.2      20.7520    0.0600000      53626.2      20.2780    0.0480000      53626.2      19.7950    0.0350000      53626.2      19.3480    0.0920000
       53628.207      21.0290     0.285000      53628.2      21.0480     0.115000      53628.2      20.3720    0.0710000      53628.2      20.0160    0.0510000      53628.2      19.5470     0.107000
       53637.209      22.0060     0.362000      53637.2      20.7740    0.0460000      53637.2      20.3100    0.0380000      53637.2      19.9400    0.0610000      53637.2      19.3630     0.109000
       53644.201      21.5020     0.120000      53644.2      20.8770    0.0250000      53644.2      20.3740    0.0240000      53644.2      19.9140    0.0250000      53644.2      19.3810    0.0540000
       53654.236      21.5380     0.196000      53654.2      20.8490    0.0480000      53654.2      20.3720    0.0330000      53654.2      19.8120    0.0300000      53654.2      19.5040     0.100000
       53656.183      20.7380     0.280000      53656.2      20.7560     0.104000      53656.2      20.3800    0.0900000      53656.2      20.1350    0.0900000      53656.2      19.3950     0.128000
       53663.197      21.2630     0.199000      53663.2      20.8400    0.0520000      53663.2      20.2980    0.0330000      53663.2      19.8770    0.0270000      53663.2      19.4830    0.0700000
       53668.186      21.5660     0.220000      53668.2      20.7890    0.0320000      53668.2      20.3160    0.0330000      53668.2      19.9490    0.0390000      53668.2      19.6310     0.132000
       53670.191      21.9410     0.242000      53670.2      20.7940    0.0300000      53670.2      20.3610    0.0310000      53670.2      19.9320    0.0330000      53670.2      19.5660    0.0970000
       53673.159      21.6890     0.209000      53673.2      20.8970    0.0320000      53673.2      20.2970    0.0290000      53673.2      19.9190    0.0310000      53673.2      19.4910    0.0860000
       53675.156      21.4220     0.148000      53675.2      20.8140    0.0310000      53675.2      20.2940    0.0300000      53675.2      19.8520    0.0300000      53675.2      19.5000    0.0920000
       53677.177      21.4170     0.126000      53677.2      20.8430    0.0270000      53677.2      20.2840    0.0240000      53677.2      19.8660    0.0230000      53677.2      19.5310    0.0690000
       53680.164      21.3520     0.135000      53680.2      20.8590    0.0300000      53680.2      20.2800    0.0260000      53680.2      19.8830    0.0250000      53680.2      19.3640    0.0630000
       53693.166      21.1060     0.222000      53693.2      20.7990    0.0630000      53693.2      20.2620    0.0380000      53693.2      19.8380    0.0310000      53693.2      19.4300    0.0740000
       53702.161      21.1760     0.267000      53702.2      20.8830    0.0650000      53702.2      20.1390    0.0520000      53702.2      19.9360    0.0640000      53702.2      19.5170     0.182000
       53704.149      21.2920     0.139000      53704.2      20.7850    0.0320000      53704.1      20.3210    0.0290000      53704.1      19.9040    0.0290000      53704.1      19.4510    0.0910000
       53989.245      21.1340     0.186000      53989.2      20.6030    0.0490000      53989.2      20.1310    0.0310000      53989.2      19.7560    0.0290000      53989.2      19.2560    0.0630000
       53995.234      21.3470     0.110000      53995.2      20.5980    0.0220000      53995.2      20.1070    0.0190000      53995.2      19.7250    0.0210000      53995.2      19.3330    0.0520000
       54000.220      21.3820     0.164000      54000.2      20.6540    0.0270000      54000.2      20.1610    0.0260000      54000.2      19.7110    0.0250000      54000.2      19.2740    0.0770000
       54007.271      21.1830     0.123000      54007.3      20.5990    0.0270000      54007.3      20.1080    0.0260000      54007.3      19.7510    0.0230000      54007.3      19.3490    0.0660000
       54009.194      21.6130     0.184000      54009.2      20.5870    0.0390000      54009.2      20.1640    0.0310000      54009.2      19.7460    0.0260000      54009.2      19.3290    0.0600000
       54011.259      21.1890     0.180000      54011.3      20.5950    0.0450000      54011.3      20.1220    0.0330000      54011.3      19.7790    0.0280000      54011.3      19.2690    0.0550000
       54019.209      21.0430     0.126000      54019.2      20.6520    0.0360000      54019.2      20.1400    0.0240000      54019.2      19.7460    0.0210000      54019.2      19.3190    0.0520000
       54025.258      21.0750     0.145000      54025.3      20.6490    0.0320000      54025.3      20.1880    0.0390000      54025.3      19.6830    0.0310000      54025.3      19.5780     0.110000
       54029.188      21.2540     0.125000      54029.2      20.6460    0.0230000      54029.2      20.1100    0.0240000      54029.2      19.7860    0.0260000      54029.2      19.3300    0.0580000
       54356.266      21.3890     0.159000      54356.3      20.5750    0.0270000      54356.3      20.1520    0.0240000      54356.3      19.6630    0.0250000      54356.3      19.2870    0.0660000
       54358.211      21.1590     0.173000      54358.2      20.5860    0.0310000      54358.2      20.1330    0.0310000      54358.2      19.7230    0.0300000      54358.2      19.3100    0.0930000
       54365.244      20.9860     0.128000      54365.2      20.5350    0.0390000      54365.2      20.1180    0.0300000      54365.2      19.7130    0.0260000      54365.2      19.2590    0.0680000
       54373.319      21.1870     0.388000      54373.3      20.6170    0.0820000      54373.3      20.0570    0.0710000      54373.3      19.7530    0.0430000      54373.3      19.2330    0.0790000
       54382.254      21.0600     0.157000      54382.3      20.5800    0.0310000      54382.2      20.1370    0.0320000      54382.3      19.6670    0.0330000      54382.3      19.2400    0.0850000
       54386.256      21.0400     0.111000      54386.3      20.5330    0.0290000      54386.3      20.1110    0.0250000      54386.3      19.7640    0.0260000      54386.3      19.3040    0.0620000
       54388.261      21.1100     0.130000      54388.3      20.6270    0.0250000      54388.3      20.1710    0.0340000      54388.3      19.7190    0.0260000      54388.3      19.2770    0.0660000
       54403.174      21.1620     0.190000      54403.2      20.6260    0.0510000      54403.2      20.1560    0.0340000      54403.2      19.6510    0.0330000      54403.2      19.2870    0.0940000
       54406.168      21.1400     0.101000      54406.2      20.5290    0.0260000      54406.2      20.0970    0.0240000      54406.2      19.7530    0.0260000      54406.2      19.2850    0.0670000
       54412.171      21.0560     0.156000      54412.2      20.5520    0.0290000      54412.2      20.1440    0.0330000      54412.2      19.7790    0.0390000      54412.2      19.3300    0.0880000
       52197.000       21.577000      0.15100000       52197.000       20.911000     0.032000000       52197.000       20.349000     0.027000000       52197.000       19.901000     0.035000000       52197.000       19.627000     0.084000000
       51075       21.330000      0.10900000       51075       20.830000     0.035000000       51075       20.442000     0.035000000       51075       19.952000     0.036000000       51075       19.445000      0.10300000
       51459       21.870000      0.26300000       51459       20.974000     0.048000000       51459       20.457000     0.047000000       51459       20.013000     0.042000000       51459       19.822000      0.14400000
       51464       21.486000     0.099000000       51464       20.972000     0.036000000       51464       20.441000     0.029000000       51464       20.018000     0.030000000       51464       19.505000     0.070000000
       52197       21.574000      0.12800000       52197       20.907000     0.031000000       52197       20.348000     0.027000000       52197       19.899000     0.033000000       52197       19.619000     0.077000000
       52231       21.502000      0.12100000       52231       20.933000     0.036000000       52231       20.356000     0.029000000       52231       19.930000     0.028000000       52231       19.577000     0.086000000
       52557       21.696000      0.15900000       52557       20.987000     0.034000000       52557       20.474000     0.035000000       52557       20.066000     0.034000000       52557       19.366000     0.070000000
       52578       21.623000      0.12100000       52578       21.028000     0.031000000       52578       20.515000     0.030000000       52578       20.057000     0.030000000       52578       19.560000     0.078000000
       52929       21.362000      0.10600000       52929       20.829000     0.032000000       52929       20.431000     0.031000000       52929       19.974000     0.028000000       52929       19.333000     0.061000000
       52934       21.682000      0.15500000       52934       20.856000     0.037000000       52934       20.416000     0.032000000       52934       20.003000     0.031000000       52934       19.385000     0.077000000
       53270       21.484000      0.15000000       53270       21.009000     0.046000000       53270       20.431000     0.032000000       53270       19.965000     0.030000000       53270       19.529000     0.072000000
       53272       21.531000      0.35000000       53272       20.817000     0.075000000       53272       20.507000     0.063000000       53272       20.057000     0.045000000       53272       19.492000     0.090000000
       53286       21.431000      0.18300000       53286       20.954000     0.040000000       53286       20.459000     0.035000000       53286       19.992000     0.036000000       53286       19.354000     0.076000000
       53288       21.400000      0.12600000       53288       20.905000     0.035000000       53288       20.373000     0.032000000       53288       19.906000     0.030000000       53288       19.636000     0.079000000
       53294       22.287000      0.34400000       53294       20.908000     0.038000000       53294       20.379000     0.035000000       53294       20.097000     0.042000000       53294       19.517000     0.099000000
       53312       21.885000      0.22900000       53312       20.943000     0.045000000       53312       20.384000     0.038000000       53312       20.057000     0.041000000       53312       19.482000      0.11300000
       53314       21.175000     0.090000000       53314       20.830000     0.029000000       53314       20.381000     0.031000000       53314       19.987000     0.033000000       53314       19.525000     0.083000000
