       51081.291      19.9920    0.0550000      51081.3      20.0600    0.0240000      51081.3      20.1440    0.0350000      51081.3      19.8950    0.0400000      51081.3      20.0140     0.142000
       51819.362      20.3770    0.0630000      51819.4      20.4150    0.0270000      51819.4      20.5180    0.0340000      51819.4      20.2900    0.0430000      51819.4      20.1970     0.130000
       52558.327      20.4720    0.0660000      52558.3      20.4090    0.0270000      52558.3      20.5250    0.0480000      52558.3      20.1420    0.0480000      52558.3      20.0470     0.116000
       52577.214      20.5420    0.0650000      52577.2      20.4290    0.0240000      52577.2      20.4750    0.0320000      52577.2      20.2760    0.0450000      52577.2      20.3230     0.155000
       52586.218      20.4220    0.0550000      52586.2      20.4420    0.0240000      52586.2      20.5320    0.0350000      52586.2      20.2250    0.0470000      52586.2      20.1640     0.152000
       52910.298      20.4860    0.0520000      52910.3      20.3910    0.0220000      52910.3      20.4420    0.0270000      52910.3      20.2330    0.0350000      52910.3      20.2560     0.116000
       52931.229      20.4700    0.0660000      52931.2      20.4470    0.0260000      52931.2      20.5080    0.0350000      52931.2      20.2290    0.0420000      52931.2      20.4510     0.156000
       52935.226      20.5820    0.0610000      52935.2      20.4830    0.0260000      52935.2      20.5100    0.0320000      52935.2      20.1940    0.0370000      52935.2      20.4760     0.156000
       52959.169      20.5790    0.0540000      52959.2      20.5070    0.0250000      52959.2      20.5520    0.0270000      52959.2      20.2820    0.0320000      52959.2      20.2500    0.0990000
       52963.149      20.5660    0.0540000      52963.1      20.4980    0.0220000      52963.1      20.6040    0.0290000      52963.1      20.3550    0.0350000      52963.1      20.3100     0.118000
       53352.120      20.8120    0.0680000      53352.1      20.6550    0.0270000      53352.1      20.7030    0.0370000      53352.1      20.3770    0.0440000      53352.1      20.0870     0.111000
       53622.328      20.5110    0.0880000      53622.3      20.4570    0.0350000      53622.3      20.5010    0.0390000      53622.3      20.2340    0.0620000      53622.3      20.4350     0.241000
       53634.278      20.6220     0.212000      53634.3      20.5680    0.0910000      53634.3      20.5110    0.0730000      53634.3      20.3310    0.0750000      53634.3      20.1210     0.160000
       53638.319      20.5780    0.0750000      53638.3      20.5120    0.0300000      53638.3      20.4630    0.0330000      53638.3      20.2310    0.0380000      53638.3      20.0100    0.0920000
       53655.255      20.3790     0.100000      53655.3      20.4270    0.0590000      53655.3      20.5210    0.0630000      53655.3      20.2760    0.0560000      53655.3      20.3140     0.175000
       53664.280      20.5330     0.148000      53664.3      20.4020    0.0580000      53664.3      20.5370    0.0570000      53664.3      20.3340    0.0620000      53664.3      19.9660     0.175000
       53666.244      20.4130    0.0670000      53666.2      20.4410    0.0300000      53666.2      20.4550    0.0330000      53666.2      20.2520    0.0420000      53666.2      20.0460     0.104000
       53669.239      20.5310    0.0630000      53669.2      20.4290    0.0230000      53669.2      20.4630    0.0300000      53669.2      20.1760    0.0380000      53669.2      20.2470     0.121000
       53671.324      20.4700     0.101000      53671.3      20.4370    0.0310000      53671.3      20.5460    0.0460000      53671.3      20.1430    0.0490000      53671.3      19.9950     0.129000
       53674.223      20.4870    0.0710000      53674.2      20.4080    0.0240000      53674.2      20.4980    0.0340000      53674.2      20.1400    0.0380000      53674.2      20.2400     0.126000
       53676.313      20.4990    0.0740000      53676.3      20.3840    0.0240000      53676.3      20.4380    0.0350000      53676.3      20.1130    0.0350000      53676.3      20.1870     0.105000
       53679.285      20.3950    0.0780000      53679.3      20.3670    0.0280000      53679.3      20.4980    0.0520000      53679.3      20.1940    0.0580000      53679.3      20.2920     0.201000
       53681.276      20.5320    0.0790000      53681.3      20.3860    0.0260000      53681.3      20.4230    0.0330000      53681.3      20.1910    0.0400000      53681.3      20.2950     0.140000
       53685.235     -99.9900     0.195000      53685.2      20.4680     0.104000      53685.2      20.5790     0.108000      53685.2      20.2150    0.0820000      53685.2      20.4890     0.228000
       53694.249      20.5540     0.266000      53694.2      20.4440     0.103000      53694.2      20.4170    0.0860000      53694.2      20.2590    0.0880000      53694.2      19.7870     0.171000
       53697.233      20.3250    0.0640000      53697.2      20.4060    0.0240000      53697.2      20.4110    0.0390000      53697.2      20.2410    0.0480000      53697.2      20.2760     0.114000
       53700.232      20.4560    0.0750000      53700.2      20.3800    0.0280000      53700.2      20.3990    0.0360000      53700.2      20.1850    0.0470000      53700.2      20.3520     0.171000
       53705.219      20.3460    0.0620000      53705.2      20.3770    0.0240000      53705.2      20.4100    0.0320000      53705.2      20.1070    0.0350000      53705.2      20.0560    0.0950000
       53975.304      20.5480    0.0700000      53975.3      20.5860    0.0310000      53975.3      20.5560    0.0380000      53975.3      20.3140    0.0480000      53975.3      20.3270     0.145000
       53990.317      20.3510    0.0890000      53990.3      20.4560    0.0470000      53990.3      20.5760    0.0490000      53990.3      20.3270    0.0520000      53990.3      20.2780     0.142000
       53993.372      20.5980    0.0750000      53993.4      20.5660    0.0400000      53993.4     -99.9900    0.0850000      53993.4     -99.9900    0.0440000      53993.4      20.2320     0.115000
       53994.327      20.5920    0.0580000      53994.3      20.5410    0.0270000      53994.3      20.5470    0.0310000      53994.3      20.3760    0.0410000      53994.3      20.2350     0.114000
       53996.311      20.7080    0.0730000      53996.3      20.5570    0.0330000      53996.3      20.5360    0.0370000      53996.3      20.3510    0.0490000      53996.3      19.6870     0.291000
       53998.279     -99.9900     0.294000      53998.3      20.5430    0.0260000      53998.3     -99.9900     0.111000      53998.3     -99.9900     0.347000      53998.3      20.6080     0.252000
       54005.310      20.6120    0.0520000      54005.3      20.6110    0.0250000      54005.3      20.5820    0.0270000      54005.3      20.3180    0.0320000      54005.3      20.2970    0.0930000
       54010.265      20.6520    0.0720000      54010.3      20.5680    0.0370000      54010.3      20.6640    0.0370000      54010.3      20.3820    0.0420000      54010.3      20.2830    0.0970000
       54012.258      20.3210     0.102000      54012.3      20.6870    0.0730000      54012.3      20.5720    0.0570000      54012.3      20.3580    0.0540000      54012.3      20.2900     0.119000
       54020.264      20.6150     0.110000      54020.3      20.6280     0.129000      54020.3     -99.9900    0.0920000      54020.3      20.4430     0.110000      54020.3      20.3960     0.202000
       54024.345     -99.9900     0.120000      54024.3      20.7020    0.0450000      54024.3      20.6400    0.0660000      54024.3      20.4340     0.102000      54024.3      20.1600     0.187000
       54028.254      20.7800    0.0750000      54028.3      20.6330    0.0320000      54028.3      20.5890    0.0350000      54028.3      20.3100    0.0470000      54028.3      20.4400     0.160000
       54030.257      20.7630    0.0630000      54030.3      20.6410    0.0280000      54030.3      20.6600    0.0310000      54030.3      20.4830    0.0400000      54030.3      20.4650     0.120000
       54037.239      20.7920    0.0790000      54037.2      20.7040    0.0320000      54037.2      20.7030    0.0390000      54037.2      20.2990    0.0420000      54037.2      20.1480     0.102000
       54040.253      21.2820     0.236000      54040.3      20.5740    0.0640000      54040.2      20.7260    0.0740000      54040.3      20.3360    0.0620000      54040.3      20.2140     0.136000
       54049.279      21.1210     0.287000      54049.3      20.7960    0.0840000      54049.3      20.6840    0.0740000      54049.3      20.4480    0.0840000      54049.3      20.1780     0.204000
       54053.244      20.7060    0.0730000      54053.2      20.7130    0.0320000      54053.2      20.7800    0.0420000      54053.2      20.3630    0.0430000      54053.2      20.2330     0.103000
       54068.225      20.7070     0.181000      54068.2      20.5740    0.0800000      54068.2      20.7530    0.0900000      54068.2      20.3850    0.0780000      54068.2      20.3220     0.177000
       54357.283      20.7540    0.0740000      54357.3      20.6980    0.0280000      54357.3      20.6830    0.0340000      54357.3      20.4280    0.0470000      54357.3      20.3010    0.0980000
       54362.333      20.6410     0.104000      54362.3     -99.9900    0.0640000      54362.3      20.6450    0.0500000      54362.3      20.6250     0.106000      54362.3     -99.9900     0.617000
       54382.313      20.7090    0.0940000      54382.3      20.7550    0.0400000      54382.3      20.7170    0.0460000      54382.3      20.2710    0.0500000      54382.3      20.7680     0.180000
       54385.331      20.7840    0.0710000      54385.3      20.6940    0.0300000      54385.3      20.7520    0.0360000      54385.3      20.4910    0.0410000      54385.3      20.5050     0.113000
       54387.331      20.7720    0.0910000      54387.3      20.6460    0.0340000      54387.3      20.7240    0.0480000      54387.3      20.4290    0.0540000      54387.3      20.4210     0.153000
       54392.326      20.8260    0.0980000      54392.3      20.6740    0.0320000      54392.3      20.7430    0.0470000      54392.3      20.3860    0.0500000      54392.3      20.5940     0.189000
       54402.324      21.3470     0.323000      54402.3      20.6870    0.0790000      54402.3      20.6680    0.0640000      54402.3      20.4810    0.0640000      54402.3      20.4200     0.150000
       52522.000       20.442000     0.067000000       52522.000       20.542000     0.033000000       52522.000       20.503000     0.034000000       52522.000       20.329000     0.045000000       52522.000       20.479000      0.17000000
       51081       20.020000     0.052000000       51081       20.086000     0.027000000       51081       20.134000     0.035000000       51081       19.888000     0.038000000       51081       20.010000      0.14000000
       51819       20.434000     0.056000000       51819       20.428000     0.028000000       51819       20.484000     0.037000000       51819       20.267000     0.042000000       51819       20.179000      0.12600000
       52522       20.471000     0.060000000       52522       20.548000     0.033000000       52522       20.500000     0.034000000       52522       20.328000     0.044000000       52522       20.470000      0.16800000
       52552       20.580000     0.057000000       52552       20.567000     0.031000000       52552       20.565000     0.042000000       52552       20.336000     0.045000000       52552       20.192000      0.11500000
       52558       20.595000     0.058000000       52558       20.469000     0.031000000       52558       20.599000     0.052000000       52558       20.201000     0.046000000       52558       20.114000      0.10800000
       52577       20.633000     0.060000000       52577       20.440000     0.026000000       52577       20.469000     0.031000000       52577       20.273000     0.043000000       52577       20.263000      0.14500000
       52586       20.452000     0.048000000       52586       20.451000     0.027000000       52586       20.525000     0.037000000       52586       20.207000     0.045000000       52586       20.136000      0.14100000
       52931       20.497000     0.060000000       52931       20.449000     0.028000000       52931       20.517000     0.041000000       52931       20.214000     0.041000000       52931       20.422000      0.15000000
       52935       20.655000     0.055000000       52935       20.501000     0.028000000       52935       20.519000     0.033000000       52935       20.182000     0.037000000       52935       20.429000      0.14300000
       52959       20.603000     0.047000000       52959       20.554000     0.026000000       52959       20.566000     0.028000000       52959       20.282000     0.031000000       52959       20.252000     0.094000000
       52963       20.640000     0.050000000       52963       20.524000     0.030000000       52963       20.599000     0.029000000       52963       20.360000     0.035000000       52963       20.295000      0.11400000
       53352       20.908000     0.059000000       53352       20.715000     0.033000000       53352       20.760000     0.036000000       53352       20.422000     0.042000000       53352       20.026000      0.12300000
