       51075.377      19.7560    0.0350000      51075.4      19.6840    0.0140000      51075.4      19.5990    0.0160000      51075.4      19.6410    0.0250000      51075.4      19.8050     0.113000
       51818.347      19.8640    0.0390000      51818.3      19.8390    0.0170000      51818.3      19.7000    0.0180000      51818.3      19.8390    0.0290000      51818.3      19.7590    0.0880000
       52170.398      20.0640    0.0430000      52170.4      19.9780    0.0170000      52170.4      19.7780    0.0180000      52170.4      19.8490    0.0250000      52170.4      19.8780    0.0970000
       52173.311      20.0320    0.0530000      52173.3      19.9730    0.0210000      52173.3      19.8260    0.0220000      52173.3      19.8470    0.0320000      52173.3      19.8530     0.141000
       52196.397      20.1400    0.0530000      52196.4      20.0150    0.0190000      52196.4      19.8370    0.0200000      52196.4      19.9300    0.0320000      52196.4      19.8560     0.131000
       52207.363      20.1360    0.0500000      52207.4      20.0600    0.0180000      52207.4      19.8400    0.0200000      52207.4      19.8780    0.0270000      52207.4      19.8420    0.0920000
       52224.292      19.9800    0.0440000      52224.3      20.0000    0.0210000      52224.3      19.8370    0.0240000      52224.3      19.8440    0.0290000      52224.3      19.9310    0.0910000
       52231.277      20.1270    0.0460000      52231.3      19.9890    0.0170000      52231.3      19.8350    0.0180000      52231.3      19.7320    0.0220000      52231.3      19.8960    0.0920000
       52234.248      20.0770    0.0420000      52234.2      19.9980    0.0170000      52234.2      19.8140    0.0190000      52234.2      19.8840    0.0240000      52234.2      19.9770    0.0830000
       52261.211      20.2360    0.0540000      52261.2      20.0040    0.0200000      52261.2      19.7980    0.0200000      52261.2      19.8990    0.0270000      52261.2      19.9260     0.107000
       52282.138      20.0570    0.0510000      52282.1      19.9730    0.0210000      52282.1      19.8360    0.0240000      52282.1      19.8990    0.0310000      52282.1      19.7550     0.108000
       52287.092      20.0660    0.0440000      52287.1      19.9400    0.0190000      52287.1      19.7750    0.0200000      52287.1      19.8650    0.0290000      52287.1      19.8020    0.0940000
       52552.411      19.6940    0.0380000      52552.4      19.6820    0.0150000      52552.4      19.5590    0.0160000      52552.4      19.5780    0.0230000      52552.4      19.7750     0.104000
       52557.385      19.7490    0.0370000      52557.4      19.6970    0.0140000      52557.4      19.5480    0.0170000      52557.4      19.6780    0.0240000      52557.4      19.9510     0.116000
       52908.360      20.0080    0.0440000      52908.4      19.9170    0.0170000      52908.4      19.7210    0.0180000      52908.4      19.7740    0.0260000      52908.4      19.7930    0.0900000
       52912.339      19.9450    0.0460000      52912.3      19.8670    0.0170000      52912.3      19.7310    0.0190000      52912.3      19.7850    0.0270000      52912.3      19.6270    0.0800000
       52934.291      19.9870    0.0480000      52934.3      19.9240    0.0180000      52934.3      19.7690    0.0230000      52934.3      19.8080    0.0310000      52934.3      19.9530     0.132000
       52936.287      19.9950    0.0400000      52936.3      19.9260    0.0160000      52936.3      19.7390    0.0170000      52936.3      19.7990    0.0240000      52936.3      19.7960    0.0790000
       53270.351     -99.9900    0.0360000      53270.4     -99.9900    0.0200000      53270.4      19.4590    0.0230000      53270.4      19.5050    0.0200000      53270.4     -99.9900     0.169000
       53272.401     -99.9900    0.0400000      53272.4      19.5620    0.0150000      53272.4      19.4440    0.0170000      53272.4      19.4860    0.0230000      53272.4      19.5420    0.0900000
       53286.370      19.6150    0.0370000      53286.4      19.6140    0.0150000      53286.4      19.4760    0.0150000      53286.4      19.5130    0.0190000      53286.4      19.5290    0.0700000
       53288.329      19.5890    0.0340000      53288.3      19.5870    0.0130000      53288.3      19.4770    0.0150000      53288.3      19.5030    0.0200000      53288.3      19.5890    0.0680000
       53294.376      19.6970    0.0390000      53294.4      19.6010    0.0150000      53294.4      19.4800    0.0170000      53294.4      19.5590    0.0230000      53294.4      19.4700    0.0740000
       53296.323      19.7160    0.0900000      53296.3      19.5690    0.0350000      53296.3      19.4850    0.0250000      53296.3      19.5090    0.0330000      53296.3      19.5650    0.0950000
       53298.373      19.6920    0.0390000      53298.4      19.6180    0.0140000      53298.4      19.5070    0.0180000      53298.4      19.5300    0.0240000      53298.4      19.4240    0.0760000
       53302.324      19.6390    0.0580000      53302.3      19.6430    0.0250000      53302.3      19.5150    0.0240000      53302.3      19.5890    0.0280000      53302.3      19.4210    0.0700000
       53312.280      19.6830    0.0480000      53312.3      19.6430    0.0240000      53312.3      19.5240    0.0320000      53312.3      19.5600    0.0620000      53312.3      19.3580    0.0780000
       53314.281      19.7630    0.0400000      53314.3      19.6150    0.0160000      53314.3      19.5100    0.0180000      53314.3      19.5610    0.0240000      53314.3      19.7350    0.0940000
       53319.269      19.6970    0.0450000      53319.3      19.6490    0.0200000      53319.3      19.4930    0.0220000      53319.3      19.5740    0.0320000      53319.3      19.7010     0.130000
       53616.385      19.6140    0.0460000      53616.4      19.4750    0.0150000      53616.4      19.3750    0.0180000      53616.4      19.4300    0.0270000      53616.4      19.3490    0.0980000
       53626.362     -99.9900    0.0690000      53626.4     -99.9900    0.0500000      53626.4      19.3900    0.0200000      53626.4      19.4720    0.0320000      53626.4     -99.9900     0.111000
       53628.347      19.5520    0.0540000      53628.3      19.4630    0.0230000      53628.3      19.4030    0.0210000      53628.3      19.4280    0.0250000      53628.3      19.4840    0.0840000
       53637.348      19.4380    0.0520000      53637.4      19.4370    0.0210000      53637.3      19.3050    0.0190000      53637.3      19.4030    0.0260000      53637.3      19.3270    0.0820000
       53639.394      19.5230    0.0330000      53639.4      19.4330    0.0130000      53639.4      19.3480    0.0140000      53639.4      19.4050    0.0170000      53639.4      19.4480    0.0560000
       53641.393      19.4810    0.0330000      53641.4      19.4340    0.0130000      53641.4      19.3400    0.0140000      53641.4      19.4220    0.0180000      53641.4      19.5230    0.0630000
       53657.352      19.5100    0.0850000      53657.4      19.3810    0.0340000      53657.4      19.3550    0.0320000      53657.4      19.4100    0.0430000      53657.4      19.3940     0.115000
       53663.336     -99.9900    0.0490000      53663.3      19.4520    0.0220000      53663.3      19.3420    0.0190000      53663.3      19.4470    0.0220000      53663.3      19.4780    0.0670000
       53666.406      19.5670    0.0590000      53666.4      19.4630    0.0200000      53666.4      19.3310    0.0190000      53666.4      19.4340    0.0230000      53666.4      19.5050    0.0770000
       53668.326      19.4290    0.0410000      53668.3      19.4190    0.0170000      53668.3      19.3010    0.0190000      53668.3      19.3670    0.0240000      53668.3      19.4740    0.0900000
       53669.413      19.4810    0.0560000      53669.4      19.4570    0.0200000      53669.4      19.2990    0.0200000      53669.4      19.4150    0.0270000      53669.4      19.6770     0.105000
       53670.331      19.5290    0.0480000      53670.3      19.4190    0.0130000      53670.3      19.3610    0.0190000      53670.3      19.3540    0.0260000      53670.3      19.4930    0.0880000
       53673.299      19.4880    0.0310000      53673.3      19.3970    0.0120000      53673.3      19.3180    0.0130000      53673.3      19.4130    0.0170000      53673.3      19.4270    0.0550000
       53675.296      19.4600    0.0310000      53675.3      19.3990    0.0120000      53675.3      19.3210    0.0140000      53675.3      19.4050    0.0200000      53675.3      19.4860    0.0710000
       53677.317      19.4150    0.0310000      53677.3      19.4180    0.0120000      53677.3      19.3110    0.0130000      53677.3      19.3930    0.0170000      53677.3      19.4560    0.0560000
       53680.303      19.4010    0.0300000      53680.3      19.3910    0.0120000      53680.3      19.3380    0.0140000      53680.3      19.4220    0.0180000      53680.3      19.4530    0.0560000
       53686.303      19.3770    0.0890000      53686.3      19.2790    0.0370000      53686.3      19.2060    0.0350000      53686.3      19.3140    0.0390000      53686.3      19.2790     0.100000
       53693.305      19.4880    0.0660000      53693.3      19.3620    0.0280000      53693.3      19.2590    0.0210000      53693.3      19.3560    0.0250000      53693.3      19.5460    0.0860000
       53698.303      19.4240    0.0360000      53698.3      19.3610    0.0140000      53698.3      19.2770    0.0150000      53698.3      19.3310    0.0200000      53698.3      19.4180    0.0680000
       53704.288      19.4480    0.0400000      53704.3      19.3740    0.0130000      53704.3      19.2690    0.0150000      53704.3      19.3520    0.0230000      53704.3      19.4220    0.0850000
       53989.385      19.3850    0.0470000      53989.4      19.3980    0.0260000      53989.4      19.2550    0.0240000      53989.4      19.4400    0.0380000      53989.4      19.3730    0.0580000
       53995.423      19.2910    0.0250000      53995.4      19.3370    0.0160000      53995.4      19.2530    0.0130000      53995.4      19.3490    0.0220000      53995.4      19.3310    0.0460000
       54000.360     -99.9900    0.0290000      54000.4      19.3830    0.0250000      54000.4      19.2400    0.0180000      54000.4      19.3550    0.0230000      54000.4      19.3690    0.0640000
       54007.410      19.4420    0.0310000      54007.4      19.3650    0.0320000      54007.4      19.2760    0.0330000      54007.4      19.3250    0.0230000      54007.4      19.4280    0.0690000
       54009.334     -99.9900    0.0250000      54009.3      19.3530    0.0230000      54009.3      19.2700    0.0190000      54009.3      19.3550    0.0250000      54009.3      19.3790    0.0510000
       54011.398      19.4520    0.0280000      54011.4      19.3920    0.0200000      54011.4      19.2720    0.0190000      54011.4      19.3540    0.0210000      54011.4      19.4330    0.0470000
       54025.397      19.4140    0.0340000      54025.4      19.3250    0.0160000      54025.4      19.2590    0.0150000      54025.4      19.3140    0.0190000      54025.4      19.5210    0.0780000
       54029.328      19.3270    0.0360000      54029.3      19.2980    0.0190000      54029.3      19.2470    0.0210000      54029.3      19.3320    0.0290000      54029.3      19.4850    0.0680000
       54346.391      19.5370    0.0520000      54346.4      19.5010    0.0320000      54346.4      19.4300    0.0220000      54346.4      19.4780    0.0280000      54346.4      19.4860    0.0700000
       54348.395      19.6970    0.0400000      54348.4      19.5840    0.0200000      54348.4      19.4610    0.0210000      54348.4      19.4820    0.0310000      54348.4      19.6850    0.0700000
       54358.351      19.6720    0.0430000      54358.4      19.5910    0.0220000      54358.3     -99.9900    0.0410000      54358.4      19.5010    0.0250000      54358.4      19.5190    0.0810000
       54365.384      19.6220    0.0320000      54365.4      19.5520    0.0200000      54365.4      19.4150    0.0150000      54365.4      19.4940    0.0240000      54365.4      19.4680    0.0610000
       54381.404      19.6380    0.0390000      54381.4      19.6440    0.0310000      54381.4      19.4310    0.0230000      54381.4      19.5340    0.0250000      54381.4      19.3850    0.0720000
       54384.410      19.7210    0.0390000      54384.4      19.6150    0.0220000      54384.4      19.4730    0.0250000      54384.4      19.5270    0.0240000      54384.4      19.5060    0.0660000
       54386.396      19.6960    0.0410000      54386.4      19.6340    0.0340000      54386.4      19.4580    0.0220000      54386.4      19.5030    0.0290000      54386.4      19.6470    0.0830000
       54388.400      19.7700    0.0380000      54388.4      19.6220    0.0220000      54388.4      19.4270    0.0160000      54388.4      19.5340    0.0200000      54388.4      19.5790    0.0630000
       54392.398      19.6840    0.0450000      54392.4      19.6270    0.0310000      54392.4      19.4630    0.0290000      54392.4      19.5250    0.0350000      54392.4      19.4840    0.0870000
       54404.371      19.7630    0.0660000      54404.4      19.6510    0.0300000      54404.4      19.4320    0.0220000      54404.4      19.5220    0.0280000      54404.4      19.4470    0.0800000
       54405.369      19.6980    0.0680000      54405.4      19.6820    0.0260000      54405.4      19.4840    0.0190000      54405.4      19.4640    0.0290000      54405.4      19.7660    0.0840000
       54406.308      19.6910    0.0430000      54406.3      19.6300    0.0210000      54406.3      19.4820    0.0170000      54406.3      19.5410    0.0230000      54406.3      19.6090    0.0520000
       54412.334     -99.9900    0.0420000      54412.3      19.6460    0.0330000      54412.3      19.4460    0.0180000      54412.3      19.4860    0.0220000      54412.3      19.7320    0.0860000
       52234.000       20.094000     0.044000000       52234.000       20.015000     0.032000000       52234.000       19.834000     0.022000000       52234.000       19.904000     0.065000000       52234.000       20.005000     0.079000000
       51075       19.779000     0.033000000       51075       19.715000     0.024000000       51075       19.600000     0.021000000       51075       19.646000     0.029000000       51075       19.790000      0.11000000
       51133       19.665000     0.029000000       51133       19.620000     0.036000000       51133       19.514000     0.024000000       51133       19.556000     0.033000000       51133       19.534000     0.096000000
       51134       19.612000     0.039000000       51134       19.608000     0.027000000       51134       19.537000     0.030000000       51134       19.608000     0.031000000       51134       19.674000     0.083000000
       51818       19.839000     0.036000000       51818       19.859000     0.022000000       51818       19.705000     0.027000000       51818       19.829000     0.035000000       51818       19.783000     0.088000000
       52170       20.108000     0.038000000       52170       20.019000     0.024000000       52170       19.852000     0.021000000       52170       19.901000     0.031000000       52170       19.927000     0.092000000
       52173       20.013000     0.048000000       52173       19.954000     0.029000000       52173       19.821000     0.029000000       52173       19.830000     0.040000000       52173       19.841000      0.13600000
       52197       20.170000     0.055000000       52197       20.064000     0.025000000       52197       19.841000     0.033000000       52197       19.881000     0.038000000       52197       19.713000     0.092000000
       52207       20.167000     0.044000000       52207       20.089000     0.025000000       52207       19.846000     0.022000000       52207       19.896000     0.034000000       52207       19.835000     0.087000000
       52224       20.050000     0.037000000       52224       20.041000     0.028000000       52224       19.894000     0.033000000       52224       19.882000     0.031000000       52224       19.940000     0.082000000
       52231       20.139000     0.039000000       52231       20.022000     0.024000000       52231       19.856000     0.024000000       52231       19.770000     0.026000000       52231       19.894000     0.087000000
       52234       20.088000     0.043000000       52234       20.026000     0.024000000       52234       19.841000     0.024000000       52234       19.945000     0.027000000       52234       20.002000     0.079000000
       52261       20.267000     0.047000000       52261       20.023000     0.041000000       52261       19.800000     0.024000000       52261       19.912000     0.031000000       52261       19.936000      0.10900000
       52282       20.076000     0.054000000       52282       20.003000     0.030000000       52282       19.855000     0.033000000       52282       19.873000     0.035000000       52282       19.730000      0.10400000
       52287       20.091000     0.045000000       52287       19.980000     0.033000000       52287       19.794000     0.022000000       52287       19.870000     0.028000000       52287       19.810000     0.094000000
       52552       19.692000     0.037000000       52552       19.728000     0.035000000       52552       19.597000     0.022000000       52552       19.619000     0.035000000       52552       19.791000      0.10200000
       52557       19.773000     0.035000000       52557       19.703000     0.020000000       52557       19.549000     0.024000000       52557       19.679000     0.025000000       52557       19.922000      0.10900000
       52872       19.959000     0.044000000       52872       19.883000     0.031000000       52872       19.731000     0.021000000       52872       19.778000     0.025000000       52872       19.667000     0.073000000
       52908       20.062000     0.039000000       52908       19.962000     0.025000000       52908       19.757000     0.028000000       52908       19.779000     0.028000000       52908       19.815000     0.086000000
       52912       19.958000     0.041000000       52912       19.907000     0.027000000       52912       19.781000     0.028000000       52912       19.828000     0.028000000       52912       19.670000     0.077000000
       52934       19.952000     0.043000000       52934       19.974000     0.033000000       52934       19.767000     0.029000000       52934       19.824000     0.042000000       52934       19.927000      0.12500000
       52936       19.997000     0.034000000       52936       19.979000     0.021000000       52936       19.751000     0.019000000       52936       19.821000     0.030000000       52936       19.837000     0.075000000
       53270       19.790000     0.036000000       53270       19.136000     0.022000000       53270       19.458000     0.019000000       53270       19.510000     0.024000000       53270       19.690000      0.18000000
       53272       19.586000     0.044000000       53272       19.614000     0.069000000       53272       19.472000     0.026000000       53272       19.510000     0.028000000       53272       19.545000     0.086000000
       53286       19.609000     0.037000000       53286       19.615000     0.021000000       53286       19.462000     0.028000000       53286       19.507000     0.023000000       53286       19.501000     0.068000000
       53294       19.677000     0.042000000       53294       19.665000     0.033000000       53294       19.483000     0.028000000       53294       19.557000     0.025000000       53294       19.475000     0.072000000
       53298       19.681000     0.048000000       53298       19.637000     0.027000000       53298       19.524000     0.021000000       53298       19.535000     0.029000000       53298       19.390000     0.074000000
       53312       19.643000     0.050000000       53312       19.633000     0.026000000       53312       19.549000     0.036000000       53312       19.563000     0.040000000       53312       19.339000     0.084000000
       53314       19.780000     0.035000000       53314       19.636000     0.024000000       53314       19.510000     0.026000000       53314       19.551000     0.034000000       53314       19.722000     0.090000000
       53319       19.721000     0.040000000       53319       19.757000     0.042000000       53319       19.533000     0.035000000       53319       19.565000     0.039000000       53319       19.714000      0.13100000
