       51081.364      20.6090    0.0680000      51081.4      19.9720    0.0200000      51081.4      19.4660    0.0150000      51081.4      19.1820    0.0180000      51081.4      19.0790    0.0540000
       51819.435      20.8380    0.0910000      51819.4      20.1240    0.0240000      51819.4      19.4660    0.0160000      51819.4      19.1660    0.0180000      51819.4      19.1100    0.0570000
       52225.260      21.0080    0.0910000      52225.3      20.1850    0.0230000      52225.3      19.5630    0.0170000      52225.3      19.3020    0.0180000      52225.3      19.2200    0.0530000
       52288.094      20.8490    0.0790000      52288.1      20.1750    0.0240000      52288.1      19.5240    0.0170000      52288.1      19.3040    0.0190000      52288.1      19.2640    0.0560000
       52551.367      20.9280    0.0930000      52551.4      20.2390    0.0230000      52551.4      19.5950    0.0180000      52551.4      19.2110    0.0190000      52551.4      19.1590    0.0540000
       52558.400      20.8280    0.0730000      52558.4      20.2020    0.0200000      52558.4      19.5410    0.0150000      52558.4      19.2920    0.0160000      52558.4      19.1660    0.0440000
       52576.233      20.9570    0.0830000      52576.2      20.2280    0.0220000      52576.2      19.5240    0.0160000      52576.2      19.2760    0.0180000      52576.2      19.2220    0.0530000
       52577.288      20.8750    0.0840000      52577.3      20.2050    0.0220000      52577.3      19.5430    0.0160000      52577.3      19.3000    0.0180000      52577.3      19.1880    0.0500000
       52585.235      20.9220    0.0750000      52585.2      20.2530    0.0210000      52585.2      19.5650    0.0170000      52585.2      19.2820    0.0220000      52585.2      19.2070    0.0710000
       52909.401      20.6760    0.0670000      52909.4      20.0450    0.0200000      52909.4      19.4270    0.0140000      52909.4      19.1480    0.0150000      52909.4      19.0630    0.0430000
       52910.372      20.7440    0.0720000      52910.4      20.0920    0.0230000      52910.4      19.4430    0.0150000      52910.4      19.2190    0.0170000      52910.4      19.0680    0.0440000
       52935.299      20.7220    0.0800000      52935.3      19.9780    0.0210000      52935.3      19.3540    0.0160000      52935.3      19.1320    0.0190000      52935.3      19.0220    0.0560000
       52963.222      20.6050    0.0540000      52963.2      20.0260    0.0170000      52963.2      19.3710    0.0130000      52963.2      19.1270    0.0140000      52963.2      19.3080    0.0460000
       52971.213     -99.9900    0.0710000      52971.2      20.0190    0.0200000      52971.2      19.4290    0.0150000      52971.2      19.1140    0.0160000      52971.2      19.0120    0.0410000
       53351.144     -99.9900    0.0840000      53351.1      20.1560    0.0230000      53351.1      19.4350    0.0150000      53351.1      19.1880    0.0190000      53351.1      19.1080    0.0560000
       53622.401      20.8980     0.106000      53622.4      20.1820    0.0240000      53622.4      19.4820    0.0160000      53622.4      19.1910    0.0190000      53622.4      19.0940    0.0550000
       53634.351     -99.9900     0.495000      53634.4     -99.9900    0.0590000      53634.3      19.3830    0.0360000      53634.4      19.1760    0.0350000      53634.4      19.1140    0.0780000
       53638.392      21.0030     0.111000      53638.4      20.0900    0.0260000      53638.4      19.4040    0.0160000      53638.4      19.2150    0.0170000      53638.4      19.1020    0.0500000
       53640.356      20.5340    0.0750000      53640.4      20.0780    0.0220000      53640.4      19.4360    0.0150000      53640.4      19.1640    0.0170000      53640.4      19.1400    0.0480000
       53646.418     -99.9900    0.0960000      53646.4      20.1750    0.0310000      53646.4     -99.9900    0.0210000      53646.4     -99.9900    0.0590000      53646.4      19.1690    0.0550000
       53655.328      20.6650    0.0740000      53655.3      20.1250    0.0220000      53655.3      19.4560    0.0160000      53655.3      19.2520    0.0200000      53655.3      19.0330    0.0530000
       53664.353      21.1810     0.391000      53664.4      20.0420    0.0620000      53664.4     -99.9900    0.0450000      53664.4      19.1920    0.0420000      53664.4      19.0470     0.106000
       53665.418      20.8450     0.212000      53665.4      20.0560    0.0390000      53665.4      19.4280    0.0260000      53665.4      19.1750    0.0230000      53665.4      19.0110    0.0610000
       53669.313      20.6210    0.0710000      53669.3      20.0740    0.0210000      53669.3      19.4060    0.0150000      53669.3      19.2000    0.0160000      53669.3      19.0810    0.0470000
       53671.397     -99.9900     0.157000      53671.4     -99.9900    0.0250000      53671.4      19.4190    0.0190000      53671.4      19.1230    0.0260000      53671.4      19.0960    0.0660000
       53674.297      20.8910     0.137000      53674.3      20.1970    0.0320000      53674.3      19.5450    0.0200000      53674.3      19.1830    0.0220000      53674.3     -99.9900    0.0730000
       53676.386      20.6780    0.0850000      53676.4      20.1020    0.0210000      53676.4      19.4300    0.0150000      53676.4      19.1660    0.0160000      53676.4      19.1010    0.0450000
       53679.358      20.7440     0.121000      53679.4      20.0060    0.0310000      53679.4     -99.9900    0.0190000      53679.4      19.1440    0.0250000      53679.4      19.1090    0.0920000
       53681.350      20.7400    0.0810000      53681.4      20.1040    0.0210000      53681.3      19.4200    0.0150000      53681.3      19.1970    0.0160000      53681.4      19.0370    0.0430000
       53684.311      20.6880     0.106000      53684.3     -99.9900    0.0290000      53684.3      19.4220    0.0170000      53684.3      19.1380    0.0200000      53684.3      19.1210    0.0610000
       53697.307      20.7460     0.107000      53697.3      19.9790    0.0250000      53697.3      19.3760    0.0160000      53697.3      19.1270    0.0170000      53697.3      19.0270    0.0450000
       53700.306     -99.9900     0.100000      53700.3      20.0180    0.0240000      53700.3      19.4170    0.0200000      53700.3      19.1900    0.0220000      53700.3      19.0290    0.0650000
       53705.292     -99.9900    0.0960000      53705.3      20.0820    0.0260000      53705.3      19.4470    0.0170000      53705.3      19.1270    0.0170000      53705.3      19.0610    0.0580000
       53975.377      20.8410    0.0770000      53975.4      20.0220    0.0260000      53975.4      19.3990    0.0250000      53975.4      19.1260    0.0210000      53975.4      19.0890    0.0490000
       53993.389     -99.9900     0.226000      53993.4      20.0550    0.0290000      53993.4      19.3910    0.0290000      53993.4     -99.9900    0.0320000      53993.4     -99.9900    0.0840000
       53994.400      20.6970    0.0790000      53994.4      19.9900    0.0450000      53994.4      19.4120    0.0170000      53994.4      19.1330    0.0180000      53994.4      19.0580    0.0470000
       53996.384     -99.9900    0.0790000      53996.4      20.0760    0.0380000      53996.4     -99.9900    0.0390000      53996.4      19.1350    0.0290000      53996.4      19.1460    0.0580000
       54005.397      20.6610    0.0610000      54005.4      20.0160    0.0320000      54005.4      19.3460    0.0190000      54005.4      19.1160    0.0220000      54005.4      19.0800    0.0380000
       54010.338      20.7380    0.0810000      54010.3      20.0380    0.0210000      54010.3      19.3740    0.0210000      54010.3      19.0340    0.0240000      54010.3      19.0870    0.0360000
       54012.331      20.6340     0.132000      54012.3      20.0780    0.0400000      54012.3      19.4050    0.0240000      54012.3      19.1110    0.0210000      54012.3      19.0730    0.0550000
       54020.337      20.6420     0.117000      54020.3      20.0510    0.0310000      54020.3      19.3610    0.0240000      54020.3      19.1370    0.0280000      54020.3      19.1140    0.0620000
       54024.419      20.7240     0.126000      54024.4      20.0580    0.0300000      54024.4      19.3870    0.0350000      54024.4      19.1750    0.0250000      54024.4      18.9920    0.0510000
       54028.407      20.9960     0.118000      54028.4      20.1110    0.0450000      54028.4      19.4080    0.0250000      54028.4      19.1120    0.0200000      54028.4      19.1220    0.0580000
       54030.330      20.8000    0.0660000      54030.3      20.0310    0.0310000      54030.3      19.4030    0.0230000      54030.3      19.1310    0.0200000      54030.3      18.9710    0.0400000
       54035.406      21.0880     0.164000      54035.4      20.1240    0.0430000      54035.4      19.4740    0.0270000      54035.4      19.2310    0.0410000      54035.4      19.1290    0.0820000
       54037.312      20.7950    0.0710000      54037.3      20.0960    0.0320000      54037.3      19.3890    0.0180000      54037.3      19.1660    0.0180000      54037.3      19.1440    0.0380000
       54040.326      20.6910     0.113000      54040.3      20.0920    0.0360000      54040.3      19.3730    0.0210000      54040.3      19.1480    0.0200000      54040.3      19.1090    0.0540000
       54047.357     -99.9900     0.343000      54047.4     -99.9900     0.104000      54047.4      19.3610    0.0510000      54047.4      19.1760    0.0580000      54047.4      18.9370     0.122000
       54049.353      21.0110     0.198000      54049.4      20.1450    0.0450000      54049.4      19.3690    0.0230000      54049.4      19.1990    0.0270000      54049.4      19.0790    0.0620000
       54053.317      20.8160    0.0770000      54053.3      20.2200    0.0280000      54053.3      19.4250    0.0260000      54053.3      19.1270    0.0230000      54053.3      18.9950    0.0520000
       54053.332      20.9360    0.0960000      54053.3      20.1240    0.0250000      54053.3      19.3910    0.0230000      54053.3      19.1110    0.0240000      54053.3     -99.9900    0.0580000
       54056.319      20.7120    0.0950000      54056.3      20.1220    0.0380000      54056.3      19.4250    0.0240000      54056.3     -99.9900    0.0310000      54056.3      19.0270    0.0480000
       54059.313      20.8750     0.128000      54059.3      20.1280    0.0330000      54059.3      19.4290    0.0250000      54059.3      19.1610    0.0250000      54059.3      19.1440    0.0660000
       54061.324     -99.9900     0.122000      54061.3     -99.9900    0.0450000      54061.3      19.3910    0.0270000      54061.3      19.1420    0.0450000      54061.3      19.2040    0.0830000
       54062.318      20.9350    0.0950000      54062.3      20.1290    0.0330000      54062.3      19.4270    0.0190000      54062.3      19.1560    0.0240000      54062.3      19.1710    0.0540000
       54064.314      20.7650    0.0900000      54064.3      20.0800    0.0250000      54064.3      19.4280    0.0190000      54064.3      19.1600    0.0270000      54064.3      19.1100    0.0520000
       54068.298      21.0710     0.214000      54068.3      20.1240    0.0430000      54068.3      19.4430    0.0230000      54068.3      19.1520    0.0310000      54068.3      19.0690    0.0620000
       54357.356      20.8710    0.0670000      54357.4      20.1360    0.0240000      54357.4      19.4250    0.0210000      54357.4      19.1660    0.0200000      54357.4      19.0860    0.0400000
       54359.388      20.7020    0.0780000      54359.4      20.0920    0.0290000      54359.4      19.4080    0.0200000      54359.4      19.1530    0.0210000      54359.4      19.0520    0.0560000
       54362.406     -99.9900    0.0670000      54362.4      20.0720    0.0300000      54362.4      19.4090    0.0250000      54362.4      19.1690    0.0230000      54362.4      19.2160    0.0530000
       54376.401     -99.9900    0.0890000      54376.4      20.1180    0.0260000      54376.4      19.4160    0.0200000      54376.4      19.1470    0.0200000      54376.4      19.1520    0.0490000
       54382.386      20.8760     0.108000      54382.4      20.1420    0.0280000      54382.4      19.4840    0.0230000      54382.4      19.2200    0.0320000      54382.4      19.3650    0.0830000
       54385.404      20.7640    0.0690000      54385.4      20.0670    0.0250000      54385.4      19.4200    0.0210000      54385.4      19.1760    0.0240000      54385.4      19.0800    0.0410000
       54390.397     -99.9900     0.172000      54390.4     -99.9900     0.285000      54390.4     -99.9900    0.0240000      54390.4     -99.9900      5.25400      54390.4     -99.9900    0.0970000
       54391.405      21.1790     0.249000      54391.4      20.0030    0.0380000      54391.4      19.4450    0.0360000      54391.4      19.1020    0.0360000      54391.4      19.3620     0.153000
       54402.398      20.5520     0.224000      54402.4      20.1690    0.0600000      54402.4      19.3620    0.0290000      54402.4      19.2100    0.0330000      54402.4      19.0090    0.0540000
       52522.000       20.738000     0.076000000       52522.000       20.326000     0.071000000       52522.000       19.530000     0.022000000       52522.000       19.273000     0.020000000       52522.000       19.237000     0.049000000
       51081       20.667000     0.067000000       51081       19.943000     0.035000000       51081       19.404000     0.029000000       51081       19.147000     0.028000000       51081       19.080000     0.058000000
       51132       20.954000     0.068000000       51132       20.157000     0.041000000       51132       19.465000     0.031000000       51132       19.239000     0.026000000       51132       19.277000     0.092000000
       51136       20.618000     0.051000000       51136       20.113000     0.024000000       51136       19.470000     0.020000000       51136       19.151000     0.029000000       51136       19.203000     0.072000000
       51819       20.828000     0.088000000       51819       20.127000     0.038000000       51819       19.471000     0.022000000       51819       19.183000     0.028000000       51819       19.123000     0.063000000
       52225       20.924000     0.078000000       52225       20.189000     0.028000000       52225       19.480000     0.020000000       52225       19.256000     0.030000000       52225       19.227000     0.060000000
       52288       20.833000     0.072000000       52288       20.145000     0.027000000       52288       19.508000     0.025000000       52288       19.257000     0.027000000       52288       19.306000     0.061000000
       52522       20.844000     0.070000000       52522       20.307000     0.032000000       52522       19.561000     0.023000000       52522       19.295000     0.023000000       52522       19.297000     0.062000000
       52551       20.876000     0.091000000       52551       20.229000     0.034000000       52551       19.588000     0.026000000       52551       19.198000     0.031000000       52551       19.205000     0.058000000
       52558       20.857000     0.068000000       52558       20.229000     0.030000000       52558       19.565000     0.021000000       52558       19.326000     0.023000000       52558       19.209000     0.049000000
       52576       20.969000     0.080000000       52576       20.230000     0.032000000       52576       19.517000     0.021000000       52576       19.268000     0.025000000       52576       19.204000     0.056000000
       52577       21.008000     0.080000000       52577       20.258000     0.034000000       52577       19.569000     0.022000000       52577       19.358000     0.025000000       52577       19.281000     0.057000000
       52585       20.939000     0.070000000       52585       20.283000     0.034000000       52585       19.583000     0.022000000       52585       19.311000     0.027000000       52585       19.204000     0.070000000
       52640       21.164000     0.090000000       52640       20.320000     0.031000000       52640       19.658000     0.044000000       52640       19.284000     0.034000000       52640       19.153000     0.068000000
       52909       20.638000     0.059000000       52909       20.065000     0.030000000       52909       19.406000     0.025000000       52909       19.153000     0.031000000       52909       19.084000     0.045000000
       52910       20.679000     0.061000000       52910       20.096000     0.026000000       52910       19.414000     0.023000000       52910       19.251000     0.040000000       52910       19.130000     0.048000000
       52935       20.714000     0.077000000       52935       19.973000     0.033000000       52935       19.344000     0.023000000       52935       19.134000     0.026000000       52935       19.048000     0.058000000
       52971       20.673000     0.061000000       52971       20.018000     0.023000000       52971       19.402000     0.018000000       52971       19.139000     0.031000000       52971       19.034000     0.047000000
       53351       20.805000     0.076000000       53351       20.234000     0.030000000       53351       19.462000     0.026000000       53351       19.188000     0.026000000       53351       19.038000     0.062000000
       54424       20.678000      0.13700000       54424       20.090000     0.041000000       54424       19.380000     0.029000000       54424       19.187000     0.024000000       54424       19.115000     0.053000000
       54769       20.673000     0.086000000       54769       19.960000     0.039000000       54769       19.326000     0.023000000       54769       19.131000     0.024000000       54769       19.027000     0.065000000
