       51081.359      19.5620    0.0330000      51081.4     -99.9900    0.0140000      51081.4      19.5410    0.0170000      51081.4      19.2860    0.0180000      51081.4      19.1900    0.0540000
       51819.430      19.5100    0.0410000      51819.4      19.5080    0.0150000      51819.4      19.4620    0.0160000      51819.4      19.2270    0.0170000      51819.4      19.1150    0.0550000
       52225.255      19.3980    0.0320000      52225.3      19.4200    0.0120000      52225.3      19.3830    0.0150000      52225.3      19.1820    0.0150000      52225.3      19.0450    0.0470000
       52288.089      19.4570    0.0330000      52288.1      19.4130    0.0120000      52288.1      19.3780    0.0160000      52288.1      19.1490    0.0150000      52288.1      19.0910    0.0440000
       52551.362      19.4100    0.0340000      52551.4      19.3690    0.0120000      52551.4      19.3800    0.0160000      52551.4      19.1570    0.0160000      52551.4      19.1600    0.0520000
       52558.395      19.3420    0.0300000      52558.4      19.3800    0.0120000      52558.4      19.3690    0.0130000      52558.4      19.1330    0.0130000      52558.4      19.0530    0.0380000
       52576.228     -99.9900    0.0290000      52576.2      19.3610    0.0110000      52576.2      19.3610    0.0140000      52576.2      19.1290    0.0150000      52576.2      19.0360    0.0410000
       52577.283      19.3760    0.0310000      52577.3      19.3540    0.0110000      52577.3      19.3560    0.0150000      52577.3      19.1500    0.0150000      52577.3      19.1120    0.0450000
       52585.230      19.3160    0.0300000      52585.2      19.3500    0.0110000      52585.2      19.3680    0.0170000      52585.2      19.1250    0.0190000      52585.2      19.1150    0.0640000
       52910.367      19.4640    0.0360000      52910.4      19.5180    0.0130000      52910.4      19.4790    0.0160000      52910.4      19.2660    0.0170000      52910.4      19.2680    0.0490000
       52935.294      19.4860    0.0370000      52935.3      19.5330    0.0130000      52935.3      19.4920    0.0180000      52935.3      19.2490    0.0180000      52935.3      19.1720    0.0600000
       52963.217      19.5610    0.0310000      52963.2      19.5530    0.0120000      52963.2      19.5480    0.0150000      52963.2      19.2950    0.0140000      52963.2      19.2320    0.0400000
       52971.208      19.5260    0.0360000      52971.2     -99.9900    0.0130000      52971.2      19.5600    0.0170000      52971.2      19.2490    0.0160000      52971.2      19.2410    0.0530000
       53351.139     -99.9900    0.0370000      53351.1      19.7150    0.0140000      53351.1      19.6430    0.0180000      53351.1      19.3880    0.0170000      53351.1      19.2950    0.0590000
       53622.396      19.6660    0.0460000      53622.4      19.7610    0.0160000      53622.4      19.6850    0.0200000      53622.4      19.4080    0.0220000      53622.4     -99.9900    0.0690000
       53634.346     -99.9900     0.165000      53634.3      19.6810    0.0480000      53634.3      19.7150    0.0530000      53634.3     -99.9900    0.0410000      53634.3      19.5450     0.104000
       53638.387      19.6940    0.0490000      53638.4      19.7980    0.0190000      53638.4      19.7660    0.0190000      53638.4      19.4580    0.0190000      53638.4      19.3630    0.0610000
       53640.351      19.7010    0.0440000      53640.4      19.8080    0.0170000      53640.3      19.7560    0.0190000      53640.4      19.4430    0.0180000      53640.4      19.4560    0.0650000
       53646.413      19.8670    0.0920000      53646.4      19.8160    0.0230000      53646.4     -99.9900    0.0830000      53646.4     -99.9900    0.0240000      53646.4     -99.9900    0.0840000
       53655.323      19.7220    0.0440000      53655.3      19.8160    0.0160000      53655.3      19.7830    0.0200000      53655.3      19.4410    0.0210000      53655.3      19.4430    0.0780000
       53664.348      19.6430     0.114000      53664.4      19.7960    0.0490000      53664.3      19.7410    0.0700000      53664.3     -99.9900    0.0530000      53664.3     -99.9900     0.104000
       53665.413      19.6680    0.0790000      53665.4      19.8510    0.0310000      53665.4      19.7740    0.0290000      53665.4      19.4360    0.0230000      53665.4      19.3680    0.0780000
       53669.308      19.6510    0.0390000      53669.3      19.7770    0.0150000      53669.3      19.7160    0.0180000      53669.3      19.4720    0.0180000      53669.3      19.3450    0.0530000
       53671.392      19.7430    0.0650000      53671.4      19.8370    0.0210000      53671.4      19.7730    0.0240000      53671.4      19.4780    0.0210000      53671.4      19.4510    0.0760000
       53674.292      19.7180    0.0520000      53674.3      19.7950    0.0190000      53674.3      19.8060    0.0230000      53674.3      19.4340    0.0220000      53674.3      19.4260    0.0810000
       53676.381      19.7220    0.0600000      53676.4      19.8040    0.0170000      53676.4      19.7360    0.0200000      53676.4      19.4180    0.0190000      53676.4      19.3550    0.0680000
       53679.353      19.7510    0.0590000      53679.4      19.8010    0.0200000      53679.4      19.7360    0.0250000      53679.4      19.4950    0.0270000      53679.4      19.4530    0.0950000
       53681.345      19.6950    0.0460000      53681.3      19.8010    0.0160000      53681.3      19.7560    0.0220000      53681.3      19.4610    0.0190000      53681.3      19.3090    0.0560000
       53684.306      19.6220    0.0520000      53684.3      19.7480    0.0190000      53684.3      19.6960    0.0290000      53684.3      19.4070    0.0220000      53684.3      19.3670    0.0690000
       53685.304      19.6920    0.0600000      53685.3      19.7920    0.0290000      53685.3      19.7710    0.0270000      53685.3      19.4260    0.0220000      53685.3      19.3730    0.0600000
       53694.318      19.7130     0.174000      53694.3      19.7210    0.0550000      53694.3      19.7550    0.0470000      53694.3      19.3780    0.0370000      53694.3      19.3260     0.117000
       53697.302      19.5470    0.0480000      53697.3      19.7710    0.0210000      53697.3      19.7650    0.0220000      53697.3      19.4500    0.0190000      53697.3      19.2760    0.0540000
       53700.301      19.7620    0.0640000      53700.3      19.8160    0.0210000      53700.3      19.7160    0.0250000      53700.3      19.4100    0.0260000      53700.3     -99.9900    0.0900000
       53705.287      19.7110    0.0490000      53705.3      19.8290    0.0170000      53705.3      19.7480    0.0190000      53705.3      19.4570    0.0190000      53705.3      19.3230    0.0590000
       53975.372      19.9310    0.0410000      53975.4      19.9820    0.0250000      53975.4      19.9440    0.0230000      53975.4      19.6000    0.0220000      53975.4      19.4910    0.0570000
       53990.385      20.0190     0.101000      53990.4      20.0120    0.0470000      53990.4      19.9750    0.0390000      53990.4      19.5860    0.0270000      53990.4      19.6040    0.0920000
       53993.385      19.9750    0.0910000      53993.4     -99.9900    0.0380000      53993.4      19.9510    0.0220000      53993.4     -99.9900    0.0230000      53993.4     -99.9900     0.207000
       53994.395      19.9060    0.0470000      53994.4      20.0190    0.0200000      53994.4      19.9210    0.0210000      53994.4      19.6300    0.0220000      53994.4      19.6210    0.0700000
       53996.379     -99.9900    0.0550000      53996.4     -99.9900    0.0360000      53996.4      19.9270    0.0250000      53996.4      19.5230    0.0430000      53996.4      19.5560    0.0770000
       54005.392      19.9220    0.0390000      54005.4      20.0970    0.0250000      54005.4      19.9990    0.0190000      54005.4      19.6220    0.0200000      54005.4      19.6110    0.0560000
       54010.333      19.9950    0.0440000      54010.3      20.0880    0.0290000      54010.3      19.9930    0.0180000      54010.3      19.6270    0.0200000      54010.3      19.5000    0.0500000
       54012.326      19.9800    0.0840000      54012.3      20.2220    0.0370000      54012.3      20.0190    0.0380000      54012.3      19.5980    0.0240000      54012.3      19.4960    0.0660000
       54020.332      19.9980    0.0760000      54020.3     -99.9900    0.0380000      54020.3      19.9970    0.0300000      54020.3      19.5880    0.0300000      54020.3      19.4780    0.0830000
       54024.414      19.9190    0.0970000      54024.4     -99.9900    0.0360000      54024.4      20.0250    0.0370000      54024.4      19.5540    0.0600000      54024.4      19.3580     0.110000
       54028.402     -99.9900    0.0690000      54028.4     -99.9900    0.0440000      54028.4      19.9940    0.0290000      54028.4      19.5980    0.0290000      54028.4     -99.9900    0.0920000
       54030.326      19.9550    0.0410000      54030.3     -99.9900    0.0290000      54030.3      19.9930    0.0210000      54030.3      19.6410    0.0200000      54030.3      19.5180    0.0560000
       54035.401      19.9540    0.0970000      54035.4      20.0410    0.0280000      54035.4     -99.9900    0.0820000      54035.4      19.5650    0.0450000      54035.4     -99.9900     0.192000
       54037.307      19.9700    0.0400000      54037.3      20.0630    0.0270000      54037.3      19.9630    0.0200000      54037.3      19.6030    0.0180000      54037.3      19.5150    0.0490000
       54040.321      19.9100    0.0670000      54040.3      20.0480    0.0340000      54040.3      19.9670    0.0300000      54040.3      19.5880    0.0250000      54040.3      19.6050    0.0760000
       54049.348      19.9450     0.112000      54049.3      20.0900    0.0420000      54049.3      19.9740    0.0360000      54049.3      19.5680    0.0300000      54049.3      19.5090    0.0930000
       54053.312      19.9110    0.0510000      54053.3      20.0910    0.0230000      54053.3      19.9800    0.0230000      54053.3      19.5540    0.0240000      54053.3      19.6960    0.0930000
       54056.314      19.9370    0.0600000      54056.3      20.0500    0.0260000      54056.3     -99.9900    0.0290000      54056.3      19.5650    0.0330000      54056.3      19.5180    0.0890000
       54059.308      19.9240    0.0650000      54059.3     -99.9900    0.0290000      54059.3      19.9880    0.0330000      54059.3      19.5200    0.0250000      54059.3      19.5220    0.0850000
       54061.319      20.0260     0.108000      54061.3      20.0320    0.0420000      54061.3      20.0360    0.0340000      54061.3      19.5600    0.0320000      54061.3      19.7050     0.152000
       54062.313     -99.9900    0.0470000      54062.3      20.0820    0.0280000      54062.3      19.9550    0.0260000      54062.3      19.5790    0.0280000      54062.3      19.5690    0.0700000
       54068.294      19.8260    0.0780000      54068.3     -99.9900    0.0390000      54068.3      19.9280    0.0360000      54068.3      19.5810    0.0360000      54068.3      19.4940    0.0830000
       54357.351      19.7860    0.0370000      54357.4      19.9160    0.0270000      54357.3      19.8490    0.0200000      54357.4      19.5100    0.0250000      54357.4      19.3690    0.0440000
       54359.383      19.7360    0.0460000      54359.4      19.9000    0.0260000      54359.4      19.8060    0.0270000      54359.4      19.5550    0.0260000      54359.4      19.4590    0.0790000
       54362.401      19.7520    0.0400000      54362.4      19.9150    0.0240000      54362.4      19.8930    0.0190000      54362.4      19.5020    0.0190000      54362.4      19.5550    0.0680000
       54376.396     -99.9900    0.0480000      54376.4      19.9450    0.0240000      54376.4      19.8930    0.0280000      54376.4      19.5310    0.0210000      54376.4      19.5160    0.0660000
       54382.381      19.8330    0.0560000      54382.4      19.9880    0.0220000      54382.4      19.8330    0.0290000      54382.4      19.5000    0.0300000      54382.4      19.2660    0.0810000
       54385.399      19.8940    0.0430000      54385.4     -99.9900    0.0340000      54385.4      19.9080    0.0230000      54385.4      19.5500    0.0260000      54385.4      19.4240    0.0500000
       54390.392      19.8610    0.0600000      54390.4     -99.9900    0.0300000      54390.4      19.8400    0.0290000      54390.4     -99.9900    0.0360000      54390.4      19.4130    0.0950000
       54391.400      19.8660    0.0790000      54391.4      19.9560    0.0310000      54391.4      19.8340    0.0340000      54391.4      19.5270    0.0370000      54391.4      19.5580     0.163000
       54402.393      19.7200     0.113000      54402.4      19.9180    0.0490000      54402.4      19.8750    0.0350000      54402.4      19.4790    0.0270000      54402.4      19.5690    0.0790000
       52522.000       19.359000     0.036000000       52522.000       19.367000     0.027000000       52522.000       19.377000     0.018000000       52522.000       19.134000     0.015000000       52522.000       19.003000     0.042000000
       51081       19.498000     0.031000000       51081       19.555000     0.019000000       51081       19.559000     0.028000000       51081       19.264000     0.020000000       51081       19.143000     0.054000000
       51132       19.538000     0.031000000       51132       19.576000     0.033000000       51132       19.646000     0.040000000       51132       19.286000     0.031000000       51132       19.341000     0.084000000
       51136       19.622000     0.029000000       51136       19.601000     0.022000000       51136       19.607000     0.025000000       51136       19.342000     0.028000000       51136       19.428000     0.085000000
       51819       19.484000     0.037000000       51819       19.525000     0.019000000       51819       19.448000     0.021000000       51819       19.207000     0.026000000       51819       19.066000     0.051000000
       52225       19.427000     0.029000000       52225       19.417000     0.021000000       52225       19.398000     0.019000000       52225       19.202000     0.020000000       52225       19.085000     0.050000000
       52288       19.434000     0.029000000       52288       19.433000     0.024000000       52288       19.399000     0.026000000       52288       19.160000     0.021000000       52288       19.091000     0.047000000
       52522       19.333000     0.032000000       52522       19.375000     0.028000000       52522       19.357000     0.018000000       52522       19.129000     0.016000000       52522       19.014000     0.044000000
       52551       19.401000     0.032000000       52551       19.350000     0.026000000       52551       19.358000     0.019000000       52551       19.182000     0.022000000       52551       19.167000     0.054000000
       52558       19.306000     0.025000000       52558       19.413000     0.038000000       52558       19.356000     0.026000000       52558       19.137000     0.021000000       52558       19.028000     0.036000000
       52577       19.380000     0.026000000       52577       19.382000     0.023000000       52577       19.403000     0.024000000       52577       19.196000     0.027000000       52577       19.158000     0.049000000
       52576       19.252000     0.025000000       52576       19.345000     0.028000000       52576       19.353000     0.026000000       52576       19.142000     0.021000000       52576       19.001000     0.040000000
       52585       19.307000     0.027000000       52585       19.391000     0.019000000       52585       19.376000     0.027000000       52585       19.132000     0.025000000       52585       19.129000     0.065000000
       52640       19.429000     0.031000000       52640       19.437000     0.025000000       52640       19.410000     0.026000000       52640       19.210000     0.027000000       52640       19.186000     0.066000000
       52910       19.443000     0.033000000       52910       19.542000     0.019000000       52910       19.452000     0.019000000       52910       19.252000     0.025000000       52910       19.228000     0.049000000
       52935       19.466000     0.042000000       52935       19.536000     0.028000000       52935       19.493000     0.026000000       52935       19.285000     0.027000000       52935       19.153000     0.062000000
       52971       19.496000     0.032000000       52971       19.566000     0.020000000       52971       19.579000     0.029000000       52971       19.269000     0.022000000       52971       19.279000     0.060000000
       53351       19.628000     0.047000000       53351       19.724000     0.026000000       53351       19.648000     0.028000000       53351       19.374000     0.027000000       53351       19.285000     0.073000000
       54424       19.743000     0.069000000       54424       19.855000     0.041000000       54424       19.848000     0.038000000       54424       19.467000     0.031000000       54424       19.408000     0.069000000
