       51075.378      20.1590    0.0480000      51075.4      19.9760    0.0180000      51075.4      19.9730    0.0240000      51075.4      19.6390    0.0290000      51075.4      19.6450     0.107000
       51818.348      19.9410    0.0450000      51818.3      19.7160    0.0150000      51818.3      19.7090    0.0190000      51818.3      19.5240    0.0260000      51818.3      19.5120    0.0800000
       52170.399      19.8160    0.0390000      52170.4      19.6390    0.0140000      52170.4      19.5930    0.0170000      52170.4      19.3550    0.0210000      52170.4      19.3620    0.0640000
       52173.312      19.9130    0.0550000      52173.3      19.6550    0.0160000      52173.3      19.5630    0.0190000      52173.3      19.3190    0.0240000      52173.3      19.3460    0.0940000
       52196.397      19.9060    0.0500000      52196.4      19.6400    0.0150000      52196.4      19.6240    0.0190000      52196.4      19.4030    0.0240000      52196.4      19.6550     0.108000
       52207.364      19.8250    0.0440000      52207.4      19.6620    0.0140000      52207.4      19.5950    0.0180000      52207.4      19.3610    0.0230000      52207.4      19.2990    0.0640000
       52224.292      19.8760    0.0410000      52224.3      19.6190    0.0130000      52224.3      19.6220    0.0160000      52224.3      19.3480    0.0190000      52224.3      19.2970    0.0560000
       52231.278      19.8480    0.0410000      52231.3      19.6400    0.0130000      52231.3      19.6210    0.0160000      52231.3      19.4210    0.0200000      52231.3      19.5180    0.0720000
       52234.249      19.9220    0.0410000      52234.2      19.6260    0.0140000      52234.2      19.6240    0.0170000      52234.2      19.3980    0.0190000      52234.2      19.4520    0.0580000
       52261.212      19.8470    0.0430000      52261.2     -99.9900    0.0140000      52261.2      19.5900    0.0180000      52261.2      19.3210    0.0200000      52261.2      19.4940    0.0890000
       52282.139      19.7940    0.0470000      52282.1      19.5990    0.0150000      52282.1      19.5690    0.0190000      52282.1      19.4090    0.0250000      52282.1      19.3880    0.0800000
       52287.092      19.7670    0.0400000      52287.1      19.5940    0.0140000      52287.1      19.6090    0.0190000      52287.1      19.3300    0.0210000      52287.1      19.3900    0.0670000
       52552.411      19.8490    0.0470000      52552.4      19.6320    0.0150000      52552.4      19.6260    0.0180000      52552.4      19.4160    0.0230000      52552.4      19.5910    0.0920000
       52557.386      19.9170    0.0440000      52557.4      19.6790    0.0150000      52557.4      19.6930    0.0200000      52557.4      19.4030    0.0230000      52557.4      19.4170    0.0750000
       52908.360      20.1030    0.0490000      52908.4      19.7700    0.0150000      52908.4      19.7720    0.0200000      52908.4      19.4800    0.0240000      52908.4      19.5150    0.0800000
       52912.340      20.0720    0.0520000      52912.3      19.8220    0.0170000      52912.3      19.7890    0.0200000      52912.3      19.4930    0.0250000      52912.3      19.5190    0.0810000
       52934.292      20.0470    0.0540000      52934.3      19.7860    0.0170000      52934.3      19.7660    0.0230000      52934.3      19.5060    0.0290000      52934.3     -99.9900    0.0940000
       52936.288      20.0170    0.0430000      52936.3      19.7960    0.0160000      52936.3      19.7610    0.0200000      52936.3      19.5470    0.0250000      52936.3      19.5160    0.0750000
       53270.352     -99.9900    0.0890000      53270.4      19.8630    0.0280000      53270.4      19.8700    0.0320000      53270.4      19.6040    0.0320000      53270.4     -99.9900     0.172000
       53272.402      20.1270    0.0630000      53272.4      19.8640    0.0170000      53272.4      19.9060    0.0250000      53272.4      19.5800    0.0280000      53272.4      19.6440     0.105000
       53286.371      20.1670    0.0640000      53286.4      19.9420    0.0200000      53286.4      19.9430    0.0230000      53286.4      19.6940    0.0270000      53286.4      19.5770    0.0780000
       53288.329      20.0730    0.0470000      53288.3      19.9910    0.0170000      53288.3      19.9180    0.0210000      53288.3      19.6280    0.0250000      53288.3      19.5900    0.0780000
       53294.377      20.2710    0.0650000      53294.4      19.9500    0.0180000      53294.4      19.8710    0.0240000      53294.4      19.6130    0.0280000      53294.4      19.6690    0.0900000
       53296.324      20.1250    0.0650000      53296.3      19.8910    0.0280000      53296.3      19.9350    0.0350000      53296.3      19.6390    0.0790000      53296.3      19.5050     0.103000
       53298.374      20.3110    0.0620000      53298.4      19.9830    0.0200000      53298.4      19.9010    0.0270000      53298.4      19.6410    0.0320000      53298.4      19.6950    0.0990000
       53302.325      20.0770    0.0840000      53302.3      19.9560    0.0320000      53302.3      19.9410    0.0350000      53302.3      19.5790    0.0330000      53302.3      19.6820    0.0940000
       53312.280      20.0170    0.0700000      53312.3      19.9350    0.0290000      53312.3     -99.9900    0.0360000      53312.3      19.5840    0.0380000      53312.3      19.6700     0.113000
       53314.282      20.0720    0.0550000      53314.3      19.9480    0.0200000      53314.3      19.9370    0.0260000      53314.3      19.6130    0.0290000      53314.3      19.6170    0.0930000
       53319.269      20.0710    0.0640000      53319.3      19.9560    0.0230000      53319.3      19.8850    0.0300000      53319.3      19.5250    0.0340000      53319.3      19.9150     0.162000
       53616.386     -99.9900    0.0690000      53616.4      19.6500    0.0170000      53616.4      19.7350    0.0240000      53616.4      19.4800    0.0290000      53616.4      19.4690     0.101000
       53628.347      19.9580    0.0800000      53628.3      19.7330    0.0270000      53628.3      19.7180    0.0270000      53628.3      19.4440    0.0280000      53628.3      19.5240    0.0910000
       53637.349      19.9520    0.0780000      53637.4      19.7040    0.0260000      53637.3      19.7240    0.0270000      53637.3      19.4750    0.0320000      53637.4      19.3780    0.0910000
       53639.394      19.8400    0.0450000      53639.4      19.7670    0.0190000      53639.4      19.7680    0.0220000      53639.4      19.4480    0.0240000      53639.4      19.5160    0.0650000
       53641.393      19.9750    0.0480000      53641.4      19.7090    0.0150000      53641.4      19.7620    0.0190000      53641.4      19.5000    0.0220000      53641.4      19.4030    0.0590000
       53657.352      19.9590     0.120000      53657.4      19.6970    0.0450000      53657.4      19.7740    0.0490000      53657.4      19.4550    0.0480000      53657.4      19.5520     0.138000
       53663.337      19.9890    0.0870000      53663.3      19.7080    0.0290000      53663.3      19.7240    0.0290000      53663.3      19.4630    0.0280000      53663.3      19.3810    0.0740000
       53666.407      20.0520    0.0880000      53666.4      19.7410    0.0240000      53666.4      19.7730    0.0530000      53666.4      19.5010    0.0280000      53666.4      19.4320    0.0750000
       53668.326      20.0020    0.0670000      53668.3      19.7720    0.0200000      53668.3      19.8100    0.0260000      53668.3      19.4870    0.0280000      53668.3      19.6110    0.0990000
       53669.414      20.0240    0.0870000      53669.4      19.7850    0.0230000      53669.4      19.7920    0.0290000      53669.4      19.5160    0.0290000      53669.4      19.3870    0.0850000
       53670.331      19.9650    0.0600000      53670.3      19.7380    0.0180000      53670.3     -99.9900    0.0250000      53670.3     -99.9900    0.0360000      53670.3      19.5960    0.0900000
       53673.299      19.9290    0.0440000      53673.3      19.7330    0.0170000      53673.3      19.7530    0.0210000      53673.3      19.4800    0.0240000      53673.3      19.4860    0.0670000
       53675.296      19.9810    0.0460000      53675.3      19.7590    0.0150000      53675.3      19.7660    0.0210000      53675.3      19.5010    0.0240000      53675.3      19.4810    0.0750000
       53677.317      19.8870    0.0470000      53677.3      19.7500    0.0150000      53677.3      19.7430    0.0190000      53677.3      19.4310    0.0210000      53677.3      19.4720    0.0600000
       53680.304      19.9760    0.0460000      53680.3      19.7400    0.0140000      53680.3      19.7510    0.0190000      53680.3      19.4570    0.0250000      53680.3      19.5590    0.0690000
       53686.303      19.8940     0.130000      53686.3      19.6980    0.0470000      53686.3      19.7370    0.0490000      53686.3      19.5370    0.0480000      53686.3      19.4280     0.103000
       53693.306      19.9860     0.113000      53693.3      19.7380    0.0370000      53693.3      19.7580    0.0350000      53693.3      19.5310    0.0310000      53693.3      19.4230    0.0870000
       53698.303      19.8520    0.0540000      53698.3      19.6830    0.0190000      53698.3      19.7320    0.0210000      53698.3      19.5010    0.0260000      53698.3      19.4770    0.0750000
       53704.289      19.7910    0.0540000      53704.3      19.7040    0.0160000      53704.3      19.7270    0.0220000      53704.3      19.4920    0.0290000      53704.3      19.3010    0.0760000
       53989.385      20.0770    0.0960000      53989.4      19.9990    0.0430000      53989.4      19.9610    0.0400000      53989.4      19.6970    0.0370000      53989.4      19.7400    0.0990000
       53995.424      20.2520    0.0470000      53995.4      20.0440    0.0220000      53995.4      20.0320    0.0260000      53995.4      19.6890    0.0250000      53995.4      19.6950    0.0710000
       54000.361      20.1060    0.0530000      54000.4      19.9900    0.0240000      54000.4      19.9760    0.0260000      54000.4      19.6560    0.0340000      54000.4      19.6210    0.0880000
       54007.411      20.1970    0.0660000      54007.4     -99.9900    0.0370000      54007.4      19.9720    0.0290000      54007.4      19.6840    0.0370000      54007.4      19.6840    0.0900000
       54009.334      20.1990    0.0530000      54009.3      19.9470    0.0260000      54009.3      19.9620    0.0280000      54009.3      19.6560    0.0320000      54009.3      19.8300    0.0850000
       54011.399      20.1320    0.0440000      54011.4      20.0340    0.0210000      54011.4      19.9310    0.0240000      54011.4     -99.9900    0.0290000      54011.4      19.7230    0.0690000
       54025.398      20.2430    0.0680000      54025.4      20.0170    0.0260000      54025.4      19.9430    0.0260000      54025.4      19.6510    0.0300000      54025.4      19.8280     0.103000
       54029.328      20.1550    0.0510000      54029.3      20.0170    0.0230000      54029.3      20.0010    0.0280000      54029.3      19.6980    0.0340000      54029.3      19.7390    0.0940000
       54346.392      20.1680    0.0990000      54346.4      20.0110    0.0430000      54346.4      19.9100    0.0360000      54346.4      19.6550    0.0360000      54346.4      19.8200     0.107000
       54348.396      20.2040    0.0640000      54348.4      19.9770    0.0240000      54348.4      19.9490    0.0280000      54348.4      19.6530    0.0290000      54348.4      19.7290    0.0850000
       54358.351      20.2500    0.0690000      54358.4      19.8930    0.0410000      54358.4      19.9100    0.0300000      54358.4      19.6300    0.0300000      54358.4      19.7540     0.111000
       54365.385      20.1960    0.0550000      54365.4      19.9190    0.0240000      54365.4      19.8800    0.0220000      54365.4      19.6490    0.0280000      54365.4      19.7400    0.0840000
       54381.404      20.0250     0.111000      54381.4      19.8770    0.0240000      54381.4      19.8260    0.0480000      54381.4     -99.9900    0.0590000      54381.4     -99.9900    0.0920000
       54384.411      20.0360    0.0530000      54384.4      19.8730    0.0230000      54384.4      19.8770    0.0210000      54384.4      19.5770    0.0280000      54384.4      19.5230    0.0730000
       54386.396      20.0010    0.0550000      54386.4     -99.9900    0.0270000      54386.4      19.8250    0.0250000      54386.4      19.5860    0.0330000      54386.4      19.5240    0.0860000
       54388.401      20.0180    0.0620000      54388.4      19.8610    0.0200000      54388.4      19.8160    0.0240000      54388.4      19.5490    0.0220000      54388.4      19.7190    0.0710000
       54392.398      19.9150    0.0640000      54392.4     -99.9900    0.0600000      54392.4     -99.9900    0.0630000      54392.4     -99.9900    0.0750000      54392.4      19.3160    0.0890000
       54403.314     -99.9900     0.109000      54403.3     -99.9900    0.0410000      54403.3      19.8950    0.0790000      54403.3      19.6190    0.0780000      54403.3      19.6030     0.111000
       54404.372      20.0950    0.0940000      54404.4      19.8230    0.0340000      54404.4      19.8160    0.0280000      54404.4      19.5560    0.0290000      54404.4      19.6410    0.0980000
       54405.370      20.0040    0.0700000      54405.4      19.8960    0.0240000      54405.4      19.7690    0.0280000      54405.4      19.5750    0.0430000      54405.4      19.6640    0.0810000
       54406.308      19.9450    0.0460000      54406.3      19.8560    0.0220000      54406.3      19.8140    0.0240000      54406.3      19.5520    0.0310000      54406.3      19.5970    0.0620000
       54412.334      20.0000    0.0530000      54412.3      19.8630    0.0170000      54412.3      19.8220    0.0220000      54412.3      19.5960    0.0340000      54412.3      19.6440    0.0860000
       52234.000       19.909000     0.048000000       52234.000       19.636000     0.035000000       52234.000       19.631000     0.031000000       52234.000       19.393000     0.027000000       52234.000       19.462000     0.056000000
       51075       20.160000     0.045000000       51075       19.972000     0.021000000       51075       19.942000     0.023000000       51075       19.653000     0.034000000       51075       19.660000      0.10600000
       51133       20.100000     0.052000000       51133       19.899000     0.033000000       51133       19.852000     0.029000000       51133       19.689000     0.039000000       51133       19.701000      0.11200000
       51134       20.083000     0.041000000       51134       19.867000     0.022000000       51134       19.802000     0.029000000       51134       19.631000     0.035000000       51134       19.554000     0.076000000
       51818       19.931000     0.044000000       51818       19.745000     0.020000000       51818       19.713000     0.021000000       51818       19.524000     0.032000000       51818       19.531000     0.081000000
       52170       19.800000     0.037000000       52170       19.652000     0.019000000       52170       19.594000     0.023000000       52170       19.384000     0.025000000       52170       19.340000     0.064000000
       52173       19.888000     0.048000000       52173       19.694000     0.048000000       52173       19.587000     0.024000000       52173       19.352000     0.038000000       52173       19.362000     0.098000000
       52197       19.810000     0.040000000       52197       19.692000     0.031000000       52197       19.610000     0.029000000       52197       19.419000     0.040000000       52197       19.422000     0.074000000
       52207       19.814000     0.042000000       52207       19.715000     0.024000000       52207       19.625000     0.024000000       52207       19.384000     0.028000000       52207       19.325000     0.064000000
       52224       19.900000     0.042000000       52224       19.666000     0.028000000       52224       19.627000     0.021000000       52224       19.367000     0.023000000       52224       19.299000     0.055000000
       52231       19.893000     0.038000000       52231       19.670000     0.029000000       52231       19.619000     0.024000000       52231       19.444000     0.029000000       52231       19.475000     0.070000000
       52234       19.900000     0.048000000       52234       19.653000     0.024000000       52234       19.625000     0.027000000       52234       19.392000     0.024000000       52234       19.450000     0.056000000
       52261       19.829000     0.040000000       52261       19.572000     0.072000000       52261       19.617000     0.020000000       52261       19.326000     0.021000000       52261       19.523000     0.089000000
       52282       19.762000     0.051000000       52282       19.625000     0.021000000       52282       19.600000     0.031000000       52282       19.419000     0.028000000       52282       19.422000     0.081000000
       52287       19.772000     0.039000000       52287       19.649000     0.023000000       52287       19.641000     0.025000000       52287       19.353000     0.026000000       52287       19.392000     0.068000000
       52552       19.852000     0.064000000       52552       19.660000     0.024000000       52552       19.661000     0.025000000       52552       19.414000     0.042000000       52552       19.580000     0.090000000
       52557       19.937000     0.043000000       52557       19.695000     0.021000000       52557       19.695000     0.023000000       52557       19.405000     0.032000000       52557       19.394000     0.073000000
       52872       19.963000     0.048000000       52872       19.790000     0.032000000       52872       19.718000     0.029000000       52872       19.484000     0.029000000       52872       19.354000     0.066000000
       52908       20.115000     0.045000000       52908       19.788000     0.018000000       52908       19.775000     0.026000000       52908       19.460000     0.028000000       52908       19.483000     0.078000000
       52912       20.129000     0.048000000       52912       19.869000     0.036000000       52912       19.805000     0.030000000       52912       19.507000     0.026000000       52912       19.561000     0.081000000
       52934       20.068000     0.051000000       52934       19.791000     0.043000000       52934       19.754000     0.041000000       52934       19.520000     0.038000000       52934       19.452000     0.094000000
       52936       20.021000     0.036000000       52936       19.839000     0.017000000       52936       19.771000     0.024000000       52936       19.542000     0.031000000       52936       19.521000     0.075000000
       53270       20.006000     0.094000000       53270       19.841000     0.035000000       53270       19.909000     0.039000000       53270       19.552000     0.038000000       53270       19.929000      0.18200000
       53272       20.104000     0.060000000       53272       19.892000     0.029000000       53272       19.913000     0.028000000       53272       19.577000     0.037000000       53272       19.604000     0.099000000
       53286       20.193000     0.061000000       53286       19.955000     0.023000000       53286       19.939000     0.027000000       53286       19.671000     0.031000000       53286       19.545000     0.075000000
       53288       20.113000     0.043000000       53288       20.052000     0.024000000       53288       19.919000     0.027000000       53288       19.625000     0.029000000       53288       19.542000     0.074000000
       53294       20.285000     0.065000000       53294       19.940000     0.035000000       53294       19.887000     0.030000000       53294       19.637000     0.035000000       53294       19.671000     0.088000000
       53298       20.298000     0.056000000       53298       20.021000     0.024000000       53298       19.909000     0.036000000       53298       19.634000     0.035000000       53298       19.701000      0.10000000
       53312       20.007000     0.072000000       53312       19.946000     0.047000000       53312       19.966000     0.041000000       53312       19.602000     0.052000000       53312       19.645000      0.12200000
       53314       20.133000     0.066000000       53314       19.982000     0.031000000       53314       19.949000     0.032000000       53314       19.637000     0.040000000       53314       19.584000     0.091000000
       53319       20.053000     0.060000000       53319       19.975000     0.035000000       53319       19.855000     0.033000000       53319       19.547000     0.047000000       53319       19.901000      0.16200000
