       51081.360      20.9380     0.103000      51081.4      20.4670    0.0260000      51081.4      20.3210    0.0330000      51081.4      20.2760    0.0470000      51081.4      20.0200     0.119000
       51819.431      21.2580     0.165000      51819.4      20.6510    0.0330000      51819.4      20.5500    0.0430000      51819.4      20.3300    0.0520000      51819.4      20.0040     0.141000
       52225.256      21.0590     0.105000      52225.3      20.5670    0.0280000      52225.3      20.4620    0.0330000      52225.3      20.3860    0.0470000      52225.3      20.1770     0.143000
       52288.090      20.9670    0.0960000      52288.1      20.5120    0.0270000      52288.1      20.4770    0.0360000      52288.1      20.3760    0.0430000      52288.1      20.2060     0.114000
       52551.364      21.3050     0.144000      52551.4      20.4070    0.0240000      52551.4      20.3080    0.0320000      52551.4      20.2750    0.0460000      52551.4      19.8830     0.111000
       52558.396      21.0530    0.0960000      52558.4      20.4240    0.0220000      52558.4      20.3530    0.0280000      52558.4      20.2310    0.0360000      52558.4      19.8310    0.0830000
       52576.230      20.9490    0.0880000      52576.2      20.4160    0.0220000      52576.2      20.3720    0.0290000      52576.2      20.1430    0.0350000      52576.2      19.6680    0.0880000
       52577.284      21.1400     0.107000      52577.3      20.4700    0.0240000      52577.3      20.3760    0.0320000      52577.3      20.2180    0.0400000      52577.3      20.0030     0.114000
       52585.231      20.9630    0.0920000      52585.2      20.4010    0.0220000      52585.2      20.2990    0.0330000      52585.2      20.2200    0.0540000      52585.2      19.6550     0.130000
       52910.368     -99.9900    0.0780000      52910.4      20.2030    0.0210000      52910.4      20.1330    0.0270000      52910.4      20.1030    0.0370000      52910.4      19.8450     0.103000
       52935.295      20.7340    0.0870000      52935.3      20.1900    0.0230000      52935.3      20.0920    0.0280000      52935.3      20.0360    0.0430000      52935.3      19.5140    0.0990000
       52963.218      20.5950    0.0590000      52963.2      20.1680    0.0190000      52963.2      20.1460    0.0250000      52963.2      20.0440    0.0310000      52963.2      19.8280    0.0850000
       52971.209      20.7620    0.0890000      52971.2      20.1810    0.0200000      52971.2      20.1250    0.0270000      52971.2      20.0580    0.0370000      52971.2      19.8660    0.0980000
       53351.141      20.7460    0.0820000      53351.1      20.1960    0.0200000      53351.1      20.1200    0.0250000      53351.1      20.0330    0.0370000      53351.1      19.6370    0.0960000
       53622.398      20.6660     0.100000      53622.4      20.0150    0.0200000      53622.4      19.9290    0.0240000      53622.4      19.8910    0.0400000      53622.4      19.5440    0.0890000
       53634.347      20.4510     0.229000      53634.3      20.0890    0.0680000      53634.3      20.0110    0.0670000      53634.3     -99.9900    0.0690000      53634.3      19.7450     0.127000
       53638.388      20.4680    0.0800000      53638.4      20.0170    0.0230000      53638.4      19.9830    0.0280000      53638.4      19.8690    0.0320000      53638.4      19.5910    0.0860000
       53640.352      20.4400    0.0720000      53640.4      20.0450    0.0190000      53640.4      20.0000    0.0230000      53640.4      19.9310    0.0310000      53640.4      19.6470    0.0800000
       53646.414      20.3920    0.0940000      53646.4      20.0320    0.0200000      53646.4     -99.9900    0.0340000      53646.4     -99.9900    0.0540000      53646.4      19.6350     0.104000
       53655.325      20.4690    0.0760000      53655.3      19.9910    0.0190000      53655.3      19.9930    0.0270000      53655.3      19.8940    0.0380000      53655.3      19.7180     0.115000
       53664.350      20.5250     0.213000      53664.4     -99.9900    0.0680000      53664.3      19.9160    0.0790000      53664.3      19.9200    0.0900000      53664.4      19.8740     0.217000
       53665.414      20.4500     0.139000      53665.4      20.0530    0.0400000      53665.4      19.9390    0.0340000      53665.4      19.9400    0.0430000      53665.4      19.6260     0.107000
       53669.309      20.4670    0.0640000      53669.3      19.9750    0.0190000      53669.3      19.9350    0.0220000      53669.3      19.8990    0.0310000      53669.3      19.7370    0.0860000
       53671.394      20.5810     0.114000      53671.4      20.0260    0.0240000      53671.4      19.9810    0.0300000      53671.4      19.9150    0.0390000      53671.4      19.6670     0.107000
       53674.293      20.5040     0.100000      53674.3      19.9700    0.0210000      53674.3      19.8780    0.0260000      53674.3      19.8430    0.0380000      53674.3      19.5560     0.100000
       53676.382      20.3520    0.0880000      53676.4      19.9580    0.0190000      53676.4      19.9390    0.0290000      53676.4      19.9180    0.0400000      53676.4      19.4530    0.0760000
       53679.354      20.4820     0.106000      53679.4      19.9700    0.0210000      53679.4      19.9260    0.0310000      53679.4      19.7700    0.0400000      53679.4      19.4130     0.112000
       53681.346      20.4050    0.0710000      53681.3      20.0020    0.0180000      53681.3      19.9610    0.0260000      53681.3      19.9120    0.0330000      53681.3      19.6940    0.0790000
       53684.307      20.6110    0.0900000      53684.3      20.0010    0.0220000      53684.3      19.9770    0.0290000      53684.3      19.9270    0.0400000      53684.3      19.5620    0.0890000
       53685.305      20.3580    0.0960000      53685.3      19.9980    0.0340000      53685.3      19.8940    0.0350000      53685.3      19.8540    0.0420000      53685.3      19.9340     0.119000
       53694.319      20.3390     0.263000      53694.3      20.0340    0.0640000      53694.3      20.0620    0.0740000      53694.3      19.8960    0.0660000      53694.3      19.5870     0.145000
       53697.303      20.4280    0.0860000      53697.3      20.0260    0.0240000      53697.3      19.9870    0.0270000      53697.3      19.8920    0.0330000      53697.3      19.8590     0.101000
       53700.302      20.3970     0.106000      53700.3      20.0150    0.0220000      53700.3      19.9530    0.0300000      53700.3      19.8940    0.0470000      53700.3      19.9540     0.175000
       53705.289      20.5410    0.0870000      53705.3      20.0710    0.0210000      53705.3      19.9930    0.0250000      53705.3      19.8720    0.0320000      53705.3      19.8080     0.100000
       53975.374      20.5780    0.0670000      53975.4      20.1730    0.0300000      53975.4      20.0990    0.0230000      53975.4      19.9960    0.0300000      53975.4      19.9000     0.104000
       53990.386      20.7050     0.197000      53990.4      20.2370    0.0680000      53990.4      20.0880    0.0440000      53990.4      19.9700    0.0550000      53990.4      19.7880     0.128000
       53993.386      20.6210    0.0990000      53993.4      20.0750    0.0290000      53993.4      20.0600    0.0320000      53993.4     -99.9900     0.166000      53993.4      19.7010     0.101000
       53994.397      20.6350    0.0760000      53994.4      20.1240    0.0210000      53994.4      20.0610    0.0250000      53994.4      20.0550    0.0360000      53994.4      19.4360     0.126000
       53996.380     -99.9900    0.0760000      53996.4      20.1510    0.0340000      53996.4      20.0180    0.0400000      53996.4      20.0460    0.0410000      53996.4      19.9350     0.142000
       54005.393      20.5630    0.0600000      54005.4      20.1560    0.0210000      54005.4      20.1130    0.0240000      54005.4      20.0640    0.0320000      54005.4      19.7270    0.0730000
       54010.334      20.5930    0.0630000      54010.3      20.1460    0.0220000      54010.3      20.0650    0.0210000      54010.3      19.9750    0.0280000      54010.3      19.7710    0.0770000
       54012.327      20.7010     0.122000      54012.3      20.1590    0.0420000      54012.3      20.1290    0.0390000      54012.3      20.0320    0.0480000      54012.3      19.5310     0.146000
       54020.333      20.4690     0.113000      54020.3      20.0960    0.0340000      54020.3      20.0060    0.0300000      54020.3      20.0500    0.0460000      54020.3      19.7330     0.106000
       54024.415      20.7820     0.183000      54024.4      20.1160    0.0430000      54024.4      20.0820    0.0380000      54024.4      20.0210    0.0800000      54024.4      19.7640     0.124000
       54028.403      20.6230     0.107000      54028.4      20.1780    0.0230000      54028.4      20.0760    0.0370000      54028.4      20.0120    0.0510000      54028.4      19.5500     0.167000
       54030.327      20.6370    0.0620000      54030.3      20.1710    0.0200000      54030.3      20.0780    0.0240000      54030.3      19.9350    0.0320000      54030.3      19.7480     0.138000
       54035.403      20.8790     0.165000      54035.4      20.1500    0.0260000      54035.4      20.1230    0.0690000      54035.4      19.9910    0.0600000      54035.4      19.6100     0.129000
       54037.308      20.5860    0.0600000      54037.3      20.1940    0.0190000      54037.3      20.0960    0.0230000      54037.3      20.0070    0.0310000      54037.3      20.0740     0.165000
       54040.323      20.7780     0.124000      54040.3      20.1700    0.0390000      54040.3      20.0640    0.0380000      54040.3      20.0130    0.0470000      54040.3      19.8760     0.110000
       54049.349      20.3960     0.148000      54049.4      20.1510    0.0430000      54049.3      20.1650    0.0450000      54049.3      19.9680    0.0500000      54049.4      20.2350     0.817000
       54053.313      20.7840    0.0880000      54053.3      20.1510    0.0190000      54053.3      20.0670    0.0250000      54053.3      20.0360    0.0430000      54053.3      19.6370     0.102000
       54056.315      20.5780     0.102000      54056.3      20.1660    0.0370000      54056.3      20.0890    0.0300000      54056.3      19.9450    0.0380000      54056.3      19.9270     0.183000
       54059.309      20.7180     0.104000      54059.3      20.1680    0.0250000      54059.3      20.0670    0.0320000      54059.3      19.9730    0.0400000      54059.3      20.0580     0.146000
       54061.320      20.5970     0.158000      54061.3      20.1570    0.0360000      54061.3     -99.9900    0.0430000      54061.3      19.9900    0.0590000      54061.3      19.7480     0.140000
       54062.314      20.6290    0.0790000      54062.3      20.2110    0.0230000      54062.3      20.1110    0.0310000      54062.3      20.0060    0.0350000      54062.3      19.6710    0.0840000
       54064.311      20.6150    0.0920000      54064.3      20.2030    0.0210000      54064.3      20.1640    0.0310000      54064.3      20.0130    0.0390000      54064.3      19.7990    0.0990000
       54068.295      20.7760     0.159000      54068.3      20.1680    0.0400000      54068.3      20.1570    0.0470000      54068.3      19.9800    0.0510000      54068.3      19.9320     0.125000
       54357.352      20.6410    0.0670000      54357.4      20.0960    0.0230000      54357.4      20.0960    0.0230000      54357.4      20.0290    0.0310000      54357.4      19.7370    0.0650000
       54359.384      20.6900     0.104000      54359.4      20.1020    0.0270000      54359.4      20.0110    0.0310000      54359.4      20.0500    0.0440000      54359.4      19.6890     0.104000
       54362.402      20.6740    0.0650000      54362.4      20.0970    0.0250000      54362.4      20.0380    0.0210000      54362.4      19.9510    0.0320000      54362.4      19.8120    0.0860000
       54376.397      20.5790    0.0800000      54376.4      20.1310    0.0240000      54376.4      20.0760    0.0260000      54376.4      20.0390    0.0370000      54376.4      20.2920     0.500000
       54382.382      20.6040    0.0870000      54382.4      20.1120    0.0230000      54382.4      20.0220    0.0400000      54382.4      20.0050    0.0490000      54382.4      19.8500     0.130000
       54385.400      20.7480    0.0800000      54385.4      20.1300    0.0240000      54385.4      20.0670    0.0240000      54385.4      19.9830    0.0290000      54385.4      19.6810     0.102000
       54390.393      20.6290     0.107000      54390.4     -99.9900    0.0390000      54390.4      20.0440    0.0350000      54390.4      19.9930    0.0540000      54390.4     -99.9900     0.194000
       54391.402      20.7030     0.168000      54391.4      20.1560    0.0300000      54391.4      20.1440    0.0450000      54391.4      20.0770    0.0700000      54391.4      19.6340     0.164000
       54402.394      20.4070     0.181000      54402.4      20.0190    0.0460000      54402.4      20.0470    0.0450000      54402.4      19.9990    0.0500000      54402.4      19.8360     0.117000
       52522.000       21.021000     0.099000000       52522.000       20.439000     0.025000000       52522.000       20.368000     0.032000000       52522.000       20.233000     0.037000000       52522.000       20.009000      0.12100000
       51081       20.981000     0.093000000       51081       20.485000     0.027000000       51081       20.390000     0.034000000       51081       20.331000     0.050000000       51081       20.083000      0.11900000
       51132       20.890000     0.073000000       51132       20.449000     0.029000000       51132       20.385000     0.044000000       51132       20.271000     0.056000000       51132       20.169000      0.16500000
       51136       20.888000     0.071000000       51136       20.403000     0.029000000       51136       20.434000     0.040000000       51136       20.370000     0.053000000       51136       20.142000      0.16000000
       51819       21.226000      0.13300000       51819       20.694000     0.035000000       51819       20.641000     0.046000000       51819       20.382000     0.051000000       51819       20.044000      0.13500000
       52225       21.057000     0.088000000       52225       20.597000     0.028000000       52225       20.483000     0.033000000       52225       20.414000     0.047000000       52225       20.210000      0.14300000
       52288       20.931000     0.077000000       52288       20.522000     0.029000000       52288       20.481000     0.035000000       52288       20.374000     0.042000000       52288       20.196000      0.18300000
       52522       21.044000     0.087000000       52522       20.445000     0.025000000       52522       20.372000     0.030000000       52522       20.233000     0.036000000       52522       20.004000      0.13500000
       52551       21.257000      0.12000000       52551       20.435000     0.029000000       52551       20.355000     0.033000000       52551       20.296000     0.046000000       52551       19.867000      0.10500000
       52558       21.069000     0.080000000       52558       20.475000     0.031000000       52558       20.385000     0.027000000       52558       20.259000     0.033000000       52558       19.921000     0.085000000
       52576       20.944000     0.075000000       52576       20.432000     0.024000000       52576       20.355000     0.030000000       52576       20.123000     0.034000000       52576       19.654000     0.086000000
       52577       21.177000     0.094000000       52577       20.493000     0.027000000       52577       20.387000     0.031000000       52577       20.232000     0.039000000       52577       19.981000      0.23900000
       52585       20.979000     0.080000000       52585       20.457000     0.026000000       52585       20.364000     0.035000000       52585       20.268000     0.052000000       52585       19.674000      0.12700000
       52640       20.858000     0.077000000       52640       20.455000     0.031000000       52640       20.375000     0.039000000       52640       20.252000     0.048000000       52640       19.892000      0.13000000
       52910       20.754000     0.068000000       52910       20.227000     0.025000000       52910       20.169000     0.030000000       52910       20.134000     0.037000000       52910       19.859000     0.099000000
       52935       20.726000     0.073000000       52935       20.225000     0.026000000       52935       20.126000     0.038000000       52935       20.077000     0.044000000       52935       19.516000      0.12100000
       52971       20.721000     0.073000000       52971       20.185000     0.024000000       52971       20.142000     0.027000000       52971       20.062000     0.037000000       52971       19.771000     0.088000000
       53351       20.772000     0.068000000       53351       20.204000     0.022000000       53351       20.135000     0.026000000       53351       20.063000     0.037000000       53351       19.673000     0.095000000
       54424       20.889000      0.17700000       54424       20.099000     0.041000000       54424       20.099000     0.043000000       54424       19.957000     0.042000000       54424       19.646000     0.090000000
