       51075.376      20.1100    0.0420000      51075.4      19.4930    0.0130000      51075.4      19.2010    0.0130000      51075.4      18.9370    0.0160000      51075.4      18.6910    0.0420000
       51818.346      20.2590    0.0520000      51818.3      19.6810    0.0150000      51818.3      19.3370    0.0140000      51818.3      18.9900    0.0160000      51818.3      18.7910    0.0420000
       52170.397      20.0790    0.0420000      52170.4      19.5010    0.0130000      52170.4      19.2220    0.0130000      52170.4      18.9550    0.0150000      52170.4      18.7380    0.0350000
       52173.310      20.0170    0.0510000      52173.3      19.4730    0.0150000      52173.3      19.2220    0.0140000      52173.3      18.9260    0.0170000      52173.3      18.7680    0.0480000
       52196.396      20.0770    0.0480000      52196.4      19.5290    0.0140000      52196.4      19.2430    0.0130000      52196.4      18.9620    0.0160000      52196.4      18.7780    0.0430000
       52207.362      20.0830    0.0470000      52207.4      19.5280    0.0130000      52207.4      19.2250    0.0140000      52207.4      18.9480    0.0150000      52207.4      18.7240    0.0360000
       52224.291      20.1280    0.0450000      52224.3      19.5180    0.0130000      52224.3      19.2550    0.0130000      52224.3      18.9520    0.0140000      52224.3      18.6790    0.0320000
       52231.276      20.1290    0.0450000      52231.3      19.5230    0.0130000      52231.3      19.2360    0.0130000      52231.3      18.9480    0.0140000      52231.3      18.6650    0.0320000
       52234.247     -99.9900    0.0430000      52234.2      19.5330    0.0130000      52234.2      19.2160    0.0130000      52234.2      18.9610    0.0140000      52234.2      18.7690    0.0300000
       52261.210      20.0560    0.0470000      52261.2      19.5300    0.0130000      52261.2      19.2550    0.0140000      52261.2      18.9430    0.0150000      52261.2      18.7680    0.0350000
       52282.137      20.2070    0.0510000      52282.1      19.5640    0.0150000      52282.1      19.2640    0.0160000      52282.1      19.0000    0.0190000      52282.1      18.7470    0.0430000
       52287.091      20.1310    0.0460000      52287.1      19.5600    0.0140000      52287.1      19.2700    0.0140000      52287.1      18.9550    0.0150000      52287.1      18.6990    0.0340000
       52552.410      20.2920    0.0550000      52552.4      19.7700    0.0170000      52552.4      19.3860    0.0150000      52552.4      19.0930    0.0170000      52552.4      18.8270    0.0400000
       52557.384      20.4060    0.0550000      52557.4      19.6930    0.0150000      52557.4      19.3960    0.0150000      52557.4      19.0940    0.0180000      52557.4      18.7940    0.0400000
       52908.358     -99.9900    0.0530000      52908.4      19.7220    0.0150000      52908.4      19.3710    0.0140000      52908.4      19.0570    0.0170000      52908.4      18.8470    0.0380000
       52912.338      20.2300    0.0540000      52912.3      19.7140    0.0160000      52912.3      19.3720    0.0140000      52912.3      19.0700    0.0170000      52912.3      18.8340    0.0410000
       52934.290      20.3850    0.0660000      52934.3      19.7990    0.0160000      52934.3      19.3630    0.0150000      52934.3      19.1100    0.0200000      52934.3      18.8630    0.0500000
       52936.286      20.2510    0.0460000      52936.3      19.7570    0.0140000      52936.3      19.3940    0.0140000      52936.3      19.0850    0.0160000      52936.3      18.7970    0.0360000
       53270.350      20.2850    0.0480000      53270.4      19.7140    0.0300000      53270.3      19.3120    0.0170000      53270.3      19.0460    0.0190000      53270.4      18.8260    0.0380000
       53272.400      20.3520    0.0650000      53272.4      19.6240    0.0160000      53272.4      19.3420    0.0170000      53272.4      19.0730    0.0190000      53272.4      18.8440    0.0450000
       53286.369     -99.9900    0.0540000      53286.4      19.5990    0.0160000      53286.4      19.3070    0.0140000      53286.4      19.0080    0.0160000      53286.4      18.8100    0.0360000
       53288.328     -99.9900    0.0510000      53288.3      19.6130    0.0130000      53288.3      19.2960    0.0130000      53288.3      19.0160    0.0150000      53288.3      18.7840    0.0350000
       53294.375     -99.9900    0.0550000      53294.4      19.6400    0.0150000      53294.4      19.2970    0.0150000      53294.4      19.0460    0.0170000      53294.4      18.7900    0.0370000
       53296.322      20.2740    0.0610000      53296.3      19.6420    0.0330000      53296.3      19.3240    0.0190000      53296.3      19.0250    0.0250000      53296.3      18.7860    0.0570000
       53298.372      20.1900    0.0520000      53298.4      19.6110    0.0150000      53298.4      19.3040    0.0160000      53298.4      19.0200    0.0180000      53298.4      18.8540    0.0480000
       53302.323      20.2020    0.0880000      53302.3      19.5960    0.0260000      53302.3      19.2950    0.0200000      53302.3      18.9960    0.0200000      53302.3      18.7640    0.0390000
       53312.279      20.2240     0.106000      53312.3      19.6380    0.0250000      53312.3     -99.9900     0.101000      53312.3     -99.9900    0.0500000      53312.3      18.8120    0.0470000
       53314.280     -99.9900    0.0550000      53314.3      19.5840    0.0150000      53314.3      19.2660    0.0160000      53314.3      18.9910    0.0170000      53314.3      18.6940    0.0370000
       53319.268      20.2020    0.0640000      53319.3      19.5900    0.0170000      53319.3      19.2730    0.0180000      53319.3      19.0150    0.0210000      53319.3      18.7640    0.0510000
       53616.384      20.1970    0.0710000      53616.4     -99.9900    0.0170000      53616.4      19.3080    0.0180000      53616.4      19.0330    0.0200000      53616.4      18.7250    0.0470000
       53626.361      20.1260    0.0750000      53626.4     -99.9900    0.0210000      53626.4     -99.9900    0.0260000      53626.4     -99.9900    0.0250000      53626.4      18.6920    0.0480000
       53628.346      20.0450    0.0750000      53628.3      19.5570    0.0260000      53628.3      19.2750    0.0200000      53628.3      18.9480    0.0190000      53628.3      18.7990    0.0440000
       53637.347      20.1980    0.0850000      53637.3      19.5770    0.0250000      53637.3      19.2610    0.0180000      53637.3      18.9760    0.0190000      53637.3      18.7620    0.0480000
       53639.393      20.1370    0.0490000      53639.4      19.5520    0.0150000      53639.4      19.2680    0.0130000      53639.4      18.9890    0.0140000      53639.4      18.7470    0.0310000
       53641.392      20.0200    0.0470000      53641.4      19.5540    0.0140000      53641.4      19.2880    0.0140000      53641.4      18.9920    0.0160000      53641.4      18.7560    0.0340000
       53657.351      20.1170     0.152000      53657.4      19.5330    0.0380000      53657.3      19.2440    0.0280000      53657.4      19.0050    0.0290000      53657.4      18.7740    0.0660000
       53663.335      20.1000    0.0860000      53663.3      19.5370    0.0240000      53663.3      19.2460    0.0180000      53663.3      18.9780    0.0180000      53663.3      18.7050    0.0340000
       53666.405      20.0440    0.0860000      53666.4      19.5590    0.0210000      53666.4      19.2500    0.0170000      53666.4      18.9970    0.0180000      53666.4      18.7770    0.0390000
       53668.325     -99.9900    0.0710000      53668.3      19.5630    0.0180000      53668.3      19.2940    0.0190000      53668.3      18.9870    0.0200000      53668.3      18.8200    0.0440000
       53669.412      20.0180    0.0870000      53669.4      19.5600    0.0210000      53669.4      19.2790    0.0190000      53669.4      18.9870    0.0200000      53669.4      18.7220    0.0410000
       53670.330      20.1300    0.0660000      53670.3      19.5430    0.0150000      53670.3      19.2740    0.0140000      53670.3      19.0030    0.0200000      53670.3      18.6800    0.0540000
       53673.298      20.0920    0.0450000      53673.3      19.5410    0.0130000      53673.3      19.2480    0.0130000      53673.3      18.9850    0.0150000      53673.3      18.7990    0.0320000
       53675.294      20.0270    0.0430000      53675.3      19.5700    0.0130000      53675.3      19.2760    0.0150000      53675.3      18.9960    0.0170000      53675.3      18.7900    0.0380000
       53677.315      20.1160    0.0450000      53677.3      19.5700    0.0140000      53677.3      19.2790    0.0130000      53677.3      19.0270    0.0140000      53677.3      18.7320    0.0290000
       53680.302      20.1070    0.0440000      53680.3      19.5770    0.0130000      53680.3      19.2970    0.0140000      53680.3      19.0050    0.0150000      53680.3      18.7630    0.0320000
       53686.302      19.7290     0.118000      53686.3      19.5190    0.0420000      53686.3      19.2180    0.0320000      53686.3      19.0420    0.0340000      53686.3      18.7110    0.0540000
       53693.304      20.0730     0.125000      53693.3      19.5400    0.0290000      53693.3      19.2810    0.0220000      53693.3      19.0120    0.0210000      53693.3      18.7440    0.0380000
       53698.301      20.0090    0.0500000      53698.3      19.5740    0.0160000      53698.3      19.2930    0.0150000      53698.3      19.0080    0.0170000      53698.3      18.7870    0.0380000
       53704.287      20.1160    0.0570000      53704.3      19.5100    0.0150000      53704.3      19.2650    0.0150000      53704.3      18.9810    0.0190000      53704.3      18.6940    0.0430000
       53989.384      20.1880    0.0990000      53989.4      19.4530    0.0260000      53989.4      19.1840    0.0230000      53989.4      18.9450    0.0210000      53989.4      18.7410    0.0370000
       53995.422      19.9850    0.0370000      53995.4      19.4450    0.0170000      53995.4      19.1570    0.0200000      53995.4      18.8980    0.0210000      53995.4      18.6980    0.0300000
       54000.359      19.8990    0.0420000      54000.4     -99.9900    0.0420000      54000.4      19.1890    0.0180000      54000.4      18.9170    0.0200000      54000.4      18.7320    0.0420000
       54007.409      20.0590    0.0470000      54007.4      19.4450    0.0200000      54007.4      19.1730    0.0250000      54007.4      18.8750    0.0260000      54007.4      18.7100    0.0360000
       54009.333      20.0460    0.0400000      54009.3      19.4610    0.0180000      54009.3      19.1650    0.0210000      54009.3      18.9370    0.0160000      54009.3      18.7350    0.0330000
       54011.397      20.0270    0.0370000      54011.4      19.4630    0.0210000      54011.4      19.1810    0.0160000      54011.4      18.9040    0.0180000      54011.4      18.6730    0.0260000
       54025.396      20.1010    0.0510000      54025.4      19.4440    0.0220000      54025.4      19.1770    0.0140000      54025.4      18.9130    0.0210000      54025.4      18.6870    0.0360000
       54029.327      19.9750    0.0410000      54029.3      19.4540    0.0250000      54029.3      19.2110    0.0230000      54029.3      18.9140    0.0220000      54029.3      18.7300    0.0440000
       54346.390      20.1990    0.0890000      54346.4      19.5710    0.0290000      54346.4      19.2930    0.0220000      54346.4      18.9810    0.0180000      54346.4      18.7640    0.0350000
       54348.394      20.1760    0.0570000      54348.4      19.5740    0.0190000      54348.4      19.2980    0.0200000      54348.4      19.0130    0.0270000      54348.4      18.7050    0.0340000
       54358.350      20.3240    0.0620000      54358.4      19.5820    0.0270000      54358.3      19.3050    0.0250000      54358.3      19.0150    0.0250000      54358.4      18.8300    0.0470000
       54365.383      20.1370    0.0430000      54365.4      19.5840    0.0210000      54365.4      19.2880    0.0170000      54365.4      19.0020    0.0200000      54365.4      18.7380    0.0310000
       54381.403      20.1370    0.0560000      54381.4      19.5940    0.0300000      54381.4      19.2900    0.0230000      54381.4      19.0160    0.0260000      54381.4      18.7680    0.0390000
       54384.409      20.1280    0.0510000      54384.4      19.6000    0.0240000      54384.4      19.2990    0.0280000      54384.4      18.9890    0.0200000      54384.4      18.7730    0.0380000
       54386.395      20.0750    0.0470000      54386.4      19.5540    0.0280000      54386.4      19.3120    0.0170000      54386.4      18.9720    0.0220000      54386.4      18.7460    0.0390000
       54388.399      20.1910    0.0500000      54388.4      19.5810    0.0190000      54388.4      19.2850    0.0170000      54388.4      19.0260    0.0180000      54388.4      18.8060    0.0360000
       54392.397      20.1820    0.0850000      54392.4      19.5970    0.0410000      54392.4      19.3700    0.0290000      54392.4      19.0390    0.0260000      54392.4      18.7680    0.0440000
       54403.313      19.9590     0.135000      54403.3     -99.9900    0.0580000      54403.3      19.2530    0.0370000      54403.3      19.0050    0.0390000      54403.3      18.7960    0.0730000
       54404.370      20.4070     0.100000      54404.4      19.6800    0.0260000      54404.4      19.3210    0.0270000      54404.4      19.0300    0.0250000      54404.4      18.7570    0.0410000
       54405.368      20.1270    0.0800000      54405.4      19.6300    0.0250000      54405.4      19.3460    0.0250000      54405.4      18.9960    0.0170000      54405.4      18.6440    0.0460000
       54406.307      20.1870    0.0470000      54406.3      19.6200    0.0200000      54406.3      19.2980    0.0180000      54406.3      19.0050    0.0180000      54406.3      18.7740    0.0310000
       54412.333      20.2800    0.0640000      54412.3      19.5920    0.0300000      54412.3      19.3090    0.0230000      54412.3      19.0490    0.0220000      54412.3      18.8170    0.0400000
       52234.000       20.157000     0.043000000       52234.000       19.544000     0.028000000       52234.000       19.212000     0.017000000       52234.000       18.966000     0.017000000       52234.000       18.774000     0.036000000
       51075       20.139000     0.039000000       51075       19.492000     0.020000000       51075       19.188000     0.019000000       51075       18.904000     0.021000000       51075       18.664000     0.043000000
       51133       20.188000     0.042000000       51133       19.539000     0.026000000       51133       19.215000     0.028000000       51133       18.941000     0.023000000       51133       18.678000     0.047000000
       51134       20.143000     0.048000000       51134       19.521000     0.027000000       51134       19.224000     0.023000000       51134       18.938000     0.023000000       51134       18.712000     0.043000000
       51818       20.269000     0.045000000       51818       19.709000     0.024000000       51818       19.337000     0.017000000       51818       18.978000     0.020000000       51818       18.783000     0.042000000
       52170       20.124000     0.039000000       52170       19.524000     0.018000000       52170       19.242000     0.014000000       52170       18.952000     0.018000000       52170       18.734000     0.034000000
       52173       20.040000     0.053000000       52173       19.489000     0.028000000       52173       19.218000     0.025000000       52173       18.916000     0.023000000       52173       18.731000     0.049000000
       52197       20.142000     0.058000000       52197       19.476000     0.027000000       52197       19.230000     0.021000000       52197       18.919000     0.027000000       52197       18.587000     0.059000000
       52207       20.085000     0.047000000       52207       19.514000     0.019000000       52207       19.209000     0.022000000       52207       18.943000     0.021000000       52207       18.678000     0.035000000
       52231       20.162000     0.041000000       52231       19.524000     0.025000000       52231       19.238000     0.019000000       52231       18.924000     0.029000000       52231       18.655000     0.035000000
       52234       20.159000     0.040000000       52234       19.549000     0.026000000       52234       19.205000     0.017000000       52234       18.964000     0.018000000       52234       18.773000     0.039000000
       52261       20.111000     0.050000000       52261       19.522000     0.025000000       52261       19.254000     0.026000000       52261       18.919000     0.024000000       52261       18.754000     0.038000000
       52282       20.232000     0.048000000       52282       19.594000     0.026000000       52282       19.259000     0.024000000       52282       18.998000     0.022000000       52282       18.732000     0.049000000
       52287       20.151000     0.042000000       52287       19.573000     0.019000000       52287       19.255000     0.019000000       52287       18.943000     0.020000000       52287       18.698000     0.035000000
       52552       20.308000     0.052000000       52552       19.770000     0.033000000       52552       19.398000     0.017000000       52552       19.079000     0.022000000       52552       18.823000     0.042000000
       52557       20.435000     0.051000000       52557       19.711000     0.023000000       52557       19.390000     0.021000000       52557       19.085000     0.020000000       52557       18.747000     0.039000000
       52872       20.249000     0.050000000       52872       19.735000     0.026000000       52872       19.374000     0.022000000       52872       19.044000     0.020000000       52872       18.799000     0.038000000
       52908       20.340000     0.048000000       52908       19.723000     0.018000000       52908       19.366000     0.018000000       52908       19.031000     0.022000000       52908       18.817000     0.039000000
       52912       20.248000     0.047000000       52912       19.720000     0.028000000       52912       19.377000     0.020000000       52912       19.047000     0.023000000       52912       18.818000     0.041000000
       52934       20.468000     0.065000000       52934       19.812000     0.020000000       52934       19.356000     0.024000000       52934       19.085000     0.026000000       52934       18.817000     0.049000000
       52936       20.313000     0.041000000       52936       19.765000     0.027000000       52936       19.407000     0.019000000       52936       19.098000     0.024000000       52936       18.803000     0.037000000
       53270       20.307000     0.050000000       53270       19.676000     0.029000000       53270       19.324000     0.018000000       53270       19.042000     0.019000000       53270       18.764000     0.042000000
       53272       20.387000     0.066000000       53272       19.635000     0.032000000       53272       19.328000     0.025000000       53272       19.069000     0.023000000       53272       18.832000     0.047000000
       53286       20.234000     0.048000000       53286       19.636000     0.027000000       53286       19.330000     0.022000000       53286       19.018000     0.017000000       53286       18.828000     0.037000000
       53288       20.352000     0.047000000       53288       19.630000     0.025000000       53288       19.303000     0.019000000       53288       19.010000     0.020000000       53288       18.746000     0.034000000
       53294       20.227000     0.049000000       53294       19.654000     0.025000000       53294       19.282000     0.020000000       53294       19.020000     0.021000000       53294       18.752000     0.038000000
       53298       20.214000     0.051000000       53298       19.603000     0.024000000       53298       19.307000     0.019000000       53298       19.013000     0.024000000       53298       18.838000     0.049000000
       53312       20.259000      0.11600000       53312       19.627000     0.035000000       53312       19.385000      0.12300000       53312       19.095000     0.052000000       53312       18.775000     0.049000000
       53314       20.294000     0.052000000       53314       19.623000     0.019000000       53314       19.267000     0.018000000       53314       18.981000     0.022000000       53314       18.683000     0.037000000
       53319       20.201000     0.057000000       53319       19.559000     0.030000000       53319       19.269000     0.028000000       53319       19.003000     0.023000000       53319       18.739000     0.050000000
