       51075.378      20.0500    0.0400000      51075.4      20.0370    0.0170000      51075.4      19.7090    0.0180000      51075.4      19.7390    0.0270000      51075.4     -99.9900     0.125000
       51818.348      20.4050    0.0600000      51818.4      20.3860    0.0230000      51818.3      19.9060    0.0220000      51818.3      19.9070    0.0290000      51818.3      20.1080     0.144000
       52170.399      20.0910    0.0470000      52170.4      20.0830    0.0170000      52170.4      19.7740    0.0180000      52170.4      19.8430    0.0260000      52170.4      19.6440    0.0910000
       52173.313     -99.9900    0.0630000      52173.3      20.1720    0.0230000      52173.3      19.8070    0.0220000      52173.3      19.7900    0.0300000      52173.3      19.7920     0.150000
       52196.398      20.2410    0.0640000      52196.4      20.1410    0.0190000      52196.4      19.8320    0.0210000      52196.4      19.7810    0.0310000      52196.4      20.0180     0.141000
       52207.365      20.1320    0.0520000      52207.4      20.0950    0.0180000      52207.4      19.8110    0.0200000      52207.4      19.8440    0.0260000      52207.4      19.7070    0.0940000
       52224.293      20.0260    0.0470000      52224.3      20.1020    0.0170000      52224.3      19.8110    0.0180000      52224.3      19.8190    0.0240000      52224.3      19.7310    0.0940000
       52231.278      20.0520    0.0490000      52231.3      20.0560    0.0170000      52231.3      19.7680    0.0180000      52231.3      19.7900    0.0230000      52231.3      19.7920     0.100000
       52234.249      20.0840    0.0450000      52234.2     -99.9900    0.0170000      52234.2      19.7620    0.0170000      52234.2      19.7650    0.0210000      52234.2      19.7260    0.0810000
       52261.213      20.0430    0.0600000      52261.2      20.0170    0.0180000      52261.2      19.7760    0.0190000      52261.2      19.7690    0.0240000      52261.2      19.7450     0.111000
       52282.139      19.9750    0.0510000      52282.1      19.9650    0.0180000      52282.1      19.7490    0.0220000      52282.1      19.7610    0.0310000      52282.1      19.6620     0.116000
       52287.093      19.8950    0.0440000      52287.1      19.9390    0.0170000      52287.1      19.7100    0.0190000      52287.1      19.7030    0.0250000      52287.1      19.5360    0.0830000
       52552.412     -99.9900    0.0450000      52552.4      19.9240    0.0170000      52552.4      19.6800    0.0180000      52552.4      19.6820    0.0270000      52552.4      19.8130     0.126000
       52557.386      19.8750    0.0430000      52557.4      19.9540    0.0160000      52557.4      19.7460    0.0190000      52557.4      19.7250    0.0250000      52557.4      19.8020     0.111000
       52908.361      20.1810    0.0530000      52908.4      20.1320    0.0180000      52908.4      19.9090    0.0200000      52908.4      19.9030    0.0270000      52908.4      19.9850     0.129000
       52912.340      20.1320    0.0540000      52912.3      20.1670    0.0200000      52912.3      19.8900    0.0210000      52912.3      19.9120    0.0280000      52912.3      19.8760     0.118000
       52934.293      20.1600    0.0570000      52934.3      20.2170    0.0220000      52934.3      19.8500    0.0230000      52934.3      19.8840    0.0330000      52934.3      19.8470     0.144000
       52936.288      20.1130    0.0460000      52936.3      20.1900    0.0180000      52936.3      19.8840    0.0200000      52936.3      19.9000    0.0260000      52936.3      19.8640     0.101000
       53270.353     -99.9900      99.9990      53270.4     -99.9900    0.0360000      53270.4      20.1260    0.0270000      53270.4      19.9840    0.0520000      53270.4      20.0320     0.135000
       53272.402     -99.9900    0.0920000      53272.4      20.5650    0.0280000      53272.4      20.1300    0.0270000      53272.4      20.1170    0.0400000      53272.4      20.4770     0.230000
       53286.371      20.5390    0.0830000      53286.4      20.5580    0.0290000      53286.4      20.1230    0.0240000      53286.4      20.1610    0.0340000      53286.4      20.1260     0.142000
       53288.330      20.4620    0.0630000      53288.3      20.5460    0.0230000      53288.3      20.0870    0.0220000      53288.3      20.2080    0.0310000      53288.3      20.0620     0.117000
       53294.377      20.4500    0.0780000      53294.4      20.5240    0.0280000      53294.4      20.0800    0.0280000      53294.4      20.1240    0.0380000      53294.4      20.1820     0.167000
       53296.324      20.4370    0.0900000      53296.3      20.5470    0.0360000      53296.3     -99.9900    0.0400000      53296.3      20.1460    0.0490000      53296.3      20.6840     0.340000
       53298.374      20.5590    0.0800000      53298.4      20.4790    0.0250000      53298.4      20.1130    0.0300000      53298.4      20.1450    0.0430000      53298.4      20.3020     0.202000
       53302.325      20.2360    0.0950000      53302.3      20.5590    0.0540000      53302.3      20.1820    0.0430000      53302.3      20.1160    0.0460000      53302.3      20.0280     0.138000
       53312.281      20.6180     0.121000      53312.3      20.4740    0.0470000      53312.3     -99.9900    0.0380000      53312.3      20.1920    0.0460000      53312.3      19.8710     0.148000
       53314.282      20.6750    0.0860000      53314.3      20.5290    0.0290000      53314.3      20.1010    0.0280000      53314.3      20.1720    0.0390000      53314.3      20.1490     0.167000
       53319.270      20.4340    0.0930000      53319.3      20.5670    0.0340000      53319.3      20.1850    0.0370000      53319.3      20.1200    0.0470000      53319.3     -99.9900     0.403000
       53616.386      20.3070    0.0870000      53616.4      20.3740    0.0280000      53616.4      20.0440    0.0290000      53616.4      20.0790    0.0520000      53616.4      20.1070     0.201000
       53626.363     -99.9900     0.174000      53626.4      20.2200    0.0290000      53626.4      20.0280    0.0330000      53626.4     -99.9900    0.0800000      53626.4     -99.9900     0.563000
       53628.348      20.3050     0.105000      53628.3      20.3350    0.0430000      53628.3      20.0410    0.0340000      53628.3      20.0700    0.0420000      53628.3      20.0010     0.140000
       53637.349      20.1180    0.0870000      53637.4      20.2470    0.0380000      53637.3      20.0460    0.0350000      53637.3      20.0490    0.0450000      53637.4      20.4350     0.270000
       53639.395      20.1540    0.0560000      53639.4      20.3080    0.0230000      53639.4      19.9870    0.0200000      53639.4      20.0550    0.0270000      53639.4      20.3050     0.143000
       53641.394      20.1480    0.0570000      53641.4      20.2980    0.0220000      53641.4      19.9310    0.0210000      53641.4      20.0020    0.0270000      53641.4      20.1300     0.128000
       53663.337      20.3450     0.113000      53663.3      20.2730    0.0410000      53663.3      19.9730    0.0310000      53663.3      20.0410    0.0360000      53663.3      20.0170     0.121000
       53666.407      20.3120     0.112000      53666.4      20.2470    0.0340000      53666.4      19.9500    0.0290000      53666.4      20.0200    0.0340000      53666.4      20.3170     0.172000
       53668.327      20.3090    0.0860000      53668.3      20.2600    0.0290000      53668.3      19.9970    0.0280000      53668.3      20.0010    0.0400000      53668.3      20.0710     0.169000
       53669.415     -99.9900     0.114000      53669.4      20.3410    0.0350000      53669.4      19.9620    0.0320000      53669.4      19.9670    0.0370000      53669.4      20.1420     0.187000
       53670.332     -99.9900    0.0680000      53670.3      20.1690    0.0260000      53670.3      19.9650    0.0390000      53670.3     -99.9900    0.0400000      53670.3     -99.9900     0.194000
       53673.300      20.2360    0.0570000      53673.3      20.2240    0.0190000      53673.3      19.9660    0.0200000      53673.3      19.9860    0.0270000      53673.3      20.0640     0.115000
       53675.297      20.1980    0.0550000      53675.3      20.2160    0.0190000      53675.3      19.9890    0.0230000      53675.3      19.9410    0.0290000      53675.3      20.1100     0.144000
       53677.318      20.2160    0.0570000      53677.3      20.2660    0.0190000      53677.3      20.0170    0.0210000      53677.3      20.0120    0.0260000      53677.3      20.1560     0.120000
       53680.304     -99.9900    0.0580000      53680.3      20.3040    0.0210000      53680.3      19.9710    0.0210000      53680.3      20.0210    0.0270000      53680.3      19.9410     0.102000
       53686.304      20.3260     0.206000      53686.3      20.3720    0.0880000      53686.3      20.0180    0.0640000      53686.3      19.9710    0.0650000      53686.3      20.2720     0.261000
       53698.304      20.2430    0.0730000      53698.3      20.3740    0.0380000      53698.3      20.0290    0.0260000      53698.3      20.0030    0.0340000      53698.3      20.2380     0.172000
       53704.290      20.3830    0.0840000      53704.3      20.3230    0.0230000      53704.3      20.0630    0.0270000      53704.3      20.0200    0.0410000      53704.3      19.8530     0.143000
       53989.386     -99.9900     0.110000      53989.4      20.2730    0.0510000      53989.4      19.8560    0.0350000      53989.4      19.9430    0.0350000      53989.4      20.0400     0.122000
       53995.424     -99.9900    0.0510000      53995.4      20.1950    0.0250000      53995.4      19.9270    0.0230000      53995.4      19.9420    0.0250000      53995.4      19.8470    0.0770000
       54000.361      20.3570    0.0620000      54000.4      20.1640    0.0220000      54000.4      19.8750    0.0250000      54000.4      19.8860    0.0330000      54000.4      19.8150     0.119000
       54007.411     -99.9900    0.0590000      54007.4      20.2240    0.0330000      54007.4      19.9710    0.0240000      54007.4      19.8690    0.0310000      54007.4      19.8760     0.122000
       54009.335      20.2000    0.0490000      54009.3      20.1950    0.0320000      54009.3      19.8880    0.0230000      54009.3      19.9280    0.0260000      54009.3      19.8140    0.0870000
       54011.400      20.2200    0.0480000      54011.4      20.1350    0.0290000      54011.4      19.8830    0.0200000      54011.4      19.9340    0.0230000      54011.4      20.1250    0.0960000
       54025.398      20.0300    0.0600000      54025.4      20.2200    0.0230000      54025.4      19.8880    0.0260000      54025.4      19.9130    0.0310000      54025.4      19.9880     0.126000
       54029.329     -99.9900    0.0500000      54029.3      20.2100    0.0190000      54029.3      19.8830    0.0280000      54029.3      19.9320    0.0310000      54029.3      19.8760     0.108000
       54346.392     -99.9900     0.110000      54346.4      20.1880    0.0410000      54346.4      19.8580    0.0320000      54346.4      19.9100    0.0360000      54346.4      19.9370     0.136000
       54348.396      20.3160    0.0680000      54348.4      20.2700    0.0370000      54348.4      19.8810    0.0240000      54348.4      19.8760    0.0260000      54348.4      19.9680     0.111000
       54358.352      20.1030    0.0640000      54358.4      20.2680    0.0390000      54358.4      19.9380    0.0250000      54358.4      20.0000    0.0350000      54358.4     -99.9900     0.132000
       54365.385     -99.9900    0.0510000      54365.4      20.2560    0.0300000      54365.4      19.8840    0.0260000      54365.4      19.9480    0.0280000      54365.4      20.0010     0.124000
       54381.405      20.1500    0.0700000      54381.4      20.2760    0.0320000      54381.4      19.9720    0.0370000      54381.4      19.9790    0.0450000      54381.4     -99.9900     0.122000
       54384.411      20.1600    0.0600000      54384.4      20.2710    0.0310000      54384.4      19.9270    0.0260000      54384.4      19.9290    0.0310000      54384.4      19.7600    0.0990000
       54386.397      20.0020    0.0550000      54386.4      20.2510    0.0290000      54386.4      19.8940    0.0240000      54386.4      19.9770    0.0310000      54386.4      20.0180     0.129000
       54388.401      20.2880    0.0630000      54388.4      20.3080    0.0220000      54388.4      19.9620    0.0220000      54388.4      19.9340    0.0290000      54388.4      20.2720     0.133000
       54392.399      20.2450    0.0880000      54392.4      20.2850    0.0370000      54392.4     -99.9900    0.0360000      54392.4      19.9810    0.0480000      54392.4      20.6110     0.315000
       54404.373      20.2570     0.106000      54404.4      20.3370    0.0370000      54404.4      19.9670    0.0350000      54404.4      19.9630    0.0360000      54404.4      19.9440     0.131000
       54405.371      20.3440    0.0850000      54405.4      20.3250    0.0380000      54405.4      19.8790    0.0360000      54405.4      19.9350    0.0400000      54405.4      19.8050     0.104000
       54406.309      20.4080    0.0630000      54406.3      20.3300    0.0280000      54406.3      19.9610    0.0280000      54406.3      20.0080    0.0260000      54406.3      20.0810    0.0940000
       54412.335     -99.9900    0.0730000      54412.3      20.3880    0.0270000      54412.3      20.0010    0.0280000      54412.3      20.0000    0.0340000      54412.3      19.9920     0.124000
       52234.000       20.069000     0.048000000       52234.000       20.102000     0.029000000       52234.000       19.763000     0.021000000       52234.000       19.771000     0.025000000       52234.000       19.747000     0.079000000
       51075       20.013000     0.039000000       51075       20.015000     0.024000000       51075       19.708000     0.021000000       51075       19.718000     0.029000000       51075       19.648000      0.10700000
       51133       20.015000     0.036000000       51133       20.071000     0.040000000       51133       19.726000     0.026000000       51133       19.741000     0.033000000       51133       19.744000      0.10600000
       51134       20.044000     0.042000000       51134       20.020000     0.024000000       51134       19.770000     0.033000000       51134       19.781000     0.026000000       51134       19.783000     0.097000000
       51818       20.482000     0.053000000       51818       20.407000     0.040000000       51818       19.907000     0.025000000       51818       19.869000     0.031000000       51818       20.058000      0.12400000
       52170       20.038000     0.040000000       52170       20.103000     0.019000000       52170       19.789000     0.020000000       52170       19.840000     0.037000000       52170       19.634000     0.081000000
       52173       20.020000     0.050000000       52173       20.119000     0.033000000       52173       19.779000     0.024000000       52173       19.718000     0.033000000       52173       19.736000      0.13000000
       52197       20.138000     0.052000000       52197       20.149000     0.027000000       52197       19.799000     0.026000000       52197       19.716000     0.039000000       52197       19.807000      0.10800000
       52207       20.130000     0.048000000       52207       20.114000     0.030000000       52207       19.799000     0.028000000       52207       19.823000     0.030000000       52207       19.809000      0.10800000
       52231       20.076000     0.053000000       52231       20.060000     0.024000000       52231       19.735000     0.023000000       52231       19.780000     0.026000000       52231       19.753000     0.088000000
       52234       20.056000     0.045000000       52234       20.112000     0.023000000       52234       19.757000     0.022000000       52234       19.794000     0.025000000       52234       19.752000     0.071000000
       52261       20.139000      0.10400000       52261       19.993000     0.030000000       52261       19.749000     0.026000000       52261       19.763000     0.027000000       52261       19.677000     0.095000000
       52282       19.996000     0.046000000       52282       19.999000     0.027000000       52282       19.731000     0.029000000       52282       19.726000     0.038000000       52282       19.679000      0.10900000
       52287       19.910000     0.046000000       52287       19.976000     0.019000000       52287       19.706000     0.024000000       52287       19.715000     0.025000000       52287       19.554000     0.076000000
       52552       19.861000     0.041000000       52552       19.971000     0.028000000       52552       19.691000     0.019000000       52552       19.689000     0.029000000       52552       19.797000      0.10800000
       52557       19.846000     0.037000000       52557       19.950000     0.036000000       52557       19.719000     0.024000000       52557       19.718000     0.027000000       52557       19.806000      0.10200000
       52872       20.211000     0.059000000       52872       20.209000     0.029000000       52872       19.905000     0.031000000       52872       19.847000     0.033000000       52872       19.959000      0.11100000
       52908       20.143000     0.043000000       52908       20.118000     0.025000000       52908       19.904000     0.026000000       52908       19.904000     0.031000000       52908       19.947000      0.11400000
       52912       20.125000     0.047000000       52912       20.141000     0.029000000       52912       19.856000     0.023000000       52912       19.879000     0.030000000       52912       19.824000     0.098000000
       52934       20.119000     0.059000000       52934       20.220000     0.029000000       52934       19.872000     0.027000000       52934       19.910000     0.039000000       52934       19.796000      0.12400000
       52936       20.154000     0.040000000       52936       20.223000     0.023000000       52936       19.925000     0.023000000       52936       19.963000     0.034000000       52936       19.873000     0.086000000
       53270       27.630000       1.0770000       53270       20.565000     0.037000000       53270       20.118000     0.028000000       53270       19.882000     0.054000000       53270       19.995000      0.12900000
       53272       20.512000     0.077000000       53272       20.761000     0.035000000       53272       20.239000     0.030000000       53272       24.362000       2.6750000       53272       21.375000      0.45200000
       53286       20.473000     0.073000000       53286       20.563000     0.034000000       53286       20.128000     0.026000000       53286       20.153000     0.035000000       53286       20.166000      0.12800000
       53288       20.430000     0.052000000       53288       20.548000     0.024000000       53288       20.092000     0.029000000       53288       20.233000     0.035000000       53288       20.057000      0.10300000
       53294       20.399000     0.061000000       53294       20.592000     0.030000000       53294       20.183000     0.031000000       53294       20.178000     0.035000000       53294       20.203000      0.13800000
       53298       20.552000     0.062000000       53298       20.490000     0.038000000       53298       20.147000     0.032000000       53298       20.154000     0.041000000       53298       20.416000      0.19500000
       53312       20.605000      0.12200000       53312       20.496000     0.055000000       53312       20.126000     0.042000000       53312       20.175000     0.049000000       53312       19.870000      0.15300000
       53314       20.718000     0.072000000       53314       20.569000     0.030000000       53314       20.145000     0.028000000       53314       20.189000     0.038000000       53314       20.151000      0.14500000
       53319       20.440000     0.085000000       53319       20.500000     0.043000000       53319       20.150000     0.038000000       53319       20.098000     0.046000000       53319       20.626000      0.26800000
