       51081.365      20.8100    0.0930000      51081.4      20.7920    0.0350000      51081.4      20.6440    0.0400000      51081.4      20.1650    0.0380000      51081.4      20.1230     0.141000
       51819.436      20.3860    0.0700000      51819.4      20.4010    0.0260000      51819.4      20.2630    0.0300000      51819.4      19.9050    0.0290000      51819.4      19.9370     0.113000
       52225.260      20.6210    0.0690000      52225.3      20.4540    0.0240000      52225.3      20.2550    0.0270000      52225.3      19.9170    0.0280000      52225.3      19.8510    0.0940000
       52288.095      20.5450    0.0690000      52288.1      20.4480    0.0260000      52288.1      20.2730    0.0300000      52288.1      19.9130    0.0290000      52288.1      19.7370    0.0850000
       52551.368      20.0310    0.0470000      52551.4      19.9810    0.0190000      52551.4      19.8820    0.0230000      52551.4      19.7340    0.0270000      52551.4      19.5340    0.0730000
       52558.401      20.1290    0.0460000      52558.4      19.9880    0.0160000      52558.4      19.9080    0.0180000      52558.4      19.7120    0.0200000      52558.4      19.5870    0.0610000
       52576.234     -99.9900    0.0450000      52576.2      20.0140    0.0170000      52576.2      19.8700    0.0210000      52576.2      19.6640    0.0230000      52576.2      19.5180    0.0740000
       52577.289      20.0650    0.0450000      52577.3      19.9990    0.0170000      52577.3      19.8850    0.0200000      52577.3      19.6550    0.0230000      52577.3      19.7510    0.0870000
       52585.236      20.0480    0.0420000      52585.2      20.0160    0.0160000      52585.2      19.9130    0.0210000      52585.2      19.6290    0.0270000      52585.2      19.4540    0.0880000
       52909.402      20.0080    0.0440000      52909.4      19.8450    0.0150000      52909.4      19.7450    0.0170000      52909.4      19.4890    0.0190000      52909.4      19.3730    0.0590000
       52910.372      19.9250    0.0420000      52910.4      19.8170    0.0160000      52910.4      19.7530    0.0180000      52910.4      19.4950    0.0190000      52910.4      19.3040    0.0600000
       52935.300      20.0070    0.0480000      52935.3      19.8690    0.0170000      52935.3      19.7660    0.0210000      52935.3      19.5110    0.0240000      52935.3      19.5130    0.0900000
       52963.223      20.0450    0.0400000      52963.2      19.9070    0.0160000      52963.2      19.7740    0.0160000      52963.2      19.5310    0.0170000      52963.2      19.4200    0.0490000
       52971.214      19.9900    0.0430000      52971.2      19.9120    0.0170000      52971.2      19.7970    0.0200000      52971.2      19.5370    0.0200000      52971.2      19.4020    0.0590000
       53351.145      19.6410    0.0370000      53351.1     -99.9900    0.0130000      53351.1      19.4780    0.0160000      53351.1      19.3590    0.0210000      53351.1      19.2530    0.0690000
       53622.402      19.9860    0.0510000      53622.4      19.8870    0.0180000      53622.4      19.7780    0.0210000      53622.4      19.5050    0.0260000      53622.4      19.3890    0.0710000
       53634.352     -99.9900     0.121000      53634.4     -99.9900    0.0540000      53634.4      19.7040    0.0500000      53634.4      19.5650    0.0540000      53634.4     -99.9900    0.0810000
       53638.393      19.8200    0.0460000      53638.4      19.8450    0.0190000      53638.4      19.7460    0.0200000      53638.4      19.5340    0.0210000      53638.4      19.5030    0.0730000
       53640.357      19.8650    0.0450000      53640.4      19.8380    0.0180000      53640.4      19.7180    0.0190000      53640.4      19.4900    0.0200000      53640.4      19.4680    0.0660000
       53646.418      19.9220    0.0500000      53646.4     -99.9900    0.0180000      53646.4     -99.9900    0.0510000      53646.4     -99.9900    0.0280000      53646.4      19.4540    0.0810000
       53655.329      19.9450    0.0470000      53655.3      19.8160    0.0160000      53655.3      19.7020    0.0200000      53655.3      19.4820    0.0230000      53655.3      19.3560    0.0740000
       53664.354      19.6230     0.111000      53664.4      19.7780    0.0460000      53664.4      19.6250    0.0510000      53664.4     -99.9900    0.0560000      53664.4      19.1080     0.112000
       53665.419      19.9340    0.0940000      53665.4      19.8270    0.0300000      53665.4      19.8490    0.0310000      53665.4      19.5150    0.0260000      53665.4      19.4370    0.0870000
       53669.313      19.8710    0.0420000      53669.3      19.8630    0.0170000      53669.3      19.7710    0.0190000      53669.3      19.5100    0.0210000      53669.3      19.3910    0.0630000
       53671.398     -99.9900    0.0630000      53671.4      19.8970    0.0200000      53671.4      19.7490    0.0300000      53671.4      19.5440    0.0320000      53671.4      19.4050    0.0790000
       53674.298      19.8160    0.0560000      53674.3      19.8880    0.0220000      53674.3      19.7930    0.0250000      53674.3      19.5470    0.0290000      53674.3      19.2590    0.0840000
       53676.387      19.8420    0.0480000      53676.4      19.8910    0.0180000      53676.4      19.7720    0.0200000      53676.4      19.4850    0.0190000      53676.4      19.4260    0.0610000
       53679.359      20.0750    0.0820000      53679.4      19.8570    0.0230000      53679.4      19.7590    0.0280000      53679.4      19.4830    0.0300000      53679.4      19.4190     0.133000
       53681.350      19.9500    0.0470000      53681.4      19.8860    0.0160000      53681.3      19.7650    0.0190000      53681.3      19.5060    0.0190000      53681.4      19.3730    0.0600000
       53684.312      19.9130    0.0570000      53684.3      19.8140    0.0230000      53684.3      19.7290    0.0230000      53684.3      19.4640    0.0260000      53684.3      19.1800    0.0670000
       53694.323      19.8520     0.175000      53694.3     -99.9900    0.0550000      53694.3      19.6300    0.0500000      53694.3     -99.9900    0.0510000      53694.3     -99.9900     0.134000
       53697.307      19.9300    0.0550000      53697.3      19.8230    0.0210000      53697.3      19.7130    0.0200000      53697.3      19.4790    0.0200000      53697.3      19.3250    0.0590000
       53700.306      19.8090    0.0550000      53700.3      19.8130    0.0190000      53700.3      19.7250    0.0240000      53700.3      19.4050    0.0280000      53700.3      19.3300    0.0920000
       53705.293      19.9160    0.0550000      53705.3      19.7710    0.0190000      53705.3      19.7730    0.0200000      53705.3      19.4760    0.0240000      53705.3      19.3390    0.0830000
       53975.378     -99.9900    0.0510000      53975.4      19.9150    0.0230000      53975.4      19.8090    0.0180000      53975.4      19.5400    0.0210000      53975.4      19.3780    0.0660000
       53993.390     -99.9900    0.0770000      53993.4     -99.9900    0.0350000      53993.4     -99.9900    0.0330000      53993.4     -99.9900    0.0460000      53993.4     -99.9900    0.0560000
       53994.401     -99.9900    0.0420000      53994.4      19.9220    0.0180000      53994.4      19.8640    0.0250000      53994.4      19.6050    0.0310000      53994.4      19.4540    0.0570000
       53996.385     -99.9900    0.0440000      53996.4      19.9310    0.0260000      53996.4      19.8130    0.0560000      53996.4      19.5410    0.0250000      53996.4      19.4350    0.0660000
       54005.398      19.9120    0.0430000      54005.4      19.9420    0.0210000      54005.4      19.8180    0.0160000      54005.4      19.5480    0.0190000      54005.4      19.3620    0.0460000
       54010.339      19.9630    0.0410000      54010.3      19.9490    0.0240000      54010.3      19.8060    0.0240000      54010.3      19.5440    0.0230000      54010.3      19.4040    0.0420000
       54012.332      19.9390    0.0830000      54012.3      19.9530    0.0320000      54012.3      19.7890    0.0280000      54012.3      19.5170    0.0300000      54012.3      19.5900    0.0770000
       54020.338     -99.9900    0.0760000      54020.3     -99.9900    0.0350000      54020.3      19.8060    0.0270000      54020.3      19.5930    0.0300000      54020.3      19.3890    0.0790000
       54024.419      19.8220    0.0590000      54024.4      19.8780    0.0270000      54024.4      19.8490    0.0280000      54024.4      19.5410    0.0300000      54024.4      19.2080    0.0690000
       54028.408      19.9120    0.0500000      54028.4      19.9410    0.0230000      54028.4      19.8120    0.0240000      54028.4      19.5700    0.0260000      54028.4      19.4080    0.0710000
       54030.331      19.9480    0.0380000      54030.3      19.9190    0.0200000      54030.3      19.8160    0.0210000      54030.3      19.6150    0.0230000      54030.3      19.4960    0.0560000
       54035.407      19.8990    0.0700000      54035.4      19.8860    0.0360000      54035.4      19.8190    0.0550000      54035.4      19.5320    0.0300000      54035.4      19.4610     0.100000
       54037.313     -99.9900    0.0380000      54037.3      19.9240    0.0200000      54037.3      19.8280    0.0240000      54037.3      19.5620    0.0260000      54037.3      19.6120    0.0530000
       54040.327      19.8610    0.0630000      54040.3      19.8910    0.0330000      54040.3      19.7810    0.0250000      54040.3      19.5560    0.0290000      54040.3      19.5270    0.0760000
       54047.358     -99.9900     0.267000      54047.4      20.0950     0.101000      54047.4     -99.9900    0.0640000      54047.4      19.5420    0.0610000      54047.4      19.2030     0.142000
       54049.353      19.7200    0.0740000      54049.4      19.8880    0.0350000      54049.4      19.7560    0.0320000      54049.4      19.5640    0.0300000      54049.4      19.4910    0.0900000
       54053.318      19.9020    0.0450000      54053.3      19.9140    0.0270000      54053.3      19.8070    0.0210000      54053.3      19.5370    0.0230000      54053.3      19.4490    0.0670000
       54056.319      19.9390    0.0580000      54056.3      19.8910    0.0250000      54056.3      19.8690    0.0250000      54056.3      19.5280    0.0270000      54056.3      19.5410    0.0920000
       54059.314      19.8610    0.0510000      54059.3     -99.9900    0.0340000      54059.3      19.8070    0.0260000      54059.3      19.5970    0.0270000      54059.3      19.4550    0.0780000
       54061.325      19.9110    0.0680000      54061.3      19.9000    0.0460000      54061.3      19.8810    0.0760000      54061.3      19.5840    0.0340000      54061.3      19.3870     0.111000
       54062.319      19.8830    0.0420000      54062.3      19.9090    0.0170000      54062.3      19.8500    0.0220000      54062.3     -99.9900    0.0230000      54062.3      19.5230    0.0780000
       54064.315      19.8830    0.0510000      54064.3      19.9270    0.0200000      54064.3      19.8270    0.0190000      54064.3      19.5330    0.0220000      54064.3      19.5840    0.0710000
       54068.299      19.8890    0.0700000      54068.3      19.9280    0.0450000      54068.3      19.8300    0.0330000      54068.3      19.6260    0.0390000      54068.3      19.5670     0.107000
       54357.357      19.8720    0.0430000      54357.4      19.9210    0.0200000      54357.4      19.9050    0.0190000      54357.4      19.6810    0.0350000      54357.4      19.5430    0.0490000
       54359.389      19.8070    0.0440000      54359.4      19.9470    0.0250000      54359.4      19.9490    0.0240000      54359.4      19.6260    0.0300000      54359.4      19.6250    0.0910000
       54362.407      19.8930    0.0370000      54362.4      19.9590    0.0200000      54362.4      19.8650    0.0240000      54362.4      19.6090    0.0220000      54362.4      19.5330    0.0610000
       54376.402      19.9050    0.0470000      54376.4      19.9350    0.0220000      54376.4      19.8950    0.0230000      54376.4      19.6290    0.0220000      54376.4      19.6100    0.0690000
       54382.387      19.9510    0.0530000      54382.4      19.9640    0.0330000      54382.4      19.9520    0.0410000      54382.4      19.6720    0.0310000      54382.4      19.5110    0.0910000
       54385.405      19.9680    0.0400000      54385.4      19.9580    0.0230000      54385.4      19.8590    0.0220000      54385.4      19.6860    0.0230000      54385.4      19.4890    0.0520000
       54387.405      19.9340    0.0780000      54387.4     -99.9900    0.0340000      54387.4      20.0030    0.0450000      54387.4      19.7230    0.0480000      54387.4      19.3970     0.135000
       54390.398     -99.9900    0.0870000      54390.4     -99.9900    0.0400000      54390.4     -99.9900     0.980000      54390.4     -99.9900     0.117000      54390.4     -99.9900      1.93100
       54391.406      19.9670    0.0870000      54391.4      20.0240    0.0340000      54391.4      19.9070    0.0420000      54391.4      19.6080    0.0490000      54391.4      19.7090     0.229000
       54402.398      19.8960     0.123000      54402.4      19.9990    0.0480000      54402.4      19.9600    0.0410000      54402.4      19.6070    0.0350000      54402.4      19.4620    0.0790000
       52522.000       20.122000     0.048000000       52522.000       20.034000     0.018000000       52522.000       19.911000     0.021000000       52522.000       19.708000     0.024000000       52522.000       19.580000     0.062000000
       51081       20.840000     0.083000000       51081       20.863000     0.036000000       51081       20.774000     0.045000000       51081       20.241000     0.036000000       51081       20.126000      0.12700000
       51132       21.027000     0.069000000       51132       20.914000     0.038000000       51132       20.624000     0.045000000       51132       20.251000     0.048000000       51132       20.215000      0.17600000
       51136       20.794000     0.056000000       51136       20.782000     0.037000000       51136       20.597000     0.040000000       51136       20.295000     0.041000000       51136       20.110000      0.13800000
       51819       20.403000     0.060000000       51819       20.428000     0.027000000       51819       20.287000     0.032000000       51819       19.932000     0.028000000       51819       19.964000      0.11000000
       52225       20.628000     0.063000000       52225       20.454000     0.029000000       52225       20.234000     0.031000000       52225       19.875000     0.026000000       52225       19.839000     0.091000000
       52288       20.572000     0.058000000       52288       20.471000     0.030000000       52288       20.293000     0.031000000       52288       19.918000     0.031000000       52288       19.735000     0.081000000
       52522       20.111000     0.043000000       52522       20.015000     0.020000000       52522       19.914000     0.022000000       52522       19.694000     0.023000000       52522       19.596000     0.064000000
       52551       20.061000     0.046000000       52551       19.991000     0.029000000       52551       19.860000     0.044000000       52551       19.730000     0.035000000       52551       19.468000     0.067000000
       52558       20.161000     0.041000000       52558       19.995000     0.037000000       52558       19.903000     0.019000000       52558       19.661000     0.028000000       52558       19.598000     0.058000000
       52576       20.040000     0.042000000       52576       20.035000     0.028000000       52576       19.874000     0.035000000       52576       19.652000     0.027000000       52576       19.484000     0.072000000
       52577       20.079000     0.040000000       52577       20.004000     0.022000000       52577       19.899000     0.023000000       52577       19.654000     0.022000000       52577       19.799000     0.086000000
       52585       20.079000     0.058000000       52585       20.030000     0.025000000       52585       19.906000     0.021000000       52585       19.638000     0.030000000       52585       19.454000     0.085000000
       52640       20.010000     0.042000000       52640       19.920000     0.032000000       52640       19.765000     0.028000000       52640       19.567000     0.039000000       52640       19.574000     0.093000000
       52909       19.988000     0.042000000       52909       19.861000     0.025000000       52909       19.752000     0.019000000       52909       19.495000     0.021000000       52909       19.397000     0.058000000
       52910       19.966000     0.038000000       52910       19.869000     0.022000000       52910       19.785000     0.019000000       52910       19.501000     0.022000000       52910       19.330000     0.059000000
       52935       20.025000     0.047000000       52935       19.896000     0.021000000       52935       19.770000     0.022000000       52935       19.509000     0.026000000       52935       19.528000     0.088000000
       52971       19.943000     0.037000000       52971       19.905000     0.030000000       52971       19.785000     0.020000000       52971       19.513000     0.022000000       52971       19.393000     0.058000000
       53351       19.671000     0.038000000       53351       19.511000     0.025000000       53351       19.482000     0.021000000       53351       19.349000     0.028000000       53351       19.220000     0.069000000
       54424       20.102000     0.086000000       54424       20.056000     0.039000000       54424       19.938000     0.032000000       54424       19.728000     0.030000000       54424       19.540000     0.067000000
