       51075.372      20.4910    0.0620000      51075.4      20.1960    0.0200000      51075.4      20.1250    0.0310000      51075.4      19.8330    0.0340000      51075.4      19.8600     0.127000
       52170.392      20.6270    0.0710000      52170.4      20.4980    0.0240000      52170.4      20.3280    0.0270000      52170.4      20.0630    0.0340000      52170.4      20.3110     0.147000
       52196.391      20.6850    0.0860000      52196.4      20.3890    0.0240000      52196.4      20.2850    0.0300000      52196.4      20.0890    0.0450000      52196.4      20.1280     0.149000
       52207.358      20.6540    0.0780000      52207.4      20.3320    0.0230000      52207.4      20.2390    0.0320000      52207.4      20.0650    0.0350000      52207.4      19.8170     0.100000
       52224.286      20.4840    0.0600000      52224.3      20.3180    0.0210000      52224.3      20.2280    0.0240000      52224.3      20.0650    0.0310000      52224.3      20.1990     0.116000
       52231.271      20.6940    0.0790000      52231.3      20.2660    0.0200000      52231.3      20.2900    0.0280000      52231.3      20.0180    0.0360000      52231.3      20.0290     0.121000
       52234.242     -99.9900    0.0620000      52234.2      20.3460    0.0210000      52234.2      20.3240    0.0270000      52234.2      20.0940    0.0310000      52234.2      20.0040    0.0910000
       52261.206      20.5160    0.0720000      52261.2      20.2560    0.0220000      52261.2      20.1570    0.0270000      52261.2      20.0410    0.0340000      52261.2      20.1260     0.125000
       52282.132      20.6420    0.0800000      52282.1      20.3010    0.0260000      52282.1      20.1920    0.0320000      52282.1      19.9430    0.0380000      52282.1      19.9750     0.125000
       52287.086      20.7170    0.0780000      52287.1      20.3060    0.0230000      52287.1      20.2250    0.0310000      52287.1      20.0350    0.0360000      52287.1      20.0440     0.127000
       52552.405      20.7190    0.0790000      52552.4      20.3950    0.0240000      52552.4      20.2730    0.0280000      52552.4      20.0740    0.0350000      52552.4      20.2170     0.137000
       52557.379      20.8620    0.0950000      52557.4      20.4500    0.0250000      52557.4      20.3120    0.0290000      52557.4      20.1050    0.0390000      52557.4      20.1120     0.147000
       52908.354      20.6240    0.0730000      52908.4      20.4350    0.0240000      52908.4      20.3310    0.0280000      52908.4      20.1680    0.0370000      52908.4      20.0030     0.113000
       52912.333      20.6840    0.0810000      52912.3      20.3900    0.0240000      52912.3      20.3120    0.0290000      52912.3      20.1190    0.0370000      52912.3      20.0680     0.124000
       52934.286      20.7620    0.0880000      52934.3      20.4270    0.0260000      52934.3      20.3710    0.0340000      52934.3      20.1450    0.0430000      52934.3      19.8120     0.127000
       52936.282      20.7640    0.0720000      52936.3      20.5500    0.0510000      52936.3      20.3900    0.0310000      52936.3      20.1230    0.0370000      52936.3     -99.9900     0.111000
       53270.346      20.6790    0.0760000      53270.3      20.4480    0.0230000      53270.3     -99.9900     0.732000      53270.3      20.1780    0.0380000      53270.3      20.1710     0.123000
       53272.396      20.5770    0.0930000      53272.4      20.3610    0.0270000      53272.4      20.2650    0.0330000      53272.4      20.0430    0.0440000      53272.4      20.1360     0.157000
       53286.364      20.8190     0.106000      53286.4      20.5370    0.0290000      53286.4      20.3400    0.0320000      53286.4      20.2100    0.0400000      53286.4      20.1980     0.130000
       53288.323      20.6640    0.0770000      53288.3      20.5020    0.0250000      53288.3      20.3750    0.0280000      53288.3      20.0900    0.0340000      53288.3      20.2080     0.132000
       53294.371      20.7850    0.0930000      53294.4      20.4830    0.0260000      53294.4      20.3810    0.0360000      53294.4      20.1380    0.0410000      53294.4      19.9820     0.108000
       53296.318      20.6660    0.0990000      53296.3      20.4830    0.0280000      53296.3      20.3760    0.0460000      53296.3      20.2430    0.0580000      53296.3      19.8700     0.139000
       53298.367      20.8110    0.0960000      53298.4      20.5170    0.0250000      53298.4      20.3470    0.0400000      53298.4      20.2030    0.0510000      53298.4      20.2900     0.173000
       53302.319      20.4930     0.122000      53302.3      20.4630    0.0480000      53302.3      20.4070    0.0560000      53302.3      20.2570    0.0560000      53302.3      20.1570     0.140000
       53312.274      20.5780     0.130000      53312.3      20.4040    0.0520000      53312.3      20.3190    0.0540000      53312.3      20.1040    0.0630000      53312.3      20.4960     0.262000
       53314.275      20.7220    0.0840000      53314.3      20.4670    0.0270000      53314.3      20.4100    0.0360000      53314.3      20.1500    0.0430000      53314.3      20.1500     0.143000
       53319.263      20.7600     0.116000      53319.3      20.4650    0.0310000      53319.3      20.3650    0.0430000      53319.3      20.0670    0.0520000      53319.3      20.1640     0.179000
       53616.380      20.4740     0.122000      53616.4      20.3470    0.0310000      53616.4      20.3260    0.0460000      53616.4      20.0760    0.0570000      53616.4      19.7810     0.142000
       53626.356      20.5510     0.113000      53626.4      20.4710    0.0390000      53626.4      20.4520    0.0320000      53626.4      20.1990    0.0450000      53626.4      20.1330     0.144000
       53628.341      20.5040     0.144000      53628.3      20.4100    0.0560000      53628.3      20.3840    0.0470000      53628.3      20.0900    0.0500000      53628.3      19.8750     0.130000
       53637.343      20.5820     0.118000      53637.3      20.5020    0.0450000      53637.3      20.3210    0.0420000      53637.3      20.0910    0.0460000      53637.3      19.9280     0.139000
       53639.388      20.7740    0.0970000      53639.4      20.4410    0.0280000      53639.4      20.3930    0.0310000      53639.4      20.0870    0.0330000      53639.4      20.0390     0.107000
       53641.387      20.7440    0.0970000      53641.4      20.4480    0.0250000      53641.4      20.3600    0.0290000      53641.4      20.1700    0.0380000      53641.4      20.2740     0.131000
       53657.346      21.2530     0.522000      53657.3      20.2440    0.0820000      53657.3      20.4170     0.121000      53657.3      20.0660    0.0930000      53657.3     -99.9900     0.386000
       53663.331      20.8080     0.167000      53663.3      20.4680    0.0500000      53663.3      20.4580    0.0510000      53663.3      20.2360    0.0520000      53663.3      19.2250    0.0610000
       53666.401      20.7420     0.164000      53666.4      20.5140    0.0440000      53666.4      20.3840    0.0440000      53666.4      20.1720    0.0460000      53666.4      20.2260     0.154000
       53668.320      20.7690     0.123000      53668.3      20.4780    0.0370000      53668.3      20.3370    0.0410000      53668.3      20.1110    0.0460000      53668.3      20.1470     0.163000
       53669.408      20.9280     0.206000      53669.4      20.5560    0.0470000      53669.4      20.6250    0.0590000      53669.4      20.1770    0.0540000      53669.4      20.1200     0.162000
       53670.325     -99.9900     0.130000      53670.3     -99.9900    0.0290000      53670.3      20.4060    0.0380000      53670.3      20.2500    0.0460000      53670.3      20.2430     0.177000
       53673.293      20.8320    0.0940000      53673.3      20.6050    0.0260000      53673.3      20.5200    0.0320000      53673.3      20.2210    0.0370000      53673.3      20.1700     0.122000
       53675.290      21.0120     0.106000      53675.3      20.5450    0.0260000      53675.3      20.4920    0.0360000      53675.3      20.1490    0.0430000      53675.3      20.1000     0.136000
       53677.311      20.8380    0.0890000      53677.3      20.5760    0.0240000      53677.3      20.4260    0.0300000      53677.3      20.1970    0.0350000      53677.3      20.2070     0.103000
       53680.298      20.8350    0.0880000      53680.3      20.5420    0.0260000      53680.3      20.4710    0.0330000      53680.3      20.2260    0.0390000      53680.3      20.1950     0.114000
       53686.297      20.4700     0.206000      53686.3      20.7380     0.105000      53686.3      20.5550    0.0920000      53686.3      20.2700    0.0830000      53686.3      20.7710     0.310000
       53693.300      21.2980     0.361000      53693.3      20.5370    0.0680000      53693.3      20.4320    0.0540000      53693.3      20.2050    0.0590000      53693.3      20.1970     0.155000
       53698.297      20.8170     0.100000      53698.3      20.5580    0.0280000      53698.3      20.4840    0.0330000      53698.3      20.2350    0.0400000      53698.3      20.2550     0.144000
       53704.283      20.7740     0.116000      53704.3      20.5190    0.0280000      53704.3      20.4360    0.0370000      53704.3      20.2270    0.0550000      53704.3      20.1670     0.148000
       53989.379      21.2220     0.298000      53989.4      20.5280    0.0760000      53989.4      20.4460    0.0630000      53989.4      20.1080    0.0560000      53989.4      20.1200     0.139000
       53995.394      20.7540    0.0700000      53995.4      20.5060    0.0230000      53995.4      20.4570    0.0280000      53995.4      20.1850    0.0360000      53995.4     -99.9900     0.104000
       53995.418     -99.9900    0.0720000      53995.4      20.4840    0.0360000      53995.4      20.4940    0.0290000      53995.4      20.1980    0.0350000      53995.4      20.2160     0.103000
       54000.354      20.7100    0.0890000      54000.4      20.5420    0.0280000      54000.4      20.4690    0.0410000      54000.4      20.1610    0.0480000      54000.4      20.5980     0.207000
       54007.404      21.0360     0.138000      54007.4      20.5150    0.0400000      54007.4      20.4420    0.0410000      54007.4      20.1800    0.0510000      54007.4      20.1530     0.154000
       54009.328      20.8640    0.0810000      54009.3      20.5400    0.0280000      54009.3      20.4120    0.0300000      54009.3      20.1730    0.0350000      54009.3     -99.9900     0.113000
       54011.393      20.8270    0.0680000      54011.4      20.6080    0.0260000      54011.4      20.4360    0.0260000      54011.4     -99.9900    0.0340000      54011.4      20.2580     0.106000
       54025.392      20.6960     0.101000      54025.4      20.5440    0.0310000      54025.4      20.4620    0.0410000      54025.4      20.3000    0.0520000      54025.4      20.7340     0.266000
       54346.385      20.6610     0.138000      54346.4      20.3660    0.0480000      54346.4      20.3120    0.0440000      54346.4      20.1060    0.0470000      54346.4      20.0350     0.118000
       54348.389      20.4800    0.0790000      54348.4      20.3550    0.0280000      54348.4      20.2450    0.0300000      54348.4      20.1110    0.0370000      54348.4      20.0200     0.109000
       54358.345      20.7960     0.132000      54358.3      20.3330    0.0270000      54358.3      20.2220    0.0320000      54358.3      20.0740    0.0470000      54358.3      20.1570     0.164000
       54359.339      21.0580     0.248000      54359.3      20.3780    0.0340000      54359.3      20.2260    0.0800000      54359.3      20.1540    0.0960000      54359.3      20.6640     0.431000
       54365.378      20.4800    0.0710000      54365.4      20.4060    0.0360000      54365.4      20.3160    0.0320000      54365.4      20.1020    0.0340000      54365.4      20.1920     0.110000
       54381.398      20.7690     0.114000      54381.4      20.3770    0.0330000      54381.4      20.3520    0.0360000      54381.4      20.1010    0.0430000      54381.4      20.1720     0.125000
       54384.405      20.4440    0.0710000      54384.4      20.4050    0.0300000      54384.4      20.2630    0.0280000      54384.4      20.0740    0.0370000      54384.4      19.9770    0.0960000
       54386.390      20.7550    0.0860000      54386.4      20.3900    0.0260000      54386.4      20.3170    0.0350000      54386.4      20.1140    0.0420000      54386.4      20.1620     0.112000
       54388.395      20.6530    0.0830000      54388.4      20.3790    0.0260000      54388.4      20.3340    0.0350000      54388.4      20.0320    0.0330000      54388.4      20.0600    0.0920000
       54392.392      20.5240     0.101000      54392.4      20.3020    0.0310000      54392.4      20.3310    0.0450000      54392.4      20.0560    0.0560000      54392.4      20.3620     0.201000
       54403.308      20.9220     0.289000      54403.3      20.2950    0.0890000      54403.3      20.2220     0.140000      54403.3      20.1090     0.114000      54403.3      20.2900     0.373000
       54404.366      20.6410     0.128000      54404.4      20.4050    0.0360000      54404.4      20.3820    0.0540000      54404.4      19.9730    0.0410000      54404.4      20.0690     0.121000
       54405.364      20.6760     0.119000      54405.4      20.3930    0.0360000      54405.4      20.2700    0.0360000      54405.4      20.0850    0.0370000      54405.4      20.1050     0.130000
       54406.302      20.7490    0.0730000      54406.3      20.3790    0.0210000      54406.3      20.3430    0.0310000      54406.3      20.2020    0.0340000      54406.3      20.2340     0.101000
       54412.328      20.5930    0.0960000      54412.3      20.3990    0.0250000      54412.3      20.4120    0.0370000      54412.3      20.0870    0.0470000      54412.3      19.9420     0.121000
       52234.000       20.510000     0.062000000       52234.000       20.353000     0.031000000       52234.000       20.319000     0.031000000       52234.000       20.088000     0.031000000       52234.000       19.972000     0.085000000
       51075       20.480000     0.055000000       51075       20.218000     0.029000000       51075       20.125000     0.024000000       51075       19.882000     0.035000000       51075       19.859000      0.12400000
       51133       20.599000     0.061000000       51133       20.175000     0.026000000       51133       20.174000     0.039000000       51133       19.909000     0.046000000       51133       19.929000      0.14000000
       51134       20.543000     0.055000000       51134       20.245000     0.027000000       51134       20.180000     0.032000000       51134       19.881000     0.034000000       51134       19.879000     0.098000000
       51818       20.611000     0.058000000       51818       20.241000     0.027000000       51818       20.245000     0.026000000       51818       19.949000     0.030000000       51818       19.942000      0.10900000
       52170       20.630000     0.062000000       52170       20.520000     0.031000000       52170       20.334000     0.029000000       52170       20.091000     0.036000000       52170       20.262000      0.14100000
       52173       20.780000     0.097000000       52173       20.425000     0.031000000       52173       20.339000     0.037000000       52173       20.182000     0.051000000       52173       20.155000      0.17600000
       52197       20.723000     0.088000000       52197       20.415000     0.026000000       52197       20.328000     0.031000000       52197       20.036000     0.040000000       52197       20.109000      0.14800000
       52207       20.631000     0.065000000       52207       20.365000     0.028000000       52207       20.270000     0.028000000       52207       20.135000     0.036000000       52207       19.842000     0.095000000
       52224       20.582000     0.060000000       52224       20.356000     0.028000000       52224       20.246000     0.024000000       52224       20.077000     0.030000000       52224       20.213000      0.11300000
       52231       20.699000     0.069000000       52231       20.294000     0.028000000       52231       20.302000     0.036000000       52231       20.012000     0.036000000       52231       19.997000      0.11500000
       52234       20.506000     0.056000000       52234       20.335000     0.035000000       52234       20.315000     0.031000000       52234       20.092000     0.031000000       52234       19.975000     0.086000000
       52261       20.523000     0.062000000       52261       20.265000     0.027000000       52261       20.160000     0.033000000       52261       20.044000     0.035000000       52261       20.125000      0.12200000
       52282       20.673000     0.068000000       52282       20.460000      0.11000000       52282       20.224000     0.034000000       52282       19.979000     0.039000000       52282       19.971000      0.11900000
       52287       20.746000     0.065000000       52287       20.323000     0.035000000       52287       20.254000     0.033000000       52287       20.070000     0.037000000       52287       20.059000      0.12400000
       52552       20.760000     0.070000000       52552       20.424000     0.036000000       52552       20.291000     0.033000000       52552       20.107000     0.039000000       52552       20.262000      0.13700000
       52557       20.810000     0.081000000       52557       20.445000     0.032000000       52557       20.323000     0.032000000       52557       20.109000     0.041000000       52557       20.127000      0.14400000
       52872       20.734000     0.089000000       52872       20.399000     0.032000000       52872       20.440000     0.032000000       52872       20.245000     0.042000000       52872       20.359000      0.14200000
       52908       20.626000     0.063000000       52908       20.439000     0.030000000       52908       20.339000     0.027000000       52908       20.192000     0.039000000       52908       20.021000      0.11300000
       52912       20.734000     0.070000000       52912       20.420000     0.027000000       52912       20.337000     0.029000000       52912       20.137000     0.038000000       52912       20.045000      0.11800000
       52934       20.746000     0.074000000       52934       20.431000     0.026000000       52934       20.371000     0.035000000       52934       20.152000     0.043000000       52934       19.815000      0.12500000
       52936       20.776000     0.063000000       52936       20.546000     0.030000000       52936       20.389000     0.032000000       52936       20.155000     0.037000000       52936       19.953000      0.10900000
       53270       20.735000     0.072000000       53270       20.472000     0.024000000       53270       22.120000      0.77300000       53270       20.206000     0.041000000       53270       20.158000      0.13200000
       53272       20.678000     0.080000000       53272       20.458000     0.028000000       53272       20.394000     0.037000000       53272       20.162000     0.043000000       53272       20.266000      0.15200000
       53286       20.843000     0.094000000       53286       20.549000     0.032000000       53286       20.341000     0.032000000       53286       20.203000     0.038000000       53286       20.215000      0.13000000
       53288       20.710000     0.071000000       53288       20.524000     0.032000000       53288       20.413000     0.034000000       53288       20.135000     0.036000000       53288       20.196000      0.12600000
       53294       20.785000     0.075000000       53294       20.461000     0.030000000       53294       20.379000     0.039000000       53294       20.142000     0.041000000       53294       19.957000      0.10400000
       53298       20.812000     0.081000000       53298       20.512000     0.031000000       53298       20.341000     0.043000000       53298       20.195000     0.051000000       53298       20.309000      0.17100000
       53312       20.511000      0.13300000       53312       20.492000     0.088000000       53312       20.339000     0.060000000       53312       20.071000     0.076000000       53312       20.482000      0.27700000
       53314       20.720000     0.073000000       53314       20.451000     0.032000000       53314       20.399000     0.039000000       53314       20.170000     0.044000000       53314       20.104000      0.13800000
       53319       20.755000      0.11200000       53319       20.484000     0.034000000       53319       20.373000     0.047000000       53319       20.077000     0.079000000       53319       20.129000      0.17200000
