       51075.371      20.3080    0.0470000      51075.4      20.2980    0.0240000      51075.4      20.0890    0.0240000      51075.4      20.0150    0.0360000      51075.4      20.2090     0.166000
       52170.391      20.6080    0.0600000      52170.4      20.5080    0.0270000      52170.4      20.3250    0.0260000      52170.4      20.1400    0.0330000      52170.4      20.2650     0.134000
       52196.390      20.4780    0.0680000      52196.4      20.3490    0.0260000      52196.4      20.1600    0.0280000      52196.4      20.1390    0.0380000      52196.4      20.0430     0.145000
       52207.356      20.5000    0.0610000      52207.4      20.4240    0.0260000      52207.4      20.1050    0.0230000      52207.4      20.0630    0.0310000      52207.4      19.9760     0.105000
       52224.285      20.4840    0.0560000      52224.3      20.3390    0.0240000      52224.3      20.1120    0.0220000      52224.3      20.0220    0.0280000      52224.3      20.0430    0.0950000
       52231.270      20.2780    0.0540000      52231.3      20.3400    0.0250000      52231.3      20.1130    0.0230000      52231.3      20.0730    0.0320000      52231.3      20.1420     0.123000
       52234.241      20.4380    0.0560000      52234.2      20.2720    0.0230000      52234.2      20.0630    0.0220000      52234.2      20.0200    0.0290000      52234.2      19.7680    0.0730000
       52261.205      20.3220    0.0550000      52261.2      20.2720    0.0250000      52261.2      20.0990    0.0240000      52261.2      19.9820    0.0320000      52261.2      19.9350    0.0970000
       52282.131      20.2930    0.0570000      52282.1      20.2450    0.0250000      52282.1      20.0120    0.0260000      52282.1      19.9700    0.0350000      52282.1      19.6590    0.0930000
       52287.085      20.4130    0.0570000      52287.1      20.2260    0.0260000      52287.1      20.0060    0.0240000      52287.1      19.9610    0.0310000      52287.1      19.7840    0.0880000
       52552.404      20.4400    0.0550000      52552.4      20.3180    0.0240000      52552.4      20.0310    0.0220000      52552.4      19.8940    0.0300000      52552.4      19.8760    0.0980000
       52557.378      20.4410    0.0590000      52557.4      20.2490    0.0240000      52557.4      20.0570    0.0230000      52557.4      19.9270    0.0290000      52557.4      20.0130     0.126000
       52908.353      20.4160    0.0560000      52908.4      20.3130    0.0240000      52908.4      20.0620    0.0230000      52908.4      20.0420    0.0320000      52908.4      19.7070    0.0770000
       52912.332      20.2570    0.0560000      52912.3      20.2890    0.0250000      52912.3      20.1000    0.0250000      52912.3      19.9730    0.0320000      52912.3      19.9240    0.0990000
       52934.285      20.5780    0.0690000      52934.3      20.3390    0.0270000      52934.3      20.0740    0.0280000      52934.3      20.0660    0.0410000      52934.3      20.0270     0.134000
       52936.280      20.5320    0.0560000      52936.3      20.4450    0.0240000      52936.3      20.1440    0.0230000      52936.3      20.0150    0.0300000      52936.3      19.8910    0.0920000
       53270.345     -99.9900     0.151000      53270.3      20.6060    0.0320000      53270.3     -99.9900    0.0800000      53270.3     -99.9900     0.115000      53270.3      20.0470    0.0940000
       53272.394      20.6030    0.0820000      53272.4      20.6440    0.0370000      53272.4      20.2980    0.0310000      53272.4      20.1250    0.0410000      53272.4      20.0840     0.134000
       53286.363      20.7090    0.0900000      53286.4      20.5370    0.0360000      53286.4      20.2380    0.0300000      53286.4      20.1210    0.0370000      53286.4      20.3170     0.150000
       53288.322      20.6480    0.0660000      53288.3      20.6870    0.0310000      53288.3      20.2890    0.0250000      53288.3      20.1950    0.0320000      53288.3      20.3880     0.143000
       53294.369      20.7280    0.0810000      53294.4      20.5600    0.0320000      53294.4      20.3630    0.0320000      53294.4      20.2000    0.0430000      53294.4      20.0860     0.113000
       53296.316     -99.9900    0.0660000      53296.3      20.6440    0.0670000      53296.3      20.2320    0.0450000      53296.3      20.2260    0.0880000      53296.3      19.8170     0.116000
       53298.366      20.5870    0.0780000      53298.4      20.4860    0.0300000      53298.4      20.2120    0.0350000      53298.4      20.2190    0.0460000      53298.4      19.9840     0.132000
       53302.317      20.6780     0.147000      53302.3      20.5270    0.0590000      53302.3      20.2340    0.0430000      53302.3      20.1400    0.0490000      53302.3      20.1880     0.131000
       53312.273      20.6260     0.136000      53312.3      20.4560    0.0480000      53312.3      20.2220    0.0560000      53312.3      20.1960    0.0870000      53312.3      19.8220     0.138000
       53314.274      20.5850    0.0680000      53314.3      20.4900    0.0310000      53314.3      20.2310    0.0290000      53314.3      20.1600    0.0430000      53314.3      20.0280     0.123000
       53319.262      20.3100    0.0650000      53319.3      20.3970    0.0350000      53319.3      20.1800    0.0360000      53319.3      20.0600    0.0480000      53319.3      19.9410     0.165000
       53616.378      20.7650     0.112000      53616.4      20.5860    0.0420000      53616.4      20.3160    0.0400000      53616.4      20.1610    0.0570000      53616.4      20.1210     0.174000
       53626.355      20.6630    0.0830000      53626.4      20.5510    0.0380000      53626.4      20.2370    0.0320000      53626.4      20.0860    0.0370000      53626.4      19.9860     0.131000
       53628.340      20.8300     0.170000      53628.3      20.6950    0.0780000      53628.3      20.1640    0.0410000      53628.3      20.1300    0.0490000      53628.3      19.9100     0.122000
       53637.341      20.6160     0.121000      53637.3      20.5240    0.0490000      53637.3      20.3180    0.0420000      53637.3      20.1300    0.0460000      53637.3      19.9290     0.118000
       53639.387      20.7180    0.0830000      53639.4      20.4900    0.0320000      53639.4      20.2740    0.0270000      53639.4      20.1540    0.0330000      53639.4      20.0870    0.0980000
       53641.386      20.6730    0.0800000      53641.4      20.5470    0.0320000      53641.4      20.2470    0.0250000      53641.4      20.1080    0.0330000      53641.4      20.0150     0.103000
       53657.345      20.2690     0.208000      53657.3      20.4500     0.117000      53657.3      20.1480    0.0860000      53657.3      20.2180     0.109000      53657.3      20.0810     0.271000
       53663.329      20.8250     0.158000      53663.3      20.4800    0.0540000      53663.3      20.2800    0.0380000      53663.3      20.2200    0.0410000      53663.3      20.4100     0.152000
       53666.399      20.6300     0.144000      53666.4      20.5400    0.0490000      53666.4      20.2950    0.0390000      53666.4      20.1850    0.0400000      53666.4      20.3110     0.148000
       53668.319      20.5730    0.0970000      53668.3      20.5480    0.0420000      53668.3      20.2060    0.0330000      53668.3      20.1690    0.0480000      53668.3      19.8980     0.116000
       53669.407      20.6950     0.158000      53669.4      20.4950    0.0500000      53669.4      20.2410    0.0410000      53669.4      20.1740    0.0520000      53669.4      19.8190     0.129000
       53670.324      20.6830    0.0910000      53670.3      20.5430    0.0370000      53670.3      20.2850    0.0300000      53670.3      20.1610    0.0420000      53670.3      20.0500     0.142000
       53673.292      20.5860    0.0640000      53673.3      20.5200    0.0290000      53673.3      20.2470    0.0260000      53673.3      20.1240    0.0310000      53673.3      19.8810    0.0880000
       53675.289      20.5870    0.0640000      53675.3      20.5350    0.0280000      53675.3      20.2460    0.0310000      53675.3      20.1280    0.0380000      53675.3      20.3610     0.173000
       53677.310      20.6420    0.0680000      53677.3      20.4890    0.0270000      53677.3      20.2470    0.0260000      53677.3      20.1490    0.0310000      53677.3      20.2940     0.116000
       53680.296      20.6970    0.0680000      53680.3      20.5560    0.0270000      53680.3      20.2780    0.0260000      53680.3      20.2310    0.0340000      53680.3      20.0190    0.0890000
       53693.298      20.7970     0.202000      53693.3      20.6100    0.0780000      53693.3      20.2530    0.0420000      53693.3      20.1410    0.0440000      53693.3      20.2130     0.160000
       53698.296      20.5600    0.0710000      53698.3      20.5390    0.0330000      53698.3      20.2630    0.0270000      53698.3      20.1140    0.0350000      53698.3      20.0390     0.109000
       53704.282      20.6810     0.103000      53704.3      20.3940    0.0330000      53704.3      20.1860    0.0300000      53704.3      20.1310    0.0440000      53704.3      19.7720     0.125000
       53989.378      20.6100     0.164000      53989.4      20.4120    0.0730000      53989.4      20.2630    0.0580000      53989.4      20.1550    0.0510000      53989.4      19.9360     0.108000
       53995.392      20.6140    0.0610000      53995.4      20.5020    0.0300000      53995.4      20.2870    0.0230000      53995.4      20.2720    0.0320000      53995.4      20.1050    0.0920000
       54000.353      20.6620    0.0830000      54000.4      20.5670    0.0410000      54000.4      20.2790    0.0310000      54000.4      20.1430    0.0450000      54000.4      20.1410     0.146000
       54006.300      99.9590      99.9990      54006.3     -99.9900    0.0520000      54006.3     -99.9900    0.0880000      54006.3     -99.9900     0.843000      54006.3     -99.9900     0.131000
       54007.403      20.6690    0.0930000      54007.4      20.4370    0.0380000      54007.4      20.2840    0.0300000      54007.4      20.2010    0.0470000      54007.4      20.1110     0.152000
       54009.327      20.7220    0.0650000      54009.3      20.5600    0.0300000      54009.3      20.2930    0.0410000      54009.3      20.1350    0.0400000      54009.3      20.2830     0.103000
       54011.391      20.6910    0.0560000      54011.4      20.5230    0.0370000      54011.4      20.2500    0.0220000      54011.4      20.2380    0.0310000      54011.4      20.0400    0.0750000
       54025.390      20.6200    0.0810000      54025.4      20.4990    0.0350000      54025.4      20.2190    0.0330000      54025.4      20.0130    0.0420000      54025.4      19.9050     0.117000
       54029.321      20.6080    0.0760000      54029.3      20.5120    0.0320000      54029.3     -99.9900    0.0510000      54029.3      20.0880    0.0370000      54029.3      20.1030     0.132000
       54346.384      20.8900     0.161000      54346.4      20.6280    0.0600000      54346.4      20.4420    0.0520000      54346.4      20.3440    0.0540000      54346.4      20.2040     0.126000
       54348.388      20.9240     0.135000      54348.4      20.7830    0.0430000      54348.4      20.4590    0.0360000      54348.4      20.4280    0.0490000      54348.4      20.0860     0.110000
       54358.344      21.0840     0.119000      54358.3      20.7730    0.0520000      54358.3      20.4440    0.0500000      54358.3      20.3730    0.0520000      54358.3      20.2530     0.198000
       54365.377      21.0610     0.124000      54365.4      20.8260    0.0360000      54365.4      20.4350    0.0320000      54365.4      20.2610    0.0370000      54365.4      20.3100     0.127000
       54381.397      20.9710     0.101000      54381.4      20.7230    0.0430000      54381.4      20.4360    0.0450000      54381.4      20.3350    0.0450000      54381.4      20.2920     0.140000
       54384.403      20.9600    0.0900000      54384.4      20.6780    0.0440000      54384.4      20.4270    0.0290000      54384.4      20.3920    0.0390000      54384.4      20.4190     0.139000
       54386.389      20.9690     0.105000      54386.4      20.8170    0.0400000      54386.4      20.4570    0.0380000      54386.4      20.2260    0.0450000      54386.4      20.2480     0.126000
       54388.393      21.1670     0.114000      54388.4      20.7180    0.0390000      54388.4      20.5060    0.0350000      54388.4      20.3730    0.0390000      54388.4      20.0480    0.0960000
       54392.391      20.8900     0.138000      54392.4      20.7510    0.0470000      54392.4      20.4500    0.0440000      54392.4      20.2930    0.0550000      54392.4      20.3850     0.195000
       54403.307      20.4210     0.235000      54403.3      20.7630     0.130000      54403.3      20.2160     0.120000      54403.3      20.5760     0.201000      54403.3      20.2890     0.305000
       54404.365      21.4400     0.261000      54404.4      20.6790    0.0550000      54404.4      20.3220    0.0470000      54404.4      20.2820    0.0600000      54404.4      20.1660     0.132000
       54405.363      20.7880     0.110000      54405.4      20.7440    0.0530000      54405.4      20.4530    0.0330000      54405.4      20.3100    0.0370000      54405.4      20.0110     0.109000
       54406.301      20.8080    0.0690000      54406.3      20.6260    0.0350000      54406.3      20.4270    0.0270000      54406.3      20.3470    0.0330000      54406.3      20.2230    0.0960000
       54412.327      20.7350     0.103000      54412.3      20.5610    0.0390000      54412.3      20.3710    0.0370000      54412.3      20.3220    0.0500000      54412.3      20.1190     0.144000
       52234.000       20.426000     0.054000000       52234.000       20.321000     0.031000000       52234.000       20.109000     0.027000000       52234.000       20.058000     0.031000000       52234.000       19.805000     0.070000000
       51075       20.342000     0.039000000       51075       20.332000     0.033000000       51075       20.141000     0.030000000       51075       20.042000     0.036000000       51075       20.186000      0.15600000
       51133       20.276000     0.044000000       51133       20.324000     0.026000000       51133       20.104000     0.032000000       51133       19.955000     0.043000000       51133       20.141000      0.18100000
       51134       20.391000     0.042000000       51134       20.303000     0.024000000       51134       20.050000     0.031000000       51134       20.040000     0.040000000       51134       20.150000      0.12500000
       51818       20.491000     0.050000000       51818       20.470000     0.033000000       51818       20.194000     0.026000000       51818       20.118000     0.033000000       51818       20.133000      0.11000000
       52170       20.570000     0.053000000       52170       20.522000     0.032000000       52170       20.309000     0.026000000       52170       20.123000     0.033000000       52170       20.242000      0.12900000
       52173       20.573000     0.069000000       52173       20.482000     0.035000000       52173       20.203000     0.054000000       52173       20.197000     0.051000000       52173       19.897000      0.13800000
       52197       20.478000     0.060000000       52197       20.404000     0.032000000       52197       20.137000     0.027000000       52197       20.052000     0.035000000       52197       20.000000      0.13100000
       52207       20.478000     0.051000000       52207       20.443000     0.040000000       52207       20.099000     0.024000000       52207       20.066000     0.035000000       52207       19.979000      0.10300000
       52231       20.240000     0.057000000       52231       20.316000     0.036000000       52231       20.103000     0.024000000       52231       20.055000     0.034000000       52231       20.130000      0.12200000
       52234       20.427000     0.049000000       52234       20.310000     0.024000000       52234       20.113000     0.027000000       52234       20.052000     0.029000000       52234       19.809000     0.071000000
       52253       20.266000     0.076000000       52253       20.301000     0.047000000       52253       20.085000     0.037000000       52253       20.082000     0.043000000       52253       20.029000      0.14600000
       52261       20.283000     0.047000000       52261       20.267000     0.038000000       52261       20.097000     0.031000000       52261       19.995000     0.033000000       52261       19.888000     0.093000000
       52282       20.256000     0.048000000       52282       20.249000     0.035000000       52282       20.006000     0.030000000       52282       19.963000     0.039000000       52282       19.624000     0.090000000
       52287       20.334000     0.047000000       52287       20.230000     0.038000000       52287       19.974000     0.027000000       52287       19.946000     0.033000000       52287       19.737000     0.084000000
       52552       20.441000     0.050000000       52552       20.332000     0.042000000       52552       20.066000     0.024000000       52552       19.909000     0.033000000       52552       19.846000     0.092000000
       52557       20.415000     0.053000000       52557       20.245000     0.028000000       52557       20.038000     0.029000000       52557       19.909000     0.033000000       52557       19.995000      0.12400000
       52872       20.337000     0.061000000       52872       20.336000     0.043000000       52872       20.038000     0.037000000       52872       19.975000     0.032000000       52872       19.881000     0.093000000
       52908       20.359000     0.051000000       52908       20.310000     0.025000000       52908       20.043000     0.025000000       52908       20.024000     0.033000000       52908       19.674000     0.074000000
       52912       20.232000     0.046000000       52912       20.289000     0.032000000       52912       20.102000     0.031000000       52912       20.000000     0.032000000       52912       19.931000     0.095000000
       52934       20.557000     0.064000000       52934       20.345000     0.030000000       52934       20.096000     0.028000000       52934       20.076000     0.044000000       52934       19.987000      0.12700000
       52936       20.523000     0.051000000       52936       20.478000     0.035000000       52936       20.131000     0.030000000       52936       20.018000     0.030000000       52936       19.868000     0.088000000
       53270       20.624000      0.12700000       53270       20.601000     0.031000000       53270       20.262000     0.074000000       53270       20.281000      0.10700000       53270       20.019000      0.10200000
       53272       20.580000     0.068000000       53272       20.708000     0.044000000       53272       20.348000     0.038000000       53272       20.178000     0.040000000       53272       20.131000      0.12900000
       53286       20.709000     0.078000000       53286       20.597000     0.039000000       53286       20.339000     0.031000000       53286       20.197000     0.035000000       53286       20.409000      0.14600000
       53288       20.644000     0.059000000       53288       20.705000     0.035000000       53288       20.292000     0.029000000       53288       20.212000     0.033000000       53288       20.406000      0.14100000
       53294       20.720000     0.069000000       53294       20.567000     0.058000000       53294       20.361000     0.037000000       53294       20.204000     0.042000000       53294       20.069000      0.10900000
       53298       20.577000     0.069000000       53298       20.538000     0.041000000       53298       20.270000     0.037000000       53298       20.289000     0.047000000       53298       20.019000      0.12800000
       53312       20.588000      0.14100000       53312       20.438000     0.047000000       53312       20.205000     0.060000000       53312       20.230000     0.087000000       53312       19.802000      0.14800000
       53314       20.566000     0.064000000       53314       20.517000     0.033000000       53314       20.232000     0.031000000       53314       20.154000     0.042000000       53314       20.030000      0.12100000
       53319       20.242000     0.065000000       53319       20.427000     0.041000000       53319       20.245000     0.036000000       53319       20.098000     0.045000000       53319       19.961000      0.16200000
