       51081.364      20.6450    0.0740000      51081.4      20.6720    0.0310000      51081.4      20.2980    0.0280000      51081.4      20.3400    0.0440000      51081.4      20.2530     0.139000
       51819.435      20.3300    0.0630000      51819.4      20.4390    0.0270000      51819.4      20.1260    0.0270000      51819.4      20.0980    0.0400000      51819.4      20.1170     0.128000
       52225.260      20.3450    0.0560000      52225.3      20.4020    0.0240000      52225.3      20.1810    0.0270000      52225.3      20.1800    0.0380000      52225.3      20.1250     0.109000
       52288.094     -99.9900    0.0570000      52288.1      20.4390    0.0260000      52288.1      20.1980    0.0290000      52288.1      20.1670    0.0390000      52288.1      20.2300     0.125000
       52551.367      20.7630    0.0830000      52551.4      20.7950    0.0320000      52551.4      20.4110    0.0340000      52551.4      20.3000    0.0450000      52551.4      20.4210     0.152000
       52558.400      20.7320    0.0690000      52558.4      20.7360    0.0280000      52558.4      20.4150    0.0290000      52558.4      20.3210    0.0370000      52558.4      20.1840    0.0980000
       52576.233      20.6760    0.0670000      52576.2      20.8340    0.0320000      52576.2      20.4480    0.0300000      52576.2      20.4660    0.0480000      52576.2      20.3690     0.144000
       52577.288      20.9240    0.0830000      52577.3      20.6870    0.0290000      52577.3      20.3550    0.0290000      52577.3      20.4330    0.0450000      52577.3      20.3410     0.130000
       52585.235      20.6680    0.0610000      52585.2      20.6800    0.0270000      52585.2      20.3680    0.0300000      52585.2      20.3710    0.0510000      52585.2      20.1450     0.164000
       52909.402      20.7630    0.0720000      52909.4      20.9200    0.0320000      52909.4      20.4980    0.0290000      52909.4      20.4690    0.0420000      52909.4      20.5620     0.147000
       52910.372      20.8800    0.0780000      52910.4      20.8720    0.0350000      52910.4      20.5210    0.0330000      52910.4      20.4170    0.0430000      52910.4      20.6990     0.174000
       52935.299      20.8930    0.0920000      52935.3      20.8460    0.0360000      52935.3      20.5370    0.0380000      52935.3      20.4950    0.0580000      52935.3      20.6830     0.224000
       52963.222      20.9700    0.0680000      52963.2      20.9090    0.0300000      52963.2      20.5650    0.0290000      52963.2      20.4750    0.0380000      52963.2      20.8000     0.162000
       52971.213      20.9930    0.0870000      52971.2      20.9170    0.0340000      52971.2      20.5820    0.0350000      52971.2      20.6050    0.0560000      52971.2      20.4450     0.134000
       53351.144      20.4310    0.0600000      53351.1      20.4930    0.0260000      53351.1      20.2720    0.0280000      53351.1      20.1820    0.0430000      53351.1      20.5140     0.195000
       53622.401     -99.9900    0.0830000      53622.4     -99.9900    0.0280000      53622.4     -99.9900    0.0260000      53622.4     -99.9900     0.312000      53622.4     -99.9900     0.110000
       53634.351     -99.9900     0.167000      53634.4     -99.9900    0.0650000      53634.3      20.0610    0.0640000      53634.4      20.1070    0.0790000      53634.4      20.0410     0.175000
       53638.392      20.2760    0.0640000      53638.4      20.2970    0.0300000      53638.4      20.1120    0.0290000      53638.4      20.0260    0.0360000      53638.4      20.2040     0.125000
       53640.356      20.2020    0.0570000      53640.4      20.2890    0.0240000      53640.4      20.1390    0.0240000      53640.4      20.0900    0.0340000      53640.4      20.1690     0.111000
       53646.418     -99.9900    0.0770000      53646.4      20.3060    0.0270000      53646.4     -99.9900    0.0300000      53646.4      20.0240    0.0560000      53646.4      20.0660     0.105000
       53655.328      20.1790    0.0540000      53655.3      20.3090    0.0230000      53655.3      20.1380    0.0280000      53655.3      20.1000    0.0430000      53655.3      20.0520     0.126000
       53664.353     -99.9900     0.213000      53664.4      20.3160    0.0780000      53664.4      20.2420    0.0960000      53664.4      20.1520    0.0990000      53664.4      20.1310     0.262000
       53669.313      20.2740    0.0550000      53669.3      20.3650    0.0250000      53669.3      20.1480    0.0240000      53669.3      20.1380    0.0350000      53669.3      20.0520    0.0980000
       53671.397      20.2930    0.0970000      53671.4      20.3280    0.0300000      53671.4      20.2350    0.0370000      53671.4      20.1080    0.0560000      53671.4      20.4970     0.202000
       53674.297      20.3080    0.0810000      53674.3      20.2890    0.0290000      53674.3      20.0950    0.0310000      53674.3      20.2200    0.0550000      53674.3      20.4300     0.201000
       53676.386      20.3890    0.0680000      53676.4      20.3610    0.0240000      53676.4      20.1390    0.0260000      53676.4      20.0580    0.0340000      53676.4      20.0850    0.0960000
       53679.358     -99.9900    0.0720000      53679.4     -99.9900    0.0350000      53679.4      20.1940    0.0380000      53679.4      20.0700    0.0540000      53679.4      20.1930     0.218000
       53681.350      20.2860    0.0580000      53681.4      20.3250    0.0230000      53681.3      20.1420    0.0250000      53681.3      20.0390    0.0330000      53681.4      20.1830     0.106000
       53684.311      20.3890    0.0780000      53684.3      20.3770    0.0320000      53684.3      20.1310    0.0290000      53684.3      20.1880    0.0480000      53684.3      20.1260     0.133000
       53697.307      20.2640    0.0710000      53697.3      20.3950    0.0310000      53697.3      20.1560    0.0290000      53697.3      20.1240    0.0380000      53697.3      20.0940    0.0960000
       53700.306      20.2590    0.0790000      53700.3      20.3290    0.0270000      53700.3      20.1280    0.0350000      53700.3      20.0870    0.0530000      53700.3      20.2800     0.197000
       53705.292      20.3700    0.0810000      53705.3      20.4080    0.0290000      53705.3      20.1530    0.0300000      53705.3      20.1030    0.0390000      53705.3      20.0800     0.128000
       53975.377      20.5990    0.0670000      53975.4      20.6720    0.0310000      53975.4      20.3380    0.0250000      53975.4      20.3490    0.0420000      53975.4      20.4540     0.152000
       53994.400      20.6410    0.0700000      53994.4      20.6840    0.0290000      53994.4      20.3620    0.0290000      53994.4      20.3500    0.0410000      53994.4      20.1580    0.0960000
       53996.384     -99.9900    0.0720000      53996.4      20.6500    0.0280000      53996.4      20.3940    0.0420000      53996.4      20.3810    0.0500000      53996.4      20.4740     0.170000
       54005.397     -99.9900    0.0550000      54005.4      20.6520    0.0260000      54005.4      20.3930    0.0260000      54005.4      20.2810    0.0340000      54005.4      20.6840     0.172000
       54010.338     -99.9900    0.0580000      54010.3      20.6710    0.0240000      54010.3      20.4140    0.0320000      54010.3      20.3150    0.0350000      54010.3      20.3120    0.0860000
       54012.331      20.5840     0.132000      54012.3      20.6360    0.0600000      54012.3      20.3990    0.0480000      54012.3      20.4320    0.0630000      54012.3      20.0250     0.114000
       54020.337      20.3930    0.0930000      54020.3      20.6940    0.0510000      54020.3      20.3620    0.0430000      54020.3      20.2740    0.0560000      54020.3      20.2810     0.261000
       54028.407      20.5110    0.0750000      54028.4      20.5490    0.0290000      54028.4      20.2930    0.0370000      54028.4      20.3120    0.0520000      54028.4      20.2390     0.138000
       54030.331      20.5560    0.0560000      54030.3      20.5720    0.0230000      54030.3      20.2950    0.0260000      54030.3      20.3090    0.0370000      54030.3      20.4570     0.119000
       54035.406      20.4170    0.0880000      54035.4      20.5190    0.0360000      54035.4      20.2180    0.0450000      54035.4      20.2440    0.0660000      54035.4      20.6990     0.216000
       54037.312      20.6600    0.0560000      54037.3      20.5390    0.0240000      54037.3      20.2980    0.0250000      54037.3      20.2720    0.0310000      54037.3      20.3700    0.0930000
       54040.326      20.5060    0.0880000      54040.3      20.5920    0.0490000      54040.3      20.2280    0.0390000      54040.3      20.2370    0.0490000      54040.3      20.5390      1.00000
       54047.357      20.0330     0.244000      54047.4      20.3700     0.121000      54047.4      20.2660     0.116000      54047.4      20.1370     0.120000      54047.4      20.7860     0.566000
       54049.353      20.2520     0.120000      54049.4      20.5470    0.0550000      54049.4      20.3550    0.0540000      54049.4      20.2280    0.0590000      54049.4      20.2380     0.158000
       54053.317      20.5660    0.0640000      54053.3      20.5240    0.0290000      54053.3      20.2770    0.0330000      54053.3      20.1730    0.0390000      54053.3      20.2080     0.121000
       54053.332     -99.9900    0.0610000      54053.3     -99.9900    0.0280000      54053.3     -99.9900    0.0340000      54053.3      20.2280    0.0430000      54053.3     -99.9900     0.102000
       54056.319      20.4990    0.0700000      54056.3      20.4430    0.0350000      54056.3      20.2060    0.0380000      54056.3      20.2040    0.0450000      54056.3      20.2740     0.129000
       54059.313      20.4470    0.0760000      54059.3      20.4660    0.0300000      54059.3      20.2140    0.0360000      54059.3      20.2680    0.0490000      54059.3      20.1990     0.158000
       54061.324      20.4610     0.105000      54061.3      20.3090    0.0330000      54061.3      20.2010    0.0440000      54061.3     -99.9900    0.0700000      54061.3      20.1830     0.183000
       54062.318      20.3480    0.0590000      54062.3      20.4190    0.0280000      54062.3      20.2530    0.0260000      54062.3      20.1870    0.0400000      54062.3      20.5860     0.163000
       54064.315      20.3740    0.0640000      54064.3      20.5020    0.0280000      54064.3      20.2230    0.0300000      54064.3      20.2230    0.0440000      54064.3      20.2370     0.119000
       54068.299     -99.9900     0.134000      54068.3      20.4200    0.0530000      54068.3      20.2130    0.0410000      54068.3      20.2140    0.0550000      54068.3      19.9640     0.172000
       54357.356      20.6050    0.0540000      54357.4      20.6180    0.0230000      54357.4      20.3910    0.0250000      54357.4      20.3620    0.0330000      54357.4      20.5660     0.106000
       54359.388      20.7110    0.0810000      54359.4      20.6480    0.0330000      54359.4      20.3420    0.0350000      54359.4      20.3170    0.0490000      54359.4      20.2680     0.153000
       54362.406      20.6630    0.0570000      54362.4      20.6260    0.0260000      54362.4      20.3120    0.0280000      54362.4      20.2440    0.0340000      54362.4      20.2380     0.105000
       54376.401      20.4970    0.0650000      54376.4      20.6400    0.0320000      54376.4      20.2910    0.0290000      54376.4      20.2310    0.0370000      54376.4      20.4490     0.127000
       54382.386      20.7120     0.108000      54382.4      20.6420    0.0340000      54382.4      20.3310    0.0360000      54382.4      20.2690    0.0580000      54382.4      20.4190     0.190000
       54385.404      20.4590    0.0560000      54385.4      20.6030    0.0270000      54385.4      20.3170    0.0250000      54385.4      20.3110    0.0360000      54385.4      20.3990    0.0990000
       54402.398      20.1810     0.145000      54402.4      20.5120    0.0690000      54402.4      20.1400    0.0510000      54402.4      20.2350    0.0630000      54402.4      20.5180     0.178000
       52522.000       20.867000     0.071000000       52522.000       20.820000     0.032000000       52522.000       20.430000     0.031000000       52522.000       20.422000     0.042000000       52522.000       20.321000      0.11900000
       51081       20.668000     0.068000000       51081       20.677000     0.032000000       51081       20.286000     0.031000000       51081       20.334000     0.041000000       51081       20.255000      0.13400000
       51132       20.716000     0.056000000       51132       20.711000     0.038000000       51132       20.310000     0.035000000       51132       20.374000     0.064000000       51132       20.419000      0.18100000
       51136       20.709000     0.053000000       51136       20.650000     0.029000000       51136       20.327000     0.032000000       51136       20.304000     0.047000000       51136       20.117000      0.13300000
       51819       20.380000     0.058000000       51819       20.467000     0.035000000       51819       20.143000     0.029000000       51819       20.113000     0.043000000       51819       20.152000      0.12300000
       52225       20.367000     0.047000000       52225       20.425000     0.026000000       52225       20.167000     0.028000000       52225       20.150000     0.040000000       52225       20.074000      0.14000000
       52288       20.388000     0.059000000       52288       20.433000     0.032000000       52288       20.190000     0.031000000       52288       20.167000     0.038000000       52288       20.209000      0.11100000
       52522       20.871000     0.062000000       52522       20.829000     0.034000000       52522       20.429000     0.029000000       52522       20.424000     0.039000000       52522       20.337000      0.11900000
       52551       20.829000     0.071000000       52551       20.787000     0.036000000       52551       20.424000     0.039000000       52551       20.280000     0.049000000       52551       20.388000      0.14200000
       52558       20.835000     0.061000000       52558       20.784000     0.030000000       52558       20.451000     0.036000000       52558       20.363000     0.045000000       52558       20.188000      0.10800000
       52576       20.698000     0.061000000       52576       20.803000     0.035000000       52576       20.436000     0.029000000       52576       20.447000     0.045000000       52576       20.306000      0.13400000
       52577       20.968000     0.072000000       52577       20.714000     0.032000000       52577       20.361000     0.031000000       52577       20.413000     0.044000000       52577       20.354000      0.12500000
       52585       20.687000     0.053000000       52585       20.695000     0.033000000       52585       20.368000     0.034000000       52585       20.366000     0.049000000       52585       20.081000      0.19800000
       52640       20.739000     0.069000000       52640       20.717000     0.033000000       52640       20.434000     0.039000000       52640       20.305000     0.050000000       52640       20.441000      0.17700000
       52909       20.815000     0.061000000       52909       20.919000     0.037000000       52909       20.481000     0.028000000       52909       20.459000     0.041000000       52909       20.519000      0.13700000
       52910       20.887000     0.064000000       52910       20.900000     0.038000000       52910       20.526000     0.038000000       52910       20.422000     0.041000000       52910       20.707000      0.16400000
       52935       20.947000     0.082000000       52935       20.876000     0.040000000       52935       20.533000     0.040000000       52935       20.496000     0.055000000       52935       20.660000      0.22400000
       52971       21.045000     0.077000000       52971       20.934000     0.039000000       52971       20.576000     0.037000000       52971       20.601000     0.054000000       52971       20.439000      0.12800000
       53351       20.528000     0.062000000       53351       20.510000     0.031000000       53351       20.255000     0.031000000       53351       20.168000     0.047000000       53351       20.478000      0.18100000
       54424       20.561000      0.11000000       54424       20.489000     0.045000000       54424       20.243000     0.042000000       54424       20.203000     0.045000000       54424       20.084000      0.10000000
