       51081.366      20.6290    0.0810000      51081.4      20.4490    0.0260000      51081.4      20.3510    0.0330000      51081.4      20.0230    0.0390000      51081.4      19.9680     0.114000
       51819.437      20.5950    0.0830000      51819.4      20.3140    0.0240000      51819.4      20.1810    0.0300000      51819.4      19.9300    0.0370000      51819.4      19.6850    0.0990000
       52225.261      20.5730    0.0730000      52225.3      20.3060    0.0210000      52225.3      20.2510    0.0290000      52225.3      19.9250    0.0310000      52225.3      19.9670     0.108000
       52288.096      20.7210    0.0830000      52288.1      20.5120    0.0260000      52288.1      20.3540    0.0330000      52288.1      20.0890    0.0380000      52288.1      19.8020    0.0880000
       52551.369      20.4330    0.0660000      52551.4      20.2760    0.0220000      52551.4      20.2030    0.0300000      52551.4      19.8590    0.0320000      52551.4      19.8840     0.110000
       52558.402      20.4620    0.0600000      52558.4      20.3250    0.0200000      52558.4      20.2330    0.0240000      52558.4      19.9790    0.0290000      52558.4      19.8040    0.0780000
       52576.235      20.5380    0.0710000      52576.2      20.3190    0.0220000      52576.2      20.2450    0.0280000      52576.2      20.0020    0.0340000      52576.2      19.9440     0.112000
       52577.289      20.4860    0.0650000      52577.3      20.3220    0.0210000      52577.3      20.2230    0.0270000      52577.3      19.9390    0.0610000      52577.3      19.8500    0.0970000
       52585.237      20.5390    0.0640000      52585.2      20.3200    0.0200000      52585.2      20.2370    0.0290000      52585.2      19.9820    0.0410000      52585.2      19.9320     0.144000
       52909.403      20.5790    0.0710000      52909.4      20.3490    0.0230000      52909.4      20.2970    0.0280000      52909.4      19.9630    0.0310000      52909.4      20.0360     0.113000
       52910.373      20.5520    0.0750000      52910.4      20.3140    0.0220000      52910.4      20.2220    0.0260000      52910.4      20.0220    0.0320000      52910.4      19.8360    0.0900000
       52935.301      20.5710    0.0820000      52935.3      20.3730    0.0240000      52935.3      20.2280    0.0320000      52935.3      19.9830    0.0410000      52935.3     -99.9900     0.117000
       52963.224      20.6090    0.0610000      52963.2      20.3890    0.0210000      52963.2      20.2360    0.0260000      52963.2      19.9560    0.0300000      52963.2      19.9600    0.0960000
       52971.215      20.5470    0.0710000      52971.2      20.3590    0.0240000      52971.2      20.2810    0.0290000      52971.2      19.9960    0.0330000      52971.2      19.8390    0.0980000
       53351.146      20.5570    0.0760000      53351.1      20.2820    0.0210000      53351.1      20.2450    0.0300000      53351.1      19.9520    0.0380000      53351.1      19.9030     0.132000
       53622.403      20.7630     0.101000      53622.4      20.4260    0.0260000      53622.4      20.3780    0.0370000      53622.4      19.9120    0.0380000      53622.4      19.9980     0.133000
       53634.352     -99.9900     0.177000      53634.4     -99.9900     0.101000      53634.4      20.3840     0.102000      53634.4     -99.9900    0.0790000      53634.4      19.9040     0.151000
       53638.394      20.6090    0.0990000      53638.4      20.4150    0.0280000      53638.4      20.3380    0.0320000      53638.4      20.0080    0.0350000      53638.4      20.0190     0.119000
       53640.358      20.7290    0.0930000      53640.4      20.4530    0.0290000      53640.4      20.3010    0.0300000      53640.4      19.9690    0.0320000      53640.4      19.8840     0.105000
       53646.419      21.0980     0.141000      53646.4      20.4910    0.0290000      53646.4     -99.9900    0.0530000      53646.4      19.9210    0.0350000      53646.4      19.9500     0.131000
       53655.330      20.8000    0.0980000      53655.3      20.4520    0.0250000      53655.3      20.4060    0.0360000      53655.3      20.0380    0.0410000      53655.3      20.0680     0.147000
       53664.355      20.5960     0.209000      53664.4      20.5200     0.108000      53664.4      20.0350    0.0850000      53664.4      20.0330    0.0990000      53664.4      20.1180     0.251000
       53665.420      20.6310     0.173000      53665.4      20.5320    0.0520000      53665.4      20.3590    0.0480000      53665.4      20.0790    0.0500000      53665.4      19.8200     0.126000
       53669.314      20.7070    0.0870000      53669.3      20.5140    0.0280000      53669.3      20.3500    0.0320000      53669.3      19.9760    0.0340000      53669.3      19.9620     0.116000
       53671.399      20.8290     0.142000      53671.4      20.4860    0.0290000      53671.4      20.3240    0.0510000      53671.4      20.0460    0.0500000      53671.4      20.0170     0.129000
       53674.298      20.7970     0.140000      53674.3      20.4370    0.0300000      53674.3      20.3470    0.0420000      53674.3      20.0520    0.0480000      53674.3      20.2240     0.203000
       53676.388      20.7070    0.0960000      53676.4      20.5280    0.0250000      53676.4      20.3220    0.0310000      53676.4      20.0120    0.0330000      53676.4      20.0100     0.104000
       53679.360      20.5520     0.134000      53679.4      20.4680    0.0300000      53679.4      20.3030    0.0450000      53679.4      20.1140    0.0660000      53679.4      20.0950     0.219000
       53681.351      20.7790    0.0960000      53681.4      20.5130    0.0240000      53681.4      20.3890    0.0310000      53681.4      20.0270    0.0330000      53681.4      19.8220    0.0850000
       53684.313      20.6660     0.114000      53684.3      20.5060    0.0410000      53684.3      20.2580    0.0390000      53684.3      20.0500    0.0470000      53684.3      19.8800     0.150000
       53694.324      21.2090     0.536000      53694.3      20.6590     0.101000      53694.3      20.4980     0.103000      53694.3      20.1230    0.0780000      53694.3      19.7360     0.153000
       53697.308      20.6740     0.112000      53697.3      20.5260    0.0360000      53697.3      20.4180    0.0380000      53697.3      19.9970    0.0360000      53697.3      20.0100     0.119000
       53700.307      20.8340     0.139000      53700.3      20.5130    0.0300000      53700.3      20.3590    0.0430000      53700.3      19.9270    0.0470000      53700.3      19.8350     0.146000
       53705.294      20.8590     0.136000      53705.3      20.5520    0.0290000      53705.3      20.3370    0.0370000      53705.3      20.0710    0.0440000      53705.3      20.1540     0.166000
       53975.379      20.6560    0.0850000      53975.4      20.5680    0.0240000      53975.4      20.3860    0.0290000      53975.4      20.0720    0.0370000      53975.4      20.0940     0.173000
       53994.402      20.9010    0.0910000      53994.4      20.5110    0.0250000      53994.4      20.3840    0.0310000      53994.4      20.0960    0.0350000      53994.4      20.0810     0.112000
       53996.386      20.6610    0.0810000      53996.4      20.5160    0.0270000      53996.4      20.3720    0.0330000      53996.4      20.0960    0.0410000      53996.4      20.2490     0.150000
       54005.399      20.6440    0.0610000      54005.4      20.5300    0.0220000      54005.4      20.3640    0.0260000      54005.4      20.0940    0.0330000      54005.4      19.9720    0.0850000
       54010.340      20.7810    0.0650000      54010.3      20.4900    0.0210000      54010.3      20.3500    0.0230000      54010.3      20.0150    0.0270000      54010.3      19.9680    0.0840000
       54012.333      20.6670     0.136000      54012.3      20.6150    0.0600000      54012.3      20.3160    0.0520000      54012.3      20.0740    0.0530000      54012.3     -99.9900     0.119000
       54020.339      20.8970     0.153000      54020.3      20.5080    0.0500000      54020.3      20.3470    0.0440000      54020.3      20.1070    0.0510000      54020.3      20.4100     0.244000
       54024.420      20.6270     0.114000      54024.4      20.5130    0.0370000      54024.4      20.4380    0.0490000      54024.4      20.0480    0.0470000      54024.4      20.0290     0.144000
       54028.409      20.6460    0.0860000      54028.4      20.5140    0.0240000      54028.4      20.4110    0.0380000      54028.4      20.1270    0.0430000      54028.4      19.9380     0.115000
       54030.332      20.8500    0.0710000      54030.3      20.4760    0.0240000      54030.3      20.3290    0.0280000      54030.3      19.9740    0.0340000      54030.3      20.1540     0.120000
       54035.408      20.8460     0.145000      54035.4      20.5490    0.0390000      54035.4      20.3250    0.0460000      54035.4      20.1100    0.0570000      54035.4      20.0240     0.158000
       54037.313      20.7610    0.0680000      54037.3      20.5410    0.0230000      54037.3      20.3320    0.0270000      54037.3      20.0200    0.0310000      54037.3      20.0910    0.0920000
       54040.328      20.6240     0.111000      54040.3      20.4130    0.0440000      54040.3      20.4280    0.0490000      54040.3      20.0200    0.0480000      54040.3      20.0750     0.134000
       54047.359      21.3870     0.892000      54047.4      20.4210     0.129000      54047.4      20.3040     0.110000      54047.4      19.9100     0.102000      54047.4      19.6500     0.205000
       54049.354      20.5470     0.163000      54049.4      20.4870    0.0550000      54049.4      20.3080    0.0490000      54049.4      20.0850    0.0520000      54049.4      20.0230     0.146000
       54053.319      20.5100    0.0720000      54053.3      20.5220    0.0260000      54053.3      20.3270    0.0350000      54053.3      20.1090    0.0430000      54053.3      19.9100     0.117000
       54053.334      20.6740    0.0840000      54053.3      20.5490    0.0280000      54053.3      20.3430    0.0340000      54053.3     -99.9900    0.0420000      54053.3     -99.9900     0.159000
       54056.320      20.5090     0.100000      54056.3      20.4700    0.0290000      54056.3      20.3020    0.0350000      54056.3      20.0070    0.0380000      54056.3      19.7260     0.104000
       54059.315      20.5210    0.0870000      54059.3      20.4770    0.0370000      54059.3      20.2900    0.0380000      54059.3      20.0090    0.0450000      54059.3      19.9090     0.124000
       54061.326      20.7910     0.170000      54061.3      20.4100    0.0330000      54061.3      20.3770    0.0500000      54061.3      19.9750    0.0510000      54061.3      20.1480     0.188000
       54062.320      20.5350    0.0810000      54062.3      20.4480    0.0280000      54062.3      20.2950    0.0270000      54062.3      20.0230    0.0360000      54062.3      19.8250    0.0950000
       54064.316      20.5590    0.0810000      54064.3      20.3790    0.0260000      54064.3      20.2650    0.0290000      54064.3      20.0430    0.0370000      54064.3      19.9490     0.103000
       54068.300      20.5220     0.138000      54068.3      20.4060    0.0590000      54068.3      20.2680    0.0540000      54068.3      20.0550    0.0520000      54068.3      19.8710     0.144000
       54357.358      20.2920    0.0520000      54357.4      20.2190    0.0230000      54357.4      20.0960    0.0290000      54357.4      19.8540    0.0240000      54357.4      20.1350     0.118000
       54359.390      20.3780    0.0810000      54359.4      20.2370    0.0290000      54359.4      20.1080    0.0280000      54359.4      19.9380    0.0390000      54359.4      19.9880     0.150000
       54362.408      20.3450    0.0610000      54362.4      20.2060    0.0210000      54362.4      20.1240    0.0250000      54362.4      19.8510    0.0310000      54362.4      19.7760    0.0830000
       54376.403      20.4510    0.0750000      54376.4      20.1820    0.0230000      54376.4      20.1210    0.0280000      54376.4      19.8320    0.0320000      54376.4      19.7900    0.0850000
       54382.388      20.4730    0.0870000      54382.4      20.2180    0.0430000      54382.4      20.1050    0.0360000      54382.4      19.8110    0.0390000      54382.4      20.0620     0.173000
       54385.406      20.3420    0.0600000      54385.4      20.1860    0.0220000      54385.4      20.1090    0.0220000      54385.4      19.8890    0.0290000      54385.4      19.7010    0.0630000
       54390.399     -99.9900      1.95300      54390.4     -99.9900    0.0470000      54390.4     -99.9900     0.114000      54390.4     -99.9900    0.0540000      54390.4     -99.9900     0.348000
       54402.399      20.9880     0.329000      54402.4      20.1300    0.0520000      54402.4      20.0000    0.0450000      54402.4      19.8450    0.0450000      54402.4      19.8490     0.111000
       52522.000       20.499000     0.067000000       52522.000       20.388000     0.028000000       52522.000       20.235000     0.025000000       52522.000       19.958000     0.031000000       52522.000       19.983000     0.098000000
       51081       20.614000     0.070000000       51081       20.473000     0.028000000       51081       20.330000     0.034000000       51081       20.040000     0.040000000       51081       20.042000      0.11900000
       51132       20.889000     0.080000000       51132       20.525000     0.031000000       51132       20.419000     0.040000000       51132       20.009000     0.043000000       51132       19.857000      0.13300000
       51136       20.707000     0.058000000       51136       20.557000     0.028000000       51136       20.374000     0.035000000       51136       20.023000     0.039000000       51136       19.850000      0.11700000
       51819       20.589000     0.070000000       51819       20.324000     0.029000000       51819       20.175000     0.031000000       51819       19.955000     0.037000000       51819       19.678000     0.097000000
       52225       20.581000     0.064000000       52225       20.314000     0.022000000       52225       20.222000     0.029000000       52225       19.910000     0.034000000       52225       19.952000      0.10700000
       52288       20.667000     0.070000000       52288       20.508000     0.033000000       52288       20.350000     0.038000000       52288       20.082000     0.039000000       52288       19.773000     0.083000000
       52522       20.512000     0.060000000       52522       20.385000     0.024000000       52522       20.225000     0.025000000       52522       19.951000     0.030000000       52522       19.908000     0.092000000
       52551       20.459000     0.059000000       52551       20.286000     0.030000000       52551       20.221000     0.034000000       52551       19.912000     0.036000000       52551       19.925000      0.10800000
       52558       20.518000     0.053000000       52558       20.361000     0.029000000       52558       20.254000     0.029000000       52558       19.981000     0.030000000       52558       19.813000     0.074000000
       52576       20.538000     0.068000000       52576       20.326000     0.023000000       52576       20.240000     0.028000000       52576       20.002000     0.035000000       52576       19.901000      0.10800000
       52577       20.487000     0.056000000       52577       20.354000     0.022000000       52577       20.245000     0.028000000       52577       19.926000     0.032000000       52577       19.931000     0.099000000
       52585       20.559000     0.054000000       52585       20.338000     0.025000000       52585       20.240000     0.029000000       52585       19.993000     0.042000000       52585       19.841000      0.12900000
       52640       20.266000     0.053000000       52640       20.279000     0.029000000       52640       20.188000     0.035000000       52640       19.924000     0.037000000       52640       20.150000      0.16100000
       52909       20.592000     0.061000000       52909       20.362000     0.022000000       52909       20.282000     0.028000000       52909       19.940000     0.032000000       52909       20.017000      0.10900000
       52910       20.579000     0.069000000       52910       20.341000     0.034000000       52910       20.208000     0.026000000       52910       20.021000     0.033000000       52910       19.855000     0.091000000
       52935       20.577000     0.069000000       52935       20.406000     0.040000000       52935       20.259000     0.033000000       52935       19.987000     0.042000000       52935       19.735000      0.11400000
       52971       20.500000     0.060000000       52971       20.326000     0.028000000       52971       20.244000     0.030000000       52971       19.994000     0.033000000       52971       19.850000     0.099000000
       53351       20.512000     0.070000000       53351       20.291000     0.030000000       53351       20.233000     0.035000000       53351       19.953000     0.039000000       53351       19.885000      0.12800000
       54424       20.874000      0.15700000       54424       20.282000     0.042000000       54424       20.176000     0.039000000       54424       19.914000     0.040000000       54424       19.851000     0.094000000
