       51081.354      20.2950    0.0640000      51081.4      20.1330    0.0220000      51081.4      19.7850    0.0230000      51081.4      19.9450    0.0380000      51081.4      19.8670     0.116000
       52170.391      19.7560    0.0360000      52170.4      19.6540    0.0140000      52170.4      19.4690    0.0140000      52170.4      19.5700    0.0220000      52170.4      19.6810    0.0830000
       52196.389      19.6480    0.0410000      52196.4      19.6690    0.0150000      52196.4      19.4800    0.0180000      52196.4      19.5420    0.0280000      52196.4      19.4070    0.0900000
       52207.356      19.7610    0.0390000      52207.4      19.7490    0.0140000      52207.4      19.4950    0.0150000      52207.4      19.6350    0.0240000      52207.4      19.5050    0.0690000
       52224.284     -99.9900    0.0370000      52224.3      19.7260    0.0140000      52224.3      19.5030    0.0140000      52224.3      19.6100    0.0210000      52224.3      19.6030    0.0670000
       52225.250      19.7120    0.0390000      52225.2      19.6860    0.0140000      52225.2      19.4490    0.0160000      52225.2      19.6050    0.0260000      52225.2      19.7260     0.100000
       52231.270      19.6900    0.0390000      52231.3      19.6950    0.0140000      52231.3      19.5110    0.0160000      52231.3      19.5510    0.0240000      52231.3      19.7660    0.0990000
       52234.241      19.7630    0.0360000      52234.2      19.7120    0.0140000      52234.2      19.4450    0.0150000      52234.2      19.6160    0.0210000      52234.2      19.6820    0.0660000
       52261.204     -99.9900    0.0390000      52261.2      19.6240    0.0140000      52261.2      19.5090    0.0160000      52261.2      19.6290    0.0230000      52261.2      19.7080    0.0850000
       52282.131     -99.9900    0.0420000      52282.1      19.6700    0.0150000      52282.1      19.4910    0.0180000      52282.1      19.5840    0.0270000      52282.1      19.7500    0.0970000
       52287.085      19.6840    0.0380000      52287.1      19.6490    0.0140000      52287.1      19.4890    0.0160000      52287.1      19.5900    0.0240000      52287.1      19.6710    0.0800000
       52288.084      19.7120    0.0390000      52288.1      19.6970    0.0150000      52288.1      19.4980    0.0170000      52288.1      19.7210    0.0270000      52288.1      19.7680    0.0890000
       52551.357      19.9460    0.0470000      52551.4      19.9810    0.0180000      52551.4      19.7380    0.0220000      52551.4      19.9400    0.0370000      52551.4      19.8690     0.118000
       52552.403      19.9560    0.0430000      52552.4      19.9620    0.0160000      52552.4      19.7140    0.0170000      52552.4      19.8620    0.0300000      52552.4      19.9110     0.103000
       52557.378      19.9970    0.0460000      52557.4      19.9290    0.0170000      52557.4      19.7320    0.0190000      52557.4      19.8450    0.0310000      52557.4      19.9810     0.119000
       52558.390      20.0780    0.0450000      52558.4      19.9730    0.0160000      52558.4      19.6880    0.0170000      52558.4      19.7980    0.0250000      52558.4      19.8370    0.0840000
       52576.223      19.9440    0.0440000      52576.2      19.9030    0.0150000      52576.2      19.6870    0.0190000      52576.2      19.7320    0.0280000      52576.2      19.7910    0.0960000
       52577.278      19.9550    0.0450000      52577.3      19.9060    0.0170000      52577.3      19.7020    0.0190000      52577.3      19.7410    0.0290000      52577.3      19.7850     0.100000
       52585.225      20.0090    0.0500000      52585.2      19.9320    0.0180000      52585.2      19.6840    0.0220000      52585.2      19.8710    0.0430000      52585.2      19.9550     0.164000
       52908.352      20.3840    0.0580000      52908.4      20.1560    0.0180000      52908.4      19.9410    0.0200000      52908.4      20.0560    0.0330000      52908.4      19.9380     0.103000
       52910.362      20.2090    0.0530000      52910.4      20.1960    0.0200000      52910.4      19.8110    0.0190000      52910.4      19.9790    0.0320000      52910.4      19.8940     0.107000
       52912.332      20.2080    0.0580000      52912.3      20.1160    0.0190000      52912.3      19.8770    0.0210000      52912.3      20.0320    0.0350000      52912.3      19.7070    0.0990000
       52934.284      20.2320    0.0600000      52934.3      20.1770    0.0200000      52934.3      19.9580    0.0250000      52934.3      20.0940    0.0420000      52934.3      19.9090     0.130000
       52935.289      20.3020    0.0620000      52935.3      20.1730    0.0220000      52935.3      19.8700    0.0250000      52935.3      20.0050    0.0440000      52935.3      19.8210     0.128000
       52936.280      20.1960    0.0480000      52936.3      20.1990    0.0200000      52936.3      19.9350    0.0230000      52936.3     -99.9900    0.0360000      52936.3     -99.9900     0.111000
       52963.212      20.3620    0.0540000      52963.2      20.2320    0.0190000      52963.2      19.9120    0.0200000      52963.2      20.0780    0.0330000      52963.2      20.1650     0.122000
       52971.203      20.3070    0.0580000      52971.2      20.1780    0.0200000      52971.2      19.9000    0.0230000      52971.2      20.0230    0.0360000      52971.2      19.7350    0.0900000
       53270.344     -99.9900      99.9990      53270.3      20.4600    0.0240000      53270.3     -99.9900     0.279000      53270.3     -99.9900    0.0680000      53270.3      20.2670     0.137000
       53272.394      20.5250    0.0830000      53272.4      20.4070    0.0250000      53272.4      20.0950    0.0260000      53272.4      20.3660    0.0500000      53272.4      20.2760     0.169000
       53286.363      20.4850    0.0770000      53286.4      20.4510    0.0280000      53286.4      20.1020    0.0270000      53286.4      20.3500    0.0440000      53286.4      20.2210     0.129000
       53288.321     -99.9900    0.0680000      53288.3      20.4120    0.0230000      53288.3      20.0940    0.0250000      53288.3      20.2430    0.0380000      53288.3      20.2880     0.140000
       53294.369      20.6490    0.0900000      53294.4      20.3740    0.0240000      53294.4      20.0800    0.0260000      53294.4      20.2500    0.0490000      53294.4      20.0850     0.122000
       53296.316     -99.9900    0.0900000      53296.3      20.4020    0.0300000      53296.3      20.0680    0.0380000      53296.3      20.1430    0.0510000      53296.3      20.5400     0.261000
       53298.366      20.5770    0.0850000      53298.4      20.3630    0.0240000      53298.4      20.1060    0.0370000      53298.4      20.1270    0.0520000      53298.4      20.3720     0.192000
       53302.317      20.3490     0.111000      53302.3      20.3960    0.0500000      53302.3      20.0570    0.0410000      53302.3      20.2560    0.0580000      53302.3      19.8980     0.119000
       53312.272     -99.9900     0.136000      53312.3     -99.9900    0.0550000      53312.3      20.0950    0.0540000      53312.3      20.1480    0.0730000      53312.3      20.0570     0.172000
       53314.274      20.4660    0.0690000      53314.3      20.3260    0.0240000      53314.3      20.0320    0.0270000      53314.3      20.1310    0.0440000      53314.3      20.0240     0.129000
       53319.261     -99.9900    0.0780000      53319.3      20.3320    0.0290000      53319.3      20.0460    0.0310000      53319.3      20.2720    0.0600000      53319.3      20.3170     0.215000
       53351.134      20.4720    0.0700000      53351.1      20.2790    0.0210000      53351.1      19.9180    0.0220000      53351.1      20.0860    0.0400000      53351.1      20.1790     0.174000
       53616.378      20.8270     0.145000      53616.4      20.5380    0.0350000      53616.4      20.2130    0.0350000      53616.4      20.2810    0.0590000      53616.4      20.1630     0.195000
       53622.391      20.5950     0.105000      53622.4      20.4560    0.0280000      53622.4      20.1630    0.0310000      53622.4      20.2350    0.0510000      53622.4      20.2910     0.158000
       53626.354      20.5330    0.0730000      53626.4      20.4990    0.0350000      53626.4      20.0740    0.0280000      53626.4      20.4080    0.0540000      53626.4      20.2930     0.165000
       53628.339      20.8060     0.155000      53628.3      20.5360    0.0630000      53628.3      20.1480    0.0410000      53628.3      20.3770    0.0620000      53628.3      20.0610     0.135000
       53634.341      20.9870     0.423000      53634.3      20.5630     0.114000      53634.3      19.9970    0.0680000      53634.3      20.1990    0.0970000      53634.3      20.5710     0.348000
       53637.341      20.6740     0.134000      53637.3      20.4180    0.0400000      53637.3      20.0550    0.0350000      53637.3      20.3410    0.0620000      53637.3      19.9140     0.135000
       53638.382      20.7450    0.0940000      53638.4      20.4230    0.0300000      53638.4      20.0470    0.0260000      53638.4      20.3050    0.0450000      53638.4      20.1530     0.137000
       53639.386      20.6810    0.0860000      53639.4      20.4280    0.0260000      53639.4      20.1120    0.0250000      53639.4      20.2310    0.0370000      53639.4      20.2870     0.113000
       53640.346      20.8060     0.105000      53640.3      20.4720    0.0310000      53640.3      20.0880    0.0280000      53640.3      20.3590    0.0480000      53640.3      20.2830     0.149000
       53641.385      20.6830    0.0830000      53641.4      20.5040    0.0260000      53641.4      20.1330    0.0230000      53641.4      20.2210    0.0360000      53641.4      20.0500     0.107000
       53655.318      20.7110    0.0930000      53655.3      20.4230    0.0240000      53655.3      20.1430    0.0290000      53655.3      20.2530    0.0510000      53655.3      20.1340     0.168000
       53657.344     -99.9900     0.672000      53657.3     -99.9900     0.105000      53657.3      20.0940    0.0760000      53657.3      20.2720     0.114000      53657.3      20.4040     0.321000
       53663.329      20.5230     0.117000      53663.3      20.4110    0.0480000      53663.3      20.1610    0.0370000      53663.3      20.2590    0.0470000      53663.3      20.1040     0.120000
       53665.408      20.5330     0.154000      53665.4     -99.9900    0.0490000      53665.4      20.0340    0.0390000      53665.4      20.1830    0.0550000      53665.4      20.3120     0.196000
       53666.399      20.2400     0.106000      53666.4      20.3950    0.0400000      53666.4      20.0910    0.0330000      53666.4      20.1970    0.0450000      53666.4      20.1100     0.129000
       53668.319      20.4750    0.0940000      53668.3      20.4540    0.0320000      53668.3      20.1130    0.0300000      53668.3      20.2320    0.0490000      53668.3      19.9980     0.125000
       53669.302      20.6190    0.0730000      53669.3      20.3940    0.0230000      53669.3      20.0750    0.0230000      53669.3      20.1940    0.0400000      53669.3      20.0490     0.129000
       53669.406      20.4790     0.146000      53669.4      20.3870    0.0410000      53669.4      20.0740    0.0370000      53669.4      20.2950    0.0610000      53669.4      20.3350     0.197000
       53670.323      20.5290    0.0940000      53670.3      20.4720    0.0290000      53670.3      20.1060    0.0260000      53670.3      20.2540    0.0450000      53670.3      20.0580     0.124000
       53671.387      20.5740     0.105000      53671.4      20.4230    0.0320000      53671.4      19.9930    0.0320000      53671.4      20.0850    0.0440000      53671.4      20.1520     0.158000
       53673.291      20.4820    0.0620000      53673.3      20.4510    0.0230000      53673.3      20.1140    0.0230000      53673.3      20.2520    0.0370000      53673.3      20.0740     0.100000
       53674.287     -99.9900    0.0820000      53674.3      20.3890    0.0270000      53674.3      20.0010    0.0280000      53674.3      20.1730    0.0490000      53674.3      20.3530     0.188000
       53675.288      20.5730    0.0730000      53675.3      20.4600    0.0240000      53675.3      20.1120    0.0280000      53675.3      20.1860    0.0430000      53675.3      20.1870     0.148000
       53676.376      20.5310    0.0890000      53676.4      20.4720    0.0270000      53676.4      20.0620    0.0280000      53676.4      20.0880    0.0420000      53676.4      20.2570     0.135000
       53677.309      20.6590    0.0760000      53677.3      20.3690    0.0210000      53677.3      20.1310    0.0240000      53677.3      20.2860    0.0360000      53677.3      20.2240     0.104000
       53680.296      20.5860    0.0680000      53680.3      20.4130    0.0210000      53680.3      20.0850    0.0230000      53680.3      20.2020    0.0350000      53680.3      20.2040     0.109000
       53681.340      20.6050    0.0870000      53681.3      20.3200    0.0220000      53681.3      20.0360    0.0270000      53681.3      20.2210    0.0450000      53681.3      20.1440     0.126000
       53685.299      20.3510     0.112000      53685.3      20.3240    0.0480000      53685.3      19.9050    0.0390000      53685.3      20.0690    0.0550000      53685.3      20.2240     0.162000
       53686.295      20.7400     0.249000      53686.3      20.3820    0.0800000      53686.3      20.0760    0.0590000      53686.3      20.2480    0.0860000      53686.3      20.3050     0.201000
       53693.298      20.5290     0.147000      53693.3      20.3150    0.0540000      53693.3      20.0760    0.0390000      53693.3      20.2580    0.0500000      53693.3      19.9700     0.120000
       53694.313      20.4990     0.351000      53694.3      20.4400     0.109000      53694.3      19.9620    0.0660000      53694.3      20.0640    0.0890000      53694.3      20.5900     0.451000
       53697.297      20.5140     0.103000      53697.3      20.3040    0.0330000      53697.3      19.9710    0.0340000      53697.3      20.2150    0.0500000      53697.3      20.1220     0.143000
       53698.295      20.4720    0.0750000      53698.3      20.3220    0.0230000      53698.3      20.0240    0.0230000      53698.3      20.1010    0.0380000      53698.3      20.2200     0.124000
       53704.281      20.4170    0.0810000      53704.3      20.3840    0.0270000      53704.3      20.0300    0.0250000      53704.3      20.1680    0.0480000      53704.3      19.9550     0.143000
       53705.282      20.6000    0.0830000      53705.3      20.3620    0.0230000      53705.3      19.9950    0.0230000      53705.3      20.1220    0.0380000      53705.3      20.9960     0.360000
       53975.367      20.7720    0.0810000      53975.4      20.5860    0.0290000      53975.4      20.1270    0.0240000      53975.4      20.3280    0.0410000      53975.4      20.2860     0.133000
       53989.377     -99.9900     0.223000      53989.4      20.5790    0.0790000      53989.4      20.3150    0.0590000      53989.4      20.4600    0.0790000      53989.4      20.5240     0.199000
       53990.380      20.9560     0.171000      53990.4      20.6030    0.0730000      53990.4      20.1900    0.0440000      53990.4      20.2550    0.0580000      53990.4      20.1150     0.168000
       53994.390      20.7180    0.0870000      53994.4      20.5810    0.0270000      53994.4      20.2310    0.0380000      53994.4      20.3570    0.0470000      53994.4      20.2990     0.151000
       53995.392      20.8090    0.0660000      53995.4      20.6160    0.0230000      53995.4      20.2130    0.0230000      53995.4      20.4100    0.0390000      53995.4      20.2760     0.117000
       53996.374      20.7790    0.0850000      53996.4      20.7080    0.0380000      53996.4      20.1690    0.0360000      53996.4      20.4510    0.0520000      53996.4      19.8090     0.118000
       54000.353     -99.9900     0.110000      54000.4      20.6130    0.0340000      54000.4      20.2790    0.0310000      54000.4      20.4240    0.0530000      54000.4      20.3870     0.174000
       54005.387      20.9880    0.0800000      54005.4      20.6930    0.0250000      54005.4      20.2080    0.0240000      54005.4      20.3390    0.0400000      54005.4      20.4340     0.141000
       54006.299     -99.9900     0.766000      54006.3     -99.9900    0.0460000      54006.3     -99.9900    0.0760000      54006.3     -99.9900     0.702000      54006.3     -99.9900     0.349000
       54007.403     -99.9900     0.112000      54007.4      20.6940    0.0530000      54007.4      20.2850    0.0360000      54007.4      20.3690    0.0490000      54007.4      20.0760     0.153000
       54009.327      20.8770    0.0860000      54009.3      20.6120    0.0270000      54009.3      20.3050    0.0300000      54009.3      20.4570    0.0450000      54009.3      20.3600     0.128000
       54010.328      99.9920      99.9990      54010.3      20.6320    0.0260000      54010.3      20.2390    0.0300000      54010.3      20.4180    0.0430000      54010.3      20.2990     0.126000
       54011.391      20.8550    0.0700000      54011.4      20.6520    0.0260000      54011.4      20.2190    0.0260000      54011.4      20.4440    0.0380000      54011.4     -99.9900    0.0960000
       54012.321      20.8500     0.169000      54012.3      20.6420    0.0660000      54012.3      20.1390    0.0440000      54012.3      20.2870    0.0630000      54012.3     -99.9900     0.169000
       54020.327      21.0140     0.156000      54020.3      20.6470    0.0610000      54020.3      20.2840    0.0370000      54020.3      20.3250    0.0560000      54020.3      20.5510     0.265000
       54024.409      20.7250     0.138000      54024.4      20.5880    0.0490000      54024.4      20.2910    0.0410000      54024.4      20.3430    0.0700000      54024.4      20.0210     0.165000
       54025.390     -99.9900     0.101000      54025.4      20.6130    0.0350000      54025.4      20.2310    0.0360000      54025.4      20.4960    0.0590000      54025.4      20.5720     0.207000
       54028.397      20.6860     0.110000      54028.4      20.6180    0.0340000      54028.4      20.2730    0.0400000      54028.4      20.4050    0.0650000      54028.4      20.2200     0.174000
       54029.320      20.9310     0.108000      54029.3      20.6150    0.0420000      54029.3      20.2780    0.0340000      54029.3      20.5050    0.0540000      54029.3      20.2880     0.169000
       54030.320      20.8190    0.0750000      54030.3      20.6720    0.0260000      54030.3      20.1480    0.0280000      54030.3      20.3200    0.0460000      54030.3      20.2870     0.148000
       54035.396      20.7520     0.147000      54035.4     -99.9900    0.0770000      54035.4      20.2510    0.0460000      54035.4      20.4150    0.0760000      54035.4      20.3610     0.255000
       54037.302      20.8240    0.0730000      54037.3      20.5980    0.0240000      54037.3      20.2210    0.0280000      54037.3      20.3680    0.0430000      54037.3      20.5480     0.156000
       54040.316      20.9240     0.144000      54040.3      20.5410    0.0480000      54040.3      20.1470    0.0430000      54040.3      20.2580    0.0600000      54040.3      20.5340     0.215000
       54049.343      20.6640     0.180000      54049.3      20.5130    0.0570000      54049.3      20.1650    0.0460000      54049.3      20.3120    0.0670000      54049.3      20.5340     0.234000
       54053.307      20.6710    0.0870000      54053.3      20.4830    0.0280000      54053.3      20.1780    0.0280000      54053.3      20.2620    0.0450000      54053.3      20.2020     0.132000
       54056.309      20.8980     0.121000      54056.3      20.5350    0.0320000      54056.3      20.1570    0.0440000      54056.3      20.1500    0.0450000      54056.3      20.3480     0.180000
       54059.303      20.6780     0.134000      54059.3      20.5730    0.0370000      54059.3      20.1490    0.0380000      54059.3      20.3080    0.0610000      54059.3      20.4310     0.242000
       54062.308      20.5280    0.0790000      54062.3      20.5710    0.0280000      54062.3      20.1370    0.0260000      54062.3      20.2660    0.0430000      54062.3      20.2200     0.137000
       54068.288      20.6350     0.133000      54068.3      20.4650    0.0530000      54068.3      20.0760    0.0430000      54068.3      20.2990    0.0610000      54068.3      20.0580     0.138000
       54346.384      20.6740     0.136000      54346.4      20.6080    0.0600000      54346.4      20.1630    0.0400000      54346.4      20.3150    0.0530000      54346.4      20.1690     0.126000
       54348.388      20.6170    0.0950000      54348.4      20.4330    0.0270000      54348.4      20.2150    0.0310000      54348.4      20.3230    0.0400000      54348.4      20.2370     0.125000
       54357.346      20.7020    0.0730000      54357.3      20.4750    0.0230000      54357.3      20.1140    0.0220000      54357.3      20.1850    0.0330000      54357.3      20.3060     0.105000
       54358.344      20.4840    0.0830000      54358.3      20.3820    0.0310000      54358.3      20.0890    0.0340000      54358.3      20.3690    0.0500000      54358.3      20.2170     0.198000
       54359.338      20.8920     0.273000      54359.3      20.4020    0.0420000      54359.3      20.2390     0.181000      54359.3      20.2270     0.151000      54359.3      19.7620     0.249000
       54359.378      20.6480     0.103000      54359.4      20.3910    0.0300000      54359.4      20.1850    0.0410000      54359.4      20.1770    0.0540000      54359.4      19.8660     0.143000
       54362.396      20.5180    0.0630000      54362.4      20.4000    0.0220000      54362.4      20.1300    0.0280000      54362.4      20.2530    0.0420000      54362.4      20.5500     0.160000
       54365.377      20.4450    0.0750000      54365.4      20.3170    0.0300000      54365.4      20.0700    0.0210000      54365.4      20.2790    0.0380000      54365.4      20.0160    0.0960000
       54376.391      20.4630    0.0780000      54376.4      20.3180    0.0310000      54376.4      20.0040    0.0290000      54376.4      20.0740    0.0400000      54376.4      19.9610     0.113000
       54381.396      20.5200    0.0890000      54381.4      20.2820    0.0450000      54381.4     -99.9900    0.0350000      54381.4      20.3520    0.0510000      54381.4      20.1550     0.112000
       54384.403      20.3300    0.0600000      54384.4      20.2450    0.0320000      54384.4      20.0030    0.0240000      54384.4      20.1810    0.0350000      54384.4      20.1340     0.104000
       54385.394     -99.9900    0.0630000      54385.4      20.3230    0.0250000      54385.4      19.9790    0.0240000      54385.4      20.0650    0.0310000      54385.4      20.2620     0.101000
       54386.389      20.3680    0.0750000      54386.4      20.2560    0.0210000      54386.4      19.9920    0.0260000      54386.4      20.0800    0.0420000      54386.4      20.0960     0.119000
       54388.393      20.4300    0.0660000      54388.4      20.2740    0.0250000      54388.4      19.9870    0.0270000      54388.4      20.1430    0.0340000      54388.4      20.0320    0.0880000
       54390.387      20.3940    0.0820000      54390.4      20.3680    0.0320000      54390.4      19.9750    0.0410000      54390.4      20.1310    0.0540000      54390.4      19.8230     0.132000
       54391.395      20.3820     0.117000      54391.4      20.2360    0.0330000      54391.4      19.8910    0.0410000      54391.4      20.1890    0.0790000      54391.4      19.7910     0.173000
       54392.390     -99.9900     0.109000      54392.4      20.2580    0.0300000      54392.4      19.9610    0.0330000      54392.4      20.1860    0.0520000      54392.4      19.9010     0.148000
       54402.388      20.0470     0.142000      54402.4      20.3500    0.0590000      54402.4      19.9000    0.0500000      54402.4      20.1190    0.0600000      54402.4      20.2630     0.173000
       54404.364      20.3660     0.113000      54404.4      20.1860    0.0330000      54404.4      19.8410    0.0420000      54404.4      20.1480    0.0470000      54404.4      20.1700     0.139000
       54405.362      20.1300    0.0670000      54405.4      20.1590    0.0290000      54405.4      19.9310    0.0310000      54405.4      20.0840    0.0340000      54405.4      19.8180    0.0830000
       54406.300     -99.9900    0.0530000      54406.3      20.2140    0.0190000      54406.3      19.9150    0.0240000      54406.3      20.0930    0.0290000      54406.3      20.0200    0.0840000
       54412.326      20.0960    0.0670000      54412.3      20.1380    0.0330000      54412.3      19.8850    0.0340000      54412.3      20.0770    0.0430000      54412.3      20.1760     0.154000
       52234.000       19.776000     0.037000000       52234.000       19.713000     0.023000000       52234.000       19.428000     0.019000000       52234.000       19.597000     0.026000000       52234.000       19.713000     0.066000000
       51081       20.287000     0.054000000       51081       20.141000     0.029000000       51081       19.813000     0.024000000       51081       20.041000     0.044000000       51081       19.919000      0.11400000
       51136       20.201000     0.046000000       51136       20.088000     0.025000000       51136       19.778000     0.028000000       51136       19.883000     0.040000000       51136       19.745000      0.12000000
       51818       19.353000     0.026000000       51818       19.296000     0.018000000       51818       19.223000     0.017000000       51818       19.282000     0.022000000       51818       19.296000     0.064000000
       52170       19.712000     0.036000000       52170       19.661000     0.023000000       52170       19.499000     0.019000000       52170       19.564000     0.031000000       52170       19.669000     0.077000000
       52173       19.697000     0.042000000       52173       19.655000     0.021000000       52173       19.480000     0.032000000       52173       19.552000     0.029000000       52173       19.862000      0.13400000
       52197       19.818000     0.047000000       52197       19.684000     0.032000000       52197       19.486000     0.024000000       52197       19.642000     0.033000000       52197       19.605000     0.086000000
       52207       19.740000     0.038000000       52207       19.760000     0.034000000       52207       19.487000     0.023000000       52207       19.649000     0.025000000       52207       19.526000     0.067000000
       52231       19.702000     0.035000000       52231       19.726000     0.017000000       52231       19.523000     0.018000000       52231       19.582000     0.026000000       52231       19.822000     0.096000000
       52234       19.765000     0.036000000       52234       19.714000     0.021000000       52234       19.467000     0.018000000       52234       19.600000     0.026000000       52234       19.675000     0.066000000
       52253       19.816000     0.062000000       52253       19.781000     0.055000000       52253       19.526000     0.031000000       52253       19.591000     0.035000000       52253       19.926000      0.12800000
       52261       19.679000     0.036000000       52261       19.636000     0.034000000       52261       19.498000     0.023000000       52261       19.573000     0.027000000       52261       19.693000     0.080000000
       52282       19.716000     0.043000000       52282       19.665000     0.027000000       52282       19.469000     0.019000000       52282       19.577000     0.031000000       52282       19.701000     0.088000000
       52287       19.669000     0.034000000       52287       19.635000     0.023000000       52287       19.446000     0.021000000       52287       19.579000     0.028000000       52287       19.650000     0.080000000
       52552       19.963000     0.038000000       52552       19.955000     0.035000000       52552       19.668000     0.030000000       52552       19.821000     0.038000000       52552       19.898000     0.097000000
       52557       19.978000     0.041000000       52557       19.908000     0.027000000       52557       19.736000     0.022000000       52557       19.824000     0.031000000       52557       19.944000      0.11200000
       52872       20.193000     0.061000000       52872       20.072000     0.031000000       52872       19.843000     0.028000000       52872       19.962000     0.035000000       52872       20.005000      0.10600000
       52908       20.306000     0.052000000       52908       20.148000     0.026000000       52908       19.905000     0.024000000       52908       20.021000     0.033000000       52908       19.923000      0.10000000
       52934       20.277000     0.051000000       52934       20.184000     0.024000000       52934       19.975000     0.036000000       52934       20.098000     0.043000000       52934       19.925000      0.12600000
       52936       20.173000     0.040000000       52936       20.191000     0.033000000       52936       19.923000     0.025000000       52936       20.093000     0.039000000       52936       20.039000      0.11300000
       53270       27.413000       1.2950000       53270       20.488000     0.030000000       53270       20.536000      0.28700000       53270       20.302000     0.072000000       53270       20.297000      0.14700000
       53272       20.491000     0.067000000       53272       20.385000     0.034000000       53272       20.086000     0.031000000       53272       20.386000     0.057000000       53272       20.389000      0.17900000
       53286       20.450000     0.071000000       53286       20.459000     0.035000000       53286       20.076000     0.028000000       53286       20.335000     0.040000000       53286       20.160000      0.11800000
       53288       20.597000     0.057000000       53288       20.417000     0.032000000       53288       20.074000     0.025000000       53288       20.223000     0.035000000       53288       20.282000      0.13400000
       53294       20.636000     0.073000000       53294       20.351000     0.030000000       53294       20.056000     0.034000000       53294       20.225000     0.047000000       53294       20.121000      0.11200000
       53298       20.571000     0.084000000       53298       20.387000     0.029000000       53298       20.102000     0.040000000       53298       20.153000     0.051000000       53298       20.365000      0.18500000
       53312       20.515000      0.14500000       53312       20.267000     0.045000000       53312       20.124000     0.060000000       53312       20.149000     0.077000000       53312       19.988000      0.18400000
       53314       20.428000     0.060000000       53314       20.347000     0.027000000       53314       20.045000     0.032000000       53314       20.124000     0.043000000       53314       20.032000      0.12600000
       53319       20.302000     0.065000000       53319       20.329000     0.028000000       53319       20.043000     0.031000000       53319       20.247000     0.049000000       53319       20.251000      0.19600000
