       51081.359      21.4000     0.128000      51081.4      20.7700    0.0360000      51081.4      20.7380    0.0440000      51081.4      20.8000    0.0660000      51081.4      20.3740     0.162000
       51819.430      20.9650     0.107000      51819.4      20.3670    0.0320000      51819.4      20.2610    0.0300000      51819.4      20.2640    0.0430000      51819.4      20.1670     0.143000
       52225.255      21.3570     0.115000      52225.3      20.4430    0.0280000      52225.3      20.3220    0.0290000      52225.3      20.3750    0.0430000      52225.3      19.9860     0.110000
       52288.089      21.1470    0.0960000      52288.1      20.4550    0.0290000      52288.1      20.4140    0.0340000      52288.1      20.4080    0.0430000      52288.1      20.0740     0.102000
       52551.362      21.0250     0.105000      52551.4      20.3760    0.0280000      52551.4      20.3270    0.0320000      52551.4      20.3820    0.0500000      52551.4      20.3760     0.159000
       52558.395      21.2420    0.0960000      52558.4      20.4000    0.0240000      52558.4      20.3260    0.0250000      52558.4      20.3660    0.0330000      52558.4      20.5030     0.127000
       52576.228      21.3320     0.105000      52576.2      20.4750    0.0260000      52576.2      20.3610    0.0280000      52576.2      20.4790    0.0470000      52576.2      20.2880     0.119000
       52577.283      21.3850     0.124000      52577.3      20.4750    0.0270000      52577.3      20.3790    0.0300000      52577.3      20.4860    0.0470000      52577.3      20.1570     0.116000
       52585.230      21.3760     0.117000      52585.2      20.4510    0.0280000      52585.2      20.3710    0.0370000      52585.2      20.5160    0.0670000      52585.2      20.5300     0.233000
       52910.367      21.1650     0.115000      52910.4      20.3540    0.0260000      52910.4      20.2370    0.0280000      52910.4      20.3410    0.0450000      52910.4      20.0660     0.101000
       52935.294      21.0350     0.102000      52935.3      20.3740    0.0270000      52935.3      20.2880    0.0340000      52935.3      20.3860    0.0510000      52935.3      20.3390     0.170000
       52963.217      21.1880    0.0830000      52963.2      20.3860    0.0230000      52963.2      20.3620    0.0260000      52963.2      20.3330    0.0360000      52963.2      20.1530    0.0890000
       52971.208      21.3460     0.121000      52971.2      20.3950    0.0280000      52971.2      20.3270    0.0300000      52971.2      20.4060    0.0440000      52971.2      20.0100     0.105000
       53351.139      21.4630     0.126000      53351.1      20.5930    0.0310000      53351.1      20.5520    0.0360000      53351.1      20.5580    0.0500000      53351.1      20.8180     0.234000
       53622.396      21.6690     0.181000      53622.4      20.8080    0.0400000      53622.4      20.7390    0.0460000      53622.4      20.7860    0.0770000      53622.4      21.1510     0.388000
       53638.387      21.7490     0.229000      53638.4      20.8330    0.0450000      53638.4      20.7250    0.0400000      53638.4      20.8370    0.0640000      53638.4      20.5140     0.176000
       53640.351      21.5850     0.173000      53640.4      20.8530    0.0400000      53640.3      20.7420    0.0410000      53640.4      20.9180    0.0660000      53640.4      20.5870     0.168000
       53655.323      22.2640     0.303000      53655.3      20.7450    0.0380000      53655.3      20.6120    0.0400000      53655.3      20.9460    0.0820000      53655.3      20.5310     0.213000
       53664.348      21.4760     0.558000      53664.4      20.7750     0.127000      53664.3     -99.9900     0.168000      53664.3      20.4880     0.153000      53664.3      20.4930     0.377000
       53665.413      21.5140     0.400000      53665.4      20.6270    0.0710000      53665.4      20.6280    0.0660000      53665.4      20.5930    0.0780000      53665.4      20.0610     0.167000
       53669.307      21.4880     0.123000      53669.3      20.7430    0.0320000      53669.3      20.6800    0.0350000      53669.3      20.8390    0.0590000      53669.3      20.6080     0.152000
       53671.392      21.5790     0.269000      53671.4     -99.9900    0.0480000      53671.4      20.6850    0.0520000      53671.4      20.6390    0.0660000      53671.4      20.9570     0.301000
       53674.292      21.7530     0.233000      53674.3      20.7630    0.0460000      53674.3      20.7740    0.0510000      53674.3      20.9980    0.0930000      53674.3      20.9210     0.294000
       53676.381      21.5520     0.223000      53676.4      20.9000    0.0420000      53676.4      20.7900    0.0460000      53676.4      20.7820    0.0650000      53676.4      20.4670     0.188000
       53681.345      21.6110     0.172000      53681.3      20.7840    0.0350000      53681.3      20.6980    0.0440000      53681.3      20.7880    0.0590000      53681.3      20.5550     0.164000
       53684.306      21.8220     0.276000      53684.3     -99.9900    0.0460000      53684.3      20.7610    0.0700000      53684.3      20.7320    0.0800000      53684.3      21.5930     0.488000
       53685.304      21.6140     0.288000      53685.3      20.6950    0.0660000      53685.3      20.6910    0.0600000      53685.3      20.9100    0.0850000      53685.3      20.4480     0.164000
       53694.318     -99.9900      2.73200      53694.3      20.7210     0.141000      53694.3      21.0490     0.149000      53694.3      20.6830     0.135000      53694.3      20.3870     0.311000
       53697.302      21.6280     0.232000      53697.3      20.8200    0.0500000      53697.3      20.7660    0.0490000      53697.3      20.7920    0.0630000      53697.3      20.7830     0.205000
       53700.301      21.7120     0.272000      53700.3      20.7430    0.0550000      53700.3      20.6730    0.0550000      53700.3      20.7080    0.0850000      53700.3      20.1700     0.218000
       53705.287      21.4260     0.158000      53705.3      20.7620    0.0400000      53705.3      20.7330    0.0430000      53705.3      20.7630    0.0640000      53705.3      20.6110     0.197000
       53975.372      21.7320     0.177000      53975.4      20.8380    0.0380000      53975.4      20.7740    0.0360000      53975.4      20.8860    0.0570000      53975.4      20.4890     0.139000
       53993.384      21.2880     0.183000      53993.4      20.8100    0.0890000      53993.4      20.8610    0.0420000      53993.4      20.8380    0.0650000      53993.4     -99.9900     0.383000
       53994.395      21.7540     0.184000      53994.4      20.8200    0.0390000      53994.4      20.8230    0.0400000      53994.4      21.0460    0.0760000      53994.4      20.5650     0.161000
       53996.379      21.8190     0.203000      53996.4      20.8050    0.0430000      53996.4      20.8110    0.0450000      53996.4      20.9410    0.0890000      53996.4      20.8840     0.219000
       54005.392      21.7870     0.132000      54005.4      20.8870    0.0360000      54005.4      20.6990    0.0290000      54005.4      20.8650    0.0440000      54005.4      20.8090     0.161000
       54010.333      21.5960     0.115000      54010.3      20.8050    0.0340000      54010.3      20.8350    0.0330000      54010.3      20.6770    0.0460000      54010.3      20.6110     0.134000
       54012.326      22.1770      1.00000      54012.3      20.7640    0.0610000      54012.3      20.8320    0.0650000      54012.3      20.9470    0.0850000      54012.3      21.0940     0.296000
       54020.332      21.4890     0.234000      54020.3      21.0250    0.0740000      54020.3      20.7530    0.0560000      54020.3      20.8950    0.0770000      54020.3      20.5580     0.223000
       54024.414      22.0620     0.486000      54024.4     -99.9900    0.0600000      54024.4      20.6710    0.0600000      54024.4      20.8080    0.0900000      54024.4      20.4930     0.298000
       54028.402     -99.9900     0.204000      54028.4      20.8800    0.0460000      54028.4      20.6960    0.0460000      54028.4      20.7760    0.0690000      54028.4      20.6020     0.279000
       54030.326      21.6940     0.137000      54030.3      20.8170    0.0360000      54030.3      20.7310    0.0310000      54030.3      20.8410    0.0480000      54030.3      20.4580     0.130000
       54035.401      21.7340     0.310000      54035.4      20.7730    0.0510000      54035.4      20.7580    0.0700000      54035.4      20.6510    0.0850000      54035.4      20.2960     0.242000
       54037.307      21.6200     0.120000      54037.3      20.8310    0.0320000      54037.3      20.7850    0.0340000      54037.3      20.8610    0.0490000      54037.3      20.6480     0.131000
       54040.321      21.5900     0.248000      54040.3      20.7500    0.0600000      54040.3      20.6810    0.0520000      54040.3      20.8520    0.0760000      54040.3      20.8980     0.219000
       54049.348      24.2390      4.88500      54049.3      20.8540    0.0830000      54049.3      20.7410    0.0720000      54049.3      20.8950     0.101000      54049.3      20.7780     0.291000
       54053.312      22.0310     0.229000      54053.3      20.8120    0.0340000      54053.3      20.7780    0.0430000      54053.3      20.7910    0.0570000      54053.3      20.4310     0.184000
       54056.314      21.5510     0.200000      54056.3      20.8310    0.0450000      54056.3      20.7570    0.0510000      54056.3      20.7260    0.0690000      54056.3      20.9320     0.303000
       54059.308      21.4500     0.190000      54059.3      20.8540    0.0410000      54059.3      20.7800    0.0510000      54059.3      20.8590    0.0820000      54059.3      20.4800     0.194000
       54061.319      21.6950      3.34600      54061.3      20.9420    0.0640000      54061.3      20.8680    0.0630000      54061.3      20.9610     0.105000      54061.3      20.3920     0.173000
       54062.313      21.7120     0.178000      54062.3      20.8410    0.0450000      54062.3      20.7870    0.0400000      54062.3      20.7280    0.0580000      54062.3      20.5620     0.171000
       54357.351      21.6490     0.160000      54357.4      21.0000    0.0350000      54357.3      20.9150    0.0340000      54357.4      21.0220    0.0510000      54357.4      20.4660     0.115000
       54359.383      21.8290     0.211000      54359.4      21.0160    0.0510000      54359.4      20.8840    0.0630000      54359.4      20.9990    0.0970000      54359.4      21.0640     0.300000
       54362.401      22.3520     0.225000      54362.4      20.9940    0.0410000      54362.4      20.8490    0.0320000      54362.4      21.1580    0.0640000      54362.4      21.4370     0.365000
       54376.396      22.1770     0.293000      54376.4      20.9710    0.0490000      54376.4      20.9350    0.0430000      54376.4      21.0420    0.0690000      54376.4      20.5380     0.163000
       54382.381      22.2370     0.590000      54382.4     -99.9900    0.0560000      54382.4      21.0040    0.0620000      54382.4      20.9480    0.0960000      54382.4      20.8750     0.341000
       54385.399      22.1330     0.214000      54385.4      20.9900    0.0480000      54385.4      20.8970    0.0350000      54385.4      20.8650    0.0480000      54385.4      20.8550     0.168000
       54390.392      21.4170     0.195000      54390.4      20.8160    0.0450000      54390.4      20.9430    0.0730000      54390.4      20.8620     0.118000      54390.4      20.5040     0.248000
       54391.400      21.6300     0.296000      54391.4      20.9280    0.0720000      54391.4      20.9750    0.0860000      54391.4      21.1040     0.155000      54391.4      21.0730     0.524000
       54402.393      20.7750     0.260000      54402.4      21.0180     0.121000      54402.4      20.7990    0.0790000      54402.4      21.0580     0.113000      54402.4      20.8240     0.312000
       52522.000       21.052000     0.090000000       52522.000       20.398000     0.030000000       52522.000       20.382000     0.029000000       52522.000       20.424000     0.040000000       52522.000       20.252000      0.11800000
       51081       21.348000      0.11300000       51081       20.727000     0.034000000       51081       20.703000     0.043000000       51081       20.799000     0.065000000       51081       20.306000      0.14700000
       51132       21.497000      0.11900000       51132       20.723000     0.037000000       51132       20.532000     0.044000000       51132       20.755000     0.082000000       51132       20.333000      0.19900000
       51136       21.351000     0.090000000       51136       20.703000     0.031000000       51136       20.619000     0.040000000       51136       20.769000     0.070000000       51136       20.407000      0.19500000
       51819       20.916000     0.094000000       51819       20.331000     0.034000000       51819       20.264000     0.032000000       51819       20.241000     0.040000000       51819       20.120000      0.14000000
       52225       21.311000     0.097000000       52225       20.470000     0.029000000       52225       20.349000     0.030000000       52225       20.398000     0.041000000       52225       20.026000      0.10900000
       52288       21.079000     0.079000000       52288       20.456000     0.032000000       52288       20.419000     0.037000000       52288       20.422000     0.040000000       52288       20.104000      0.10100000
       52522       21.058000     0.080000000       52522       20.397000     0.025000000       52522       20.370000     0.028000000       52522       20.427000     0.038000000       52522       20.264000      0.12000000
       52551       21.082000     0.091000000       52551       20.374000     0.034000000       52551       20.355000     0.034000000       52551       20.402000     0.047000000       52551       20.425000      0.15800000
       52558       21.209000     0.086000000       52558       20.394000     0.040000000       52558       20.323000     0.025000000       52558       20.363000     0.034000000       52558       20.422000      0.11600000
       52577       21.334000      0.10800000       52577       20.467000     0.027000000       52577       20.371000     0.038000000       52577       20.481000     0.044000000       52577       20.147000      0.11300000
       52576       21.285000     0.092000000       52576       20.456000     0.031000000       52576       20.335000     0.029000000       52576       20.476000     0.045000000       52576       20.207000      0.13400000
       52585       21.331000      0.10000000       52585       20.462000     0.040000000       52585       20.362000     0.038000000       52585       20.486000     0.066000000       52585       20.478000      0.22000000
       52640       21.270000      0.10400000       52640       20.454000     0.031000000       52640       20.359000     0.038000000       52640       20.492000     0.064000000       52640       20.412000      0.19500000
       52910       21.170000     0.099000000       52910       20.377000     0.030000000       52910       20.249000     0.031000000       52910       20.351000     0.046000000       52910       20.101000      0.10200000
       52935       20.991000     0.090000000       52935       20.348000     0.031000000       52935       20.279000     0.036000000       52935       20.379000     0.050000000       52935       20.305000      0.16500000
       52971       21.356000      0.10200000       52971       20.389000     0.028000000       52971       20.339000     0.031000000       52971       20.431000     0.042000000       52971       20.006000      0.10300000
       53351       21.491000      0.11100000       53351       20.602000     0.029000000       53351       20.571000     0.039000000       53351       20.568000     0.052000000       53351       20.802000      0.22500000
       54424       21.624000      0.37300000       54424       20.806000     0.084000000       54424       20.807000     0.072000000       54424       20.968000     0.090000000       54424       20.634000      0.19100000
       54769       21.450000      0.16600000       54769       20.483000     0.027000000       54769       20.580000     0.042000000       54769       20.605000     0.067000000       54769       20.469000      0.21100000
