       51081.364      20.0890    0.0540000      51081.4      19.8140    0.0170000      51081.4      19.8780    0.0230000      51081.4      19.8170    0.0310000      51081.4      19.6060    0.0900000
       51819.435      20.0590    0.0580000      51819.4      19.8610    0.0190000      51819.4      19.9380    0.0260000      51819.4      19.8020    0.0340000      51819.4      19.6780     0.102000
       52225.260      20.0900    0.0500000      52225.3      19.8630    0.0160000      52225.3      19.9390    0.0230000      52225.3      19.8890    0.0310000      52225.3      19.6230    0.0820000
       52288.094      20.0870    0.0520000      52288.1     -99.9900    0.0180000      52288.1      19.9990    0.0260000      52288.1      19.9480    0.0340000      52288.1      19.7740    0.0960000
       52551.368     -99.9900    0.0570000      52551.4     -99.9900    0.0180000      52551.4      20.0210    0.0280000      52551.4      19.8780    0.0350000      52551.4     -99.9900    0.0970000
       52558.400      20.1770    0.0520000      52558.4      19.9640    0.0170000      52558.4      20.0440    0.0240000      52558.4      20.0280    0.0310000      52558.4      19.6950    0.0750000
       52576.234      20.1110    0.0500000      52576.2      19.9340    0.0170000      52576.2      19.9920    0.0240000      52576.2      19.9750    0.0340000      52576.2      19.7660     0.103000
       52577.288      20.1460    0.0520000      52577.3      19.9370    0.0170000      52577.3      20.0390    0.0250000      52577.3      19.9010    0.0320000      52577.3      19.7630    0.0940000
       52585.235      20.1910    0.0490000      52585.2      19.9770    0.0170000      52585.2      20.0490    0.0250000      52585.2      20.0360    0.0420000      52585.2      19.6150     0.116000
       52909.402      20.3910    0.0620000      52909.4      20.1480    0.0190000      52909.4      20.2670    0.0270000      52909.4      20.1640    0.0350000      52909.4      19.8930    0.0980000
       52910.372      20.2790    0.0610000      52910.4      20.1200    0.0220000      52910.4      20.0900    0.0260000      52910.4      20.0040    0.0350000      52910.4      19.8030     0.103000
       52935.299      20.3770    0.0680000      52935.3      20.1360    0.0210000      52935.3      20.1450    0.0300000      52935.3      20.0960    0.0450000      52935.3      19.7100     0.115000
       52963.222      20.2130    0.0490000      52963.2      20.0320    0.0190000      52963.2      20.1040    0.0250000      52963.2      20.0030    0.0320000      52963.2      19.9230    0.0980000
       52971.213      20.2550    0.0580000      52971.2      20.0710    0.0190000      52971.2      20.1190    0.0260000      52971.2      19.9840    0.0350000      52971.2      19.6240    0.0780000
       53351.144      20.5660    0.0800000      53351.1      20.3440    0.0240000      53351.1      20.3810    0.0320000      53351.1      20.2290    0.0490000      53351.1      20.0640     0.165000
       53622.402      20.3730    0.0830000      53622.4      20.1670    0.0210000      53622.4      20.2730    0.0300000      53622.4      20.1380    0.0430000      53622.4      19.9710     0.119000
       53634.351      21.2730     0.505000      53634.4      20.2520    0.0690000      53634.3      20.2480    0.0750000      53634.4      20.2590    0.0930000      53634.4      19.6480     0.132000
       53638.392      20.5110    0.0840000      53638.4      20.1810    0.0280000      53638.4      20.3390    0.0360000      53638.4      20.1590    0.0410000      53638.4      19.8460     0.110000
       53640.356      20.3550    0.0710000      53640.4      20.2370    0.0240000      53640.4      20.3030    0.0290000      53640.4      20.2670    0.0420000      53640.4      19.9510     0.110000
       53646.418     -99.9900     0.133000      53646.4      20.2550    0.0270000      53646.4     -99.9900    0.0460000      53646.4     -99.9900    0.0920000      53646.4      20.0790     0.169000
       53655.329      20.5160    0.0780000      53655.3      20.2770    0.0220000      53655.3      20.3050    0.0330000      53655.3      20.1980    0.0500000      53655.3      19.9370     0.133000
       53664.354      20.7310     0.276000      53664.4      20.4430    0.0780000      53664.4      20.5650     0.122000      53664.4      20.3570     0.124000      53664.4      19.7320     0.194000
       53669.313      20.7250    0.0900000      53669.3      20.3080    0.0240000      53669.3      20.3380    0.0300000      53669.3      20.2060    0.0390000      53669.3      20.1430     0.127000
       53671.398      20.7260     0.163000      53671.4      20.3340    0.0300000      53671.4      20.3510    0.0470000      53671.4      20.3340    0.0760000      53671.4      19.7680     0.133000
       53674.297      20.6210     0.119000      53674.3      20.2830    0.0300000      53674.3      20.2850    0.0400000      53674.3      20.0930    0.0560000      53674.3      19.6890     0.128000
       53676.386      20.4650    0.0880000      53676.4      20.2270    0.0220000      53676.4      20.2700    0.0320000      53676.4      20.1320    0.0400000      53676.4      19.9740     0.111000
       53679.358     -99.9900     0.112000      53679.4      20.2080    0.0280000      53679.4      20.3550    0.0470000      53679.4      20.0450    0.0530000      53679.4      19.6130     0.147000
       53681.350      20.4230    0.0730000      53681.4      20.3160    0.0210000      53681.3      20.3880    0.0310000      53681.3      20.2840    0.0400000      53681.4      20.1220     0.113000
       53684.311     -99.9900    0.0940000      53684.3      20.2400    0.0290000      53684.3      20.3190    0.0350000      53684.3      20.1070    0.0470000      53684.3      19.9130     0.126000
       53697.307      20.2760    0.0880000      53697.3      20.0910    0.0300000      53697.3      20.2460    0.0380000      53697.3      20.0550    0.0440000      53697.3      19.8520     0.112000
       53700.306      20.4830     0.109000      53700.3      20.2540    0.0260000      53700.3      20.2640    0.0410000      53700.3      20.1100    0.0560000      53700.3      19.9800     0.167000
       53705.293      20.4340     0.101000      53705.3      20.1690    0.0230000      53705.3      20.3270    0.0350000      53705.3      20.1600    0.0430000      53705.3      19.8560     0.123000
       53975.378      20.8120    0.0940000      53975.4      20.5920    0.0320000      53975.4      20.5680    0.0330000      53975.4      20.3320    0.0430000      53975.4      19.9680     0.118000
       53993.390      20.9880     0.138000      53993.4      20.6450    0.0390000      53993.4      20.7940    0.0990000      53993.4     -99.9900    0.0770000      53993.4      20.4070     0.348000
       53994.401      21.0790     0.109000      53994.4      20.6270    0.0290000      53994.4      20.6540    0.0360000      53994.4      20.3780    0.0470000      53994.4      19.9650     0.137000
       53996.384      20.8250    0.0950000      53996.4      20.5890    0.0330000      53996.4      20.5850    0.0420000      53996.4      20.3630    0.0580000      53996.4      19.9890     0.124000
       54005.397      21.3480     0.111000      54005.4      20.6710    0.0230000      54005.4      20.6840    0.0340000      54005.4      20.4660    0.0430000      54005.4      20.1000    0.0980000
       54010.338      21.0530    0.0800000      54010.3      20.7390    0.0320000      54010.3      20.6960    0.0340000      54010.3      20.5300    0.0450000      54010.3      20.0610    0.0900000
       54012.331     -99.9900     0.193000      54012.3     -99.9900    0.0620000      54012.3      20.7290    0.0700000      54012.3      20.2670    0.0630000      54012.3      19.9470     0.146000
       54028.407      20.9610     0.123000      54028.4      20.5720    0.0310000      54028.4      20.6650    0.0480000      54028.4      20.3110    0.0600000      54028.4      20.0720     0.138000
       54030.331      20.9020    0.0770000      54030.3      20.5960    0.0270000      54030.3      20.5550    0.0330000      54030.3      20.3900    0.0480000      54030.3      19.9830     0.105000
       54035.407      20.6560     0.126000      54035.4      20.6190    0.0360000      54035.4      20.5980    0.0630000      54035.4      20.2420    0.0660000      54035.4      19.6780     0.127000
       54037.312      20.8520    0.0730000      54037.3     -99.9900    0.0290000      54037.3      20.5510    0.0310000      54037.3      20.3290    0.0400000      54037.3      20.0610     0.131000
       54040.327      20.9200     0.145000      54040.3      20.4470    0.0450000      54040.3      20.4590    0.0510000      54040.3      20.3820    0.0640000      54040.3      19.8810     0.117000
       54047.357     -99.9900     0.520000      54047.4      20.3100     0.122000      54047.4      20.1980     0.108000      54047.4      20.2680     0.131000      54047.4      19.9050     0.163000
       54053.317     -99.9900    0.0860000      54053.3      20.5220    0.0260000      54053.3      20.5430    0.0390000      54053.3      20.3070    0.0490000      54053.3      20.0780     0.132000
       54053.333      20.6720    0.0870000      54053.3     -99.9900    0.0340000      54053.3      20.4870    0.0410000      54053.3     -99.9900    0.0530000      54053.3     -99.9900     0.167000
       54056.319      20.7720     0.101000      54056.3      20.4830    0.0700000      54056.3      20.4810    0.0410000      54056.3      20.3480    0.0700000      54056.3      20.0830     0.140000
       54059.313      20.5150    0.0950000      54059.3      20.3320    0.0320000      54059.3      20.4380    0.0480000      54059.3      20.1880    0.0500000      54059.3      19.8520     0.127000
       54061.324      20.6030     0.133000      54061.3      20.3990    0.0390000      54061.3      20.3970    0.0540000      54061.3      20.2540    0.0660000      54061.3      20.1260     0.189000
       54062.318      20.5940    0.0790000      54062.3      20.3830    0.0230000      54062.3      20.4110    0.0380000      54062.3      20.2180    0.0460000      54062.3      20.1380     0.131000
       54064.315      20.5700    0.0830000      54064.3      20.3420    0.0260000      54064.3      20.3650    0.0330000      54064.3      20.2680    0.0440000      54064.3      19.8480    0.0980000
       54068.299      20.7180     0.168000      54068.3      20.3190    0.0510000      54068.3      20.3710    0.0510000      54068.3      20.2360    0.0680000      54068.3      19.9060     0.137000
       54357.356      20.4810    0.0560000      54357.4      20.2370    0.0200000      54357.4      20.3520    0.0230000      54357.4      20.1660    0.0290000      54357.4      19.7490    0.0670000
       54359.388     -99.9900    0.0860000      54359.4      20.2580    0.0280000      54359.4      20.2140    0.0350000      54359.4      20.1400    0.0490000      54359.4      19.9920     0.141000
       54362.406      20.3510    0.0530000      54362.4      20.2200    0.0230000      54362.4      20.2560    0.0290000      54362.4      20.1430    0.0370000      54362.4      20.0930     0.115000
       54376.401      20.4960    0.0710000      54376.4      20.2350    0.0290000      54376.4      20.3720    0.0340000      54376.4      20.2800    0.0440000      54376.4      19.9130     0.149000
       54382.386      20.4230    0.0920000      54382.4      20.1880    0.0550000      54382.4      20.2840    0.0340000      54382.4      20.1690    0.0540000      54382.4      20.0500     0.151000
       54385.404      20.4400    0.0630000      54385.4      20.2480    0.0270000      54385.4      20.3660    0.0330000      54385.4      20.1430    0.0320000      54385.4      20.0010    0.0830000
       54402.398      20.4510     0.193000      54402.4      20.2340    0.0550000      54402.4      20.1950    0.0590000      54402.4     -99.9900    0.0580000      54402.4     -99.9900     0.114000
       52522.000       20.287000     0.055000000       52522.000       20.021000     0.023000000       52522.000       20.112000     0.027000000       52522.000       19.962000     0.036000000       52522.000       19.948000     0.099000000
       51081       20.080000     0.047000000       51081       19.771000     0.019000000       51081       19.888000     0.033000000       51081       19.826000     0.040000000       51081       19.656000     0.092000000
       51132       20.096000     0.040000000       51132       19.877000     0.031000000       51132       20.001000     0.029000000       51132       19.973000     0.046000000       51132       19.561000     0.097000000
       51136       20.080000     0.038000000       51136       19.863000     0.021000000       51136       19.940000     0.032000000       51136       19.910000     0.038000000       51136       19.748000      0.11100000
       51819       20.141000     0.051000000       51819       19.939000     0.028000000       51819       20.035000     0.030000000       51819       19.881000     0.034000000       51819       19.745000     0.094000000
       52225       20.037000     0.047000000       52225       19.878000     0.028000000       52225       19.941000     0.026000000       52225       19.896000     0.034000000       52225       19.640000     0.082000000
       52288       20.086000     0.050000000       52288       19.987000     0.028000000       52288       20.030000     0.030000000       52288       20.016000     0.039000000       52288       19.852000      0.13400000
       52522       20.284000     0.051000000       52522       20.018000     0.026000000       52522       20.115000     0.028000000       52522       19.945000     0.035000000       52522       19.913000     0.096000000
       52551       20.207000     0.054000000       52551       19.970000     0.026000000       52551       20.114000     0.038000000       52551       19.993000     0.042000000       52551       19.775000     0.095000000
       52558       20.211000     0.051000000       52558       20.039000     0.026000000       52558       20.104000     0.027000000       52558       20.074000     0.033000000       52558       19.739000     0.078000000
       52576       20.093000     0.045000000       52576       19.947000     0.025000000       52576       20.048000     0.026000000       52576       20.034000     0.036000000       52576       19.758000      0.10000000
       52577       20.204000     0.046000000       52577       19.977000     0.027000000       52577       20.091000     0.029000000       52577       19.965000     0.033000000       52577       19.781000      0.10100000
       52585       20.213000     0.047000000       52585       20.032000     0.023000000       52585       20.088000     0.034000000       52585       20.065000     0.050000000       52585       19.621000      0.11100000
       52640       20.034000     0.043000000       52640       19.839000     0.030000000       52640       19.950000     0.034000000       52640       19.858000     0.036000000       52640       19.880000      0.11700000
       52909       20.412000     0.054000000       52909       20.181000     0.022000000       52909       20.273000     0.028000000       52909       20.209000     0.039000000       52909       19.878000     0.095000000
       52910       20.404000     0.051000000       52910       20.213000     0.029000000       52910       20.217000     0.033000000       52910       20.136000     0.043000000       52910       19.885000     0.098000000
       52935       20.392000     0.058000000       52935       20.159000     0.028000000       52935       20.181000     0.039000000       52935       20.114000     0.045000000       52935       19.694000      0.11500000
       52971       20.258000     0.055000000       52971       20.031000     0.023000000       52971       20.115000     0.027000000       52971       19.997000     0.036000000       52971       19.601000     0.079000000
       53351       20.643000     0.072000000       53351       20.395000     0.034000000       53351       20.500000     0.035000000       53351       20.360000     0.052000000       53351       20.046000      0.15500000
       54424       20.637000      0.12900000       54424       20.294000     0.046000000       54424       20.177000     0.044000000       54424       20.160000     0.048000000       54424       19.858000     0.097000000
