       51075.376      20.9890    0.0800000      51075.4      20.6160    0.0270000      51075.4      20.3890    0.0310000      51075.4      20.2030    0.0430000      51075.4      20.2150     0.159000
       51818.346      20.9880    0.0910000      51818.3      20.4790    0.0260000      51818.3      20.2770    0.0280000      51818.3      20.0370    0.0350000      51818.3      19.9910     0.116000
       52170.397      20.7590    0.0690000      52170.4      20.3120    0.0220000      52170.4      20.2250    0.0240000      52170.4      20.0900    0.0330000      52170.4      19.8140    0.0830000
       52173.310      20.7120    0.0880000      52173.3      20.2970    0.0260000      52173.3      20.1780    0.0290000      52173.3      20.0320    0.0390000      52173.3      19.6920     0.107000
       52196.396      20.8280    0.0890000      52196.4      20.3520    0.0250000      52196.4      20.1640    0.0260000      52196.4      19.9760    0.0340000      52196.4      19.7990     0.105000
       52207.362      20.7030    0.0750000      52207.4      20.3190    0.0210000      52207.4      20.1340    0.0260000      52207.4      19.9600    0.0320000      52207.4      19.9640    0.0990000
       52224.291      20.5900    0.0630000      52224.3      20.1910    0.0190000      52224.3      20.0890    0.0220000      52224.3      19.9170    0.0290000      52224.3      19.7620    0.0770000
       52231.276      20.5960    0.0630000      52231.3      20.2760    0.0210000      52231.3      20.0840    0.0210000      52231.3      19.9070    0.0270000      52231.3      19.8230    0.0800000
       52234.247      20.7400    0.0690000      52234.2      20.2470    0.0200000      52234.2      20.0920    0.0230000      52234.2      19.9500    0.0280000      52234.2      19.8810    0.0730000
       52261.210      20.6990    0.0770000      52261.2      20.2240    0.0210000      52261.2      20.1050    0.0250000      52261.2      19.9090    0.0300000      52261.2      19.7510    0.0810000
       52282.137      20.6360    0.0720000      52282.1      20.2490    0.0250000      52282.1      20.0720    0.0280000      52282.1      19.9720    0.0390000      52282.1      19.7720     0.106000
       52287.091      20.6500    0.0690000      52287.1      20.1590    0.0210000      52287.1      20.0550    0.0250000      52287.1      19.9060    0.0310000      52287.1      19.7420    0.0830000
       52552.410      20.5980    0.0700000      52552.4      20.1970    0.0230000      52552.4      20.0070    0.0230000      52552.4      19.8190    0.0290000      52552.4      19.6340    0.0790000
       52557.384      20.4970    0.0610000      52557.4      20.1880    0.0210000      52557.4      19.9870    0.0230000      52557.4      19.8950    0.0330000      52557.4      19.7640    0.0900000
       52908.359      20.6820    0.0700000      52908.4      20.1890    0.0210000      52908.4      20.0400    0.0230000      52908.4      19.8280    0.0290000      52908.4      19.8430    0.0860000
       52912.338      20.6260    0.0730000      52912.3      20.1760    0.0210000      52912.3      19.9990    0.0210000      52912.3      19.9480    0.0310000      52912.3      19.8340    0.0940000
       52934.290      20.5820    0.0760000      52934.3      20.2330    0.0240000      52934.3      20.0680    0.0240000      52934.3      19.9360    0.0370000      52934.3      19.5750    0.0910000
       52936.286      20.6300    0.0590000      52936.3      20.2240    0.0190000      52936.3      20.0650    0.0220000      52936.3      19.8920    0.0280000      52936.3      19.6570    0.0710000
       53270.350      20.6980    0.0650000      53270.4      20.1770    0.0370000      53270.3      20.0560    0.0220000      53270.4      19.9290    0.0300000      53270.4      19.6660    0.0810000
       53272.400      20.4580    0.0730000      53272.4      20.1630    0.0220000      53272.4      20.0700    0.0260000      53272.4      19.8790    0.0350000      53272.4      19.8270     0.105000
       53286.369     -99.9900    0.0700000      53286.4      20.1460    0.0230000      53286.4      20.0450    0.0240000      53286.4      20.1720    0.0360000      53286.4      19.6600    0.0700000
       53288.328     -99.9900    0.0610000      53288.3      20.1290    0.0190000      53288.3      20.0000    0.0210000      53288.3      19.7890    0.0260000      53288.3      19.5770    0.0660000
       53294.375      20.5560    0.0730000      53294.4      20.1310    0.0210000      53294.4      20.0140    0.0250000      53294.4      19.9010    0.0340000      53294.4      19.6920    0.0780000
       53296.322      20.5480    0.0760000      53296.3      20.2050    0.0360000      53296.3      19.9980    0.0300000      53296.3      19.8770    0.0400000      53296.3      20.1020     0.173000
       53298.372      20.5090    0.0660000      53298.4      20.1490    0.0210000      53298.4      20.0740    0.0280000      53298.4      19.8850    0.0350000      53298.4      19.4680    0.0800000
       53302.323      20.9050     0.165000      53302.3      20.2060    0.0430000      53302.3      20.0460    0.0350000      53302.3      19.9140    0.0400000      53302.3      19.6280    0.0810000
       53312.279      20.5190     0.127000      53312.3      20.2090    0.0360000      53312.3     -99.9900     0.113000      53312.3     -99.9900    0.0650000      53312.3      19.8160     0.119000
       53314.280     -99.9900    0.0800000      53314.3      20.2590    0.0250000      53314.3      20.0600    0.0300000      53314.3      19.9330    0.0350000      53314.3      19.8630    0.0960000
       53319.268      20.7180    0.0970000      53319.3      20.2660    0.0270000      53319.3      20.0760    0.0330000      53319.3      19.9810    0.0470000      53319.3      19.5340    0.0990000
       53616.384      20.6350     0.103000      53616.4     -99.9900    0.0290000      53616.4      20.0730    0.0320000      53616.4      19.9630    0.0430000      53616.4      19.7160     0.113000
       53626.361      20.6730     0.128000      53626.4     -99.9900    0.0330000      53626.4     -99.9900    0.0490000      53626.4     -99.9900    0.0550000      53626.4     -99.9900     0.113000
       53628.346      20.6150     0.123000      53628.3      20.1990    0.0440000      53628.3      20.1310    0.0390000      53628.3      19.9070    0.0390000      53628.3      19.5900    0.0850000
       53637.347      20.6140     0.122000      53637.3      20.2500    0.0390000      53637.3      20.0890    0.0340000      53637.3      19.8910    0.0380000      53637.3      19.7680     0.113000
       53639.393      20.7710    0.0800000      53639.4      20.2480    0.0240000      53639.4      20.0730    0.0230000      53639.4      19.8960    0.0270000      53639.4      19.6360    0.0600000
       53641.392      20.6730    0.0760000      53641.4      20.2180    0.0220000      53641.4      20.1390    0.0260000      53641.4      19.8650    0.0280000      53641.4      19.6560    0.0660000
       53657.351      20.6620     0.246000      53657.4      20.1730    0.0670000      53657.3      20.0100    0.0530000      53657.4      19.9640    0.0670000      53657.4      19.6910     0.147000
       53663.335      20.4890     0.120000      53663.3      20.2870    0.0450000      53663.3      20.0960    0.0340000      53663.3      19.9320    0.0360000      53663.3      19.6380    0.0730000
       53666.405      20.5860     0.138000      53666.4      20.2390    0.0360000      53666.4      20.0610    0.0310000      53666.4      19.8520    0.0360000      53666.4      19.7790    0.0890000
       53668.325      20.7220     0.110000      53668.3      20.2700    0.0320000      53668.3      20.1510    0.0360000      53668.3      19.8850    0.0420000      53668.3      19.6440    0.0940000
       53669.412      20.6610     0.155000      53669.4      20.2690    0.0340000      53669.4      20.1280    0.0380000      53669.4      19.8920    0.0410000      53669.4      19.6560    0.0910000
       53670.330      20.6800     0.105000      53670.3      20.2120    0.0250000      53670.3      20.1110    0.0240000      53670.3      19.9210    0.0420000      53670.3      19.8010     0.140000
       53673.298      20.7430    0.0730000      53673.3      20.2410    0.0190000      53673.3      20.0520    0.0210000      53673.3      19.9540    0.0290000      53673.3      20.1690    0.0940000
       53675.295      20.6920    0.0710000      53675.3      20.2650    0.0210000      53675.3      20.0920    0.0270000      53675.3      19.9610    0.0340000      53675.3      19.6200    0.0760000
       53677.316      20.6650    0.0680000      53677.3      20.2950    0.0220000      53677.3      20.0960    0.0220000      53677.3      19.9210    0.0260000      53677.3      19.7620    0.0640000
       53680.302      20.6770    0.0660000      53680.3      20.2680    0.0200000      53680.3      20.1470    0.0250000      53680.3      19.9550    0.0300000      53680.3      19.7640    0.0700000
       53686.302      20.2150     0.171000      53686.3      20.2170    0.0760000      53686.3      19.9600    0.0590000      53686.3      19.8080    0.0630000      53686.3      19.7050     0.124000
       53693.304      20.6180     0.211000      53693.3      20.3000    0.0590000      53693.3      20.0830    0.0430000      53693.3      19.8760    0.0430000      53693.3      19.7280    0.0910000
       53698.302      20.8220    0.0960000      53698.3      20.2930    0.0260000      53698.3      20.1090    0.0270000      53698.3      19.9230    0.0340000      53698.3      19.8580    0.0930000
       53704.287      20.6110    0.0860000      53704.3      20.2600    0.0250000      53704.3      20.1030    0.0280000      53704.3      19.8330    0.0360000      53704.3      19.5660    0.0920000
       53989.384      20.5700     0.136000      53989.4      20.3240    0.0540000      53989.4      20.2300    0.0500000      53989.4      19.9620    0.0430000      53989.4      19.8660    0.0840000
       53995.422      20.8400    0.0660000      53995.4      20.3160    0.0220000      53995.4      20.1540    0.0250000      53995.4      19.9880    0.0300000      53995.4      19.5900    0.0740000
       54000.359      21.0260    0.0980000      54000.4     -99.9900    0.0450000      54000.4      20.1400    0.0270000      54000.4      20.0630    0.0370000      54000.4      19.8690     0.118000
       54007.409      20.8340    0.0810000      54007.4      20.3580    0.0260000      54007.4      20.1970    0.0360000      54007.4      19.8660    0.0370000      54007.4      19.7430    0.0740000
       54009.333      20.8010    0.0680000      54009.3      20.3750    0.0230000      54009.3      20.1850    0.0270000      54009.3      19.9720    0.0280000      54009.3      19.7880    0.0650000
       54011.397      20.8740    0.0610000      54011.4      20.4100    0.0240000      54011.4      20.1720    0.0220000      54011.4      20.0260    0.0280000      54011.4      19.8020    0.0540000
       54025.396      21.0310     0.104000      54025.4      20.4060    0.0290000      54025.4      20.2650    0.0290000      54025.4      20.0140    0.0380000      54025.4      19.7490    0.0810000
       54029.327      20.7650    0.0730000      54029.3      20.4100    0.0290000      54029.3      20.1810    0.0350000      54029.3      20.0260    0.0370000      54029.3      19.9960     0.114000
       54346.390      20.9990     0.179000      54346.4      20.3540    0.0500000      54346.4      20.2210    0.0400000      54346.4      20.0790    0.0380000      54346.4      19.8550    0.0860000
       54348.394      20.8820     0.100000      54348.4      20.4550    0.0290000      54348.4      20.2820    0.0310000      54348.4      20.1050    0.0410000      54348.4      19.8460    0.0810000
       54358.350      20.8250    0.0950000      54358.4      20.4080    0.0320000      54358.3      20.2740    0.0380000      54358.3      20.0880    0.0430000      54358.4      20.1190     0.129000
       54365.383      20.8960    0.0700000      54365.4      20.4560    0.0260000      54365.4      20.2610    0.0260000      54365.4      20.1250    0.0330000      54365.4      19.9500    0.0790000
       54381.403      21.0260     0.114000      54381.4      20.4830    0.0380000      54381.4      20.2630    0.0320000      54381.4      19.9930    0.0390000      54381.4      19.7700    0.0790000
       54384.409      20.8910    0.0890000      54384.4      20.4840    0.0300000      54384.4      20.3030    0.0350000      54384.4      20.1130    0.0350000      54384.4      19.9500     0.103000
       54386.395      21.1080     0.103000      54386.4      20.4400    0.0340000      54386.4      20.2990    0.0310000      54386.4      20.0420    0.0410000      54386.4      19.7370    0.0740000
       54388.399      20.7940    0.0760000      54388.4      20.4530    0.0250000      54388.4      20.2580    0.0270000      54388.4      20.0900    0.0310000      54388.4      19.9320    0.0930000
       54392.397      20.8610     0.139000      54392.4      20.4500    0.0460000      54392.4      20.3070    0.0440000      54392.4      20.0430    0.0520000      54392.4      19.9070     0.106000
       54404.371      21.3510     0.227000      54404.4      20.4150    0.0440000      54404.4      20.3630    0.0440000      54404.4      20.1430    0.0460000      54404.4      20.0090     0.112000
       54405.368      20.9790     0.164000      54405.4      20.5170    0.0380000      54405.4      20.3060    0.0370000      54405.4      20.0860    0.0340000      54405.4      19.9530     0.137000
       54406.307      20.8800    0.0750000      54406.3      20.4430    0.0270000      54406.3      20.2760    0.0260000      54406.3      20.0930    0.0290000      54406.3      19.8740    0.0660000
       54412.333      20.8270    0.0930000      54412.3      20.4600    0.0340000      54412.3      20.3110    0.0330000      54412.3      20.0830    0.0360000      54412.3      19.7810    0.0830000
       52234.000       20.832000     0.066000000       52234.000       20.275000     0.030000000       52234.000       20.126000     0.027000000       52234.000       20.004000     0.028000000       52234.000       19.914000      0.12000000
       51075       21.040000     0.073000000       51075       20.614000     0.028000000       51075       20.403000     0.031000000       51075       20.191000     0.043000000       51075       20.195000      0.24700000
       51133       20.903000     0.071000000       51133       20.548000     0.034000000       51133       20.320000     0.041000000       51133       20.144000     0.049000000       51133       19.974000      0.13800000
       51134       21.061000     0.078000000       51134       20.528000     0.032000000       51134       20.375000     0.034000000       51134       20.228000     0.041000000       51134       20.026000      0.10600000
       51818       20.964000     0.075000000       51818       20.517000     0.031000000       51818       20.298000     0.028000000       51818       20.035000     0.035000000       51818       19.985000      0.11000000
       52170       20.824000     0.062000000       52170       20.358000     0.024000000       52170       20.269000     0.023000000       52170       20.136000     0.032000000       52170       19.833000     0.079000000
       52173       20.729000     0.079000000       52173       20.314000     0.034000000       52173       20.187000     0.035000000       52173       20.034000     0.039000000       52173       19.714000      0.11600000
       52197       20.651000     0.081000000       52197       20.302000     0.032000000       52197       20.201000     0.031000000       52197       19.963000     0.042000000       52197       19.857000      0.15100000
       52207       20.688000     0.068000000       52207       20.334000     0.025000000       52207       20.126000     0.029000000       52207       19.957000     0.032000000       52207       19.978000      0.15000000
       52231       20.648000     0.056000000       52231       20.300000     0.029000000       52231       20.110000     0.024000000       52231       19.925000     0.035000000       52231       19.820000     0.076000000
       52234       20.836000     0.062000000       52234       20.279000     0.032000000       52234       20.128000     0.027000000       52234       19.984000     0.028000000       52234       19.922000      0.11900000
       52261       20.777000     0.073000000       52261       20.257000     0.029000000       52261       20.103000     0.032000000       52261       19.886000     0.034000000       52261       19.779000     0.081000000
       52282       20.635000     0.076000000       52282       20.269000     0.033000000       52282       20.075000     0.034000000       52282       19.971000     0.043000000       52282       19.774000      0.10500000
       52287       20.689000     0.060000000       52287       20.192000     0.028000000       52287       20.104000     0.030000000       52287       19.964000     0.032000000       52287       19.753000     0.079000000
       52552       20.612000     0.063000000       52552       20.212000     0.036000000       52552       20.019000     0.024000000       52552       19.809000     0.030000000       52552       19.621000     0.076000000
       52557       20.540000     0.054000000       52557       20.230000     0.025000000       52557       19.998000     0.026000000       52557       19.904000     0.033000000       52557       19.761000     0.086000000
       52872       20.727000     0.071000000       52872       20.259000     0.031000000       52872       20.058000     0.028000000       52872       19.880000     0.029000000       52872       19.559000     0.076000000
       52908       20.702000     0.061000000       52908       20.212000     0.024000000       52908       20.040000     0.027000000       52908       19.823000     0.030000000       52908       19.795000     0.079000000
       52912       20.680000     0.065000000       52912       20.185000     0.030000000       52912       20.013000     0.024000000       52912       19.932000     0.033000000       52912       19.799000     0.089000000
       52934       20.672000     0.074000000       52934       20.241000     0.025000000       52934       20.040000     0.029000000       52934       19.907000     0.039000000       52934       19.530000     0.088000000
       52936       20.699000     0.053000000       52936       20.217000     0.029000000       52936       20.048000     0.024000000       52936       19.903000     0.031000000       52936       19.595000     0.066000000
       53270       20.748000     0.066000000       53270       20.147000     0.038000000       53270       20.059000     0.024000000       53270       19.933000     0.031000000       53270       19.611000     0.087000000
       53272       20.496000     0.071000000       53272       20.163000     0.035000000       53272       20.070000     0.032000000       53272       19.888000     0.035000000       53272       19.809000      0.12400000
       53286       20.597000     0.063000000       53286       20.169000     0.031000000       53286       20.050000     0.028000000       53286       20.190000     0.051000000       53286       19.654000     0.068000000
       53288       20.555000     0.054000000       53288       20.154000     0.027000000       53288       20.051000     0.024000000       53288       19.830000     0.027000000       53288       19.604000     0.065000000
       53294       20.643000     0.065000000       53294       20.151000     0.026000000       53294       20.002000     0.029000000       53294       19.884000     0.034000000       53294       19.667000     0.075000000
       53298       20.522000     0.062000000       53298       20.145000     0.027000000       53298       20.066000     0.028000000       53298       19.879000     0.036000000       53298       19.431000     0.096000000
       53312       20.554000      0.14000000       53312       20.216000     0.045000000       53312       20.371000      0.13400000       53312       19.851000     0.068000000       53312       19.767000      0.12600000
       53314       20.753000     0.072000000       53314       20.267000     0.026000000       53314       20.040000     0.027000000       53314       19.908000     0.036000000       53314       19.824000     0.092000000
       53319       20.670000     0.082000000       53319       20.247000     0.037000000       53319       20.078000     0.039000000       53319       19.989000     0.046000000       53319       19.513000     0.096000000
