       51075.378      18.9980    0.0220000      51075.4      18.9970   0.00900000      51075.4      18.6000   0.00900000      51075.4      18.5330    0.0120000      51075.4      18.5290    0.0410000
       51818.348      19.1570    0.0260000      51818.3      19.0190    0.0100000      51818.3      18.6730    0.0100000      51818.3      18.5970    0.0130000      51818.3      18.5790    0.0370000
       52170.399      19.0820    0.0250000      52170.4      19.0680    0.0100000      52170.4      18.6710   0.00900000      52170.4      18.6300    0.0120000      52170.4      18.5930    0.0400000
       52173.312      19.0830    0.0300000      52173.3      19.0690    0.0110000      52173.3      18.6750    0.0100000      52173.3      18.5800    0.0140000      52173.3      18.7600    0.0560000
       52196.397      19.1240    0.0290000      52196.4      19.0470    0.0100000      52196.4      18.6810    0.0100000      52196.4      18.5910    0.0130000      52196.4      18.4840    0.0410000
       52207.364      19.0770    0.0250000      52207.4      19.0940    0.0100000      52207.4      18.6850    0.0100000      52207.4      18.6030    0.0120000      52207.4      18.5940    0.0360000
       52224.292      19.1180    0.0250000      52224.3      19.0970    0.0100000      52224.3      18.6760   0.00900000      52224.3      18.6090    0.0120000      52224.3      18.6000    0.0330000
       52231.277      19.0830    0.0250000      52231.3      19.0880    0.0100000      52231.3      18.7110   0.00900000      52231.3      18.6050    0.0120000      52231.3      18.5810    0.0340000
       52234.249      19.1450    0.0250000      52234.2      19.0960    0.0100000      52234.2      18.7020   0.00900000      52234.2      18.6370    0.0110000      52234.2      18.5750    0.0290000
       52261.212      19.1920    0.0280000      52261.2     -99.9900    0.0110000      52261.2      18.7270    0.0100000      52261.2      18.6340    0.0120000      52261.2      18.6560    0.0440000
       52282.139      19.1650    0.0300000      52282.1      19.1740    0.0110000      52282.1      18.7460    0.0110000      52282.1      18.6530    0.0140000      52282.1      18.6670    0.0430000
       52287.092      19.1860    0.0270000      52287.1      19.1840    0.0110000      52287.1      18.7510    0.0110000      52287.1      18.6620    0.0130000      52287.1      18.6430    0.0360000
       52552.411      19.3090    0.0310000      52552.4      19.2090    0.0110000      52552.4      18.7770    0.0100000      52552.4      18.7090    0.0140000      52552.4      18.7180    0.0440000
       52557.385      19.3080    0.0290000      52557.4      19.2200    0.0110000      52557.4      18.7630    0.0100000      52557.4      18.6870    0.0130000      52557.4      18.6890    0.0410000
       52908.360      19.0630    0.0250000      52908.4      19.0610    0.0100000      52908.4      18.7000    0.0100000      52908.4      18.6210    0.0120000      52908.4      18.6360    0.0390000
       52912.340      19.0790    0.0270000      52912.3      19.0460    0.0100000      52912.3      18.6970    0.0100000      52912.3      18.6860    0.0140000      52912.3      18.6540    0.0400000
       52934.292      19.1610    0.0280000      52934.3      19.0570    0.0100000      52934.3      18.6830    0.0110000      52934.3      18.6850    0.0150000      52934.3     -99.9900    0.0470000
       52936.288      19.1250    0.0240000      52936.3      19.0550    0.0100000      52936.3      18.6860   0.00900000      52936.3      18.6670    0.0130000      52936.3      18.6110    0.0360000
       53270.352     -99.9900    0.0540000      53270.4      19.1140    0.0250000      53270.4      18.7280    0.0280000      53270.4      18.6700    0.0260000      53270.4     -99.9900    0.0780000
       53272.402      19.1510    0.0310000      53272.4      19.1350    0.0110000      53272.4      18.7380    0.0110000      53272.4      18.6930    0.0140000      53272.4      18.6620    0.0460000
       53286.371      19.1250    0.0290000      53286.4      19.1110    0.0110000      53286.4      18.7290    0.0100000      53286.4      18.7030    0.0130000      53286.4      18.6500    0.0360000
       53288.329      19.0900    0.0250000      53288.3      19.1020    0.0100000      53288.3      18.7430    0.0100000      53288.3      18.6770    0.0120000      53288.3      18.6900    0.0380000
       53294.377      19.1040    0.0280000      53294.4      19.1170    0.0100000      53294.4      18.7320    0.0110000      53294.4      18.6520    0.0130000      53294.4      18.6310    0.0380000
       53296.324      19.0930    0.0400000      53296.3      19.0500    0.0240000      53296.3      18.7240    0.0260000      53296.3      18.6810    0.0720000      53296.3      18.6730    0.0530000
       53298.374      19.1840    0.0280000      53298.4      19.0880    0.0100000      53298.4      18.7130    0.0110000      53298.4      18.6690    0.0150000      53298.4      18.7270    0.0440000
       53302.325      19.1340    0.0390000      53302.3      19.0870    0.0160000      53302.3      18.7130    0.0130000      53302.3      18.6470    0.0160000      53302.3      18.7380    0.0430000
       53312.280      19.0150    0.0380000      53312.3      19.0780    0.0170000      53312.3     -99.9900    0.0180000      53312.3      18.6470    0.0270000      53312.3      18.6630    0.0450000
       53314.282      19.1050    0.0270000      53314.3      19.0920    0.0110000      53314.3      18.7400    0.0110000      53314.3      18.6350    0.0140000      53314.3      18.6440    0.0410000
       53319.269      19.1120    0.0300000      53319.3      19.1090    0.0120000      53319.3      18.7220    0.0120000      53319.3      18.6310    0.0160000      53319.3      18.8190    0.0610000
       53616.386     -99.9900    0.0390000      53616.4      19.1240    0.0120000      53616.4      18.7030    0.0110000      53616.4      18.6610    0.0150000      53616.4      18.6050    0.0480000
       53626.362     -99.9900    0.0480000      53626.4     -99.9900    0.0160000      53626.4      18.6930    0.0130000      53626.4     -99.9900    0.0160000      53626.4     -99.9900     0.124000
       53628.347      19.0800    0.0400000      53628.3      19.1540    0.0180000      53628.3      18.7470    0.0130000      53628.3      18.6520    0.0160000      53628.3      18.7200    0.0470000
       53637.349      19.2060    0.0420000      53637.4      19.1490    0.0170000      53637.3      18.7110    0.0120000      53637.3      18.6780    0.0170000      53637.3      18.6800    0.0490000
       53639.394      19.2130    0.0290000      53639.4      19.1570    0.0120000      53639.4      18.7600    0.0100000      53639.4      18.7100    0.0120000      53639.4      18.6510    0.0330000
       53641.393      19.1570    0.0280000      53641.4      19.1290    0.0110000      53641.4      18.7390    0.0100000      53641.4      18.6440    0.0120000      53641.4      18.6450    0.0340000
       53657.352      19.1090    0.0550000      53657.4      19.1820    0.0270000      53657.4      18.7410    0.0190000      53657.4      18.6880    0.0240000      53657.4      18.5900    0.0570000
       53663.337      19.1660    0.0410000      53663.3      19.1190    0.0170000      53663.3      18.7480    0.0130000      53663.3      18.6870    0.0150000      53663.3      18.6570    0.0390000
       53666.407      19.1340    0.0410000      53666.4      19.1090    0.0150000      53666.4      18.7420    0.0120000      53666.4      18.6570    0.0140000      53666.4      18.7360    0.0410000
       53668.326      19.2040    0.0360000      53668.3      19.1110    0.0120000      53668.3      18.7470    0.0120000      53668.3      18.6430    0.0140000      53668.3      18.6410    0.0430000
       53669.414      19.0950    0.0430000      53669.4      19.1140    0.0140000      53669.4      18.7180    0.0130000      53669.4      18.6300    0.0150000      53669.4      18.6390    0.0460000
       53670.331      19.0730    0.0310000      53670.3      19.0730    0.0120000      53670.3     -99.9900    0.0110000      53670.3     -99.9900    0.0180000      53670.3      18.6730    0.0420000
       53673.299      19.1460    0.0260000      53673.3      19.0770    0.0100000      53673.3      18.7230    0.0100000      53673.3      18.6260    0.0120000      53673.3      18.6610    0.0340000
       53675.296      19.1310    0.0270000      53675.3      19.1260    0.0100000      53675.3      18.7200    0.0100000      53675.3      18.6400    0.0140000      53675.3      18.6660    0.0380000
       53677.317      19.1240    0.0280000      53677.3      19.0830    0.0100000      53677.3      18.7130   0.00900000      53677.3      18.6540    0.0120000      53677.3      18.6830    0.0320000
       53680.304      19.1170    0.0260000      53680.3      19.0930    0.0100000      53680.3      18.7210    0.0100000      53680.3      18.6640    0.0120000      53680.3      18.6900    0.0340000
       53686.303      19.1010    0.0670000      53686.3      19.0950    0.0290000      53686.3      18.7230    0.0210000      53686.3      18.5930    0.0220000      53686.3      18.6620    0.0560000
       53693.306      19.0570    0.0530000      53693.3      19.1440    0.0230000      53693.3      18.7210    0.0160000      53693.3      18.6540    0.0160000      53693.3      18.6670    0.0460000
       53698.303      19.1110    0.0320000      53698.3      19.1150    0.0130000      53698.3      18.7360    0.0110000      53698.3      18.6620    0.0140000      53698.3      18.6590    0.0380000
       53704.289      19.1600    0.0340000      53704.3      19.1270    0.0110000      53704.3      18.7500    0.0110000      53704.3      18.6530    0.0150000      53704.3      18.7260    0.0470000
       53989.385      19.3720    0.0490000      53989.4      19.2540    0.0260000      53989.4      18.8360    0.0190000      53989.4      18.7380    0.0190000      53989.4      18.7640    0.0440000
       53995.424      19.3710    0.0350000      53995.4      19.2640    0.0190000      53995.4      18.8440    0.0200000      53995.4      18.7120    0.0160000      53995.4      18.7180    0.0330000
       54000.361      19.2540    0.0340000      54000.4      19.2290    0.0200000      54000.4      18.7970    0.0170000      54000.4      18.7570    0.0260000      54000.4      18.6650    0.0370000
       54007.411      19.2940    0.0330000      54007.4     -99.9900    0.0310000      54007.4      18.7540    0.0340000      54007.4      18.7020    0.0280000      54007.4      18.6670    0.0520000
       54009.334      19.2770    0.0350000      54009.3      19.2540    0.0240000      54009.3      18.8130    0.0230000      54009.3      18.8120    0.0290000      54009.3      18.6760    0.0370000
       54011.399      19.2410    0.0300000      54011.4      19.2890    0.0190000      54011.4      18.8150    0.0190000      54011.4     -99.9900    0.0230000      54011.4      18.7660    0.0340000
       54025.398      19.3000    0.0380000      54025.4      19.2700    0.0220000      54025.4      18.8430    0.0160000      54025.4      18.7430    0.0190000      54025.4      18.7070    0.0430000
       54029.328      19.2440    0.0320000      54029.3      19.2730    0.0200000      54029.3      18.8310    0.0200000      54029.3      18.7760    0.0230000      54029.3      18.7360    0.0420000
       54346.392      19.0790    0.0430000      54346.4      19.0840    0.0290000      54346.4      18.7130    0.0220000      54346.4      18.6450    0.0230000      54346.4      18.6740    0.0420000
       54348.396      19.0520    0.0280000      54348.4     -99.9900    0.0170000      54348.4      18.7020    0.0170000      54348.4      18.6640    0.0160000      54348.4      18.7410    0.0380000
       54358.351      19.0910    0.0310000      54358.4      19.0260    0.0390000      54358.4      18.7080    0.0230000      54358.4      18.6210    0.0180000      54358.4      18.6080    0.0410000
       54365.385      19.0740    0.0290000      54365.4      19.0680    0.0210000      54365.4      18.6740    0.0170000      54365.4      18.6430    0.0220000      54365.4      18.6930    0.0370000
       54381.404      19.0340    0.0970000      54381.4      19.0250    0.0210000      54381.4      18.6620    0.0440000      54381.4     -99.9900    0.0550000      54381.4     -99.9900    0.0660000
       54384.411      19.0650    0.0290000      54384.4      19.0660    0.0200000      54384.4      18.6600    0.0120000      54384.4      18.6120    0.0210000      54384.4      18.7270    0.0410000
       54386.396      18.9980    0.0300000      54386.4     -99.9900    0.0250000      54386.4      18.6160    0.0150000      54386.4      18.6100    0.0240000      54386.4      18.6870    0.0440000
       54388.401      19.0330    0.0460000      54388.4      19.0730    0.0170000      54388.4      18.6740    0.0180000      54388.4      18.6250    0.0130000      54388.4      18.6270    0.0300000
       54392.398      19.0020    0.0420000      54392.4     -99.9900    0.0590000      54392.4     -99.9900    0.0560000      54392.4     -99.9900    0.0710000      54392.4      18.6420    0.0540000
       54403.314     -99.9900    0.0800000      54403.3     -99.9900    0.0250000      54403.3      18.7400    0.0330000      54403.3      18.6420    0.0370000      54403.3      18.6690    0.0520000
       54404.372      19.0270    0.0400000      54404.4      19.0500    0.0270000      54404.4      18.6910    0.0160000      54404.4      18.6070    0.0140000      54404.4      18.7020    0.0500000
       54405.370      19.0470    0.0390000      54405.4      19.0370    0.0160000      54405.4      18.6570    0.0130000      54405.4      18.6080    0.0210000      54405.4      18.6320    0.0370000
       54406.308      19.0480    0.0320000      54406.3      19.0520    0.0190000      54406.3      18.6630    0.0190000      54406.3      18.6670    0.0260000      54406.3      18.6520    0.0320000
       54412.334      19.1050    0.0350000      54412.3      19.0500    0.0130000      54412.3      18.6780    0.0140000      54412.3      18.6110    0.0250000      54412.3      18.7120    0.0430000
       52234.000       19.154000     0.038000000       52234.000       19.121000     0.034000000       52234.000       18.731000     0.029000000       52234.000       18.648000     0.023000000       52234.000       18.581000     0.030000000
       51075       19.005000     0.025000000       51075       19.045000     0.017000000       51075       18.628000     0.014000000       51075       18.572000     0.023000000       51075       18.551000     0.045000000
       51133       19.017000     0.037000000       51133       19.067000     0.031000000       51133       18.675000     0.018000000       51133       18.608000     0.025000000       51133       18.583000     0.046000000
       51134       19.017000     0.026000000       51134       19.058000     0.019000000       51134       18.651000     0.022000000       51134       18.600000     0.027000000       51134       18.571000     0.035000000
       51818       19.140000     0.032000000       51818       19.059000     0.017000000       51818       18.685000     0.014000000       51818       18.626000     0.025000000       51818       18.588000     0.041000000
       52170       19.074000     0.027000000       52170       19.079000     0.018000000       52170       18.692000     0.020000000       52170       18.649000     0.020000000       52170       18.549000     0.037000000
       52173       19.060000     0.031000000       52173       19.131000     0.047000000       52173       18.698000     0.019000000       52173       18.620000     0.034000000       52173       18.766000     0.059000000
       52197       19.020000     0.027000000       52197       19.116000     0.029000000       52197       18.706000     0.024000000       52197       18.648000     0.034000000       52197       18.634000     0.037000000
       52207       19.067000     0.037000000       52207       19.123000     0.023000000       52207       18.699000     0.020000000       52207       18.614000     0.022000000       52207       18.580000     0.036000000
       52224       19.162000     0.032000000       52224       19.142000     0.026000000       52224       18.688000     0.017000000       52224       18.626000     0.019000000       52224       18.615000     0.033000000
       52231       19.122000     0.025000000       52231       19.142000     0.027000000       52231       18.748000     0.021000000       52231       18.656000     0.025000000       52231       18.590000     0.037000000
       52234       19.150000     0.040000000       52234       19.140000     0.022000000       52234       18.740000     0.024000000       52234       18.651000     0.020000000       52234       18.584000     0.030000000
       52261       19.196000     0.030000000       52261       19.159000     0.072000000       52261       18.774000     0.015000000       52261       18.674000     0.015000000       52261       18.676000     0.044000000
       52282       19.152000     0.042000000       52282       19.215000     0.019000000       52282       18.788000     0.028000000       52282       18.699000     0.021000000       52282       18.688000     0.049000000
       52287       19.195000     0.032000000       52287       19.223000     0.022000000       52287       18.769000     0.020000000       52287       18.688000     0.022000000       52287       18.619000     0.040000000
       52552       19.301000     0.044000000       52552       19.241000     0.024000000       52552       18.795000     0.017000000       52552       18.735000     0.034000000       52552       18.713000     0.049000000
       52557       19.290000     0.031000000       52557       19.234000     0.019000000       52557       18.784000     0.018000000       52557       18.704000     0.027000000       52557       18.664000     0.041000000
       52872       19.172000     0.029000000       52872       19.121000     0.028000000       52872       18.745000     0.025000000       52872       18.693000     0.024000000       52872       18.683000     0.041000000
       52908       19.090000     0.032000000       52908       19.138000     0.015000000       52908       18.745000     0.021000000       52908       19.669000     0.031000000       52908       18.668000     0.048000000
       52912       19.126000     0.028000000       52912       19.167000     0.035000000       52912       18.771000     0.026000000       52912       18.720000     0.020000000       52912       18.709000     0.043000000
       52934       19.163000     0.031000000       52934       19.060000     0.041000000       52934       18.680000     0.035000000       52934       18.720000     0.031000000       52934       18.670000     0.050000000
       52936       19.151000     0.024000000       52936       19.092000     0.014000000       52936       18.719000     0.019000000       52936       18.711000     0.025000000       52936       18.641000     0.038000000
       53270       19.007000     0.072000000       53270       19.128000     0.032000000       53270       18.796000     0.035000000       53270       18.616000     0.033000000       53270       19.253000      0.12500000
       53272       19.139000     0.036000000       53272       19.174000     0.018000000       53272       18.793000     0.021000000       53272       18.742000     0.026000000       53272       18.672000     0.045000000
       53286       19.131000     0.036000000       53286       19.148000     0.019000000       53286       18.765000     0.021000000       53286       18.747000     0.023000000       53286       18.649000     0.037000000
       53288       19.111000     0.025000000       53288       19.164000     0.021000000       53288       18.767000     0.021000000       53288       18.722000     0.023000000       53288       18.714000     0.038000000
       53294       19.097000     0.044000000       53294       19.131000     0.032000000       53294       18.772000     0.022000000       53294       18.706000     0.026000000       53294       18.642000     0.040000000
       53298       19.176000     0.030000000       53298       19.128000     0.020000000       53298       18.751000     0.029000000       53298       18.699000     0.022000000       53298       18.702000     0.043000000
       53312       19.011000     0.042000000       53312       19.100000     0.040000000       53312       18.834000     0.022000000       53312       18.706000     0.044000000       53312       18.639000     0.049000000
       53314       19.137000     0.051000000       53314       19.151000     0.028000000       53314       18.783000     0.024000000       53314       18.720000     0.033000000       53314       18.652000     0.045000000
       53319       19.083000     0.036000000       53319       19.180000     0.029000000       53319       18.739000     0.021000000       53319       18.682000     0.037000000       53319       18.809000     0.074000000
