       51075.376      20.1540    0.0440000      51075.4      19.9290    0.0170000      51075.4      19.6690    0.0170000      51075.4      19.6800    0.0270000      51075.4      19.7570     0.104000
       51818.345      20.0070    0.0430000      51818.3     -99.9900    0.0170000      51818.3      19.5940    0.0160000      51818.3      19.6930    0.0280000      51818.3      19.7990    0.0960000
       52170.396      19.9910    0.0400000      52170.4      19.8500    0.0160000      52170.4      19.6400    0.0160000      52170.4      19.6700    0.0230000      52170.4      19.5310    0.0650000
       52173.310      20.1280    0.0540000      52173.3      19.9370    0.0200000      52173.3      19.6140    0.0190000      52173.3      19.6860    0.0300000      52173.3      19.8580     0.114000
       52196.395      20.1340    0.0480000      52196.4      19.9140    0.0180000      52196.4      19.6620    0.0180000      52196.4      19.7060    0.0270000      52196.4      19.9170     0.117000
       52207.362      20.0550    0.0470000      52207.4      19.8830    0.0170000      52207.4      19.6010    0.0180000      52207.4      19.6800    0.0260000      52207.4      19.5940    0.0730000
       52224.290     -99.9900    0.0390000      52224.3      19.8030    0.0160000      52224.3      19.5650    0.0150000      52224.3      19.6840    0.0230000      52224.3      19.6360    0.0670000
       52231.275     -99.9900    0.0380000      52231.3      19.7970    0.0150000      52231.3      19.6100    0.0160000      52231.3      19.6720    0.0230000      52231.3      19.6400    0.0690000
       52234.246      19.8710    0.0390000      52234.2      19.7600    0.0150000      52234.2      19.5540    0.0150000      52234.2      19.6000    0.0210000      52234.2      19.6770    0.0610000
       52261.210      19.9150    0.0420000      52261.2      19.7120    0.0150000      52261.2      19.5130    0.0160000      52261.2      19.5820    0.0250000      52261.2      19.6260    0.0750000
       52282.136      19.9320    0.0440000      52282.1      19.8150    0.0180000      52282.1      19.5900    0.0200000      52282.1      19.5520    0.0270000      52282.1      19.7180    0.0920000
       52287.090      19.9380    0.0380000      52287.1      19.8050    0.0160000      52287.1      19.5790    0.0170000      52287.1      19.6680    0.0250000      52287.1      19.6420    0.0980000
       52552.409      20.1200    0.0470000      52552.4      19.9150    0.0180000      52552.4      19.6440    0.0170000      52552.4      19.6590    0.0260000      52552.4      19.7160    0.0860000
       52557.383      20.0720    0.0460000      52557.4      19.9280    0.0170000      52557.4      19.6360    0.0180000      52557.4      19.6690    0.0280000      52557.4      19.7210    0.0860000
       52908.358      20.1190    0.0470000      52908.4      19.9690    0.0170000      52908.4      19.6990    0.0170000      52908.4      19.7560    0.0270000      52908.4      19.7490    0.0820000
       52912.337      20.2120    0.0530000      52912.3      20.0000    0.0190000      52912.3      19.7270    0.0180000      52912.3      19.7720    0.0260000      52912.3      19.8710    0.0950000
       52934.290      20.1100    0.0540000      52934.3      19.9520    0.0190000      52934.3      19.7120    0.0190000      52934.3      19.7220    0.0290000      52934.3      19.9260     0.124000
       52936.286      20.0150    0.0410000      52936.3      19.9390    0.0160000      52936.3      19.7080    0.0170000      52936.3      19.7280    0.0260000      52936.3      19.8100    0.0820000
       53270.350      19.7970    0.0360000      53270.4     -99.9900    0.0210000      53270.3      19.4220    0.0200000      53270.3      19.4970    0.0190000      53270.4      19.5600    0.0590000
       53272.400      19.7060    0.0410000      53272.4      19.6560    0.0160000      53272.4      19.4780    0.0170000      53272.4      19.4730    0.0260000      53272.4      19.6320    0.0860000
       53286.368      19.8330    0.0410000      53286.4      19.7180    0.0160000      53286.4      19.5040    0.0160000      53286.4      19.5180    0.0220000      53286.4      19.6050    0.0640000
       53288.327     -99.9900    0.0380000      53288.3      19.6960    0.0140000      53288.3      19.4690    0.0150000      53288.3      19.5140    0.0210000      53288.3      19.4850    0.0600000
       53294.375      19.9150    0.0440000      53294.4      19.6970    0.0160000      53294.4      19.5000    0.0180000      53294.4      19.5410    0.0260000      53294.4      19.5360    0.0710000
       53296.322      19.9490    0.0470000      53296.3      19.7580    0.0340000      53296.3      19.4900    0.0240000      53296.3      19.5150    0.0280000      53296.3      19.6120    0.0970000
       53298.371      19.7820    0.0380000      53298.4      19.7180    0.0160000      53298.4      19.4880    0.0170000      53298.4      19.5160    0.0250000      53298.4      19.5340    0.0830000
       53302.323      19.8690    0.0650000      53302.3      19.6900    0.0280000      53302.3      19.4740    0.0210000      53302.3      19.5090    0.0270000      53302.3      19.5880    0.0790000
       53312.278     -99.9900    0.0680000      53312.3      19.7340    0.0280000      53312.3      19.4390    0.0370000      53312.3     -99.9900    0.0710000      53312.3      19.5000    0.0900000
       53314.279      19.8580    0.0430000      53314.3      19.6790    0.0160000      53314.3      19.4710    0.0160000      53314.3      19.5090    0.0270000      53314.3      19.5890    0.0750000
       53319.267      19.7900    0.0470000      53319.3      19.6840    0.0180000      53319.3      19.4580    0.0200000      53319.3      19.5000    0.0300000      53319.3      19.4770    0.0950000
       53616.384      20.1130    0.0630000      53616.4     -99.9900    0.0220000      53616.4      19.6120    0.0230000      53616.4     -99.9900    0.0350000      53616.4      19.7090     0.115000
       53628.345      20.0640    0.0820000      53628.3      19.9800    0.0360000      53628.3      19.7090    0.0270000      53628.3      19.7380    0.0350000      53628.3      19.7600    0.0960000
       53637.347      20.1090    0.0760000      53637.3      20.0040    0.0320000      53637.3      19.7440    0.0260000      53637.3      19.6940    0.0320000      53637.3      19.6870    0.0990000
       53639.392      20.1030    0.0480000      53639.4      19.9290    0.0180000      53639.4      19.6620    0.0170000      53639.4      19.7130    0.0230000      53639.4      19.8100    0.0690000
       53641.391      20.1500    0.0510000      53641.4      19.9670    0.0180000      53641.4      19.6680    0.0180000      53641.4      19.6780    0.0250000      53641.4      19.7050    0.0700000
       53663.335      20.0900    0.0850000      53663.3      19.9690    0.0350000      53663.3      19.6300    0.0230000      53663.3      19.6720    0.0300000      53663.3      19.6760    0.0740000
       53666.405      20.1850     0.101000      53666.4      19.9900    0.0290000      53666.4      19.6760    0.0220000      53666.4      19.7540    0.0300000      53666.4      19.6610    0.0810000
       53668.324      20.0330    0.0670000      53668.3      19.8090    0.0220000      53668.3      19.6310    0.0240000      53668.3      19.5930    0.0340000      53668.3      19.6230    0.0960000
       53669.412      19.8990    0.0800000      53669.4      19.9550    0.0270000      53669.4      19.7030    0.0270000      53669.4      19.7290    0.0370000      53669.4      19.7390     0.105000
       53670.329     -99.9900    0.0670000      53670.3     -99.9900    0.0230000      53670.3      19.7060    0.0200000      53670.3      19.6800    0.0250000      53670.3      19.7280     0.124000
       53673.297      20.2240    0.0490000      53673.3      19.9600    0.0160000      53673.3      19.6780    0.0160000      53673.3      19.7470    0.0240000      53673.3      19.6920    0.0650000
       53675.294      20.1020    0.0450000      53675.3      19.9760    0.0170000      53675.3      19.6760    0.0180000      53675.3      19.7120    0.0280000      53675.3      19.7740    0.0820000
       53677.315      20.0760    0.0440000      53677.3      19.9420    0.0170000      53677.3      19.6850    0.0170000      53677.3      19.7150    0.0220000      53677.3      19.7390    0.0630000
       53680.302      20.0870    0.0450000      53680.3      19.9320    0.0170000      53680.3      19.6680    0.0170000      53680.3      19.6700    0.0240000      53680.3      19.8610    0.0720000
       53686.301      20.1930     0.185000      53686.3      19.8160    0.0570000      53686.3      19.6720    0.0410000      53686.3      19.7090    0.0570000      53686.3      19.7950     0.143000
       53693.304      20.0190     0.110000      53693.3      20.0510    0.0420000      53693.3     -99.9900    0.0290000      53693.3      19.7440    0.0360000      53693.3      19.9080     0.108000
       53698.301      20.1990    0.0580000      53698.3      20.0640    0.0220000      53698.3      19.7100    0.0190000      53698.3      19.7310    0.0280000      53698.3      19.6820    0.0790000
       53704.287      20.3050    0.0670000      53704.3     -99.9900    0.0230000      53704.3      19.7140    0.0210000      53704.3      19.7430    0.0310000      53704.3      19.7140    0.0950000
       53989.383      20.0230    0.0830000      53989.4      19.8660    0.0340000      53989.4      19.6050    0.0310000      53989.4      19.6130    0.0330000      53989.4      19.6890    0.0720000
       53995.422      20.0410    0.0370000      53995.4      19.8680    0.0220000      53995.4      19.5930    0.0210000      53995.4      19.6060    0.0230000      53995.4      19.5980    0.0530000
       54000.358      19.9820    0.0430000      54000.4      19.8440    0.0220000      54000.4      19.6060    0.0180000      54000.4      19.6080    0.0270000      54000.4      19.5710    0.0780000
       54007.408      20.0310    0.0530000      54007.4      19.8090    0.0240000      54007.4      19.5780    0.0270000      54007.4      19.5940    0.0330000      54007.4      19.6200    0.0680000
       54009.332      19.9420    0.0360000      54009.3      19.7700    0.0150000      54009.3      19.5620    0.0160000      54009.3      19.6130    0.0230000      54009.3      19.7040    0.0610000
       54011.397      19.8580    0.0310000      54011.4      19.7950    0.0200000      54011.4      19.5600    0.0140000      54011.4      19.6020    0.0240000      54011.4      19.5140    0.0470000
       54025.396     -99.9900    0.0420000      54025.4      19.8100    0.0180000      54025.4      19.5410    0.0230000      54025.4      19.6110    0.0320000      54025.4      19.6130    0.0720000
       54029.326      19.9060    0.0390000      54029.3      19.7740    0.0300000      54029.3      19.5390    0.0220000      54029.3      19.6040    0.0470000      54029.3      19.6790    0.0810000
       54346.389      19.9890    0.0650000      54346.4      19.8580    0.0400000      54346.4      19.5750    0.0260000      54346.4      19.6030    0.0300000      54346.4      19.6110    0.0690000
       54348.393      20.1020    0.0550000      54348.4      19.8340    0.0270000      54348.4      19.5820    0.0220000      54348.4      19.5740    0.0270000      54348.4      19.6870    0.0690000
       54358.349      20.0790    0.0550000      54358.4      19.7720    0.0340000      54358.3      19.6480    0.0290000      54358.3      19.6170    0.0340000      54358.4      19.7320    0.0970000
       54365.382      19.9460    0.0440000      54365.4      19.8340    0.0180000      54365.4      19.5870    0.0180000      54365.4      19.6260    0.0230000      54365.4      19.6350    0.0590000
       54381.402     -99.9900    0.0470000      54381.4      19.8780    0.0420000      54381.4      19.5430    0.0310000      54381.4      19.5820    0.0350000      54381.4      19.7960    0.0910000
       54384.409      20.0720    0.0490000      54384.4      19.8760    0.0320000      54384.4      19.5950    0.0180000      54384.4      19.6230    0.0290000      54384.4      19.7790    0.0770000
       54386.394      19.9260    0.0530000      54386.4     -99.9900    0.0250000      54386.4      19.5740    0.0180000      54386.4      19.6230    0.0250000      54386.4      19.5800    0.0690000
       54388.398      20.0640    0.0450000      54388.4      19.9090    0.0210000      54388.4      19.6430    0.0220000      54388.4      19.6310    0.0220000      54388.4      19.7050    0.0600000
       54392.396      20.0280    0.0750000      54392.4      19.8940    0.0360000      54392.4      19.6290    0.0280000      54392.4      19.6430    0.0410000      54392.4      19.6600     0.101000
       54403.313      20.0770     0.130000      54403.3     -99.9900    0.0510000      54403.3      19.6070    0.0530000      54403.3     -99.9900    0.0640000      54403.3      19.7290     0.195000
       54404.370      20.1690    0.0900000      54404.4      19.8930    0.0390000      54404.4      19.6010    0.0230000      54404.4      19.6260    0.0420000      54404.4      19.6530    0.0770000
       54405.368      20.1990    0.0680000      54405.4      19.9410    0.0330000      54405.4      19.6540    0.0190000      54405.4      19.6590    0.0270000      54405.4      19.8750     0.111000
       54406.306      20.0350    0.0430000      54406.3      19.9250    0.0220000      54406.3      19.6380    0.0170000      54406.3      19.6210    0.0220000      54406.3      19.6930    0.0520000
       54412.332      20.1120    0.0520000      54412.3      19.9340    0.0290000      54412.3      19.6300    0.0190000      54412.3      19.6260    0.0280000      54412.3      19.7180    0.0830000
       52234.000       19.898000     0.039000000       52234.000       19.798000     0.024000000       52234.000       19.549000     0.019000000       52234.000       19.603000     0.025000000       52234.000       19.695000     0.060000000
       51075       20.217000     0.050000000       51075       19.941000     0.022000000       51075       19.655000     0.017000000       51075       19.672000     0.027000000       51075       19.758000      0.10300000
       51133       19.935000     0.039000000       51133       19.813000     0.020000000       51133       19.551000     0.027000000       51133       19.641000     0.034000000       51133       19.504000     0.092000000
       51134       19.920000     0.034000000       51134       19.820000     0.023000000       51134       19.557000     0.023000000       51134       19.662000     0.032000000       51134       19.673000     0.092000000
       51818       20.035000     0.043000000       51818       19.863000     0.025000000       51818       19.620000     0.028000000       51818       19.693000     0.026000000       51818       19.755000     0.091000000
       52170       20.055000     0.037000000       52170       19.872000     0.019000000       52170       19.627000     0.018000000       52170       19.646000     0.025000000       52170       19.538000     0.063000000
       52173       20.171000     0.050000000       52173       19.918000     0.037000000       52173       19.638000     0.029000000       52173       19.680000     0.038000000       52173       19.835000      0.11100000
       52197       20.073000     0.050000000       52197       19.937000     0.029000000       52197       19.640000     0.020000000       52197       19.737000     0.031000000       52197       19.571000     0.095000000
       52207       20.079000     0.041000000       52207       19.896000     0.025000000       52207       19.599000     0.023000000       52207       19.661000     0.027000000       52207       19.564000     0.070000000
       52231       19.913000     0.037000000       52231       19.813000     0.022000000       52231       19.586000     0.017000000       52231       19.628000     0.027000000       52231       19.628000     0.065000000
       52234       19.893000     0.038000000       52234       19.791000     0.022000000       52234       19.555000     0.020000000       52234       19.602000     0.024000000       52234       19.690000     0.059000000
       52261       19.959000     0.053000000       52261       19.750000     0.026000000       52261       19.545000     0.025000000       52261       19.593000     0.027000000       52261       19.616000     0.076000000
       52282       19.921000     0.090000000       52282       19.827000     0.024000000       52282       19.582000     0.036000000       52282       19.541000     0.029000000       52282       19.652000     0.086000000
       52287       19.966000     0.042000000       52287       19.794000     0.024000000       52287       19.560000     0.024000000       52287       19.651000     0.027000000       52287       19.592000     0.069000000
       52552       20.155000     0.041000000       52552       19.926000     0.035000000       52552       19.632000     0.021000000       52552       19.627000     0.029000000       52552       19.706000     0.084000000
       52557       20.120000     0.041000000       52557       19.945000     0.020000000       52557       19.630000     0.019000000       52557       19.659000     0.028000000       52557       19.692000     0.081000000
       52872       20.105000     0.046000000       52872       19.977000     0.026000000       52872       19.701000     0.026000000       52872       19.735000     0.026000000       52872       19.927000     0.080000000
       52908       20.172000     0.048000000       52908       19.988000     0.024000000       52908       19.684000     0.019000000       52908       19.730000     0.028000000       52908       19.732000     0.078000000
       52912       20.191000     0.057000000       52912       20.007000     0.032000000       52912       19.730000     0.022000000       52912       19.763000     0.026000000       52912       19.848000     0.091000000
       52934       20.161000     0.053000000       52934       19.950000     0.024000000       52934       19.730000     0.027000000       52934       19.715000     0.032000000       52934       19.924000      0.12100000
       52936       20.108000     0.037000000       52936       19.982000     0.022000000       52936       19.728000     0.020000000       52936       19.737000     0.025000000       52936       19.860000     0.080000000
       53270       19.842000     0.037000000       53270       19.976000     0.023000000       53270       19.425000     0.019000000       53270       19.492000     0.021000000       53270       19.533000     0.063000000
       53272       19.745000     0.039000000       53272       19.728000     0.039000000       53272       19.517000     0.023000000       53272       19.498000     0.033000000       53272       19.675000     0.083000000
       53286       19.860000     0.042000000       53286       19.716000     0.029000000       53286       19.491000     0.020000000       53286       19.510000     0.023000000       53286       19.575000     0.061000000
       53288       19.858000     0.033000000       53288       19.730000     0.018000000       53288       19.481000     0.017000000       53288       19.514000     0.027000000       53288       19.507000     0.059000000
       53294       19.913000     0.043000000       53294       19.726000     0.024000000       53294       19.494000     0.023000000       53294       19.528000     0.029000000       53294       19.544000     0.070000000
       53298       19.814000     0.035000000       53298       19.718000     0.021000000       53298       19.457000     0.019000000       53298       19.495000     0.027000000       53298       19.528000     0.083000000
       53312       19.901000     0.076000000       53312       19.716000     0.031000000       53312       19.379000     0.041000000       53312       19.850000     0.066000000       53312       19.464000     0.095000000
       53314       19.859000     0.048000000       53314       19.684000     0.025000000       53314       19.455000     0.021000000       53314       19.487000     0.027000000       53314       19.556000     0.072000000
       53319       19.829000     0.042000000       53319       19.701000     0.026000000       53319       19.423000     0.028000000       53319       19.482000     0.031000000       53319       19.458000     0.092000000
