       51464.208      20.3710    0.0490000      51464.2      20.3790    0.0210000      51464.2      20.3080    0.0270000      51464.2      19.9670    0.0300000      51464.2      19.6390    0.0860000
       52197.233      20.4240    0.0550000      52197.2      20.3300    0.0200000      52197.2      20.3320    0.0260000      52197.2      20.0620    0.0270000      52197.2      19.8530    0.0850000
       52231.119      20.3100    0.0490000      52231.1      20.2920    0.0190000      52231.1      20.2680    0.0240000      52231.1      20.0130    0.0260000      52231.1      19.6510    0.0710000
       52557.227      20.3160    0.0700000      52557.2      20.1790    0.0210000      52557.2      20.1130    0.0300000      52557.2      19.7720    0.0340000      52557.2      19.4900    0.0970000
       52578.123      20.2130    0.0480000      52578.1      20.2440    0.0190000      52578.1      20.1120    0.0240000      52578.1      19.9070    0.0280000      52578.1      19.6330    0.0840000
       52929.154      20.2700    0.0510000      52929.2      20.2330    0.0190000      52929.2      20.0760    0.0210000      52929.2      19.8460    0.0260000      52929.2      19.7070    0.0870000
       52934.134      20.3080    0.0600000      52934.1      20.1920    0.0210000      52934.1      20.0990    0.0260000      52934.1      19.8040    0.0280000      52934.1      19.5230    0.0790000
       52936.130      20.2090    0.0450000      52936.1      20.2360    0.0190000      52936.1      20.0630    0.0220000      52936.1      19.8760    0.0250000      52936.1      19.6250    0.0690000
       53243.315      20.2650    0.0640000      53243.3      20.1610    0.0290000      53243.3      20.0810    0.0270000      53243.3      19.7750    0.0250000      53243.3      19.6980    0.0720000
       53270.194      20.1590    0.0570000      53270.2      20.0740    0.0260000      53270.2      19.9770    0.0260000      53270.2      19.7770    0.0440000      53270.2      19.4620    0.0700000
       53272.244      20.1540     0.100000      53272.2      20.0480    0.0380000      53272.2      20.0210    0.0340000      53272.2      19.8550    0.0350000      53272.2      19.5640    0.0780000
       53286.212      20.1270    0.0640000      53286.2      20.0700    0.0230000      53286.2      20.0470    0.0270000      53286.2      19.6890    0.0240000      53286.2      19.5170    0.0900000
       53288.171      20.0280    0.0470000      53288.2      20.0370    0.0180000      53288.2      19.9580    0.0220000      53288.2      19.7780    0.0240000      53288.2      19.4380    0.0600000
       53294.198      20.1080    0.0440000      53294.2      20.1280    0.0300000      53294.2      20.0330    0.0260000      53294.2      19.8420    0.0520000      53294.2      19.6800    0.0860000
       53302.167      20.0600    0.0850000      53302.2      20.0660    0.0390000      53302.2      20.0340    0.0330000      53302.2      19.8210    0.0310000      53302.2      19.5210    0.0780000
       53312.122      20.2170    0.0720000      53312.1      20.0750    0.0240000      53312.1      20.0560    0.0340000      53312.1      19.6200    0.0430000      53312.1      19.5430     0.164000
       53314.123      20.0860    0.0510000      53314.1      20.0470    0.0180000      53314.1      19.9610    0.0240000      53314.1      19.6970    0.0290000      53314.1      19.6160     0.109000
       53623.218      20.3180    0.0680000      53623.2      20.2630    0.0260000      53623.2      20.0930    0.0260000      53623.2      19.8050    0.0290000      53623.2      19.5120    0.0790000
       53626.204      20.2560    0.0930000      53626.2      20.2330    0.0400000      53626.2      20.1340    0.0360000      53626.2      19.8620    0.0340000      53626.2      19.5580    0.0850000
       53628.189      20.1630     0.165000      53628.2      20.2790    0.0770000      53628.2      20.0630    0.0670000      53628.2      19.8740    0.0650000      53628.2      19.4340     0.112000
       53637.191      20.2970    0.0730000      53637.2      20.2670    0.0270000      53637.2      20.0980    0.0310000      53637.2      19.7570    0.0330000      53637.2      19.5050     0.104000
       53644.183      20.3530    0.0490000      53644.2      20.3500    0.0210000      53644.2      20.1800    0.0230000      53644.2      19.9530    0.0240000      53644.2      19.6760    0.0660000
       53654.218      20.2470    0.0720000      53654.2      20.2580    0.0330000      53654.2      20.1540    0.0360000      53654.2      19.8230    0.0380000      53654.2      19.6920     0.111000
       53656.165      20.2540     0.182000      53656.2      20.2530    0.0780000      53656.2      19.9510    0.0620000      53656.2      19.6460    0.0580000      53656.2      19.4890     0.135000
       53663.178      20.3320    0.0820000      53663.2      20.3290    0.0350000      53663.2      20.1700    0.0280000      53663.2      19.8720    0.0250000      53663.2      19.7050    0.0700000
       53670.173      20.3330    0.0630000      53670.2      20.2360    0.0220000      53670.2      20.1350    0.0310000      53670.2      19.8410    0.0340000      53670.2      19.4970    0.0900000
       53673.141      20.3190    0.0630000      53673.1      20.2740    0.0220000      53673.1      20.1260    0.0280000      53673.1      19.8050    0.0290000      53673.1      19.5010    0.0860000
       53675.138      20.2800    0.0610000      53675.1      20.2860    0.0210000      53675.1      20.1050    0.0300000      53675.1      19.7770    0.0290000      53675.1      19.5500     0.107000
       53677.159      20.2210    0.0520000      53677.2      20.2980    0.0200000      53677.2      20.1980    0.0260000      53677.2      19.8240    0.0250000      53677.2      19.6820    0.0790000
       53680.146      20.3700    0.0620000      53680.1      20.2910    0.0220000      53680.1      20.2080    0.0300000      53680.1      19.7900    0.0270000      53680.1      19.5650    0.0740000
       53686.212      20.3390     0.308000      53686.2      20.4220     0.134000      53686.2      20.0950    0.0790000      53686.2      19.9330    0.0840000      53686.2      19.5400     0.165000
       53702.143      20.4050     0.114000      53702.1      20.4050    0.0450000      53702.1      20.1330    0.0510000      53702.1      19.8610    0.0770000      53702.1      19.4310     0.176000
       53703.152      20.4090    0.0970000      53703.2      20.3020    0.0290000      53703.2      20.2410    0.0460000      53703.2      19.8770    0.0560000      53703.2      20.3070     0.278000
       53704.131      20.3050    0.0650000      53704.1      20.2810    0.0230000      53704.1      20.2040    0.0270000      53704.1      19.9510    0.0300000      53704.1      19.4970    0.0790000
       53989.227      20.1320    0.0730000      53989.2      20.3120    0.0370000      53989.2      20.1120    0.0280000      53989.2      19.8720    0.0320000      53989.2      19.6240    0.0700000
       53995.216      20.2680    0.0500000      53995.2      20.2570    0.0180000      53995.2      20.1480    0.0220000      53995.2      19.8730    0.0280000      53995.2      19.6940    0.0700000
       53997.194      20.1890    0.0530000      53997.2      20.2560    0.0220000      53997.2      20.1510    0.0270000      53997.2      19.8720    0.0320000      53997.2      19.7570     0.103000
       54000.202      20.3390    0.0720000      54000.2      20.2940    0.0220000      54000.2      20.1650    0.0290000      54000.2      19.9930    0.0590000      54000.2      19.4850     0.122000
       54007.179      20.4540    0.0650000      54007.2      20.2570    0.0240000      54007.2      20.2070    0.0250000      54007.2      19.8830    0.0250000      54007.2      19.7620     0.105000
       54009.176      20.3240    0.0650000      54009.2      20.3360    0.0250000      54009.2      20.1730    0.0250000      54009.2      19.8950    0.0400000      54009.2      19.6040    0.0630000
       54011.241      20.1240    0.0700000      54011.2      20.3870    0.0430000      54011.2      20.1840    0.0330000      54011.2      19.9140    0.0300000      54011.2      19.6820    0.0650000
       54019.191      20.3650    0.0600000      54019.2      20.3210    0.0270000      54019.2      20.2110    0.0250000      54019.2      19.8840    0.0260000      54019.2      19.7370    0.0580000
       54025.240      20.4440    0.0700000      54025.2      20.3850    0.0280000      54025.2      20.2920    0.0360000      54025.2      19.9260    0.0490000      54025.2      19.7260     0.103000
       54029.170      20.3340    0.0520000      54029.2      20.3450    0.0220000      54029.2      20.2160    0.0230000      54029.2      20.0170    0.0310000      54029.2      19.6210    0.0760000
       54051.147      20.1800     0.121000      54051.1      20.2670    0.0730000      54051.1      20.2290     0.113000      54051.1      19.9730     0.113000      54051.1      19.6080     0.313000
       54356.248      20.2050    0.0520000      54356.2      20.1880    0.0210000      54356.2      20.0960    0.0260000      54356.2      19.9090    0.0330000      54356.2      19.5150    0.0700000
       54358.193      20.1200    0.0980000      54358.2      20.1440    0.0280000      54358.2     -99.9900     0.101000      54358.2      19.8130    0.0960000      54358.2      19.3390     0.104000
       54382.235      20.3700    0.0810000      54382.2      20.2380    0.0220000      54382.2      20.1400    0.0330000      54382.2      19.9220    0.0520000      54382.2      19.6400     0.116000
       54386.238      20.2620    0.0560000      54386.2      20.1370    0.0230000      54386.2      20.0720    0.0280000      54386.2      19.8480    0.0280000      54386.2      19.5490    0.0790000
       54388.242      20.1650    0.0600000      54388.2      20.1580    0.0220000      54388.2      20.0320    0.0250000      54388.2      19.8880    0.0380000      54388.2      19.6160    0.0900000
       54403.156      20.2420    0.0510000      54403.2      20.2050    0.0250000      54403.2      20.1510    0.0280000      54403.2      19.9170    0.0280000      54403.2      19.5850    0.0630000
       54406.150      20.1770    0.0480000      54406.2      20.1970    0.0240000      54406.1      20.0950    0.0250000      54406.1      19.8620    0.0350000      54406.2      19.7690    0.0900000
       54412.153      20.3010    0.0600000      54412.2      20.2010    0.0200000      54412.2      20.1240    0.0260000      54412.2      19.8330    0.0290000      54412.2      19.6750    0.0890000
       52197.000       20.425000     0.052000000       52197.000       20.338000     0.023000000       52197.000       20.312000     0.027000000       52197.000       20.036000     0.036000000       52197.000       19.837000     0.085000000
       51459       20.342000     0.077000000       51459       20.442000     0.031000000       51459       20.417000     0.053000000       51459       20.011000     0.075000000       51459       19.824000      0.21500000
       51464       20.462000     0.045000000       51464       20.480000     0.027000000       51464       20.430000     0.031000000       51464       20.111000     0.055000000       51464       19.824000      0.14600000
       52144       20.452000     0.067000000       52144       20.325000     0.029000000       52144       20.263000     0.034000000       52144       20.027000     0.064000000       52144       19.941000      0.16100000
       52197       20.426000     0.050000000       52197       20.348000     0.023000000       52197       20.327000     0.028000000       52197       20.061000     0.041000000       52197       19.857000     0.089000000
       52231       20.360000     0.045000000       52231       20.328000     0.022000000       52231       20.293000     0.033000000       52231       20.058000     0.043000000       52231       19.779000      0.11100000
       52557       20.361000     0.062000000       52557       20.250000     0.025000000       52557       20.226000     0.036000000       52557       19.962000     0.070000000       52557       19.841000      0.17600000
       52578       20.251000     0.045000000       52578       20.266000     0.025000000       52578       20.155000     0.026000000       52578       19.988000     0.038000000       52578       19.706000     0.093000000
       52929       20.313000     0.048000000       52929       20.266000     0.021000000       52929       20.099000     0.024000000       52929       19.862000     0.037000000       52929       19.713000     0.093000000
       52934       20.321000     0.051000000       52934       20.251000     0.024000000       52934       20.177000     0.032000000       52934       19.985000     0.073000000       52934       19.804000      0.12700000
       53243       20.351000     0.062000000       53243       20.188000     0.030000000       53243       20.104000     0.030000000       53243       19.855000     0.054000000       53243       19.810000      0.13900000
       53270       20.199000     0.061000000       53270       20.095000     0.029000000       53270       20.014000     0.031000000       53270       19.835000     0.059000000       53270       19.565000      0.15200000
       53272       20.266000     0.091000000       53272       20.063000     0.039000000       53272       20.022000     0.038000000       53272       19.851000     0.064000000       53272       19.775000      0.16600000
       53286       20.198000     0.059000000       53286       20.108000     0.027000000       53286       20.066000     0.029000000       53286       19.851000     0.041000000       53286       19.747000      0.16400000
       53288       20.127000     0.043000000       53288       20.092000     0.022000000       53288       20.053000     0.028000000       53288       19.930000     0.038000000       53288       19.633000     0.074000000
       53294       20.124000     0.045000000       53294       20.197000     0.029000000       53294       20.045000     0.030000000       53294       19.881000     0.051000000       53294       19.817000      0.16300000
       53312       20.306000     0.072000000       53312       20.093000     0.026000000       53312       20.124000     0.039000000       53312       19.723000     0.055000000       53312       20.014000      0.29600000
       53314       20.185000     0.051000000       53314       20.123000     0.023000000       53314       20.075000     0.026000000       53314       19.864000     0.047000000       53314       19.896000      0.14300000
