       51467.305      20.8120     0.146000      51467.3      19.9920    0.0270000      51467.3      19.3370    0.0190000      51467.3      19.1110    0.0210000      51467.3      18.7500    0.0610000
       51819.281      20.6820    0.0810000      51819.3      19.9470    0.0190000      51819.3      19.2960    0.0140000      51819.3      19.0510    0.0150000      51819.3      18.7440    0.0430000
       52172.297      20.4230    0.0590000      52172.3      19.7720    0.0160000      52172.3      19.1440    0.0120000      52172.3      18.9130    0.0140000      52172.3      18.6270    0.0370000
       52172.347      20.4670    0.0720000      52172.3      19.8200    0.0170000      52172.3      19.1680    0.0130000      52172.3      18.9180    0.0150000      52172.3      18.7150    0.0420000
       52558.246      20.4940    0.0630000      52558.2      19.7690    0.0150000      52558.2      19.1550    0.0130000      52558.2      18.9160    0.0140000      52558.2      18.7410    0.0380000
       52577.134      20.4720    0.0710000      52577.1      19.7410    0.0170000      52577.1      19.1120    0.0140000      52577.1      18.9060    0.0170000      52577.1      18.7530    0.0630000
       52586.137      20.4370    0.0560000      52586.1      19.7120    0.0140000      52586.1      19.1520    0.0140000      52586.1      18.8890    0.0150000      52586.1      18.6660    0.0390000
       52931.148      20.3780    0.0520000      52931.1      19.6980    0.0140000      52931.1      19.0850    0.0120000      52931.1      18.8300    0.0130000      52931.1      18.5790    0.0320000
       52935.145      20.3620    0.0550000      52935.1      19.6810    0.0140000      52935.1      19.0520    0.0120000      52935.1      18.8300    0.0130000      52935.1      18.6620    0.0350000
       53313.138      20.6500     0.104000      53313.1      19.6760    0.0170000      53313.1      19.0450    0.0130000      53313.1      18.8400    0.0170000      53313.1      18.6290    0.0450000
       53622.247      20.3230    0.0790000      53622.2      19.5960    0.0160000      53622.2      18.9560    0.0150000      53622.2      18.6850    0.0160000      53622.2      18.4580    0.0420000
       53625.243      20.3030    0.0520000      53625.2      19.5730    0.0150000      53625.2      18.9290    0.0110000      53625.2      18.6830    0.0120000      53625.2      18.4890    0.0270000
       53634.197     -99.9900     0.220000      53634.2      19.6150    0.0450000      53634.2      18.9410    0.0260000      53634.2     -99.9900    0.0260000      53634.2      18.5130    0.0580000
       53636.202      20.3740    0.0720000      53636.2      19.6210    0.0190000      53636.2      18.8990    0.0120000      53636.2      18.6620    0.0120000      53636.2      18.4920    0.0320000
       53655.174      20.3470     0.122000      53655.2      19.5950    0.0310000      53655.2      18.9290    0.0170000      53655.2      18.6950    0.0170000      53655.2      18.5490    0.0450000
       53664.199      20.3570     0.135000      53664.2      19.6360    0.0330000      53664.2      18.9590    0.0170000      53664.2      18.6800    0.0170000      53664.2      18.4860    0.0460000
       53666.163      20.4040    0.0570000      53666.2      19.6000    0.0130000      53666.2      18.9350    0.0110000      53666.2      18.6540    0.0120000      53666.2      18.4690    0.0330000
       53669.159      20.4130    0.0560000      53669.2      19.6290    0.0130000      53669.2      18.9470    0.0110000      53669.2      18.6860    0.0120000      53669.2      18.4660    0.0310000
       53671.243      20.3490     0.119000      53671.2     -99.9900    0.0260000      53671.2      18.9440    0.0150000      53671.2      18.6600    0.0180000      53671.2      18.5890    0.0620000
       53674.143      20.3600    0.0590000      53674.1      19.6210    0.0140000      53674.1      18.9230    0.0110000      53674.1      18.6650    0.0120000      53674.1      18.4860    0.0310000
       53676.232      20.4950    0.0650000      53676.2      19.6170    0.0130000      53676.2      18.9510    0.0110000      53676.2      18.6960    0.0110000      53676.2      18.4900    0.0270000
       53679.204      20.3320    0.0800000      53679.2      19.6350    0.0170000      53679.2      18.9470    0.0130000      53679.2      18.7000    0.0140000      53679.2      18.5200    0.0410000
       53681.196      20.4840    0.0670000      53681.2      19.6140    0.0150000      53681.2      18.9480    0.0120000      53681.2      18.6790    0.0120000      53681.2      18.5190    0.0290000
       53685.155      20.3400     0.146000      53685.2      19.6520    0.0360000      53685.2      18.9870    0.0200000      53685.2      18.7040    0.0190000      53685.2      18.4450    0.0360000
       53687.193      20.2870     0.179000      53687.2      19.6700    0.0390000      53687.2      18.9040    0.0210000      53687.2      18.7000    0.0200000      53687.2      18.4300    0.0360000
       53694.169     -99.9900     0.213000      53694.2      19.6110    0.0490000      53694.2      19.0130    0.0300000      53694.2      18.7160    0.0280000      53694.2      18.5150    0.0720000
       53697.153     -99.9900     0.410000      53697.2     -99.9900     0.109000      53697.2      18.8730    0.0780000      53697.2      18.6820    0.0870000      53697.2      18.1390     0.180000
       53700.152      20.5120    0.0700000      53700.2      19.6300    0.0150000      53700.1      18.9600    0.0120000      53700.2      18.6840    0.0120000      53700.2      18.5140    0.0320000
       53705.138      20.4750    0.0760000      53705.1      19.6360    0.0160000      53705.1      18.9690    0.0130000      53705.1      18.6390    0.0130000      53705.1      18.5100    0.0350000
       53975.223      20.7930     0.122000      53975.2      19.8140    0.0180000      53975.2      19.1060    0.0190000      53975.2      18.8190    0.0220000      53975.2      18.6250    0.0490000
       53993.291      20.7830    0.0880000      53993.3      19.8000    0.0210000      53993.3      19.0910    0.0130000      53993.3      18.8090    0.0170000      53993.3      18.5680    0.0320000
       53996.230      20.7040    0.0660000      53996.2      19.8270    0.0170000      53996.2      19.0970    0.0140000      53996.2      18.7980    0.0170000      53996.2      18.5620    0.0300000
       53998.199      20.8920    0.0700000      53998.2      19.8130    0.0180000      53998.2      19.0960    0.0160000      53998.2      18.8200    0.0200000      53998.2      18.5070    0.0280000
       54010.184      20.8780     0.100000      54010.2      19.8320    0.0220000      54010.2      19.0980    0.0170000      54010.2      18.8280    0.0230000      54010.2      18.5450    0.0270000
       54012.177      21.0050     0.199000      54012.2      19.8240    0.0350000      54012.2      19.1020    0.0190000      54012.2      18.8120    0.0280000      54012.2      18.5580    0.0350000
       54020.183      20.7370    0.0830000      54020.2      19.8350    0.0190000      54020.2      19.0770    0.0160000      54020.2      18.8240    0.0150000      54020.2      18.5990    0.0370000
       54022.232      20.5940    0.0710000      54022.2     -99.9900    0.0180000      54022.2      19.1180    0.0170000      54022.2      18.8190    0.0180000      54022.2      18.5580    0.0320000
       54028.173      20.8320    0.0970000      54028.2      19.8430    0.0210000      54028.2      19.1070    0.0170000      54028.2      18.8010    0.0170000      54028.2      18.5830    0.0380000
       54030.177      20.7900    0.0670000      54030.2      19.8490    0.0170000      54030.2      19.0980    0.0130000      54030.2      18.8140    0.0130000      54030.2      18.6300    0.0280000
       54035.252      20.9220     0.208000      54035.3      19.8150    0.0280000      54035.2      19.1030    0.0270000      54035.2      18.8310    0.0230000      54035.3      18.5410    0.0690000
       54037.158      20.8200    0.0850000      54037.2      19.8710    0.0220000      54037.2      19.0840    0.0160000      54037.2      18.8300    0.0150000      54037.2      18.5490    0.0320000
       54040.172      20.7200     0.188000      54040.2      19.9540    0.0410000      54040.2      19.1110    0.0240000      54040.2      18.8050    0.0230000      54040.2      18.5540    0.0390000
       54050.157      20.7730     0.108000      54050.2      19.8630    0.0220000      54050.2      19.1280    0.0180000      54050.2     -99.9900    0.0430000      54050.2      18.5230    0.0440000
       54053.163      21.1510     0.124000      54053.2      19.8760    0.0200000      54053.2      19.1100    0.0170000      54053.2      18.8080    0.0190000      54053.2      18.6520    0.0480000
       54056.165     -99.9900     0.177000      54056.2      19.8970    0.0340000      54056.2      19.0680    0.0200000      54056.2      18.8590    0.0290000      54056.2      18.5040    0.0510000
       54057.133      20.8970    0.0830000      54057.1      19.8920    0.0170000      54057.1      19.0970    0.0160000      54057.1      18.8300    0.0190000      54057.1      18.5730    0.0350000
       54059.159      20.9200     0.100000      54059.2      19.8770    0.0190000      54059.2      19.1380    0.0180000      54059.2      18.7700    0.0160000      54059.2      18.5600    0.0350000
       54061.170      20.7570    0.0930000      54061.2      19.9310    0.0230000      54061.2      19.1150    0.0200000      54061.2      18.8310    0.0270000      54061.2      18.5390    0.0400000
       54062.164      20.7940     0.114000      54062.2      19.8770    0.0220000      54062.2      19.1290    0.0210000      54062.2      18.8190    0.0200000      54062.2      18.6650    0.0500000
       54068.154      20.5600     0.276000      54068.2      19.8210    0.0660000      54068.2      19.1150    0.0410000      54068.2      18.8370    0.0300000      54068.2      18.5390    0.0560000
       54357.202      20.8570    0.0850000      54357.2      19.9210    0.0200000      54357.2      19.1090    0.0150000      54357.2      18.8510    0.0190000      54357.2      18.5840    0.0340000
       54365.200      20.9770     0.200000      54365.2      19.8640    0.0370000      54365.2      19.1230    0.0210000      54365.2      18.8350    0.0260000      54365.2      18.5920    0.0450000
       54385.250      20.7640     0.100000      54385.2      19.9290    0.0220000      54385.2      19.1120    0.0170000      54385.2      18.7970    0.0220000      54385.2      18.5590    0.0360000
       54387.251      20.7810     0.110000      54387.3      19.9190    0.0210000      54387.2      19.1340    0.0180000      54387.2      18.8390    0.0170000      54387.2      18.5740    0.0370000
       54392.245      21.1300     0.132000      54392.2      19.9260    0.0230000      54392.2      19.1510    0.0200000      54392.2      18.8680    0.0180000      54392.2      18.6570    0.0400000
       54402.244      20.2960     0.171000      54402.2      19.8800    0.0420000      54402.2      19.1160    0.0230000      54402.2      18.8410    0.0190000      54402.2      18.5990    0.0410000
       52558.000       20.493000     0.060000000       52558.000       19.795000     0.018000000       52558.000       19.142000     0.019000000       52558.000       18.914000     0.019000000       52558.000       18.719000     0.038000000
       51467       20.820000      0.12800000       51467       20.043000     0.031000000       51467       19.338000     0.021000000       51467       19.107000     0.024000000       51467       18.749000     0.062000000
       51819       20.655000     0.071000000       51819       19.951000     0.026000000       51819       19.293000     0.020000000       51819       19.054000     0.019000000       51819       18.738000     0.042000000
       52172       20.395000     0.052000000       52172       19.793000     0.020000000       52172       19.144000     0.020000000       52172       18.926000     0.021000000       52172       18.618000     0.035000000
       52172       20.516000     0.063000000       52172       19.837000     0.022000000       52172       19.147000     0.015000000       52172       18.926000     0.019000000       52172       18.703000     0.042000000
       52516       20.568000     0.065000000       52516       19.794000     0.024000000       52516       19.218000     0.023000000       52516       18.933000     0.023000000       52516       18.693000     0.037000000
       52552       20.489000     0.068000000       52552       19.772000     0.023000000       52552       19.100000     0.020000000       52552       18.953000     0.028000000       52552       18.734000     0.049000000
       52558       20.497000     0.056000000       52558       19.792000     0.018000000       52558       19.141000     0.019000000       52558       18.920000     0.020000000       52558       18.714000     0.038000000
       52577       20.482000     0.064000000       52577       19.754000     0.022000000       52577       19.115000     0.019000000       52577       18.905000     0.022000000       52577       18.730000     0.061000000
       52586       20.398000     0.049000000       52586       19.732000     0.020000000       52586       19.148000     0.020000000       52586       18.879000     0.022000000       52586       18.667000     0.039000000
       52935       20.380000     0.050000000       52935       19.702000     0.025000000       52935       19.066000     0.017000000       52935       18.837000     0.019000000       52935       18.641000     0.035000000
       53313       20.670000     0.091000000       53313       19.700000     0.025000000       53313       19.045000     0.020000000       53313       18.825000     0.031000000       53313       18.596000     0.046000000
