       51081.315      20.0860    0.0570000      51081.3      19.7290    0.0180000      51081.3      19.7530    0.0230000      51081.3      19.5240    0.0260000      51081.3      19.5730    0.0870000
       51819.386      20.1490    0.0680000      51819.4      19.8250    0.0200000      51819.4      19.8760    0.0240000      51819.4      19.6030    0.0230000      51819.4      19.5230    0.0830000
       52558.351      20.3140    0.0650000      52558.4      19.9130    0.0180000      52558.3      19.9060    0.0210000      52558.4      19.6670    0.0210000      52558.4      19.7010    0.0820000
       52577.238      20.3230    0.0630000      52577.2      19.9180    0.0170000      52577.2      19.9190    0.0220000      52577.2      19.7240    0.0240000      52577.2      19.4920    0.0750000
       52586.242      20.3090    0.0620000      52586.2      19.9180    0.0170000      52586.2      19.9240    0.0230000      52586.2      19.6580    0.0250000      52586.2      19.6090    0.0950000
       52910.322      20.3100    0.0630000      52910.3      20.0660    0.0190000      52910.3      20.0580    0.0220000      52910.3      19.7360    0.0210000      52910.3      19.6480    0.0710000
       52931.253      20.5050    0.0790000      52931.3      20.0910    0.0210000      52931.2      20.0900    0.0260000      52931.2      19.8280    0.0270000      52931.3      19.8370     0.100000
       52935.250      20.4620    0.0770000      52935.2      20.1070    0.0210000      52935.2      20.1540    0.0290000      52935.2      19.7540    0.0260000      52935.2      19.7350    0.0980000
       52959.193      20.5460    0.0650000      52959.2      20.0800    0.0180000      52959.2      20.0810    0.0220000      52959.2      19.8080    0.0220000      52959.2      19.9490    0.0820000
       52963.173      20.6000    0.0630000      52963.2      20.0990    0.0170000      52963.2      20.1230    0.0220000      52963.2      19.8610    0.0220000      52963.2      19.7060    0.0630000
       53352.144      20.1000    0.0490000      53352.1      19.7380    0.0150000      53352.1      19.7500    0.0180000      53352.1      19.5680    0.0200000      53352.1      19.5240    0.0700000
       53622.352      20.1010    0.0700000      53622.4      19.8000    0.0210000      53622.4      19.8660    0.0280000      53622.4      19.6490    0.0300000      53622.4      19.5920     0.108000
       53634.301      20.0340     0.120000      53634.3      19.8390    0.0440000      53634.3      19.7740    0.0350000      53634.3      19.5740    0.0280000      53634.3      19.6190    0.0890000
       53638.343      20.1720    0.0690000      53638.3      19.8150    0.0180000      53638.3      19.8510    0.0220000      53638.3      19.6000    0.0210000      53638.3      19.6370    0.0740000
       53640.307      20.0490    0.0700000      53640.3      19.8240    0.0190000      53640.3      19.8300    0.0240000      53640.3      19.6590    0.0260000      53640.3      19.4920    0.0750000
       53655.279      20.0350    0.0890000      53655.3     -99.9900    0.0240000      53655.3      19.7980    0.0320000      53655.3      19.5680    0.0320000      53655.3      19.6720     0.121000
       53664.304     -99.9900     0.125000      53664.3      19.7490    0.0460000      53664.3      19.7360    0.0370000      53664.3      19.5520    0.0380000      53664.3      19.4830     0.134000
       53669.263      20.1150    0.0490000      53669.3      19.7840    0.0150000      53669.3      19.8220    0.0190000      53669.3      19.5880    0.0200000      53669.3      19.6680    0.0720000
       53671.348      20.1040    0.0720000      53671.4      19.8560    0.0190000      53671.3      19.8500    0.0260000      53671.3      19.6150    0.0260000      53671.3      19.7080    0.0900000
       53674.247      20.0480    0.0620000      53674.2      19.7960    0.0170000      53674.2      19.8170    0.0210000      53674.2      19.6400    0.0230000      53674.2      19.5400    0.0700000
       53676.337      20.1170    0.0610000      53676.3      19.7980    0.0160000      53676.3      19.8490    0.0200000      53676.3      19.6440    0.0190000      53676.3      19.6630    0.0660000
       53679.309      20.1860    0.0790000      53679.3      19.8270    0.0190000      53679.3      19.8010    0.0250000      53679.3      19.6620    0.0290000      53679.3      19.6050     0.106000
       53681.300      20.0880    0.0850000      53681.3     -99.9900    0.0250000      53681.3      19.7940    0.0260000      53681.3      19.5950    0.0250000      53681.3     -99.9900     0.209000
       53685.259      19.8640     0.134000      53685.3     -99.9900    0.0530000      53685.3      19.7550    0.0520000      53685.3      19.5680    0.0410000      53685.3     -99.9900    0.0980000
       53697.257      20.1220    0.0690000      53697.3      19.7860    0.0200000      53697.3      19.8110    0.0220000      53697.3      19.6190    0.0210000      53697.3      19.7000    0.0790000
       53700.256      20.1540    0.0780000      53700.3      19.8000    0.0190000      53700.3      19.8330    0.0250000      53700.3      19.5750    0.0270000      53700.3      19.5870    0.0930000
       53705.243      20.1270    0.0600000      53705.2      19.8490    0.0170000      53705.2      19.8450    0.0200000      53705.2      19.6260    0.0200000      53705.2      19.5700    0.0630000
       53975.328      20.0940    0.0600000      53975.3      19.8110    0.0230000      53975.3      19.8550    0.0240000      53975.3      19.6910    0.0220000      53975.3      19.5220    0.0660000
       53990.341      20.3040     0.110000      53990.3      19.7910    0.0320000      53990.3      19.8150    0.0290000      53990.3      19.6730    0.0280000      53990.3      19.6570    0.0840000
       53994.351      20.2240    0.0710000      53994.4      19.8250    0.0220000      53994.3      19.8850    0.0190000      53994.4      19.6360    0.0210000      53994.4      19.5050    0.0730000
       53996.335      20.0960    0.0520000      53996.3      19.8220    0.0240000      53996.3      19.8510    0.0250000      53996.3      19.5830    0.0280000      53996.3      19.5860    0.0790000
       53998.303      20.0950     0.108000      53998.3      19.8190    0.0310000      53998.3      19.9020    0.0230000      53998.3     -99.9900    0.0610000      53998.3      19.5610    0.0850000
       54005.334      20.1910    0.0500000      54005.3      19.9060    0.0250000      54005.3      19.9190    0.0230000      54005.3      19.6660    0.0230000      54005.3      19.7270    0.0610000
       54010.289      20.1730    0.0520000      54010.3      19.8470    0.0220000      54010.3      19.9060    0.0210000      54010.3      19.6950    0.0210000      54010.3      19.6790    0.0550000
       54012.282      20.1070    0.0920000      54012.3      19.8500    0.0360000      54012.3      19.9230    0.0310000      54012.3      19.6850    0.0280000      54012.3      19.6110    0.0670000
       54020.288      20.0570    0.0790000      54020.3      19.8070    0.0290000      54020.3      19.8590    0.0340000      54020.3      19.6050    0.0330000      54020.3      19.6250     0.100000
       54024.369      20.1330    0.0740000      54024.4      19.7540    0.0300000      54024.4      19.8480    0.0270000      54024.4      19.5820    0.0260000      54024.4      19.6670     0.107000
       54028.358     -99.9900    0.0740000      54028.4      19.8060    0.0390000      54028.4      19.8220    0.0270000      54028.4      19.6490    0.0270000      54028.4      19.4920    0.0970000
       54030.281      20.1560    0.0490000      54030.3      19.7920    0.0170000      54030.3      19.8590    0.0250000      54030.3      19.6700    0.0230000      54030.3      19.5780    0.0580000
       54035.357      20.2920     0.108000      54035.4      19.8480    0.0280000      54035.4      19.7990    0.0320000      54035.4      19.6510    0.0490000      54035.4      19.4080    0.0980000
       54037.262      20.2430    0.0590000      54037.3      19.8930    0.0190000      54037.3      19.8690    0.0270000      54037.3      19.7060    0.0220000      54037.3      19.5120    0.0620000
       54040.277      20.1560     0.112000      54040.3      19.8120    0.0430000      54040.3      19.9280    0.0350000      54040.3      19.6890    0.0320000      54040.3      19.8330     0.107000
       54047.308      20.2610     0.439000      54047.3      19.6370    0.0530000      54047.3      19.8570    0.0770000      54047.3      19.7500    0.0850000      54047.3     -99.9900     0.117000
       54049.303      20.3460     0.146000      54049.3      19.9350    0.0400000      54049.3      19.8170    0.0350000      54049.3      19.6500    0.0320000      54049.3      19.5110    0.0940000
       54053.268      20.2440    0.0570000      54053.3      19.9220    0.0190000      54053.3      19.9010    0.0210000      54053.3      19.7010    0.0240000      54053.3      19.6170    0.0710000
       54056.269      20.2740    0.0900000      54056.3      19.8940    0.0250000      54056.3      19.9030    0.0280000      54056.3      19.6760    0.0290000      54056.3      19.7170     0.103000
       54059.264      20.3280     0.105000      54059.3      19.8760    0.0310000      54059.3      19.8160    0.0300000      54059.3      19.6600    0.0300000      54059.3      19.8850     0.145000
       54062.269      20.1370    0.0740000      54062.3      19.8810    0.0230000      54062.3      19.8840    0.0260000      54062.3      19.6970    0.0300000      54062.3      19.7390    0.0980000
       54068.249     -99.9900     0.147000      54068.2      19.8500    0.0470000      54068.2      19.8690    0.0420000      54068.2      19.6430    0.0390000      54068.2      19.5160    0.0970000
       54357.307      20.3150    0.0540000      54357.3      19.9730    0.0220000      54357.3      20.0320    0.0210000      54357.3      19.7830    0.0250000      54357.3      19.7460    0.0610000
       54362.357      20.3730    0.0760000      54362.4      19.9430    0.0250000      54362.4      20.0150    0.0230000      54362.4      19.7630    0.0280000      54362.4      19.7420    0.0920000
       54382.337      20.3910    0.0980000      54382.3      19.9650    0.0280000      54382.3      19.9800    0.0370000      54382.3      19.7500    0.0410000      54382.3      19.8570     0.148000
       54385.355      20.3400    0.0590000      54385.4      20.0380    0.0230000      54385.4      20.0290    0.0230000      54385.4      19.8240    0.0200000      54385.4      19.6350    0.0570000
       54387.355      20.4700    0.0980000      54387.4      19.9800    0.0310000      54387.4      19.9870    0.0290000      54387.4      19.7390    0.0300000      54387.4      19.5860    0.0980000
       54392.350      20.1640    0.0840000      54392.4      19.9950    0.0260000      54392.3      19.9760    0.0330000      54392.3      19.7960    0.0350000      54392.4      19.7070     0.112000
       54402.348     -99.9900     0.208000      54402.4      20.0890    0.0540000      54402.3      20.0150    0.0420000      54402.3      19.7630    0.0370000      54402.3      19.4750    0.0860000
       52522.000       20.371000     0.081000000       52522.000       19.948000     0.028000000       52522.000       19.940000     0.023000000       52522.000       19.715000     0.031000000       52522.000       19.664000     0.097000000
       51081       20.064000     0.053000000       51081       19.704000     0.018000000       51081       19.750000     0.027000000       51081       19.553000     0.026000000       51081       19.617000     0.087000000
       51819       20.137000     0.054000000       51819       19.873000     0.027000000       51819       19.916000     0.024000000       51819       19.667000     0.028000000       51819       19.556000     0.081000000
       52522       20.363000     0.068000000       52522       19.954000     0.027000000       52522       19.942000     0.025000000       52522       19.722000     0.030000000       52522       19.643000     0.097000000
       52552       20.378000     0.050000000       52552       19.927000     0.027000000       52552       19.990000     0.026000000       52552       19.769000     0.024000000       52552       19.875000     0.081000000
       52558       20.301000     0.051000000       52558       19.957000     0.027000000       52558       19.959000     0.024000000       52558       19.745000     0.024000000       52558       19.700000     0.078000000
       52577       20.344000     0.051000000       52577       19.949000     0.025000000       52577       19.979000     0.023000000       52577       19.781000     0.027000000       52577       19.528000     0.072000000
       52586       20.308000     0.048000000       52586       19.931000     0.025000000       52586       19.964000     0.026000000       52586       19.720000     0.028000000       52586       19.640000     0.092000000
       52910       20.339000     0.051000000       52910       20.098000     0.024000000       52910       20.091000     0.027000000       52910       19.786000     0.025000000       52910       19.714000     0.070000000
       52931       20.505000     0.065000000       52931       20.160000     0.030000000       52931       20.131000     0.028000000       52931       19.893000     0.031000000       52931       19.842000     0.094000000
       52935       20.447000     0.059000000       52935       20.158000     0.032000000       52935       20.184000     0.033000000       52935       19.821000     0.034000000       52935       19.792000     0.098000000
       52959       20.559000     0.051000000       52959       20.125000     0.023000000       52959       20.141000     0.026000000       52959       19.912000     0.026000000       52959       20.041000     0.081000000
       53352       20.124000     0.039000000       53352       19.787000     0.029000000       53352       19.827000     0.021000000       53352       19.651000     0.026000000       53352       19.587000     0.068000000
       54424       20.387000      0.11700000       54424       20.137000     0.047000000       54424       20.156000     0.041000000       54424       19.909000     0.039000000       54424       19.770000     0.094000000
