       51467.302      19.9110    0.0800000      51467.3      19.7040    0.0210000      51467.3      19.5990    0.0240000      51467.3      19.3640    0.0280000      51467.3      19.2440    0.0810000
       51819.278      19.8620    0.0420000      51819.3      19.6700    0.0160000      51819.3      19.6040    0.0180000      51819.3      19.4010    0.0230000      51819.3      19.1170    0.0540000
       52558.243      19.7570    0.0380000      52558.2      19.5800    0.0140000      52558.2      19.4830    0.0160000      52558.2      19.3040    0.0200000      52558.2      19.0770    0.0520000
       52577.131      19.7430    0.0400000      52577.1      19.5490    0.0150000      52577.1      19.5010    0.0190000      52577.1      19.2870    0.0260000      52577.1      19.1200    0.0740000
       52586.134      19.7880    0.0400000      52586.1      19.6090    0.0150000      52586.1      19.5430    0.0190000      52586.1      19.3740    0.0280000      52586.1      19.1900    0.0690000
       52931.145      19.6960    0.0330000      52931.1      19.5020    0.0130000      52931.1      19.4680    0.0140000      52931.1      19.3220    0.0180000      52931.1      19.2000    0.0490000
       52935.142      19.7570    0.0370000      52935.1      19.5020    0.0130000      52935.1      19.4420    0.0150000      52935.1      19.2810    0.0190000      52935.1      19.1150    0.0510000
       53313.135      19.7880    0.0430000      53313.1      19.5670    0.0150000      53313.1      19.4330    0.0180000      53313.1      19.2480    0.0240000      53313.1      19.1010    0.0690000
       53622.244      19.6590    0.0530000      53622.2      19.4990    0.0180000      53622.2      19.3830    0.0180000      53622.2      19.1910    0.0270000      53622.2      19.1040    0.0770000
       53625.240      19.6680    0.0360000      53625.2      19.4760    0.0140000      53625.2      19.4510    0.0150000      53625.2      19.3050    0.0190000      53625.2      19.2150    0.0480000
       53634.194      19.8510     0.136000      53634.2     -99.9900    0.0480000      53634.2      19.4680    0.0420000      53634.2     -99.9900    0.0370000      53634.2     -99.9900    0.0960000
       53636.199      19.6730    0.0430000      53636.2      19.5220    0.0180000      53636.2      19.4030    0.0160000      53636.2      19.2380    0.0200000      53636.2      19.1240    0.0550000
       53655.171      19.8370    0.0940000      53655.2      19.6040    0.0310000      53655.2      19.4550    0.0280000      53655.2      19.2560    0.0270000      53655.2      19.1240    0.0670000
       53664.196      19.6980    0.0780000      53664.2      19.6200    0.0290000      53664.2      19.4740    0.0270000      53664.2      19.2280    0.0300000      53664.2      19.2010    0.0890000
       53666.160      19.8040    0.0400000      53666.2      19.6090    0.0180000      53666.2      19.4960    0.0220000      53666.2      19.3100    0.0260000      53666.2      19.2190    0.0630000
       53669.155      19.8020    0.0390000      53669.2      19.5850    0.0140000      53669.2      19.5310    0.0170000      53669.2      19.3130    0.0210000      53669.2      19.1000    0.0530000
       53671.240      19.7780    0.0810000      53671.2      19.5430    0.0190000      53671.2      19.3910    0.0250000      53671.2      19.2280    0.0320000      53671.2     -99.9900    0.0770000
       53674.140      19.8630    0.0410000      53674.1      19.6430    0.0160000      53674.1      19.5230    0.0200000      53674.1      19.2900    0.0230000      53674.1      19.1620    0.0520000
       53676.229      19.9370    0.0460000      53676.2      19.6620    0.0140000      53676.2      19.5330    0.0170000      53676.2      19.3280    0.0190000      53676.2      19.2510    0.0470000
       53679.201      19.7720    0.0570000      53679.2      19.5770    0.0170000      53679.2      19.5080    0.0210000      53679.2      19.2160    0.0260000      53679.2      19.2040    0.0750000
       53681.193      19.8990    0.0460000      53681.2      19.6210    0.0180000      53681.2      19.5780    0.0210000      53681.2      19.3730    0.0240000      53681.2      19.1840    0.0490000
       53694.165     -99.9900     0.175000      53694.2      19.4120    0.0450000      53694.2      19.4480    0.0410000      53694.2      19.2310    0.0440000      53694.2      18.9680     0.100000
       53700.149      19.7690    0.0430000      53700.1      19.5810    0.0150000      53700.1      19.4670    0.0170000      53700.1      19.3150    0.0220000      53700.1      19.1830    0.0540000
       53705.135      19.7570    0.0420000      53705.1      19.5720    0.0160000      53705.1      19.4810    0.0190000      53705.1      19.2250    0.0200000      53705.1      19.1840    0.0560000
       53975.220      19.6770    0.0380000      53975.2      19.5570    0.0170000      53975.2      19.5120    0.0210000      53975.2      19.3410    0.0230000      53975.2      19.1700    0.0600000
       53993.288      19.6910    0.0500000      53993.3      19.5920    0.0230000      53993.3      19.4990    0.0180000      53993.3      19.2820    0.0240000      53993.3      19.1340    0.0440000
       53998.196      19.8280    0.0340000      53998.2      19.5400    0.0190000      53998.2      19.5700    0.0160000      53998.2      19.3780    0.0190000      53998.2      19.2270    0.0440000
       54010.181      19.7840    0.0410000      54010.2      19.5870    0.0190000      54010.2      19.5400    0.0210000      54010.2      19.4530    0.0220000      54010.2      19.4290    0.0470000
       54012.174      19.7300    0.0660000      54012.2      19.6170    0.0310000      54012.2      19.5360    0.0290000      54012.2      19.4710    0.0320000      54012.2      19.2370    0.0580000
       54020.180      19.7970    0.0400000      54020.2      19.5580    0.0170000      54020.2      19.4810    0.0200000      54020.2      19.3820    0.0220000      54020.2      19.3290    0.0620000
       54022.229      19.7660    0.0560000      54022.2     -99.9900    0.0170000      54022.2     -99.9900    0.0220000      54022.2      19.3720    0.0260000      54022.2      19.1340    0.0540000
       54028.170      19.6400    0.0410000      54028.2      19.5670    0.0210000      54028.2      19.5030    0.0260000      54028.2      19.3090    0.0250000      54028.2      19.0780    0.0590000
       54030.173      19.7290    0.0320000      54030.2      19.5710    0.0160000      54030.2      19.4930    0.0170000      54030.2      19.3640    0.0200000      54030.2      19.2530    0.0430000
       54032.163      19.4050     0.102000      54032.2     -99.9900    0.0330000      54032.2     -99.9900     0.111000      54032.2      19.3800    0.0810000      54032.2     -99.9900     0.322000
       54035.249      19.5280    0.0590000      54035.2      19.5340    0.0250000      54035.2      19.4560    0.0480000      54035.2      19.1430    0.0330000      54035.2      19.0110    0.0680000
       54037.155      19.7990    0.0390000      54037.2      19.5580    0.0170000      54037.2      19.5000    0.0240000      54037.2      19.3800    0.0260000      54037.2      19.1810    0.0470000
       54040.169      19.7680    0.0790000      54040.2      19.5460    0.0340000      54040.2      19.5240    0.0310000      54040.2      19.3770    0.0320000      54040.2      19.3150    0.0720000
       54050.154      19.7270    0.0410000      54050.2      19.5940    0.0190000      54050.2      19.4920    0.0210000      54050.2      19.3120    0.0260000      54050.2      19.1630    0.0760000
       54053.160      19.7350    0.0410000      54053.2      19.5790    0.0180000      54053.2      19.5050    0.0190000      54053.2      19.2930    0.0240000      54053.2      19.1960    0.0620000
       54056.162     -99.9900    0.0920000      54056.2      19.5960    0.0250000      54056.2      19.3960    0.0520000      54056.2      19.1820    0.0370000      54056.2      19.2590    0.0960000
       54057.130      19.8030    0.0400000      54057.1      19.6520    0.0180000      54057.1      19.5300    0.0200000      54057.1      19.3670    0.0220000      54057.1      19.2980    0.0540000
       54059.156      19.8710    0.0510000      54059.2      19.6170    0.0180000      54059.2      19.5140    0.0240000      54059.2      19.3400    0.0260000      54059.2      19.1430    0.0550000
       54061.167      19.9130    0.0650000      54061.2      19.5840    0.0260000      54061.2     -99.9900    0.0280000      54061.2      19.3490    0.0270000      54061.2      19.1540    0.0660000
       54062.161      19.7930    0.0410000      54062.2      19.5800    0.0240000      54062.2      19.5080    0.0250000      54062.2      19.2830    0.0270000      54062.2      19.2710    0.0810000
       54357.199      19.8010    0.0440000      54357.2      19.6900    0.0220000      54357.2      19.5510    0.0200000      54357.2      19.3830    0.0240000      54357.2      19.2530    0.0500000
       54385.247      19.8110    0.0410000      54385.2      19.6390    0.0220000      54385.2      19.5670    0.0210000      54385.2      19.3960    0.0230000      54385.2      19.2730    0.0500000
       54387.247      19.7890    0.0490000      54387.2      19.6140    0.0220000      54387.2      19.5480    0.0210000      54387.2      19.3610    0.0250000      54387.2      19.1130    0.0580000
       52558.000       19.841000     0.039000000       52558.000       19.647000     0.019000000       52558.000       19.553000     0.019000000       52558.000       19.394000     0.021000000       52558.000       19.144000     0.054000000
       51467       20.016000     0.075000000       51467       19.717000     0.022000000       51467       19.594000     0.026000000       51467       19.359000     0.031000000       51467       19.224000     0.080000000
       51819       19.929000     0.039000000       51819       19.725000     0.021000000       51819       20.801000     0.069000000       51819       19.441000     0.022000000       51819       19.149000     0.055000000
       52172       20.062000     0.055000000       52172       19.750000     0.018000000       52172       19.665000     0.020000000       52172       19.521000     0.023000000       52172       19.444000     0.062000000
       52172       20.049000     0.046000000       52172       19.784000     0.021000000       52172       19.651000     0.021000000       52172       19.474000     0.024000000       52172       19.285000     0.059000000
       52516       19.815000     0.052000000       52516       19.674000     0.021000000       52516       19.628000     0.021000000       52516       19.434000     0.022000000       52516       19.256000     0.048000000
       52552       19.863000     0.037000000       52552       19.641000     0.021000000       52552       19.536000     0.025000000       52552       19.325000     0.028000000       52552       19.169000     0.062000000
       52558       19.832000     0.039000000       52558       19.643000     0.018000000       52558       19.558000     0.019000000       52558       19.396000     0.022000000       52558       19.155000     0.054000000
       52577       19.832000     0.037000000       52577       19.635000     0.023000000       52577       19.584000     0.021000000       52577       19.386000     0.029000000       52577       19.186000     0.073000000
       52586       19.838000     0.038000000       52586       19.652000     0.019000000       52586       19.568000     0.021000000       52586       19.416000     0.028000000       52586       19.222000     0.069000000
       52935       19.871000     0.036000000       52935       19.609000     0.020000000       52935       19.512000     0.018000000       52935       19.372000     0.025000000       52935       19.171000     0.051000000
       53313       19.869000     0.039000000       53313       19.640000     0.021000000       53313       19.517000     0.027000000       53313       19.333000     0.024000000       53313       19.160000     0.071000000
