       51464.206      21.0850    0.0840000      51464.2      20.5240    0.0270000      51464.2      20.3900    0.0310000      51464.2      20.1600    0.0390000      51464.2      20.2880     0.166000
       52197.232      20.3170    0.0520000      52197.2      20.1630    0.0210000      52197.2      20.0330    0.0210000      52197.2      20.1280    0.0310000      52197.2      20.1980     0.114000
       52231.118      20.3770    0.0490000      52231.1      20.0870    0.0190000      52231.1      20.0020    0.0200000      52231.1      19.9330    0.0260000      52231.1      19.7760    0.0830000
       52578.122      20.4860    0.0590000      52578.1      20.2790    0.0230000      52578.1      19.9980    0.0230000      52578.1      19.9680    0.0340000      52578.1      19.8060    0.0960000
       52929.152      20.6260    0.0670000      52929.2      20.3770    0.0250000      52929.2      20.1960    0.0270000      52929.2      19.9990    0.0300000      52929.2      20.0910     0.122000
       52936.128      20.6720    0.0620000      52936.1      20.2030    0.0200000      52936.1      20.1900    0.0250000      52936.1      20.1880    0.0350000      52936.1      19.9540    0.0920000
       53243.313      20.3830    0.0700000      53243.3      20.0050    0.0290000      53243.3      19.9760    0.0260000      53243.3      19.9510    0.0300000      53243.3      19.8150    0.0760000
       53288.169      20.4000    0.0610000      53288.2      20.0710    0.0200000      53288.2      19.9870    0.0210000      53288.2      19.8970    0.0280000      53288.2      19.7870    0.0870000
       53302.165      20.2240    0.0930000      53302.2      20.0250    0.0400000      53302.2      19.9770    0.0330000      53302.2      19.9990    0.0390000      53302.2      19.6530    0.0810000
       53314.122      20.5780    0.0670000      53314.1      20.0230    0.0210000      53314.1      19.9610    0.0250000      53314.1      20.0470    0.0390000      53314.1      19.7300     0.110000
       53623.216      20.2550    0.0600000      53623.2      19.9800    0.0220000      53623.2      19.8540    0.0210000      53623.2      19.8670    0.0290000      53623.2      19.9750     0.125000
       53626.203      20.1210    0.0730000      53626.2      19.7790    0.0310000      53626.2      19.8530    0.0280000      53626.2      20.0210    0.0420000      53626.2      19.7450    0.0940000
       53644.182      20.0580    0.0410000      53644.2      19.8060    0.0270000      53644.2      19.7470    0.0370000      53644.2      19.7660    0.0540000      53644.2      19.5580    0.0790000
       53654.216      20.0340    0.0650000      53654.2      19.8310    0.0240000      53654.2      19.6780    0.0240000      53654.2      19.6560    0.0330000      53654.2      19.8300     0.124000
       53663.177      20.1090    0.0690000      53663.2      19.9020    0.0260000      53663.2      19.7630    0.0210000      53663.2      19.7620    0.0240000      53663.2      19.3850    0.0540000
       53665.155      20.0970     0.210000      53665.2      19.9600    0.0980000      53665.2      19.8750    0.0830000      53665.2      19.8740     0.159000      53665.2     -99.9900     0.644000
       53668.167      20.2420    0.0640000      53668.2      20.1000    0.0250000      53668.2      20.0240    0.0290000      53668.2      20.2550    0.0540000      53668.2      20.1490     0.195000
       53670.171      20.0090    0.0480000      53670.2      19.7070    0.0170000      53670.2      19.6110    0.0210000      53670.2      19.6640    0.0330000      53670.2      19.6960     0.120000
       53673.139      20.1500    0.0530000      53673.1      19.8280    0.0190000      53673.1      19.7710    0.0200000      53673.1      19.8300    0.0300000      53673.1      19.5360    0.0800000
       53677.157      20.0760    0.0450000      53677.2      19.8520    0.0170000      53677.2      19.7130    0.0180000      53677.2      19.7090    0.0250000      53677.2      19.5460    0.0660000
       53693.146      20.3660     0.118000      53693.1      19.8810    0.0340000      53693.1      19.8430    0.0280000      53693.1      19.7240    0.0300000      53693.1      19.7650    0.0900000
       53704.129      20.4710    0.0680000      53704.1      20.0160    0.0220000      53704.1      20.0000    0.0240000      53704.1      20.2980    0.0450000      53704.1      19.9380     0.115000
       53989.225      20.5210    0.0960000      53989.2      20.0800    0.0390000      53989.2      19.9810    0.0640000      53989.2      19.9850    0.0980000      53989.2      19.9890     0.159000
       53995.215      20.8730    0.0700000      53995.2      20.1280    0.0320000      53995.2      20.0160    0.0860000      53995.2      19.9400     0.125000      53995.2      19.7410     0.123000
       54007.178      20.5460    0.0620000      54007.2      20.0190    0.0290000      54007.2      19.8950    0.0440000      54007.2      19.8880     0.112000      54007.2      20.0530     0.133000
       54009.175      20.5900    0.0800000      54009.2      20.1690    0.0400000      54009.2      19.9860    0.0560000      54009.2      20.1360     0.116000      54009.2      19.8230     0.143000
       54011.239      20.3160    0.0910000      54011.2      20.0340    0.0420000      54011.2      20.0830    0.0680000      54011.2      20.0450     0.103000      54011.2      19.8220     0.123000
       54019.189      20.5260    0.0710000      54019.2      20.0680    0.0360000      54019.2      20.0020    0.0790000      54019.2      19.9840     0.137000      54019.2      19.8360    0.0870000
       54029.169      20.6900    0.0710000      54029.2      20.1280    0.0360000      54029.2      20.0410    0.0940000      54029.2      19.9290     0.136000      54029.2      19.7320     0.114000
       54051.145      21.0820     0.320000      54051.1      20.0720    0.0590000      54051.1      20.1500    0.0920000      54051.1      20.5560     0.297000      54051.1      20.1920      1.00000
       54386.237      20.1950    0.0530000      54386.2      19.9060    0.0280000      54386.2      19.7760    0.0330000      54386.2      19.7630    0.0490000      54386.2      19.6490     0.118000
       54403.155      20.1360    0.0490000      54403.2      19.8680    0.0330000      54403.2      19.7050    0.0350000      54403.2      19.7370    0.0570000      54403.2      19.4350    0.0690000
       54406.149      20.1820    0.0460000      54406.1      19.7780    0.0230000      54406.1      19.7210    0.0400000      54406.1      19.6900    0.0550000      54406.1      19.4430    0.0980000
       54412.151      20.2040    0.0560000      54412.2      19.8410    0.0250000      54412.1      19.7600    0.0360000      54412.2      19.6530    0.0390000      54412.2      20.1950     0.208000
       52197.000       20.257000     0.049000000       52197.000       20.142000     0.041000000       52197.000       20.032000      0.10500000       52197.000       20.119000      0.14200000       52197.000       20.155000      0.16200000
       51459       20.820000      0.11100000       51459       20.117000     0.030000000       51459       19.622000     0.029000000       51459       19.156000     0.026000000       51459       18.963000     0.076000000
       51464       20.956000     0.067000000       51464       20.561000     0.038000000       51464       20.409000     0.081000000       51464       20.306000      0.13800000       51464       20.216000      0.26200000
       51819       21.180000      0.10000000       51819       20.906000     0.054000000       51819       20.864000      0.16700000       51819       20.614000      0.18100000       51819       20.155000      0.21500000
       52197       20.254000     0.045000000       52197       20.085000     0.032000000       52197       20.004000     0.059000000       52197       20.010000      0.11000000       52197       19.948000      0.15900000
       52557       20.456000     0.063000000       52557       20.096000     0.032000000       52557       20.004000     0.046000000       52557       20.105000      0.12000000       52557       20.090000      0.27000000
       52578       20.447000     0.052000000       52578       20.191000     0.028000000       52578       20.013000     0.057000000       52578       20.027000      0.10800000       52578       19.753000      0.12700000
       52929       20.428000     0.050000000       52929       20.180000     0.030000000       52929       20.051000     0.052000000       52929       19.996000     0.089000000       52929       19.839000      0.15700000
       52936       20.580000     0.053000000       52936       20.167000     0.036000000       52936       20.080000     0.063000000       52936       20.125000      0.12200000       52936       19.724000      0.14800000
       53243       20.287000     0.063000000       53243       19.979000     0.037000000       53243       19.924000     0.072000000       53243       19.999000      0.12100000       53243       19.676000      0.13600000
       53270       20.318000     0.070000000       53270       19.968000     0.029000000       53270       19.698000     0.022000000       53270       19.340000     0.022000000       53270       19.104000     0.053000000
       53272       20.360000      0.10500000       53272       19.942000     0.045000000       53272       20.029000     0.056000000       53272       20.075000      0.10400000       53272       19.934000      0.18500000
       53286       20.286000     0.061000000       53286       19.786000     0.025000000       53286       19.574000     0.024000000       53286       19.284000     0.022000000       53286       19.070000     0.049000000
       53288       20.353000     0.055000000       53288       20.013000     0.032000000       53288       19.954000     0.060000000       53288       19.912000      0.10400000       53288       19.715000      0.14300000
       53294       20.246000     0.053000000       53294       19.848000     0.021000000       53294       19.545000     0.025000000       53294       19.399000     0.023000000       53294       18.989000     0.056000000
       53312       20.486000     0.084000000       53312       19.818000     0.025000000       53312       19.358000     0.024000000       53312       19.082000     0.024000000       53312       18.789000     0.063000000
       53314       20.419000     0.050000000       53314       19.911000     0.026000000       53314       19.895000     0.043000000       53314       20.015000      0.10900000       53314       19.633000      0.14500000
       54769       20.595000     0.064000000       54769       20.154000     0.028000000       54769       20.008000     0.054000000       54769       19.881000     0.088000000       54769       19.550000      0.12900000
