       51464.217      20.9820    0.0780000      51464.2      20.6870    0.0290000      51464.2      20.3740    0.0300000      51464.2      20.1110    0.0350000      51464.2      19.7700    0.0990000
       52197.243      21.0700    0.0970000      52197.2      20.6890    0.0280000      52197.2      20.2740    0.0260000      52197.2      20.1400    0.0300000      52197.2      19.8670    0.0970000
       52557.237      21.1500     0.111000      52557.2      20.7160    0.0300000      52557.2      20.4620    0.0340000      52557.2      20.0820    0.0350000      52557.2      19.8030    0.0990000
       52578.133      21.0460    0.0850000      52578.1      20.5660    0.0240000      52578.1      20.2670    0.0270000      52578.1      20.0500    0.0300000      52578.1      19.9740     0.104000
       52934.144      20.8630    0.0930000      52934.1      20.5080    0.0260000      52934.1      20.1810    0.0280000      52934.1      20.0160    0.0310000      52934.1      19.8620     0.110000
       52936.140      20.7290    0.0620000      52936.1      20.4890    0.0210000      52936.1      20.2570    0.0230000      52936.1      19.9570    0.0250000      52936.1      19.8190    0.0780000
       53270.204      20.9240     0.100000      53270.2      20.7860    0.0400000      53270.2      20.3510    0.0300000      53270.2      20.1440    0.0310000      53270.2      19.9630    0.0920000
       53272.254      21.4430     0.378000      53272.3      20.5910    0.0820000      53272.2      20.3280    0.0490000      53272.3      20.0880    0.0480000      53272.3      19.9860     0.139000
       53286.222      21.3350     0.166000      53286.2      20.7730    0.0320000      53286.2      20.3380    0.0320000      53286.2      20.1540    0.0340000      53286.2      19.8950    0.0930000
       53288.181      20.8350    0.0900000      53288.2      20.7180    0.0300000      53288.2      20.3440    0.0290000      53288.2      20.1450    0.0320000      53288.2      19.9080    0.0970000
       53294.208      20.8720     0.117000      53294.2      20.7180    0.0350000      53294.2      20.4250    0.0390000      53294.2      20.1230    0.0610000      53294.2      19.7350     0.125000
       53302.176      21.6320     0.403000      53302.2      20.7260    0.0850000      53302.2      20.3550    0.0540000      53302.2      20.0490    0.0470000      53302.2      20.0100     0.131000
       53312.132      21.0740     0.130000      53312.1      20.6460    0.0330000      53312.1      20.4300    0.0450000      53312.1      20.1610    0.0490000      53312.1      19.8260     0.138000
       53314.133      20.9810    0.0900000      53314.1      20.7380    0.0280000      53314.1      20.3440    0.0300000      53314.1      20.2060    0.0390000      53314.1      19.7990     0.106000
       53616.238      20.9770     0.138000      53616.2      20.5970    0.0350000      53616.2      20.3380    0.0610000      53616.2      19.9610    0.0770000      53616.2      19.7680     0.135000
       53623.228      20.9450     0.106000      53623.2      20.6320    0.0320000      53623.2      20.3300    0.0290000      53623.2      20.0640    0.0350000      53623.2      19.8170    0.0940000
       53626.214      20.7690     0.135000      53626.2      20.7210    0.0590000      53626.2      20.3090    0.0430000      53626.2      20.0320    0.0460000      53626.2      19.8430     0.115000
       53628.199      20.8220     0.271000      53628.2      20.6180    0.0950000      53628.2      20.2260    0.0610000      53628.2      20.1870    0.0630000      53628.2      19.8450     0.150000
       53637.200      20.8700     0.119000      53637.2      20.5720    0.0380000      53637.2      20.2950    0.0350000      53637.2      20.1220    0.0430000      53637.2      19.7880     0.134000
       53644.193      21.0450    0.0800000      53644.2      20.6380    0.0230000      53644.2      20.3160    0.0240000      53644.2      20.0620    0.0260000      53644.2      19.7950    0.0710000
       53654.228      21.2870     0.139000      53654.2      20.6240    0.0360000      53654.2      20.3400    0.0340000      53654.2      20.0530    0.0340000      53654.2      19.9920     0.117000
       53656.175      20.8310     0.262000      53656.2      20.6100    0.0980000      53656.2      20.2130    0.0680000      53656.2      20.0850    0.0710000      53656.2      19.8430     0.176000
       53663.188      20.7680     0.126000      53663.2      20.7070    0.0510000      53663.2      20.3360    0.0400000      53663.2      20.0440    0.0380000      53663.2      19.7880    0.0800000
       53668.178      20.8790     0.107000      53668.2      20.5700    0.0280000      53668.2      20.3860    0.0380000      53668.2      20.1140    0.0430000      53668.2      19.7830     0.138000
       53670.183      20.8600    0.0910000      53670.2      20.6110    0.0270000      53670.2      20.3070    0.0290000      53670.2      20.1120    0.0380000      53670.2      19.9630     0.117000
       53673.151      21.0870     0.107000      53673.2      20.6540    0.0290000      53673.1      20.3060    0.0300000      53673.1      20.0940    0.0350000      53673.2      19.8970     0.107000
       53675.148      21.0810     0.103000      53675.1      20.6280    0.0260000      53675.1      20.3240    0.0300000      53675.1      20.0620    0.0320000      53675.1      19.8030     0.100000
       53677.169      20.8040    0.0770000      53677.2      20.6300    0.0240000      53677.2      20.2800    0.0240000      53677.2      20.0290    0.0280000      53677.2      19.8600    0.0770000
       53680.155      21.0670     0.114000      53680.2      20.6330    0.0280000      53680.2      20.3250    0.0300000      53680.2      20.0590    0.0330000      53680.2      19.8550    0.0900000
       53686.222      20.5180     0.437000      53686.2      20.6280     0.181000      53686.2      20.1760     0.114000      53686.2      20.0530     0.110000      53686.2     -99.9900     0.252000
       53693.157      20.5850     0.147000      53693.2      20.6960    0.0640000      53693.2      20.2710    0.0420000      53693.2      20.0840    0.0400000      53693.2      19.8270    0.0950000
       53702.153      21.1310     0.199000      53702.2      20.5650    0.0490000      53702.2      20.2330    0.0530000      53702.2      20.0360    0.0660000      53702.2      19.9570     0.239000
       53704.141      20.9010     0.102000      53704.1      20.6490    0.0300000      53704.1      20.3040    0.0290000      53704.1      20.0210    0.0330000      53704.1      19.8740     0.108000
       53989.237      21.1940     0.184000      53989.2      20.6990    0.0480000      53989.2      20.2980    0.0350000      53989.2      20.0100    0.0320000      53989.2      19.8150    0.0830000
       53995.226      21.1300    0.0810000      53995.2      20.6320    0.0240000      53995.2      20.2860    0.0230000      53995.2      20.1160    0.0250000      53995.2      19.8420    0.0670000
       54000.212      20.8800     0.101000      54000.2      20.6800    0.0270000      54000.2      20.3440    0.0330000      54000.2      20.0860    0.0350000      54000.2      19.9130     0.111000
       54007.189      20.9540    0.0880000      54007.2      20.6340    0.0290000      54007.2      20.3040    0.0280000      54007.2      20.0180    0.0310000      54007.2      19.9950    0.0870000
       54007.262      21.0290    0.0950000      54007.3      20.6580    0.0250000      54007.3      20.3360    0.0260000      54007.3      20.0520    0.0270000      54007.3      20.0450    0.0920000
       54009.186      20.7980    0.0880000      54009.2      20.6890    0.0360000      54009.2      20.2650    0.0260000      54009.2      20.0620    0.0290000      54009.2      19.8510    0.0770000
       54011.251      20.9490     0.142000      54011.3      20.6390    0.0510000      54011.2      20.2210    0.0330000      54011.2      20.0590    0.0340000      54011.2      19.7150    0.0700000
       54019.201      20.7700    0.0920000      54019.2      20.6270    0.0330000      54019.2      20.3050    0.0260000      54019.2      20.0340    0.0240000      54019.2      19.8070    0.0610000
       54025.250      21.0750     0.125000      54025.2      20.6320    0.0300000      54025.2      20.2120    0.0300000      54025.2      20.0590    0.0340000      54025.2      19.7160    0.0990000
       54029.180      20.9560    0.0850000      54029.2      20.6560    0.0250000      54029.2      20.3060    0.0240000      54029.2      20.0450    0.0310000      54029.2      20.0010    0.0950000
       54051.157     -99.9900     0.419000      54051.2     -99.9900     0.504000      54051.2      20.2090     0.197000      54051.2      19.7580     0.163000      54051.2     -99.9900      99.9990
       54356.258      20.5710    0.0700000      54356.3      20.2360    0.0220000      54356.3      20.0260    0.0270000      54356.3      19.7940    0.0260000      54356.3      19.6330    0.0750000
       54358.203      20.5940    0.0860000      54358.2      20.2610    0.0320000      54358.2      19.9850    0.0250000      54358.2      19.8010    0.0290000      54358.2      19.6320    0.0830000
       54365.236      20.6390    0.0990000      54365.2      20.2370    0.0310000      54365.2      19.9970    0.0270000      54365.2      19.8300    0.0280000      54365.2      19.6760    0.0800000
       54373.310     -99.9900     0.182000      54373.3      20.2470    0.0550000      54373.3      20.0660    0.0450000      54373.3      19.7820    0.0370000      54373.3      19.8150     0.112000
       54382.245      20.7200     0.101000      54382.2      20.2580    0.0270000      54382.2      20.0420    0.0290000      54382.2      19.8650    0.0350000      54382.2      19.6620     0.107000
       54386.248      20.5010    0.0650000      54386.2      20.2850    0.0290000      54386.2      20.0080    0.0250000      54386.2      19.8160    0.0270000      54386.2      19.6070    0.0730000
       54388.252      20.5450    0.0910000      54388.3      20.2510    0.0290000      54388.2      20.0080    0.0270000      54388.2      19.8830    0.0310000      54388.3      19.6730    0.0990000
       54403.166      20.7230    0.0830000      54403.2      20.3110    0.0320000      54403.2      19.9940    0.0240000      54403.2      19.8230    0.0270000      54403.2      19.5820    0.0720000
       54406.160      20.6390    0.0660000      54406.2      20.2300    0.0210000      54406.2      20.0170    0.0220000      54406.2      19.8120    0.0290000      54406.2      19.5710    0.0780000
       54412.163      20.6340    0.0880000      54412.2      20.2490    0.0300000      54412.2      19.9860    0.0240000      54412.2      19.7920    0.0270000      54412.2      19.5460    0.0850000
       52197.000       21.066000     0.089000000       52197.000       20.721000     0.030000000       52197.000       20.291000     0.025000000       52197.000       20.147000     0.030000000       52197.000       19.874000     0.093000000
       51459       21.034000      0.14600000       51459       20.747000     0.062000000       51459       20.415000     0.045000000       51459       20.181000     0.057000000       51459       20.132000      0.24000000
       51464       21.049000     0.069000000       51464       20.708000     0.032000000       51464       20.433000     0.031000000       51464       20.168000     0.035000000       51464       19.778000     0.092000000
       52197       21.071000     0.083000000       52197       20.711000     0.030000000       52197       20.293000     0.026000000       52197       20.151000     0.030000000       52197       19.877000     0.093000000
       52557       21.163000      0.10300000       52557       20.700000     0.031000000       52557       20.452000     0.034000000       52557       20.048000     0.039000000       52557       19.767000     0.094000000
       52578       21.052000     0.073000000       52578       20.602000     0.025000000       52578       20.308000     0.027000000       52578       20.083000     0.030000000       52578       19.988000     0.097000000
       52934       20.844000     0.077000000       52934       20.511000     0.028000000       52934       20.201000     0.029000000       52934       20.035000     0.033000000       52934       19.878000      0.10800000
       53270       20.933000      0.10100000       53270       20.782000     0.043000000       53270       20.348000     0.032000000       53270       20.129000     0.033000000       53270       19.949000      0.10000000
       53272       21.397000      0.33900000       53272       20.588000     0.081000000       53272       20.349000     0.050000000       53272       20.085000     0.047000000       53272       19.922000      0.12900000
       53286       21.330000      0.14400000       53286       20.753000     0.033000000       53286       20.333000     0.033000000       53286       20.140000     0.035000000       53286       19.848000     0.087000000
       53288       20.802000     0.086000000       53288       20.699000     0.033000000       53288       20.345000     0.035000000       53288       20.135000     0.035000000       53288       19.907000     0.095000000
       53294       20.936000      0.11100000       53294       20.729000     0.038000000       53294       20.414000     0.041000000       53294       20.124000     0.054000000       53294       19.724000      0.13700000
       53312       21.058000      0.12000000       53312       20.653000     0.036000000       53312       20.436000     0.049000000       53312       20.123000     0.053000000       53312       19.800000      0.14900000
       53314       21.002000     0.078000000       53314       20.754000     0.031000000       53314       20.350000     0.031000000       53314       20.192000     0.038000000       53314       19.795000      0.10400000
