       51464.209      20.9410    0.0740000      51464.2      20.3660    0.0210000      51464.2      20.0040    0.0210000      51464.2      19.7700    0.0250000      51464.2      19.4570    0.0770000
       52197.235      20.9210    0.0880000      52197.2      20.3190    0.0200000      52197.2      19.9220    0.0190000      52197.2      19.7300    0.0220000      52197.2      19.4610    0.0720000
       52231.121      21.0270    0.0860000      52231.1      20.3100    0.0190000      52231.1      19.9070    0.0190000      52231.1      19.6810    0.0210000      52231.1      19.3990    0.0650000
       52557.229      20.8620     0.103000      52557.2      20.2690    0.0210000      52557.2      19.9480    0.0260000      52557.2      19.6770    0.0290000      52557.2      19.4150    0.0840000
       52578.125      20.8050    0.0810000      52578.1      20.2420    0.0180000      52578.1      19.9020    0.0200000      52578.1      19.7040    0.0250000      52578.1      19.4190    0.0730000
       52929.155      20.8660    0.0860000      52929.2      20.2560    0.0200000      52929.2      19.9050    0.0190000      52929.2      19.7240    0.0240000      52929.2      19.5530    0.0830000
       52934.136      20.9430     0.111000      52934.1      20.2090    0.0200000      52934.1      19.9020    0.0230000      52934.1      19.7250    0.0260000      52934.1      19.3320    0.0790000
       52936.131      20.7830    0.0720000      52936.1      20.2450    0.0170000      52936.1      19.9450    0.0190000      52936.1      19.7140    0.0210000      52936.1      19.3820    0.0660000
       53243.317      20.9820     0.118000      53243.3      20.4120    0.0340000      53243.3      20.0730    0.0270000      53243.3      19.8120    0.0260000      53243.3      19.5720    0.0740000
       53270.196      20.9210     0.114000      53270.2      20.4260    0.0340000      53270.2      20.0490    0.0260000      53270.2      19.8100    0.0270000      53270.2      19.4620    0.0730000
       53272.245      21.0690     0.213000      53272.2      20.3070    0.0480000      53272.2      20.0710    0.0370000      53272.2      19.9010    0.0350000      53272.2      19.5430    0.0860000
       53286.214      20.9200     0.137000      53286.2      20.4050    0.0260000      53286.2      19.9900    0.0260000      53286.2      19.8640    0.0320000      53286.2      19.4770    0.0820000
       53288.173      20.9410     0.102000      53288.2      20.3550    0.0230000      53288.2      20.0280    0.0240000      53288.2      19.8230    0.0270000      53288.2      19.5240    0.0730000
       53294.200      21.1400     0.117000      53294.2      20.3570    0.0270000      53294.2      20.0650    0.0240000      53294.2      19.8080    0.0310000      53294.2      19.5890     0.100000
       53302.168      20.6210     0.143000      53302.2      20.3770    0.0490000      53302.2      20.0540    0.0360000      53302.2      19.8500    0.0340000      53302.2      19.7720     0.109000
       53312.124      20.9240     0.127000      53312.1      20.3620    0.0250000      53312.1      19.9940    0.0370000      53312.1      19.8250    0.0450000      53312.1      19.5370     0.115000
       53314.125      20.8450    0.0970000      53314.1      20.3340    0.0210000      53314.1      20.0430    0.0270000      53314.1      19.8190    0.0320000      53314.1      19.4140    0.0900000
       53616.229      20.9670     0.325000      53616.2      20.4480    0.0300000      53616.2     -99.9900    0.0620000      53616.2      19.7710    0.0660000      53616.2      19.2390     0.114000
       53623.220      20.8560     0.122000      53623.2      20.4610    0.0250000      53623.2      20.1880    0.0280000      53623.2      19.9410    0.0320000      53623.2      19.5840    0.0990000
       53626.206      20.9970     0.174000      53626.2      20.4340    0.0430000      53626.2      20.1460    0.0380000      53626.2      19.9310    0.0360000      53626.2      19.5960    0.0960000
       53628.191      21.0260     0.316000      53628.2      20.5090    0.0840000      53628.2      20.2040    0.0640000      53628.2      20.1190    0.0650000      53628.2      19.3370     0.103000
       53637.192      20.8520     0.131000      53637.2      20.5040    0.0290000      53637.2      20.2100    0.0310000      53637.2      19.9340    0.0380000      53637.2      19.8520     0.151000
       53644.185      21.1030    0.0920000      53644.2      20.4310    0.0220000      53644.2      20.1930    0.0220000      53644.2      19.9850    0.0280000      53644.2      19.6470    0.0750000
       53654.219      21.0050     0.139000      53654.2      20.5000    0.0360000      53654.2      20.2070    0.0330000      53654.2      19.9290    0.0360000      53654.2      19.5600     0.105000
       53656.167      20.9490     0.319000      53656.2      20.5330    0.0830000      53656.2      20.1420    0.0670000      53656.2      19.9140    0.0580000      53656.2      19.6270     0.146000
       53663.180      21.2870     0.200000      53663.2      20.4780    0.0370000      53663.2      20.1820    0.0290000      53663.2      19.9500    0.0270000      53663.2      19.6050    0.0750000
       53668.170      21.1800     0.155000      53668.2      20.5010    0.0270000      53668.2      20.2040    0.0340000      53668.2      19.9650    0.0400000      53668.2      19.7510     0.138000
       53670.175      21.0380     0.115000      53670.2      20.4170    0.0240000      53670.2      20.2330    0.0280000      53670.2      19.9740    0.0320000      53670.2      19.7420     0.116000
       53673.143      20.9920     0.117000      53673.1      20.5080    0.0260000      53673.1      20.1860    0.0290000      53673.1      19.9600    0.0330000      53673.1      19.5750     0.107000
       53675.140      20.9760     0.110000      53675.1      20.5510    0.0280000      53675.1      20.2350    0.0320000      53675.1      19.9690    0.0390000      53675.1      19.4770    0.0980000
       53677.161      21.0180     0.102000      53677.2      20.4880    0.0220000      53677.2      20.1980    0.0250000      53677.2      19.9180    0.0270000      53677.2      19.6930    0.0930000
       53680.147      20.9140     0.108000      53680.1      20.5240    0.0260000      53680.1      20.1990    0.0280000      53680.1      19.9400    0.0310000      53680.1      19.4010    0.0750000
       53686.214      20.6770     0.458000      53686.2      20.4270     0.135000      53686.2      20.1780    0.0920000      53686.2      19.9620    0.0830000      53686.2      19.5440     0.203000
       53693.149      20.7920     0.172000      53693.2      20.5660    0.0580000      53693.1      20.2300    0.0380000      53693.1      19.9990    0.0360000      53693.1      19.4920    0.0900000
       53702.145      20.9080     0.214000      53702.1      20.4960    0.0430000      53702.1      20.2370    0.0590000      53702.1      19.8960    0.0690000      53702.1      19.7270     0.235000
       53703.154      20.9230     0.201000      53703.2      20.5200    0.0330000      53703.2      20.1950    0.0420000      53703.2      19.9310    0.0470000      53703.2      19.4270     0.128000
       53704.133      21.2070     0.139000      53704.1      20.5600    0.0270000      53704.1      20.2230    0.0290000      53704.1      20.0180    0.0320000      53704.1      19.6530     0.102000
       53989.229      21.4300     0.255000      53989.2      20.4790    0.0390000      53989.2      20.1900    0.0330000      53989.2      19.9780    0.0310000      53989.2      19.4600    0.0740000
       53995.218      20.9320    0.0790000      53995.2      20.4910    0.0220000      53995.2      20.2730    0.0250000      53995.2      19.9930    0.0270000      53995.2      19.5230    0.0670000
       53997.196      21.1630     0.132000      53997.2      20.4770    0.0240000      53997.2      20.1800    0.0300000      53997.2      19.9600    0.0310000      53997.2      19.5030    0.0830000
       54000.204      21.0550     0.137000      54000.2      20.4740    0.0260000      54000.2      20.2140    0.0320000      54000.2      19.8980    0.0390000      54000.2      19.3330    0.0880000
       54007.181      21.0700     0.107000      54007.2      20.5910    0.0300000      54007.2      20.1860    0.0280000      54007.2      20.0110    0.0360000      54007.2      19.7040    0.0790000
       54009.178      21.0770     0.112000      54009.2      20.4880    0.0290000      54009.2      20.1670    0.0290000      54009.2      19.9450    0.0270000      54009.2      19.4950    0.0620000
       54011.242      20.8610     0.136000      54011.2      20.4850    0.0400000      54011.2      20.2310    0.0370000      54011.2      19.9880    0.0320000      54011.2      19.5270    0.0670000
       54019.193      20.7950    0.0920000      54019.2      20.5190    0.0310000      54019.2      20.1570    0.0240000      54019.2      20.0020    0.0250000      54019.2      19.6250    0.0620000
       54025.242      21.1620     0.170000      54025.2      20.4610    0.0250000      54025.2      20.1900    0.0300000      54025.2      19.9670    0.0360000      54025.2      19.6160     0.109000
       54029.172      21.0420    0.0930000      54029.2      20.4450    0.0220000      54029.2      20.1530    0.0260000      54029.2      20.0030    0.0330000      54029.2      19.4310    0.0610000
       54051.148      20.5150     0.253000      54051.1     -99.9900     0.163000      54051.1      20.3280    0.0960000      54051.1      20.0270     0.107000      54051.1     -99.9900     0.859000
       54356.250      20.8950     0.106000      54356.2      20.5250    0.0240000      54356.2      20.2310    0.0260000      54356.2      19.9790    0.0310000      54356.2      19.3980    0.0750000
       54358.195      20.8040     0.170000      54358.2      20.5280    0.0330000      54358.2     -99.9900    0.0570000      54358.2      20.0810    0.0480000      54358.2      19.5310     0.118000
       54373.302      20.6410     0.250000      54373.3      20.4710    0.0590000      54373.3      20.2980    0.0550000      54373.3      20.0230    0.0460000      54373.3      19.5100    0.0950000
       54382.237      20.8180     0.124000      54382.2      20.4990    0.0260000      54382.2      20.3470    0.0370000      54382.2      20.0460    0.0390000      54382.2      19.8630     0.143000
       54386.240      20.9490    0.0930000      54386.2      20.5090    0.0220000      54386.2      20.2180    0.0290000      54386.2      19.9930    0.0270000      54386.2      19.6140    0.0750000
       54388.244      21.5740     0.218000      54388.2      20.5320    0.0290000      54388.2      20.2870    0.0310000      54388.2      20.0480    0.0370000      54388.2      19.7470     0.107000
       54403.158      21.0520     0.115000      54403.2      20.5500    0.0360000      54403.2      20.2570    0.0270000      54403.2      20.0060    0.0310000      54403.2      19.5950    0.0820000
       54406.152      20.8510    0.0840000      54406.2      20.5590    0.0230000      54406.1      20.2680    0.0300000      54406.2      20.0140    0.0320000      54406.2      19.8280     0.114000
       54412.155      20.8460     0.106000      54412.2      20.5400    0.0280000      54412.2      20.2450    0.0280000      54412.2      20.0010    0.0300000      54412.2      19.6480    0.0980000
       52197.000       20.916000     0.083000000       52197.000       20.331000     0.022000000       52197.000       19.896000     0.023000000       52197.000       19.708000     0.024000000       52197.000       19.421000     0.068000000
       51459       21.131000      0.14100000       51459       20.327000     0.034000000       51459       19.986000     0.037000000       51459       19.688000     0.038000000       51459       19.560000      0.13200000
       51464       20.954000     0.062000000       51464       20.366000     0.022000000       51464       20.006000     0.023000000       51464       19.758000     0.027000000       51464       19.438000     0.067000000
       52197       20.926000     0.074000000       52197       20.335000     0.023000000       52197       19.897000     0.022000000       52197       19.706000     0.023000000       52197       19.430000     0.062000000
       52231       21.000000     0.069000000       52231       20.320000     0.022000000       52231       19.878000     0.021000000       52231       19.670000     0.025000000       52231       19.350000     0.056000000
       52557       20.846000     0.084000000       52557       20.294000     0.025000000       52557       19.955000     0.029000000       52557       19.704000     0.031000000       52557       19.425000     0.074000000
       52578       20.754000     0.065000000       52578       20.259000     0.023000000       52578       19.896000     0.023000000       52578       19.715000     0.026000000       52578       19.417000     0.066000000
       52929       20.863000     0.072000000       52929       20.247000     0.021000000       52929       19.879000     0.021000000       52929       19.703000     0.026000000       52929       19.555000     0.076000000
       52934       20.933000     0.088000000       52934       20.237000     0.023000000       52934       19.942000     0.027000000       52934       19.734000     0.026000000       52934       19.377000     0.072000000
       53243       20.959000      0.10200000       53243       20.419000     0.036000000       53243       20.057000     0.027000000       53243       19.797000     0.025000000       53243       19.543000     0.063000000
       53270       20.907000      0.11300000       53270       20.433000     0.037000000       53270       20.034000     0.030000000       53270       19.815000     0.030000000       53270       19.440000     0.072000000
       53272       21.017000      0.19600000       53272       20.291000     0.050000000       53272       20.050000     0.044000000       53272       19.903000     0.036000000       53272       19.493000     0.076000000
       53286       20.897000      0.11600000       53286       20.375000     0.028000000       53286       19.966000     0.029000000       53286       19.848000     0.034000000       53286       19.428000     0.070000000
       53288       20.912000     0.084000000       53288       20.374000     0.025000000       53288       20.010000     0.028000000       53288       19.802000     0.025000000       53288       19.493000     0.063000000
       53294       21.054000      0.10300000       53294       20.346000     0.029000000       53294       20.049000     0.025000000       53294       19.821000     0.031000000       53294       19.602000      0.10400000
       53312       20.885000      0.11400000       53312       20.358000     0.027000000       53312       20.037000     0.042000000       53312       19.826000     0.047000000       53312       19.522000      0.11700000
       53314       20.861000     0.079000000       53314       20.346000     0.028000000       53314       20.055000     0.028000000       53314       19.849000     0.033000000       53314       19.445000     0.085000000
