       51464.209      19.4480    0.0280000      51464.2      19.3710    0.0110000      51464.2      19.2930    0.0160000      51464.2      19.2620    0.0190000      51464.2      18.9370    0.0470000
       52197.235      19.6110    0.0350000      52197.2      19.5760    0.0130000      52197.2      19.4890    0.0150000      52197.2      19.3040    0.0190000      52197.2      19.0050    0.0450000
       52231.121      19.5860    0.0320000      52231.1      19.5440    0.0120000      52231.1      19.4970    0.0160000      52231.1      19.3090    0.0200000      52231.1      19.0540    0.0460000
       52557.229      19.7840    0.0430000      52557.2      19.7950    0.0160000      52557.2      19.6930    0.0210000      52557.2      19.4710    0.0270000      52557.2      19.2850    0.0680000
       52578.125      19.8460    0.0390000      52578.1      19.8280    0.0140000      52578.1      19.7150    0.0180000      52578.1      19.4760    0.0240000      52578.1      19.1540    0.0570000
       52929.155      19.9380    0.0430000      52929.2      19.8480    0.0160000      52929.2      19.7930    0.0190000      52929.2      19.5680    0.0250000      52929.2      19.3300    0.0670000
       52934.136      19.9530    0.0500000      52934.1      19.8400    0.0160000      52934.1      19.7470    0.0220000      52934.1      19.5670    0.0270000      52934.1      19.4330    0.0790000
       52936.132      19.8560    0.0380000      52936.1      19.8590    0.0160000      52936.1      19.7580    0.0190000      52936.1      19.5930    0.0240000      52936.1      19.2370    0.0590000
       53243.317      19.8510    0.0470000      53243.3      19.8650    0.0240000      53243.3      19.8450    0.0270000      53243.3      19.5670    0.0280000      53243.3      19.3540    0.0600000
       53270.196      19.9180    0.0510000      53270.2      19.8870    0.0220000      53270.2      19.7860    0.0230000      53270.2      19.6000    0.0270000      53270.2      19.4410    0.0680000
       53272.246      19.9120    0.0760000      53272.2      19.8920    0.0360000      53272.2      19.7750    0.0310000      53272.2      19.5650    0.0300000      53272.2      19.5490    0.0850000
       53286.214      20.0480    0.0650000      53286.2      19.9200    0.0190000      53286.2      19.8340    0.0230000      53286.2      19.6030    0.0290000      53286.2      19.4710    0.0720000
       53288.173      19.9950    0.0490000      53288.2      19.8750    0.0160000      53288.2      19.7710    0.0190000      53288.2      19.6060    0.0240000      53288.2      19.3100    0.0600000
       53294.200      19.9950    0.0490000      53294.2      19.9170    0.0180000      53294.2      19.8200    0.0220000      53294.2      19.5630    0.0310000      53294.2      19.2330    0.0590000
       53302.168      19.9650    0.0810000      53302.2      19.9420    0.0370000      53302.2      19.8670    0.0350000      53302.2      19.6370    0.0360000      53302.2      19.3800    0.0790000
       53312.124      19.8320    0.0520000      53312.1      19.9430    0.0190000      53312.1      19.8470    0.0550000      53312.1      19.6640    0.0430000      53312.1      19.2250    0.0770000
       53314.125      20.0280    0.0500000      53314.1      19.9350    0.0170000      53314.1      19.8700    0.0250000      53314.1      19.6050    0.0320000      53314.1      19.3430    0.0800000
       53616.230      19.9260     0.122000      53616.2      19.8290    0.0180000      53616.2     -99.9900    0.0600000      53616.2      19.5650    0.0590000      53616.2      19.4940     0.122000
       53623.220      20.0690    0.0610000      53623.2      19.8870    0.0180000      53623.2      19.7950    0.0220000      53623.2      19.6550    0.0300000      53623.2      19.3010    0.0680000
       53626.206      19.9290    0.0710000      53626.2      19.8090    0.0270000      53626.2      19.7970    0.0310000      53626.2      19.5460    0.0310000      53626.2      19.3570    0.0750000
       53628.191      19.8990     0.115000      53628.2      19.8590    0.0490000      53628.2      19.7470    0.0440000      53628.2      19.6050    0.0470000      53628.2      19.4360     0.106000
       53637.192      19.9610    0.0600000      53637.2      19.9150    0.0200000      53637.2      19.8330    0.0240000      53637.2      19.6450    0.0340000      53637.2      19.4150    0.0950000
       53644.185      20.0290    0.0430000      53644.2      19.8930    0.0170000      53644.2      19.8320    0.0190000      53644.2      19.5760    0.0230000      53644.2      19.4280    0.0620000
       53654.220      19.9620    0.0580000      53654.2      19.8980    0.0240000      53654.2      19.8230    0.0540000      53654.2      19.5940    0.0330000      53654.2      19.2850    0.0800000
       53656.167      19.8260     0.117000      53656.2      19.9150    0.0530000      53656.2      19.8420    0.0540000      53656.2      19.5960    0.0510000      53656.2      19.2410     0.100000
       53663.180      19.9830    0.0690000      53663.2      19.9420    0.0270000      53663.2      19.8420    0.0250000      53663.2      19.5550    0.0260000      53663.2      19.3030    0.0610000
       53668.170      19.9720    0.0550000      53668.2      19.9370    0.0210000      53668.2      19.9060    0.0270000      53668.2      19.6950    0.0360000      53668.2      19.4980     0.104000
       53670.175      20.0080    0.0510000      53670.2      19.9540    0.0170000      53670.2      19.8540    0.0230000      53670.2      19.6140    0.0390000      53670.2      19.2820    0.0650000
       53673.143      19.9580    0.0510000      53673.1      19.9390    0.0180000      53673.1      19.8560    0.0230000      53673.1      19.5770    0.0280000      53673.1      19.3270    0.0770000
       53675.140      19.9310    0.0500000      53675.1      19.8970    0.0190000      53675.1      19.8080    0.0250000      53675.1      19.5970    0.0340000      53675.1      19.3680    0.0850000
       53677.161      20.0550    0.0490000      53677.2      19.9460    0.0160000      53677.2      19.8590    0.0200000      53677.2      19.6220    0.0240000      53677.2      19.4080    0.0650000
       53680.147      20.1360    0.0570000      53680.1      19.9620    0.0180000      53680.1      19.8690    0.0220000      53680.1      19.6470    0.0270000      53680.1      19.4720    0.0670000
       53693.149      20.1230    0.0950000      53693.2      19.9350    0.0360000      53693.1      19.9030    0.0310000      53693.1      19.6750    0.0330000      53693.1      19.4100    0.0740000
       53702.145      20.2820     0.122000      53702.1      19.9780    0.0290000      53702.1      19.8210    0.0390000      53702.1      19.6770    0.0600000      53702.1      19.5590     0.164000
       53703.154      19.9650    0.0860000      53703.2      19.9490    0.0230000      53703.2      19.8520    0.0330000      53703.2      19.6620    0.0410000      53703.2      19.2650    0.0950000
       53704.133      19.9950    0.0540000      53704.1      19.9430    0.0180000      53704.1      19.8430    0.0230000      53704.1      19.6530    0.0280000      53704.1      19.4410    0.0760000
       53989.229      19.8760    0.0650000      53989.2      19.8620    0.0280000      53989.2      19.7990    0.0270000      53989.2      19.5920    0.0280000      53989.2      19.3840    0.0700000
       53995.218      19.8660    0.0390000      53995.2      19.8450    0.0170000      53995.2      19.7750    0.0200000      53995.2      19.6020    0.0240000      53995.2      19.3040    0.0550000
       53997.196      20.0150    0.0500000      53997.2      19.8760    0.0200000      53997.2      19.8430    0.0210000      53997.2      19.6010    0.0260000      53997.2      19.2320    0.0630000
       54000.204      19.9380    0.0570000      54000.2      19.8280    0.0180000      54000.2      19.7840    0.0240000      54000.2      19.5730    0.0310000      54000.2      19.2000    0.0690000
       54007.181      19.8750    0.0420000      54007.2      19.8870    0.0170000      54007.2      19.7690    0.0250000      54007.2      19.5820    0.0280000      54007.2      19.4330    0.0670000
       54009.178      19.9090    0.0440000      54009.2      19.8500    0.0200000      54009.2      19.7950    0.0230000      54009.2      19.5710    0.0250000      54009.2     -99.9900    0.0600000
       54011.243      19.9940    0.0670000      54011.2      19.8670    0.0290000      54011.2      19.7930    0.0300000      54011.2      19.5880    0.0310000      54011.2      19.4500    0.0680000
       54019.193      19.8830    0.0470000      54019.2      19.8570    0.0200000      54019.2      19.8520    0.0210000      54019.2     -99.9900    0.0250000      54019.2      19.4830    0.0760000
       54025.242      19.9820    0.0610000      54025.2      19.8680    0.0190000      54025.2      19.7620    0.0220000      54025.2      19.5910    0.0300000      54025.2      19.5900    0.0920000
       54029.172      19.9500    0.0410000      54029.2      19.8570    0.0190000      54029.2      19.8010    0.0210000      54029.2      19.5890    0.0260000      54029.2      19.3220    0.0630000
       54356.250      20.0580    0.0530000      54356.2      20.0400    0.0210000      54356.2      19.9280    0.0250000      54356.2      19.7170    0.0290000      54356.2      19.4890    0.0700000
       54358.195      20.0590    0.0840000      54358.2      19.9870    0.0280000      54358.2      19.9410    0.0440000      54358.2      19.7590    0.0400000      54358.2      19.6030     0.107000
       54373.302      20.0700     0.147000      54373.3      20.0170    0.0410000      54373.3      19.8920    0.0400000      54373.3      19.6710    0.0370000      54373.3      19.4360    0.0770000
       54382.237      20.0240    0.0630000      54382.2      20.0410    0.0200000      54382.2      19.9250    0.0260000      54382.2      19.6760    0.0310000      54382.2      19.2980    0.0740000
       54386.240      19.9670    0.0430000      54386.2      19.9960    0.0190000      54386.2      19.9120    0.0250000      54386.2      19.6190    0.0240000      54386.2      19.4020    0.0580000
       54388.244      20.0920    0.0650000      54388.2      20.0070    0.0210000      54388.2      19.9260    0.0240000      54388.2      19.7650    0.0320000      54388.2      19.6220    0.0840000
       54403.158      19.9970    0.0490000      54403.2      19.9800    0.0280000      54403.2      19.9000    0.0220000      54403.2      19.6980    0.0280000      54403.2      19.4990    0.0750000
       54406.152      20.0310    0.0470000      54406.2      19.9990    0.0180000      54406.1      19.9050    0.0220000      54406.2      19.6630    0.0270000      54406.2      19.6440     0.190000
       54412.155      19.9820    0.0560000      54412.2      19.9720    0.0220000      54412.2      19.8750    0.0220000      54412.2     -99.9900    0.0280000      54412.2     -99.9900    0.0810000
       52197.000       19.614000     0.036000000       52197.000       19.598000     0.020000000       52197.000       19.503000     0.017000000       52197.000       19.318000     0.020000000       52197.000       18.979000     0.044000000
       51459       19.380000     0.038000000       51459       19.359000     0.017000000       51459       19.335000     0.022000000       51459       19.191000     0.027000000       51459       19.051000     0.076000000
       51464       19.435000     0.028000000       51464       19.397000     0.018000000       51464       19.305000     0.018000000       51464       19.173000     0.020000000       51464       18.918000     0.048000000
       52197       19.604000     0.034000000       52197       19.594000     0.021000000       52197       19.504000     0.017000000       52197       19.313000     0.020000000       52197       18.970000     0.044000000
       52231       19.572000     0.036000000       52231       19.560000     0.020000000       52231       19.487000     0.016000000       52231       19.310000     0.019000000       52231       19.037000     0.048000000
       52557       19.776000     0.040000000       52557       19.817000     0.019000000       52557       19.694000     0.025000000       52557       19.450000     0.029000000       52557       19.278000     0.067000000
       52578       19.844000     0.037000000       52578       19.861000     0.021000000       52578       19.716000     0.021000000       52578       19.479000     0.026000000       52578       19.163000     0.056000000
       52929       19.934000     0.041000000       52929       19.869000     0.021000000       52929       19.789000     0.021000000       52929       19.568000     0.028000000       52929       19.291000     0.066000000
       52934       19.944000     0.045000000       52934       19.872000     0.019000000       52934       19.773000     0.023000000       52934       19.606000     0.027000000       52934       19.430000     0.078000000
       52936       19.841000     0.037000000       52936       19.877000     0.017000000       52936       19.745000     0.022000000       52936       19.551000     0.026000000       52936       19.265000     0.061000000
       53243       19.836000     0.043000000       53243       19.904000     0.028000000       53243       19.868000     0.025000000       53243       19.583000     0.027000000       53243       19.356000     0.060000000
       53270       19.897000     0.053000000       53270       19.898000     0.026000000       53270       19.778000     0.025000000       53270       19.606000     0.029000000       53270       19.434000     0.075000000
       53272       19.894000     0.072000000       53272       19.901000     0.038000000       53272       19.753000     0.039000000       53272       19.566000     0.031000000       53272       19.507000     0.083000000
       53286       20.003000     0.058000000       53286       19.920000     0.020000000       53286       19.823000     0.029000000       53286       19.590000     0.030000000       53286       19.393000     0.070000000
       53288       20.041000     0.047000000       53288       19.901000     0.021000000       53288       19.793000     0.024000000       53288       19.594000     0.026000000       53288       19.296000     0.059000000
       53294       19.980000     0.048000000       53294       19.920000     0.020000000       53294       19.820000     0.024000000       53294       19.572000     0.034000000       53294       19.216000     0.064000000
       53312       19.833000     0.050000000       53312       19.949000     0.021000000       53312       19.915000     0.040000000       53312       19.670000     0.046000000       53312       19.216000     0.085000000
       53314       20.038000     0.051000000       53314       19.934000     0.020000000       53314       19.859000     0.025000000       53314       19.598000     0.032000000       53314       19.302000     0.081000000
