       51464.214      21.3790     0.118000      51464.2      21.0110    0.0360000      51464.2      20.8130    0.0370000      51464.2      20.7060    0.0490000      51464.2      20.6600     0.181000
       52197.240      20.7300    0.0830000      52197.2      20.3840    0.0230000      52197.2      20.2320    0.0240000      52197.2      20.2130    0.0290000      52197.2      20.1470     0.110000
       52231.125      20.8760    0.0830000      52231.1      20.5000    0.0230000      52231.1      20.3000    0.0260000      52231.1      20.2570    0.0290000      52231.1      19.9490    0.0860000
       52557.234      20.9840     0.124000      52557.2      20.5570    0.0310000      52557.2      20.3540    0.0330000      52557.2      20.3260    0.0450000      52557.2      20.1330     0.134000
       52578.130      20.8590    0.0850000      52578.1      20.5810    0.0240000      52578.1      20.3860    0.0290000      52578.1      20.3130    0.0330000      52578.1      20.0390     0.105000
       52929.160      21.0810     0.107000      52929.2      20.8810    0.0320000      52929.2      20.6950    0.0370000      52929.2      20.4950    0.0400000      52929.2      20.2890     0.133000
       52934.140      21.2070     0.143000      52934.1      20.8170    0.0330000      52934.1      20.6250    0.0380000      52934.1      20.5500    0.0480000      52934.1      20.1770     0.133000
       52936.136      21.5440     0.132000      52936.1      20.8250    0.0270000      52936.1      20.5880    0.0310000      52936.1      20.4440    0.0340000      52936.1      20.1860     0.100000
       53243.321      21.2970     0.165000      53243.3      21.0600    0.0620000      53243.3      20.9150    0.0530000      53243.3      20.7800    0.0520000      53243.3      20.4100     0.131000
       53270.200      21.2760     0.151000      53270.2      21.0770    0.0540000      53270.2      20.8090    0.0460000      53270.2      20.6950    0.0490000      53270.2      20.4350     0.135000
       53272.250      21.2350     0.279000      53272.2      21.1570     0.119000      53272.2      20.9490    0.0780000      53272.2      20.6530    0.0700000      53272.2      20.4570     0.187000
       53286.219      21.7950     0.308000      53286.2      21.0730    0.0440000      53286.2      20.8940    0.0550000      53286.2      20.8100    0.0610000      53286.2      20.3500     0.135000
       53288.177      21.7430     0.217000      53288.2      21.1590    0.0440000      53288.2      20.9370    0.0440000      53288.2      20.7880    0.0490000      53288.2      20.4270     0.134000
       53294.204      21.4320     0.141000      53294.2      21.1150    0.0500000      53294.2      20.9960    0.0530000      53294.2      20.6880    0.0550000      53294.2      20.5760     0.185000
       53302.173      21.2770     0.298000      53302.2      21.1100     0.126000      53302.2      20.8840    0.0870000      53302.2      20.6740    0.0740000      53302.2      20.1730     0.152000
       53312.128      21.3060     0.211000      53312.1      21.1240    0.0550000      53312.1      20.8820    0.0680000      53312.1      21.0600     0.109000      53312.1      20.4220     0.245000
       53314.129      21.4470     0.149000      53314.1      21.0910    0.0390000      53314.1      20.8920    0.0480000      53314.1      20.7420    0.0560000      53314.1      20.4850     0.190000
       53616.234      21.4510     0.261000      53616.2     -99.9900    0.0930000      53616.2      20.9630    0.0620000      53616.2      20.8090    0.0800000      53616.2     -99.9900     0.606000
       53622.247      21.2960     0.213000      53622.2      21.2470    0.0580000      53622.2      21.1500    0.0940000      53622.2      20.7670    0.0880000      53622.2      21.4400     0.525000
       53623.224      21.5010     0.175000      53623.2      21.0920    0.0430000      53623.2      20.9070    0.0450000      53623.2      20.7760    0.0530000      53623.2      20.4710     0.161000
       53626.210      21.2650     0.312000      53626.2      21.0890     0.145000      53626.2      20.8150    0.0700000      53626.2      20.7430    0.0740000      53626.2      21.1360     0.356000
       53628.195      21.4250     0.535000      53628.2      21.0750     0.163000      53628.2      20.8270     0.117000      53628.2      20.8670     0.124000      53628.2      20.3830     0.237000
       53634.197      21.9590     0.893000      53634.2      21.7550     0.277000      53634.2     -99.9900     0.213000      53634.2     -99.9900     0.279000      53634.2     -99.9900     0.815000
       53637.197      21.2180     0.162000      53637.2      21.2530    0.0600000      53637.2      20.9830    0.0600000      53637.2      20.9540    0.0840000      53637.2      20.4860     0.225000
       53644.189      21.3950     0.124000      53644.2      21.2280    0.0350000      53644.2      21.0530    0.0390000      53644.2      20.7250    0.0390000      53644.2      20.4660     0.120000
       53654.224      22.0830     0.398000      53654.2      21.2120    0.0640000      53654.2      21.0880    0.0750000      53654.2      20.8980    0.0770000      53654.2      20.4450     0.233000
       53656.171      22.1780     0.836000      53656.2      21.2850     0.178000      53656.2      20.8500     0.107000      53656.2      20.8930     0.118000      53656.2      21.1880     0.504000
       53663.185      21.2980     0.218000      53663.2      21.3950    0.0880000      53663.2      21.0600    0.0590000      53663.2      20.8270    0.0510000      53663.2      20.6120     0.146000
       53668.174      21.4570     0.217000      53668.2      21.3040    0.0520000      53668.2      21.0180    0.0700000      53668.2      20.8620    0.0850000      53668.2      20.3390     0.248000
       53670.179      21.2900     0.130000      53670.2      21.1750    0.0380000      53670.2      21.0400    0.0530000      53670.2      20.8100    0.0540000      53670.2      20.8680     0.235000
       53673.147      21.5810     0.193000      53673.1      21.2710    0.0460000      53673.1      20.9910    0.0550000      53673.1      20.8710    0.0640000      53673.1      20.5370     0.178000
       53675.144      21.6130     0.172000      53675.1      21.2860    0.0420000      53675.1      21.0010    0.0610000      53675.1      20.9430    0.0720000      53675.1      20.7990     0.243000
       53677.165      21.6820     0.174000      53677.2      21.2650    0.0390000      53677.2      21.0370    0.0460000      53677.2      20.7800    0.0480000      53677.2      20.4380     0.130000
       53680.152      21.9010     0.296000      53680.2      21.2450    0.0480000      53680.1      20.8310    0.0550000      53680.2      20.8810    0.0700000      53680.2      20.5660     0.193000
       53686.218     -99.9900     0.758000      53686.2      20.8230     0.225000      53686.2      21.1010     0.237000      53686.2      20.9410     0.200000      53686.2      23.3010      1.76900
       53693.154      21.4040     0.338000      53693.2      21.4760     0.141000      53693.2      20.9720    0.0820000      53693.2      20.8210    0.0710000      53693.2      20.8520     0.262000
       53702.149      21.7020     0.460000      53702.2      21.5250     0.114000      53702.1      21.1070     0.133000      53702.1      20.9780     0.155000      53702.1      99.9950      99.9990
       53704.137      21.3360     0.157000      53704.1      21.4170    0.0520000      53704.1      21.1250    0.0570000      53704.1      20.9030    0.0620000      53704.1      20.5220     0.176000
       53989.233      22.4910     0.665000      53989.2      21.4510     0.100000      53989.2      21.1880    0.0730000      53989.2      20.9750    0.0630000      53989.2      20.5200     0.150000
       53995.222      21.5980     0.140000      53995.2      21.4890    0.0410000      53995.2      21.2040    0.0450000      53995.2      20.9880    0.0490000      53995.2      20.5600     0.116000
       53996.230      21.3420     0.132000      53996.2      21.5230    0.0490000      53996.2      21.2000    0.0450000      53996.2      20.9810    0.0490000      53996.2      20.4320     0.119000
       53997.201      21.4590     0.179000      53997.2      21.4910    0.0500000      53997.2      21.2420    0.0580000      53997.2      20.8880    0.0630000      53997.2      21.1030     0.295000
       54000.208      21.6200     0.281000      54000.2      21.4580    0.0560000      54000.2      21.1860    0.0650000      54000.2      21.0140    0.0940000      54000.2      21.3280     0.461000
       54007.185      21.6460     0.186000      54007.2      21.3410    0.0490000      54007.2      21.1870    0.0500000      54007.2      21.0230    0.0610000      54007.2      20.7680     0.178000
       54009.182      21.5170     0.181000      54009.2      21.4060    0.0590000      54009.2      21.2830    0.0570000      54009.2      21.0660    0.0540000      54009.2      20.5940     0.135000
       54011.247      21.7080     0.314000      54011.2      21.5290     0.113000      54011.2      21.3020    0.0860000      54011.2      20.9870    0.0630000      54011.2      20.5870     0.146000
       54019.197      21.8550     0.269000      54019.2      21.4040    0.0690000      54019.2      21.1600    0.0520000      54019.2      20.9560    0.0510000      54019.2      20.8350     0.144000
       54020.183      99.9950      99.9990      54020.2      99.9890      99.9990      54020.2      21.1770    0.0610000      54020.2      20.8960    0.0600000      54020.2      21.2900     0.357000
       54029.176      21.7590     0.187000      54029.2      21.4370    0.0430000      54029.2      21.1580    0.0450000      54029.2      21.0060    0.0560000      54029.2      20.7360     0.192000
       54035.252      100.006      99.9990      54035.3      99.9790      99.9990      54035.2      21.5120     0.146000      54035.2      21.1330     0.167000      54035.3     -99.9900     0.562000
       54059.159      22.0700     0.335000      54059.2      21.2330    0.0440000      54059.2      20.9540    0.0570000      54059.2      21.0030    0.0840000      54059.2      20.6840     0.211000
       54062.164      99.9960      99.9990      54062.2      21.3870    0.0590000      54062.2      21.1300    0.0810000      54062.2      21.0600     0.101000      54062.2      20.6610     0.276000
       54356.254      21.4400     0.157000      54356.3      21.0850    0.0380000      54356.3      21.0190    0.0460000      54356.3      20.7380    0.0520000      54356.3      20.5380     0.162000
       54357.202      99.9920      99.9990      54357.2      99.9900      99.9990      54357.2      20.8740    0.0390000      54357.2      20.7610    0.0530000      54357.2      99.9910      99.9990
       54358.199      21.0700     0.167000      54358.2      21.1440    0.0510000      54358.2      20.8420    0.0580000      54358.2      20.9120    0.0850000      54358.2      20.9700     0.291000
       54365.200      21.1120     0.242000      54365.2      21.1390     0.103000      54365.2      21.0140    0.0940000      54365.2      21.0070     0.103000      54365.2      20.3730     0.185000
       54365.233      21.1250     0.175000      54365.2      21.1800    0.0770000      54365.2      20.9880    0.0600000      54365.2      20.7600    0.0630000      54365.2      20.4920     0.176000
       54382.242      21.2450     0.181000      54382.2      21.2400    0.0520000      54382.2      20.9770    0.0600000      54382.2      20.8770    0.0720000      54382.2      20.6660     0.220000
       54386.244      21.4010     0.151000      54386.2      21.1110    0.0370000      54386.2      20.9740    0.0420000      54386.2      20.7780    0.0490000      54386.2      20.4310     0.134000
       54388.249      21.6660     0.253000      54388.2      21.1880    0.0440000      54388.2      21.1020    0.0620000      54388.2      20.8820    0.0660000      54388.2      21.2090     0.379000
       54402.243      20.9580     0.341000      54402.2      20.9180     0.111000      54402.2      21.0700     0.109000      54402.2      20.7560    0.0840000      54402.2      20.4790     0.199000
       54403.162      21.2140     0.138000      54403.2      21.2130    0.0590000      54403.2      20.8800    0.0520000      54403.2      20.6410    0.0490000      54403.2      20.7510     0.196000
       54406.156      21.6500     0.184000      54406.2      21.1150    0.0360000      54406.2      21.0510    0.0510000      54406.2      20.7330    0.0520000      54406.2      20.4980     0.171000
       54412.159      21.3010     0.142000      54412.2      21.0290    0.0420000      54412.2      21.0330    0.0540000      54412.2      20.7650    0.0550000      54412.2      20.9610     0.249000
       52197.000       20.656000     0.078000000       52197.000       20.363000     0.025000000       52197.000       20.191000     0.026000000       52197.000       20.187000     0.030000000       52197.000       20.089000      0.10200000
       51459       21.071000      0.13700000       51459       20.853000     0.048000000       51459       21.016000     0.085000000       51459       20.594000     0.074000000       51459       20.260000      0.20300000
       51464       21.281000     0.094000000       51464       20.984000     0.033000000       51464       20.714000     0.038000000       51464       20.681000     0.044000000       51464       20.562000      0.16700000
       52197       20.671000     0.064000000       52197       20.372000     0.024000000       52197       20.170000     0.027000000       52197       20.187000     0.030000000       52197       20.088000      0.10100000
       52231       20.817000     0.062000000       52231       20.490000     0.031000000       52231       20.245000     0.026000000       52231       20.250000     0.037000000       52231       19.891000     0.082000000
       52557       20.905000     0.095000000       52557       20.503000     0.033000000       52557       20.302000     0.033000000       52557       20.264000     0.047000000       52557       20.038000      0.12400000
       52578       20.820000     0.065000000       52578       20.547000     0.027000000       52578       20.348000     0.030000000       52578       20.284000     0.035000000       52578       19.991000     0.098000000
       52929       21.072000     0.084000000       52929       20.855000     0.033000000       52929       20.654000     0.034000000       52929       20.473000     0.041000000       52929       20.197000      0.12100000
       52934       21.105000     0.095000000       52934       20.794000     0.033000000       52934       20.576000     0.036000000       52934       20.518000     0.050000000       52934       20.164000      0.13100000
       53243       21.309000      0.13800000       53243       21.054000     0.060000000       53243       20.926000     0.055000000       53243       20.768000     0.052000000       53243       20.406000      0.12500000
       53270       21.217000      0.13700000       53270       21.049000     0.058000000       53270       20.771000     0.049000000       53270       20.666000     0.057000000       53270       20.398000      0.14400000
       53272       21.177000      0.23000000       53272       21.156000      0.11300000       53272       20.962000     0.075000000       53272       20.634000     0.072000000       53272       20.379000      0.17000000
       53286       21.642000      0.21800000       53286       21.029000     0.046000000       53286       20.842000     0.056000000       53286       20.749000     0.062000000       53286       20.312000      0.12800000
       53288       21.632000      0.16000000       53288       21.175000     0.045000000       53288       20.896000     0.042000000       53288       20.757000     0.051000000       53288       20.355000      0.12500000
       53294       21.351000      0.11600000       53294       21.133000     0.053000000       53294       20.947000     0.056000000       53294       20.641000     0.061000000       53294       20.517000      0.19300000
       53312       21.302000      0.17600000       53312       21.063000     0.057000000       53312       20.801000     0.070000000       53312       20.964000      0.11900000       53312       20.297000      0.23700000
       53314       21.332000      0.10400000       53314       21.060000     0.040000000       53314       20.831000     0.048000000       53314       20.695000     0.057000000       53314       20.390000      0.17300000
