       52172.289      21.2910     0.115000      52172.3      20.4360    0.0270000      52172.3      19.7290    0.0180000      52172.3      19.2790    0.0180000      52172.3      18.9160    0.0450000
       52172.340      21.1550     0.128000      52172.3      20.4710    0.0310000      52172.3      19.7460    0.0190000      52172.3      19.3050    0.0200000      52172.3      19.0020    0.0550000
       52197.233      21.2150    0.0970000      52197.2      20.4660    0.0260000      52197.2      19.7060    0.0170000      52197.2      19.2730    0.0170000      52197.2      19.0240    0.0440000
       52231.119      21.0010    0.0800000      52231.1      20.4910    0.0250000      52231.1      19.7070    0.0170000      52231.1      19.3030    0.0180000      52231.1      18.9150    0.0420000
       52557.227      21.3420     0.159000      52557.2      20.5690    0.0340000      52557.2      19.7460    0.0210000      52557.2      19.4880    0.0270000      52557.2      18.9460    0.0580000
       52558.239      21.0190     0.102000      52558.2      20.5240    0.0300000      52558.2      19.7540    0.0190000      52558.2      19.3400    0.0200000      52558.2      18.9190    0.0440000
       52577.127      21.1350     0.102000      52577.1      20.5000    0.0300000      52577.1      19.7730    0.0220000      52577.1      19.3350    0.0250000      52577.1      19.0300    0.0620000
       52578.123      21.1210    0.0930000      52578.1      20.4930    0.0270000      52578.1      19.7400    0.0200000      52578.1      19.3200    0.0200000      52578.1      18.9930    0.0510000
       52586.130      21.1610     0.108000      52586.1      20.5170    0.0290000      52586.1      19.7870    0.0200000      52586.1      19.3650    0.0220000      52586.1      19.0550    0.0870000
       52929.153      21.1690     0.105000      52929.2      20.4790    0.0270000      52929.2      19.7600    0.0180000      52929.2      19.3860    0.0200000      52929.2      19.0280    0.0450000
       52931.141      21.1410    0.0920000      52931.1      20.4240    0.0240000      52931.1      19.7980    0.0180000      52931.1      19.3650    0.0180000      52931.1      19.0280    0.0410000
       52934.133      21.2440     0.122000      52934.1      20.4150    0.0270000      52934.1      19.7620    0.0210000      52934.1      19.3730    0.0220000      52934.1      19.0110    0.0530000
       52935.138      21.2460     0.111000      52935.1      20.4770    0.0270000      52935.1      19.7400    0.0190000      52935.1      19.3450    0.0190000      52935.1      19.0430    0.0470000
       52936.129      21.2100    0.0900000      52936.1      20.4390    0.0230000      52936.1      19.7390    0.0180000      52936.1      19.3850    0.0190000      52936.1      19.0150    0.0430000
       53243.314      21.4280     0.169000      53243.3      20.4890    0.0430000      53243.3      19.8300    0.0230000      53243.3      19.4100    0.0210000      53243.3      19.0130    0.0410000
       53270.193      21.2380     0.143000      53270.2      20.5250    0.0400000      53270.2      19.7750    0.0230000      53270.2      19.4290    0.0230000      53270.2      19.0110    0.0480000
       53272.243      21.3770     0.291000      53272.2      20.4380    0.0600000      53272.2      19.7660    0.0280000      53272.2      19.4130    0.0260000      53272.2      18.9810    0.0520000
       53286.212      21.2660     0.148000      53286.2      20.5470    0.0390000      53286.2      19.7890    0.0220000      53286.2      19.3920    0.0220000      53286.2      19.0770    0.0520000
       53288.170      21.2410     0.122000      53288.2      20.5050    0.0260000      53288.2      19.7830    0.0190000      53288.2      19.3840    0.0200000      53288.2      19.1130    0.0480000
       53294.197      21.2140     0.103000      53294.2      20.5430    0.0370000      53294.2      19.7850    0.0230000      53294.2      19.3830    0.0270000      53294.2      18.9650    0.0480000
       53302.166      21.5760     0.316000      53302.2      20.5810    0.0670000      53302.2      19.7650    0.0290000      53302.2      19.3710    0.0250000      53302.2      19.0100    0.0520000
       53312.121      21.2210     0.144000      53312.1      20.4720    0.0470000      53312.1      19.8110    0.0300000      53312.1      19.3870    0.0310000      53312.1      19.0430    0.0870000
       53313.131      21.3200     0.126000      53313.1      20.5980    0.0320000      53313.1      19.8170    0.0210000      53313.1      19.3750    0.0230000      53313.1      19.1610    0.0600000
       53314.123      21.3890     0.132000      53314.1      20.5510    0.0310000      53314.1      19.7610    0.0210000      53314.1      19.3590    0.0220000      53314.1      19.0490    0.0630000
       53616.227      21.9560      1.11200      53616.2     -99.9900     0.150000      53616.2     -99.9900    0.0610000      53616.2      19.4450    0.0800000      53616.2     -99.9900     0.281000
       53623.217      21.0140     0.113000      53623.2      20.4920    0.0340000      53623.2      19.7690    0.0200000      53623.2      19.3970    0.0230000      53623.2      19.1030    0.0870000
       53625.236      21.2750     0.115000      53625.2      20.5540    0.0320000      53625.2      19.7980    0.0200000      53625.2      19.4010    0.0190000      53625.2      19.0540    0.0410000
       53626.203      21.1620     0.187000      53626.2      20.5120    0.0540000      53626.2      19.8130    0.0290000      53626.2      19.4160    0.0250000      53626.2      19.0510    0.0580000
       53628.188      21.2080     0.429000      53628.2      20.4610    0.0950000      53628.2      19.7970    0.0560000      53628.2      19.4290    0.0410000      53628.2      19.0980    0.0780000
       53636.195      21.0550     0.115000      53636.2      20.5190    0.0350000      53636.2      19.8270    0.0220000      53636.2      19.4340    0.0210000      53636.2      19.1460    0.0490000
       53637.190      21.3280     0.165000      53637.2      20.4740    0.0340000      53637.2      19.7860    0.0250000      53637.2      19.3580    0.0260000      53637.2      19.1150    0.0700000
       53644.182      21.2780    0.0990000      53644.2      20.5080    0.0280000      53644.2      19.7630    0.0210000      53644.2      19.3990    0.0230000      53644.2      19.0370    0.0450000
       53654.217      21.0950     0.152000      53654.2      20.5860    0.0470000      53654.2      19.7620    0.0290000      53654.2      19.3790    0.0260000      53654.2      18.9390    0.0540000
       53655.167      21.0680     0.234000      53655.2      20.5890    0.0770000      53655.2      19.8810    0.0340000      53655.2      19.3500    0.0270000      53655.2      19.0610    0.0620000
       53656.164      21.6650     0.639000      53656.2      20.3010    0.0840000      53656.2      19.7460    0.0490000      53656.2      19.2980    0.0410000      53656.2      18.8980    0.0810000
       53663.178      21.0980     0.164000      53663.2      20.5050    0.0430000      53663.2      19.8450    0.0230000      53663.2      19.4090    0.0200000      53663.2      19.0300    0.0430000
       53664.192      20.8200     0.167000      53664.2      20.5510    0.0690000      53664.2      19.7970    0.0320000      53664.2      19.3700    0.0270000      53664.2      19.0130    0.0610000
       53665.156      20.8520     0.436000      53665.2     -99.9900     0.297000      53665.2      19.7250     0.113000      53665.2      19.3670     0.104000      53665.2      18.7340     0.201000
       53666.156      21.4470     0.116000      53666.2      20.5650    0.0250000      53666.2      19.8690    0.0190000      53666.2      19.4160    0.0190000      53666.2      19.0170    0.0480000
       53668.167      21.3080     0.157000      53668.2      20.4600    0.0310000      53668.2      19.7710    0.0230000      53668.2      19.3880    0.0270000      53668.2      19.0980    0.0770000
       53669.151      21.2420     0.107000      53669.2      20.5580    0.0310000      53669.1      19.8240    0.0190000      53669.2      19.4170    0.0200000      53669.2      19.1620    0.0570000
       53670.172      21.2140     0.119000      53670.2      20.5240    0.0280000      53670.2      19.7500    0.0220000      53670.2      19.3230    0.0240000      53670.2      19.0150    0.0550000
       53671.236      21.2810     0.236000      53671.2      20.5430    0.0520000      53671.2      19.7900    0.0260000      53671.2      19.4230    0.0300000      53671.2      18.9840    0.0690000
       53673.140      21.1590     0.112000      53673.1      20.4700    0.0290000      53673.1      19.8010    0.0200000      53673.1      19.3940    0.0220000      53673.1      19.0760    0.0570000
       53674.136      21.2150     0.109000      53674.1      20.5310    0.0280000      53674.1      19.8030    0.0200000      53674.1      19.3900    0.0200000      53674.1      19.0530    0.0450000
       53675.137      21.0400    0.0950000      53675.1      20.5610    0.0350000      53675.1      19.8210    0.0240000      53675.1      19.3370    0.0230000      53675.1      18.8920    0.0530000
       53676.225      21.3650     0.127000      53676.2      20.5040    0.0310000      53676.2      19.8380    0.0190000      53676.2      19.4330    0.0190000      53676.2      18.9690    0.0430000
       53677.158      21.2520     0.105000      53677.2      20.5070    0.0290000      53677.2      19.7770    0.0200000      53677.2      19.3800    0.0190000      53677.2      19.0280    0.0430000
       53679.197      20.9990     0.153000      53679.2      20.5710    0.0410000      53679.2      19.8100    0.0260000      53679.2      19.3580    0.0250000      53679.2      19.0360    0.0610000
       53680.145      21.2650     0.125000      53680.1      20.5190    0.0300000      53680.1      19.7590    0.0200000      53680.1      19.3950    0.0210000      53680.1      19.0390    0.0480000
       53681.188      21.5460     0.147000      53681.2      20.5140    0.0280000      53681.2      19.8420    0.0210000      53681.2      19.4470    0.0200000      53681.2      19.0850    0.0420000
       53685.148      21.9510     0.622000      53685.1      20.5880    0.0880000      53685.1      19.8250    0.0380000      53685.1      19.4220    0.0310000      53685.1      19.0120    0.0580000
       53686.212     -99.9900      6.87600      53686.2      20.6730     0.172000      53686.2      19.7030    0.0530000      53686.2      19.3760    0.0460000      53686.2      19.0410    0.0960000
       53687.186      23.3710      2.63000      53687.2      20.5630    0.0930000      53687.2      19.8770    0.0370000      53687.2      19.4760    0.0290000      53687.2      19.0440    0.0550000
       53693.147      21.6470     0.341000      53693.1      20.6000    0.0630000      53693.1      19.7840    0.0270000      53693.1      19.3670    0.0250000      53693.1      19.0790    0.0500000
       53694.161      20.6830     0.282000      53694.2      20.4870     0.113000      53694.2      19.7690    0.0580000      53694.2      19.4720    0.0620000      53694.2      19.1440     0.126000
       53697.145      22.0550      1.23500      53697.1      22.1400      1.02000      53697.1     -99.9900     0.179000      53697.1     -99.9900     0.220000      53697.1     -99.9900     0.469000
       53700.144      21.1980     0.117000      53700.1      20.5300    0.0300000      53700.1      19.8440    0.0210000      53700.1      19.4060    0.0210000      53700.1      19.1310    0.0530000
       53702.142      21.1460     0.206000      53702.1      20.5080    0.0620000      53702.1      19.7880    0.0340000      53702.1      19.3620    0.0390000      53702.1      18.9350    0.0920000
       53703.152      21.4340     0.215000      53703.2      20.4380    0.0410000      53703.1      19.8310    0.0360000      53703.2      19.3880    0.0310000      53703.2      18.8680    0.0660000
       53704.130      21.1210     0.119000      53704.1      20.4560    0.0300000      53704.1      19.7790    0.0220000      53704.1      19.3600    0.0210000      53704.1      18.9720    0.0530000
       53705.131      21.5220     0.177000      53705.1      20.4800    0.0320000      53705.1      19.8060    0.0220000      53705.1      19.4810    0.0240000      53705.1      19.0960    0.0550000
       53975.216      21.1710    0.0950000      53975.2      20.4890    0.0260000      53975.2      19.8300    0.0180000      53975.2      19.3860    0.0200000      53975.2      19.0380    0.0470000
       53989.226      21.0800     0.153000      53989.2      20.4770    0.0440000      53989.2      19.7340    0.0240000      53989.2      19.3870    0.0250000      53989.2      18.9910    0.0460000
       53993.284     -99.9900     0.189000      53993.3      20.5300    0.0410000      53993.3      19.7700    0.0220000      53993.3      19.3560    0.0220000      53993.3      19.0490    0.0520000
       53995.215      21.3000     0.100000      53995.2      20.5200    0.0280000      53995.2      19.7630    0.0210000      53995.2      19.3360    0.0200000      53995.2      19.0140    0.0440000
       53996.223      21.2420    0.0960000      53996.2      20.5070    0.0290000      53996.2      19.8380    0.0210000      53996.2      19.4070    0.0210000      53996.2      19.0580    0.0380000
       53997.194      21.3860     0.144000      53997.2      20.4310    0.0290000      53997.2      19.7630    0.0230000      53997.2      19.3550    0.0220000      53997.2      19.0840    0.0580000
       53998.191      21.2940    0.0900000      53998.2      20.5240    0.0290000      53998.2      19.7990    0.0250000      53998.2      19.4200    0.0190000      53998.2      19.0500    0.0370000
       54000.201      20.9620     0.112000      54000.2      20.6200    0.0400000      54000.2      19.7400    0.0260000      54000.2      19.4080    0.0250000      54000.2      19.0470    0.0570000
       54007.178      21.0310     0.100000      54007.2     -99.9900    0.0330000      54007.2      19.7710    0.0190000      54007.2      19.3940    0.0250000      54007.2      19.0370    0.0470000
       54009.175      21.3130     0.145000      54009.2      20.4470    0.0350000      54009.2      19.7600    0.0200000      54009.2      19.3710    0.0200000      54009.2      19.0350    0.0450000
       54010.177      21.2500     0.146000      54010.2      20.6180    0.0440000      54010.2      19.8870    0.0260000      54010.2      19.4000    0.0200000      54010.2      19.1770    0.0400000
       54011.240      20.9170     0.157000      54011.2      20.5020    0.0510000      54011.2      19.7910    0.0260000      54011.2      19.3890    0.0270000      54011.2      19.0500    0.0430000
       54012.170      20.8990     0.205000      54012.2      20.4040    0.0620000      54012.2      19.8700    0.0420000      54012.2      19.4250    0.0330000      54012.2      19.0060    0.0510000
       54019.190      21.0100     0.114000      54019.2      20.5410    0.0350000      54019.2      19.8110    0.0190000      54019.2      19.3990    0.0210000      54019.2      19.0320    0.0380000
       54020.176      21.2670     0.120000      54020.2      20.5340    0.0330000      54020.2      19.8320    0.0200000      54020.2      19.4360    0.0220000      54020.2      19.0040    0.0450000
       54022.225      21.0590     0.170000      54022.2      20.5470    0.0370000      54022.2      19.7870    0.0300000      54022.2      19.4100    0.0260000      54022.2      19.0340    0.0490000
       54025.239      21.0570     0.121000      54025.2      20.4930    0.0310000      54025.2      19.7780    0.0230000      54025.2      19.3720    0.0250000      54025.2      19.1820    0.0580000
       54028.166      21.3830     0.149000      54028.2      20.5540    0.0330000      54028.2      19.7920    0.0280000      54028.2      19.4130    0.0320000      54028.2      19.1230    0.0600000
       54029.169      21.4380     0.125000      54029.2      20.5820    0.0290000      54029.2      19.7760    0.0210000      54029.2      19.4210    0.0230000      54029.2      19.1110    0.0550000
       54030.169      21.1090    0.0910000      54030.2      20.5650    0.0270000      54030.2      19.8450    0.0180000      54030.2      19.4090    0.0220000      54030.2      19.0090    0.0390000
       54035.245      21.9000     0.444000      54035.2      20.4920    0.0510000      54035.2      19.7380    0.0310000      54035.2      19.4770    0.0320000      54035.2      19.0380    0.0830000
       54037.151      21.3910     0.252000      54037.2      20.6020    0.0580000      54037.1      19.8290    0.0330000      54037.1      19.4000    0.0320000      54037.2      19.0400    0.0770000
       54040.165      21.1610     0.259000      54040.2      20.5310    0.0790000      54040.2      19.9180    0.0370000      54040.2      19.4440    0.0310000      54040.2      19.0080    0.0580000
       54050.150      21.6260     0.200000      54050.2      20.6490    0.0340000      54050.1      19.7210    0.0300000      54050.1     -99.9900    0.0370000      54050.2      19.0610    0.0590000
       54051.146      20.8850     0.262000      54051.1      20.4820    0.0840000      54051.1      19.6520    0.0690000      54051.1      19.3420    0.0720000      54051.1      19.1960     0.194000
       54053.156      21.1670     0.121000      54053.2      20.5590    0.0340000      54053.2      19.8420    0.0240000      54053.2      19.4360    0.0250000      54053.2      19.0490    0.0500000
       54057.126      21.2580     0.109000      54057.1      20.5840    0.0340000      54057.1      19.8550    0.0250000      54057.1      19.4420    0.0230000      54057.1      19.0940    0.0530000
       54059.152      21.2940     0.146000      54059.2      20.6320    0.0400000      54059.1      19.8030    0.0240000      54059.2      19.4290    0.0270000      54059.2      19.1310    0.0630000
       54061.163      21.2380     0.142000      54061.2      20.5180    0.0390000      54061.2      19.8350    0.0230000      54061.2      19.3670    0.0280000      54061.2      19.0190    0.0560000
       54062.157      21.0500     0.161000      54062.2      20.5470    0.0430000      54062.2      19.8060    0.0270000      54062.2      19.4700    0.0310000      54062.2      18.8920    0.0600000
       54357.195      21.2470     0.112000      54357.2      20.5550    0.0350000      54357.2      19.8550    0.0210000      54357.2      19.4510    0.0250000      54357.2      19.0300    0.0500000
       54358.192      22.5260      1.45700      54358.2      20.4980    0.0450000      54358.2     -99.9900    0.0340000      54358.2     -99.9900    0.0510000      54358.2      19.1310     0.103000
       54365.193      20.9270     0.192000      54365.2      20.5390    0.0670000      54365.2      19.8640    0.0380000      54365.2      19.4210    0.0330000      54365.2      19.1440    0.0650000
       54373.300      21.1050     0.317000      54373.3      20.5330    0.0770000      54373.3      19.7790    0.0470000      54373.3      19.4340    0.0460000      54373.3      19.1110    0.0640000
       54382.235      21.0160     0.141000      54382.2      20.5260    0.0360000      54382.2      19.8730    0.0370000      54382.2      19.4110    0.0310000      54382.2      18.9860    0.0610000
       54385.243      21.0760     0.115000      54385.2      20.6530    0.0370000      54385.2      19.8480    0.0290000      54385.2      19.4280    0.0230000      54385.2      19.0480    0.0460000
       54386.237      21.2440     0.120000      54386.2      20.6490    0.0310000      54386.2      19.7760    0.0220000      54386.2      19.4290    0.0270000      54386.2      19.0750    0.0500000
       54387.243      21.4650     0.184000      54387.2      20.6490    0.0360000      54387.2      19.9240    0.0260000      54387.2      19.4350    0.0250000      54387.2      19.0740    0.0510000
       54388.242      21.0040     0.117000      54388.2      20.6080    0.0340000      54388.2      19.8570    0.0230000      54388.2      19.3860    0.0230000      54388.2      19.2550    0.0650000
       54392.238      21.2110     0.164000      54392.2      20.5500    0.0420000      54392.2      19.8880    0.0450000      54392.2      19.3950    0.0320000      54392.2      19.1880    0.0670000
       54402.237      21.5030     0.485000      54402.2      20.6130    0.0880000      54402.2      19.8850    0.0370000      54402.2      19.4340    0.0310000      54402.2      19.1700    0.0630000
       54403.155      21.1530     0.104000      54403.2      20.6410    0.0370000      54403.2      19.8290    0.0220000      54403.2      19.4810    0.0240000      54403.2      19.1990    0.0510000
       54406.149      21.2120    0.0920000      54406.2      20.6100    0.0280000      54406.1      19.8020    0.0240000      54406.1      19.4300    0.0220000      54406.1      19.1420    0.0560000
       54412.152      21.4850     0.152000      54412.2      20.5930    0.0320000      54412.2      19.8560    0.0200000      54412.2      19.4540    0.0250000      54412.2      19.0210    0.0480000
       52558.000       20.991000      0.10000000       52558.000       20.522000     0.037000000       52558.000       19.736000     0.021000000       52558.000       19.317000     0.025000000       52558.000       18.864000     0.042000000
       52144       21.319000      0.12500000       52144       20.409000     0.032000000       52144       19.776000     0.027000000       52144       19.228000     0.024000000       52144       18.935000     0.055000000
       52172       21.170000      0.10900000       52172       20.434000     0.032000000       52172       19.737000     0.023000000       52172       19.297000     0.023000000       52172       18.989000     0.053000000
       52516       21.071000     0.099000000       52516       20.559000     0.039000000       52516       19.719000     0.020000000       52516       19.387000     0.021000000       52516       18.963000     0.042000000
       52552       21.124000      0.11800000       52552       20.407000     0.034000000       52552       19.740000     0.027000000       52552       19.308000     0.037000000       52552       19.065000     0.059000000
       52557       21.319000      0.14100000       52557       20.586000     0.036000000       52557       19.738000     0.025000000       52557       19.441000     0.029000000       52557       18.908000     0.057000000
       52558       20.988000     0.088000000       52558       20.493000     0.033000000       52558       19.741000     0.021000000       52558       19.329000     0.023000000       52558       18.863000     0.042000000
       52577       21.086000     0.087000000       52577       20.495000     0.030000000       52577       19.763000     0.024000000       52577       19.326000     0.024000000       52577       19.011000     0.061000000
       52578       21.078000     0.079000000       52578       20.520000     0.028000000       52578       19.739000     0.022000000       52578       19.320000     0.024000000       52578       18.994000     0.052000000
       52586       21.099000     0.091000000       52586       20.476000     0.030000000       52586       19.783000     0.023000000       52586       19.348000     0.027000000       52586       18.975000     0.054000000
       52931       21.102000     0.078000000       52931       20.408000     0.029000000       52931       19.776000     0.020000000       52931       19.339000     0.020000000       52931       19.009000     0.040000000
       52935       21.194000     0.096000000       52935       20.439000     0.031000000       52935       19.704000     0.023000000       52935       19.317000     0.022000000       52935       19.008000     0.047000000
       53313       21.215000      0.10600000       53313       20.565000     0.031000000       53313       19.773000     0.026000000       53313       19.324000     0.027000000       53313       19.110000     0.058000000
       53314       21.330000      0.11700000       53314       20.548000     0.032000000       53314       19.735000     0.026000000       53314       19.344000     0.026000000       53314       19.024000     0.064000000
       54788       21.229000      0.15800000       54788       20.458000     0.034000000       54788       19.728000     0.029000000       54788       19.327000     0.028000000       54788       19.072000     0.072000000
       55090       21.427000      0.12500000       55090       20.429000     0.025000000       55090       19.783000     0.022000000       55090       19.359000     0.023000000       55090       18.999000     0.053000000
