       51081.377      19.9070    0.0460000      51081.4      19.8580    0.0190000      51081.4      19.7800    0.0220000      51081.4      19.5150    0.0230000      51081.4      19.4890    0.0770000
       51819.448      20.2250    0.0770000      51819.4      20.0160    0.0220000      51819.4      19.9550    0.0250000      51819.4      19.6160    0.0250000      51819.4      19.5900    0.0900000
       51875.192      20.2020    0.0530000      51875.2      19.9620    0.0190000      51875.2      19.9110    0.0240000      51875.2      19.6590    0.0240000      51875.2      19.7650     0.101000
       52225.273      19.7550    0.0410000      52225.3      19.5920    0.0140000      52225.3      19.6770    0.0170000      52225.3      19.4220    0.0170000      52225.3      19.4120    0.0580000
       52288.107      19.8310    0.0430000      52288.1      19.6470    0.0150000      52288.1      19.6880    0.0200000      52288.1      19.4590    0.0190000      52288.1      19.4140    0.0590000
       52551.381      19.9970    0.0500000      52551.4      19.7630    0.0160000      52551.4      19.7390    0.0200000      52551.4      19.5540    0.0210000      52551.4      19.4990    0.0700000
       52558.414      19.9120    0.0450000      52558.4      19.7490    0.0140000      52558.4      19.7560    0.0180000      52558.4      19.5440    0.0170000      52558.4      19.4010    0.0510000
       52576.247      19.8570    0.0440000      52576.2      19.7430    0.0150000      52576.2      19.7200    0.0190000      52576.2      19.4800    0.0200000      52576.2      19.5070    0.0690000
       52578.285      19.9100    0.0450000      52578.3      19.7190    0.0140000      52578.3      19.7150    0.0190000      52578.3      19.5010    0.0210000      52578.3      19.5270    0.0700000
       52585.248      19.9440    0.0430000      52585.2      19.7520    0.0150000      52585.2      19.7150    0.0210000      52585.2      19.5150    0.0250000      52585.2      19.5520    0.0970000
       52909.415      19.9430    0.0470000      52909.4      19.6010    0.0140000      52909.4      19.6490    0.0170000      52909.4      19.3960    0.0170000      52909.4      19.2870    0.0520000
       52910.385      19.9240    0.0480000      52910.4      19.6760    0.0160000      52910.4      19.6760    0.0180000      52910.4      19.4570    0.0180000      52910.4      19.4720    0.0710000
       52935.312      19.8810    0.0500000      52935.3      19.7120    0.0160000      52935.3      19.7210    0.0200000      52935.3      19.4470    0.0220000      52935.3      19.3630    0.0740000
       52963.235      19.9400    0.0420000      52963.2      19.7240    0.0160000      52963.2      19.6810    0.0200000      52963.2      19.4600    0.0210000      52963.2      19.5700    0.0580000
       52971.226      20.0120    0.0520000      52971.2      19.7230    0.0160000      52971.2      19.7130    0.0200000      52971.2      19.4300    0.0190000      52971.2      19.4000    0.0620000
       53351.158      19.7290    0.0450000      53351.2      19.5600    0.0140000      53351.2      19.5790    0.0200000      53351.2      19.3690    0.0210000      53351.2      19.4180    0.0790000
       53622.415      19.7680    0.0420000      53622.4      19.5670    0.0140000      53622.4      19.6070    0.0160000      53622.4      19.3540    0.0170000      53622.4      19.4060    0.0570000
       53634.364      19.8310     0.101000      53634.4      19.5880    0.0390000      53634.4      19.5980    0.0390000      53634.4      19.4550    0.0330000      53634.4      19.5760    0.0870000
       53638.405      19.8150    0.0470000      53638.4      19.5950    0.0150000      53638.4      19.6110    0.0180000      53638.4      19.3810    0.0170000      53638.4      19.4220    0.0570000
       53640.369      19.7390    0.0490000      53640.4      19.6030    0.0160000      53640.4      19.6090    0.0190000      53640.4      19.4000    0.0180000      53640.4      19.4990    0.0780000
       53646.431      19.8340    0.0690000      53646.4      19.6000    0.0160000      53646.4      19.5710    0.0230000      53646.4      19.3690    0.0230000      53646.4      19.3860    0.0710000
       53655.342      19.7800    0.0420000      53655.3      19.6130    0.0140000      53655.3      19.6020    0.0190000      53655.3      19.3740    0.0180000      53655.3      19.3680    0.0590000
       53663.431      19.6810    0.0990000      53663.4      19.6020    0.0340000      53663.4      19.6330    0.0330000      53663.4      19.3730    0.0230000      53663.4      19.3610    0.0660000
       53664.367      19.9610     0.163000      53664.4      19.5890    0.0410000      53664.4      19.6070    0.0540000      53664.4      19.4440    0.0590000      53664.4      19.4220     0.137000
       53665.431      19.8190    0.0800000      53665.4      19.6770    0.0260000      53665.4      19.6340    0.0240000      53665.4      19.4040    0.0220000      53665.4      19.4600    0.0810000
       53668.420      19.9570     0.109000      53668.4      19.6220    0.0270000      53668.4      19.5720    0.0260000      53668.4      19.4360    0.0280000      53668.4      19.3920    0.0990000
       53669.326      19.8370    0.0600000      53669.3      19.6900    0.0210000      53669.3      19.6420    0.0210000      53669.3      19.3900    0.0210000      53669.3     -99.9900     0.155000
       53670.426      19.7740    0.0820000      53670.4      19.7400    0.0240000      53670.4      19.5950    0.0280000      53670.4      19.3590    0.0270000      53670.4      19.4750     0.101000
       53671.411      19.8750    0.0610000      53671.4      19.6680    0.0170000      53671.4      19.6460    0.0210000      53671.4      19.4680    0.0210000      53671.4      19.4700    0.0720000
       53674.310      19.8460    0.0560000      53674.3      19.6200    0.0250000      53674.3      19.6520    0.0220000      53674.3      19.4080    0.0240000      53674.3      19.4980    0.0910000
       53676.400      19.9230    0.0620000      53676.4      19.6570    0.0170000      53676.4      19.6440    0.0190000      53676.4      19.3810    0.0180000      53676.4      19.4820    0.0780000
       53679.371      19.8160    0.0560000      53679.4      19.6520    0.0160000      53679.4      19.6150    0.0230000      53679.4      19.4310    0.0240000      53679.4      19.4100    0.0940000
       53681.363      19.7610    0.0480000      53681.4      19.6330    0.0150000      53681.4      19.6090    0.0170000      53681.4      19.3680    0.0170000      53681.4      19.4410    0.0590000
       53684.324      19.7730     0.131000      53684.3      19.5450    0.0450000      53684.3      19.5580    0.0470000      53684.3      19.4940    0.0580000      53684.3      19.8020     0.336000
       53687.266      19.7750    0.0970000      53687.3      19.6100    0.0340000      53687.3      19.5420    0.0360000      53687.3      19.3640    0.0290000      53687.3      19.4160    0.0770000
       53694.336      19.8010     0.113000      53694.3      19.6660    0.0430000      53694.3      19.6290    0.0330000      53694.3      19.4000    0.0270000      53694.3      19.4320    0.0930000
       53697.320      19.8740    0.0640000      53697.3      19.6670    0.0200000      53697.3      19.6770    0.0220000      53697.3      19.3850    0.0200000      53697.3      19.4680    0.0740000
       53700.319      19.7710    0.0650000      53700.3      19.6670    0.0170000      53700.3      19.6190    0.0210000      53700.3      19.4470    0.0240000      53700.3      19.4050    0.0950000
       53705.306      19.8550    0.0600000      53705.3      19.6820    0.0150000      53705.3      19.6770    0.0220000      53705.3      19.4150    0.0230000      53705.3      19.3670    0.0680000
       53975.391      19.6880    0.0490000      53975.4      19.5830    0.0230000      53975.4      19.5850    0.0200000      53975.4      19.3280    0.0190000      53975.4      19.2610    0.0540000
       53993.403     -99.9900     0.538000      53993.4     -99.9900    0.0220000      53993.4     -99.9900    0.0530000      53993.4     -99.9900    0.0270000      53993.4      19.5810    0.0890000
       53994.414      19.7280    0.0400000      53994.4      19.5760    0.0190000      53994.4      19.5600    0.0170000      53994.4      19.3870    0.0170000      53994.4      19.3930    0.0580000
       53996.397      19.8340    0.0410000      53996.4      19.5580    0.0160000      53996.4      19.5800    0.0210000      53996.4      19.3660    0.0190000      53996.4      19.5190    0.0580000
       54005.411      19.7680    0.0360000      54005.4      19.6290    0.0240000      54005.4      19.5550    0.0200000      54005.4      19.3460    0.0180000      54005.4      19.4070    0.0470000
       54010.351      19.8210    0.0380000      54010.4      19.5950    0.0270000      54010.4      19.5800    0.0180000      54010.4      19.3530    0.0220000      54010.4      19.4230    0.0410000
       54012.344      19.7140    0.0630000      54012.3      19.6360    0.0330000      54012.3      19.5760    0.0300000      54012.3      19.3780    0.0250000      54012.3      19.4190    0.0850000
       54020.350      19.7880    0.0730000      54020.4      19.5720    0.0230000      54020.3      19.6070    0.0270000      54020.3      19.3760    0.0260000      54020.4      19.3530    0.0710000
       54024.432      19.8550    0.0660000      54024.4     -99.9900    0.0190000      54024.4      19.5570    0.0200000      54024.4      19.3830    0.0220000      54024.4      19.2650    0.0580000
       54028.420      19.8330    0.0790000      54028.4      19.5960    0.0320000      54028.4      19.5850    0.0260000      54028.4      19.3600    0.0330000      54028.4      19.2430    0.0690000
       54030.344      19.7630    0.0350000      54030.3      19.5260    0.0190000      54030.3      19.5880    0.0180000      54030.3      19.3520    0.0200000      54030.3      19.4440    0.0540000
       54030.376      19.8480    0.0390000      54030.4      19.5800    0.0260000      54030.4      19.5560    0.0220000      54030.4      19.3520    0.0220000      54030.4      19.3410    0.0500000
       54035.420      19.7890    0.0610000      54035.4      19.5470    0.0270000      54035.4      19.5930    0.0250000      54035.4      19.3620    0.0240000      54035.4      19.3130    0.0760000
       54037.325      19.8510    0.0390000      54037.3      19.6030    0.0200000      54037.3      19.5950    0.0270000      54037.3      19.3410    0.0200000      54037.3      19.4250    0.0460000
       54040.340      19.8550    0.0570000      54040.3      19.6270    0.0230000      54040.3      19.5730    0.0240000      54040.3      19.3490    0.0210000      54040.3      19.3440    0.0680000
       54049.366      19.8380    0.0830000      54049.4      19.5620    0.0280000      54049.4      19.5570    0.0280000      54049.4      19.4060    0.0240000      54049.4      19.3560    0.0700000
       54053.346     -99.9900    0.0520000      54053.3      19.5750    0.0230000      54053.3      19.5360    0.0210000      54053.3      19.3760    0.0260000      54053.3      19.1130    0.0730000
       54056.332      19.7210    0.0500000      54056.3      19.5680    0.0440000      54056.3      19.5710    0.0260000      54056.3      19.3650    0.0350000      54056.3      19.3280    0.0720000
       54059.326      19.7300    0.0500000      54059.3      19.5270    0.0200000      54059.3      19.5950    0.0290000      54059.3      19.3590    0.0220000      54059.3      19.3230    0.0730000
       54061.337      19.7780    0.0750000      54061.3      19.6150    0.0280000      54061.3      19.5460    0.0360000      54061.3      19.3870    0.0440000      54061.3      19.3080    0.0830000
       54062.331      19.7840    0.0450000      54062.3      19.5720    0.0260000      54062.3      19.5790    0.0220000      54062.3      19.3440    0.0200000      54062.3      19.3470    0.0630000
       54064.328      19.8210    0.0510000      54064.3     -99.9900    0.0220000      54064.3      19.5330    0.0170000      54064.3      19.3560    0.0230000      54064.3      19.3290    0.0630000
       54068.312      19.6290    0.0660000      54068.3      19.5290    0.0250000      54068.3      19.4770    0.0270000      54068.3      19.3570    0.0270000      54068.3      19.2210    0.0700000
       54357.369      19.9160    0.0420000      54357.4      19.6840    0.0190000      54357.4      19.6350    0.0250000      54357.4      19.3660    0.0180000      54357.4      19.3670    0.0420000
       54362.419      19.9360    0.0400000      54362.4      19.6770    0.0300000      54362.4      19.6740    0.0200000      54362.4      19.4110    0.0190000      54362.4      19.4060    0.0540000
       54376.414      19.8510    0.0470000      54376.4     -99.9900    0.0260000      54376.4      19.6480    0.0250000      54376.4      19.3890    0.0190000      54376.4      19.4430    0.0560000
       54382.400      19.9240    0.0560000      54382.4     -99.9900    0.0240000      54382.4      19.6070    0.0280000      54382.4      19.4000    0.0290000      54382.4      19.4320    0.0800000
       54385.417      19.7960    0.0430000      54385.4      19.6710    0.0240000      54385.4      19.6720    0.0200000      54385.4      19.4000    0.0260000      54385.4      19.5230    0.0560000
       54387.418      19.9600    0.0800000      54387.4      19.7510    0.0240000      54387.4      19.6360    0.0340000      54387.4      19.3900    0.0370000      54387.4      19.3640    0.0970000
       54390.410      19.8530    0.0570000      54390.4      19.6880    0.0220000      54390.4      19.6410    0.0260000      54390.4      19.3990    0.0250000      54390.4      19.2730    0.0920000
       54391.419      19.8550    0.0950000      54391.4      19.6570    0.0230000      54391.4      19.6530    0.0380000      54391.4      19.3750    0.0550000      54391.4      19.4420     0.143000
       54402.411      19.9860     0.134000      54402.4      19.6170    0.0380000      54402.4      19.6300    0.0290000      54402.4      19.4040    0.0230000      54402.4      19.3120    0.0640000
       52522.000       19.997000     0.047000000       52522.000       19.798000     0.027000000       52522.000       19.749000     0.026000000       52522.000       19.569000     0.023000000       52522.000       19.631000     0.064000000
       51081       19.855000     0.043000000       51081       19.880000     0.024000000       51081       19.781000     0.023000000       51081       19.488000     0.028000000       51081       19.465000     0.074000000
       51132       19.944000     0.045000000       51132       19.798000     0.034000000       51132       19.749000     0.030000000       51132       19.474000     0.029000000       51132       19.416000      0.10000000
       51136       19.861000     0.034000000       51136       19.798000     0.024000000       51136       19.715000     0.025000000       51136       19.512000     0.025000000       51136       19.532000     0.085000000
       51819       20.202000     0.061000000       51819       20.014000     0.028000000       51819       19.978000     0.037000000       51819       19.648000     0.027000000       51819       19.557000     0.087000000
       51875       20.194000     0.043000000       51875       19.987000     0.029000000       51875       19.933000     0.031000000       51875       19.676000     0.027000000       51875       19.751000     0.097000000
       52225       19.744000     0.036000000       52225       19.582000     0.025000000       52225       19.659000     0.022000000       52225       19.414000     0.028000000       52225       19.373000     0.057000000
       52288       19.821000     0.035000000       52288       19.634000     0.031000000       52288       19.707000     0.023000000       52288       19.488000     0.022000000       52288       19.433000     0.061000000
       52522       19.991000     0.041000000       52522       19.812000     0.029000000       52522       19.748000     0.024000000       52522       19.570000     0.024000000       52522       19.643000     0.065000000
       52551       19.982000     0.043000000       52551       19.762000     0.021000000       52551       19.742000     0.022000000       52551       19.568000     0.027000000       52551       19.486000     0.067000000
       52558       19.867000     0.035000000       52558       19.758000     0.032000000       52558       19.745000     0.025000000       52558       19.567000     0.029000000       52558       19.442000     0.052000000
       52576       19.830000     0.038000000       52576       19.752000     0.027000000       52576       19.716000     0.021000000       52576       19.472000     0.035000000       52576       19.466000     0.068000000
       52577       19.861000     0.039000000       52577       20.149000     0.047000000       52577       19.811000     0.022000000       52577       19.514000     0.021000000       52577       19.565000     0.068000000
       52578       19.887000     0.039000000       52578       19.719000     0.030000000       52578       19.721000     0.022000000       52578       19.510000     0.024000000       52578       19.527000     0.068000000
       52585       19.901000     0.036000000       52585       19.700000     0.023000000       52585       19.688000     0.029000000       52585       19.501000     0.029000000       52585       19.509000     0.093000000
       52640       19.910000     0.039000000       52640       19.766000     0.020000000       52640       19.762000     0.030000000       52640       19.567000     0.035000000       52640       19.494000     0.078000000
       52909       19.921000     0.036000000       52909       19.644000     0.021000000       52909       19.691000     0.021000000       52909       19.448000     0.022000000       52909       19.331000     0.048000000
       52910       19.870000     0.039000000       52910       19.663000     0.023000000       52910       19.654000     0.022000000       52910       19.447000     0.025000000       52910       19.462000     0.073000000
       52935       19.878000     0.041000000       52935       19.705000     0.035000000       52935       19.700000     0.021000000       52935       19.428000     0.027000000       52935       19.362000     0.074000000
       52971       19.987000     0.040000000       52971       19.725000     0.029000000       52971       19.710000     0.021000000       52971       19.463000     0.021000000       52971       19.433000     0.061000000
       53351       19.731000     0.038000000       53351       19.543000     0.021000000       53351       19.580000     0.024000000       53351       19.373000     0.024000000       53351       19.394000     0.077000000
       54424       19.874000     0.073000000       54424       19.531000     0.039000000       54424       19.606000     0.027000000       54424       19.370000     0.022000000       54424       19.425000     0.064000000
       55090       19.955000     0.042000000       55090       19.865000     0.034000000       55090       19.842000     0.027000000       55090       19.524000     0.030000000       55090       19.421000     0.065000000
