       51081.375      20.4530    0.0640000      51081.4      20.2300    0.0240000      51081.4      20.1470    0.0250000      51081.4      20.0090    0.0310000      51081.4      20.0120     0.120000
       51819.446      20.1340    0.0590000      51819.4      20.0350    0.0210000      51819.4      20.0360    0.0250000      51819.4      19.8900    0.0300000      51819.4      19.9000     0.123000
       51875.190      20.2290    0.0480000      51875.2      20.1210    0.0190000      51875.2      20.0120    0.0230000      51875.2      19.9320    0.0330000      51875.2      19.8650     0.115000
       52225.271      20.3760    0.0550000      52225.3      20.2790    0.0210000      52225.3      20.1550    0.0230000      52225.3      19.9710    0.0270000      52225.3      20.0210    0.0980000
       52288.105      20.5150    0.0640000      52288.1      20.3200    0.0220000      52288.1      20.1100    0.0250000      52288.1      19.9710    0.0280000      52288.1      20.0750     0.108000
       52551.379      20.8550    0.0850000      52551.4      20.6150    0.0270000      52551.4      20.3820    0.0300000      52551.4      20.1570    0.0330000      52551.4      20.0960     0.124000
       52558.412      20.8430    0.0740000      52558.4      20.6420    0.0240000      52558.4      20.4730    0.0270000      52558.4      20.1790    0.0420000      52558.4      20.4630     0.131000
       52576.245      20.7850    0.0760000      52576.2      20.6920    0.0280000      52576.2      20.4160    0.0320000      52576.2      20.2650    0.0340000      52576.2      20.2450     0.123000
       52577.299      20.9200    0.0860000      52577.3      20.6840    0.0300000      52577.3      20.4730    0.0300000      52577.3      20.2270    0.0330000      52577.3      20.2440     0.133000
       52578.283      20.7930    0.0780000      52578.3      20.6670    0.0280000      52578.3      20.4540    0.0300000      52578.3      20.2160    0.0340000      52578.3      20.3120     0.147000
       52585.246      21.0050    0.0870000      52585.2      20.7060    0.0260000      52585.2      20.4160    0.0310000      52585.2      20.1990    0.0400000      52585.2      20.1070     0.161000
       52909.413      20.7720    0.0760000      52909.4      20.5560    0.0240000      52909.4      20.4100    0.0280000      52909.4      20.1630    0.0310000      52909.4      20.1870     0.111000
       52910.383      20.7620    0.0960000      52910.4      20.5440    0.0260000      52910.4      20.3870    0.0320000      52910.4      20.2100    0.0430000      52910.4      20.1700     0.117000
       52935.310      20.6370    0.0730000      52935.3      20.5740    0.0290000      52935.3      20.3760    0.0330000      52935.3      20.1360    0.0400000      52935.3      20.3050     0.170000
       52963.233      20.7270    0.0640000      52963.2      20.5010    0.0220000      52963.2      20.3110    0.0230000      52963.2      20.1760    0.0280000      52963.2      20.1810    0.0980000
       52971.224      20.7540    0.0840000      52971.2      20.4810    0.0250000      52971.2      20.3640    0.0320000      52971.2      20.1640    0.0350000      52971.2      20.4130     0.150000
       53351.156      20.7040    0.0880000      53351.2      20.4630    0.0250000      53351.2      20.3570    0.0350000      53351.2      20.0990    0.0390000      53351.2      20.1040     0.161000
       53622.413      20.7030    0.0740000      53622.4      20.5820    0.0250000      53622.4      20.3450    0.0270000      53622.4      20.1930    0.0330000      53622.4      20.3130     0.126000
       53634.362      21.0850     0.377000      53634.4      20.5860    0.0840000      53634.4      20.3190    0.0670000      53634.4      20.1150    0.0640000      53634.4      20.1490     0.171000
       53638.403      20.7300    0.0880000      53638.4      20.5260    0.0300000      53638.4      20.3650    0.0300000      53638.4      20.1770    0.0340000      53638.4      20.1800     0.113000
       53640.367      20.7370    0.0870000      53640.4      20.5780    0.0310000      53640.4      20.3880    0.0320000      53640.4      20.2570    0.0400000      53640.4      19.9920     0.116000
       53646.429      20.6660     0.120000      53646.4      20.5350    0.0350000      53646.4      20.3420    0.0350000      53646.4      20.1550    0.0400000      53646.4      20.5620     0.244000
       53655.340      20.8190    0.0900000      53655.3      20.5670    0.0250000      53655.3      20.3760    0.0320000      53655.3      20.1620    0.0370000      53655.3      20.1970     0.134000
       53664.365      21.2130     0.385000      53664.4      20.5770     0.117000      53664.4      20.7450     0.123000      53664.4      20.1550    0.0880000      53664.4      20.3730     0.378000
       53665.429      20.6690     0.163000      53665.4      20.6450    0.0580000      53665.4      20.3260    0.0420000      53665.4      20.1600    0.0440000      53665.4      20.4500     0.211000
       53669.324      20.6930    0.0930000      53669.3      20.5710    0.0340000      53669.3      20.4040    0.0360000      53669.3      20.1900    0.0400000      53669.3      19.9970     0.121000
       53670.424      21.0310     0.248000      53670.4      20.5200    0.0460000      53670.4      20.3810    0.0460000      53670.4      20.1900    0.0510000      53670.4      20.0300     0.186000
       53671.409     -99.9900     0.104000      53671.4      20.5330    0.0320000      53671.4      20.3810    0.0340000      53671.4      20.0940    0.0390000      53671.4      20.2820     0.162000
       53674.308      20.6680    0.0980000      53674.3      20.6050    0.0320000      53674.3      20.3570    0.0330000      53674.3      20.1350    0.0400000      53674.3      20.2390     0.190000
       53676.398      20.6760    0.0890000      53676.4      20.5190    0.0290000      53676.4      20.3740    0.0330000      53676.4      20.1210    0.0340000      53676.4      20.0520     0.119000
       53679.369      20.7210     0.109000      53679.4      20.5470    0.0300000      53679.4      20.3490    0.0450000      53679.4      20.2090    0.0510000      53679.4      20.1270     0.163000
       53681.361      20.8370    0.0960000      53681.4      20.6260    0.0260000      53681.4      20.4000    0.0290000      53681.4      20.1080    0.0280000      53681.4      20.2360     0.120000
       53684.322      20.6270     0.191000      53684.3      20.4980    0.0690000      53684.3      20.4030    0.0570000      53684.3      20.2380    0.0810000      53684.3      20.0720     0.338000
       53687.264      20.7350     0.243000      53687.3      20.4720    0.0780000      53687.3      20.3840    0.0690000      53687.3      20.2100    0.0670000      53687.3      19.9610     0.144000
       53694.334     -99.9900     0.386000      53694.3      20.5960    0.0780000      53694.3      20.4560    0.0720000      53694.3      20.2330    0.0710000      53694.3      19.9880     0.167000
       53697.318      20.6400     0.116000      53697.3      20.6090    0.0410000      53697.3      20.3590    0.0380000      53697.3      20.2510    0.0430000      53697.3      20.1660     0.142000
       53700.317      20.8250     0.121000      53700.3     -99.9900    0.0360000      53700.3      20.3610    0.0390000      53700.3      20.3750    0.0570000      53700.3      20.6330     0.277000
       53705.304      20.8280     0.125000      53705.3      20.6080    0.0370000      53705.3      20.4520    0.0410000      53705.3      20.2480    0.0590000      53705.3      20.4740     0.252000
       53975.389      20.8150    0.0850000      53975.4      20.6410    0.0310000      53975.4      20.4740    0.0370000      53975.4      20.2200    0.0390000      53975.4      20.2390     0.127000
       53994.412      20.9230    0.0890000      53994.4      20.7010    0.0320000      53994.4      20.4480    0.0320000      53994.4      20.1700    0.0330000      53994.4      20.1940     0.115000
       53996.395      20.9180    0.0830000      53996.4      20.6850    0.0290000      53996.4      20.4170    0.0400000      53996.4      20.2280    0.0490000      53996.4      20.0130    0.0930000
       54005.408      20.7780    0.0650000      54005.4      20.6190    0.0270000      54005.4      20.4060    0.0290000      54005.4      20.1750    0.0340000      54005.4      20.4740     0.118000
       54010.349      20.6480    0.0570000      54010.4      20.5840    0.0260000      54010.3      20.3790    0.0230000      54010.3      20.1960    0.0390000      54010.4      20.2610    0.0820000
       54012.342      20.3950     0.110000      54012.3      20.5050    0.0540000      54012.3      20.4560    0.0470000      54012.3      20.3270    0.0950000      54012.3      20.1620     0.153000
       54020.348      20.8850     0.146000      54020.4      20.5320    0.0580000      54020.3      20.4030    0.0390000      54020.3      20.1320    0.0390000      54020.3      20.6510     0.265000
       54024.430      20.5780     0.145000      54024.4      20.6310    0.0350000      54024.4      20.3870    0.0380000      54024.4      20.2090    0.0380000      54024.4      20.1990     0.138000
       54028.418      20.7050    0.0800000      54028.4     -99.9900    0.0530000      54028.4      20.4100    0.0320000      54028.4      20.2030    0.0380000      54028.4      20.2720     0.144000
       54030.342      20.8830    0.0690000      54030.3      20.6200    0.0240000      54030.3      20.4430    0.0270000      54030.3      20.1920    0.0290000      54030.3      20.3210     0.111000
       54035.418      20.7590     0.114000      54035.4     -99.9900    0.0460000      54035.4      20.3300    0.0560000      54035.4      20.1860    0.0590000      54035.4      20.4600     0.235000
       54037.323      20.7230    0.0620000      54037.3      20.6130    0.0310000      54037.3      20.4070    0.0250000      54037.3      20.0870    0.0330000      54037.3      20.3310     0.109000
       54040.338      20.5820    0.0890000      54040.3      20.5330    0.0430000      54040.3      20.3870    0.0420000      54040.3      20.0990    0.0490000      54040.3      20.1160     0.126000
       54047.368     -99.9900     0.733000      54047.4      20.5500     0.142000      54047.4      20.3680     0.114000      54047.4      20.3210     0.114000      54047.4      20.3650     0.310000
       54049.364      20.6430     0.160000      54049.4      20.5890    0.0560000      54049.4      20.4150    0.0490000      54049.4      20.1750    0.0440000      54049.4      20.2510     0.171000
       54053.344     -99.9900    0.0930000      54053.3     -99.9900    0.0310000      54053.3      20.3920    0.0320000      54053.3     -99.9900    0.0430000      54053.3     -99.9900     0.120000
       54056.330      20.7720     0.113000      54056.3      20.5390    0.0380000      54056.3      20.3570    0.0380000      54056.3      20.2040    0.0380000      54056.3      20.4270     0.198000
       54059.324      20.6240    0.0800000      54059.3      20.5250    0.0370000      54059.3      20.3740    0.0450000      54059.3      20.1990    0.0550000      54059.3      20.2580     0.165000
       54061.335      20.5670     0.127000      54061.3      20.4760    0.0430000      54061.3      20.3710    0.0600000      54061.3      20.2030    0.0600000      54061.3      19.7650     0.166000
       54062.329      20.6680    0.0710000      54062.3      20.5010    0.0270000      54062.3      20.3070    0.0270000      54062.3      20.1230    0.0380000      54062.3      20.3280     0.165000
       54064.326      20.7510     0.105000      54064.3      20.4810    0.0270000      54064.3      20.3650    0.0310000      54064.3      20.1420    0.0350000      54064.3      20.3810     0.170000
       54068.310      20.8680     0.156000      54068.3      20.5230    0.0560000      54068.3      20.4080    0.0610000      54068.3      20.2010    0.0680000      54068.3      20.1040     0.172000
       54357.367      20.7910    0.0630000      54357.4      20.6350    0.0270000      54357.4      20.3960    0.0250000      54357.4      20.1520    0.0340000      54357.4      20.4210    0.0950000
       54362.417      20.8840    0.0690000      54362.4      20.6580    0.0250000      54362.4      20.4340    0.0280000      54362.4      20.2520    0.0330000      54362.4      20.1640    0.0940000
       54376.412      20.8980    0.0960000      54376.4      20.5750    0.0310000      54376.4      20.4010    0.0350000      54376.4      20.1820    0.0400000      54376.4      20.1790     0.100000
       54382.398      20.8710     0.105000      54382.4      20.5610    0.0320000      54382.4      20.4160    0.0370000      54382.4      20.2190    0.0480000      54382.4      20.1400     0.168000
       54385.415      20.7110    0.0860000      54385.4      20.5930    0.0270000      54385.4      20.3990    0.0270000      54385.4      20.1800    0.0310000      54385.4      20.1120    0.0950000
       54387.416      21.0010     0.118000      54387.4      20.5920    0.0430000      54387.4      20.3870    0.0550000      54387.4      20.2600    0.0650000      54387.4      20.2160     0.204000
       54391.417      21.4040     0.252000      54391.4      20.5900    0.0520000      54391.4      20.3870    0.0690000      54391.4      20.3000    0.0760000      54391.4      20.1460     0.278000
       54402.409      21.2870     0.777000      54402.4      20.4160    0.0670000      54402.4      20.2630    0.0470000      54402.4      20.0710    0.0430000      54402.4      20.3900     0.161000
       52522.000       20.717000     0.072000000       52522.000       20.629000     0.030000000       52522.000       20.373000     0.028000000       52522.000       20.144000     0.031000000       52522.000       20.271000      0.11000000
       51081       20.505000     0.056000000       51081       20.295000     0.025000000       51081       20.182000     0.030000000       51081       20.049000     0.033000000       51081       20.177000      0.14400000
       51132       20.607000     0.061000000       51132       20.352000     0.028000000       51132       20.262000     0.039000000       51132       19.992000     0.041000000       51132       19.896000      0.13700000
       51136       20.682000     0.055000000       51136       20.352000     0.024000000       51136       20.219000     0.032000000       51136       19.975000     0.040000000       51136       20.152000      0.16100000
       51819       20.185000     0.064000000       51819       20.045000     0.035000000       51819       20.061000     0.029000000       51819       19.950000     0.038000000       51819       20.070000      0.15100000
       51875       20.241000     0.049000000       51875       20.138000     0.023000000       51875       20.023000     0.030000000       51875       19.975000     0.038000000       51875       19.968000      0.13000000
       52225       20.424000     0.051000000       52225       20.304000     0.031000000       52225       20.140000     0.025000000       52225       19.952000     0.027000000       52225       20.031000     0.095000000
       52288       20.632000     0.061000000       52288       20.373000     0.029000000       52288       20.131000     0.032000000       52288       19.986000     0.036000000       52288       20.103000      0.11400000
       52522       20.737000     0.067000000       52522       20.623000     0.029000000       52522       20.365000     0.029000000       52522       20.163000     0.035000000       52522       20.245000      0.11000000
       52551       20.939000     0.073000000       52551       20.656000     0.040000000       52551       20.438000     0.033000000       52551       20.181000     0.039000000       52551       20.179000      0.13100000
       52558       20.925000     0.069000000       52558       20.666000     0.039000000       52558       20.458000     0.029000000       52558       20.055000     0.051000000       52558       20.498000      0.12400000
       52576       20.837000     0.070000000       52576       20.681000     0.029000000       52576       20.379000     0.042000000       52576       20.216000     0.053000000       52576       20.231000      0.12600000
       52577       20.942000     0.073000000       52577       20.731000     0.029000000       52577       20.487000     0.032000000       52577       20.240000     0.044000000       52577       20.255000      0.12700000
       52578       20.823000     0.068000000       52578       20.628000     0.033000000       52578       20.426000     0.032000000       52578       20.190000     0.034000000       52578       20.305000      0.14400000
       52585       21.018000     0.071000000       52585       20.719000     0.039000000       52585       20.408000     0.032000000       52585       20.175000     0.052000000       52585       20.177000      0.16700000
       52909       20.811000     0.067000000       52909       20.589000     0.029000000       52909       20.415000     0.026000000       52909       20.164000     0.034000000       52909       20.169000      0.10800000
       52910       20.904000     0.098000000       52910       20.597000     0.029000000       52910       20.429000     0.052000000       52910       20.244000     0.055000000       52910       20.332000      0.13300000
       52935       20.698000     0.070000000       52935       20.610000     0.034000000       52935       20.384000     0.045000000       52935       20.159000     0.042000000       52935       20.302000      0.17600000
       52971       20.775000     0.074000000       52971       20.497000     0.030000000       52971       20.402000     0.037000000       52971       20.174000     0.035000000       52971       20.523000      0.16900000
       53351       20.681000     0.070000000       53351       20.437000     0.044000000       53351       20.337000     0.040000000       53351       20.091000     0.044000000       53351       20.060000      0.14300000
       53351       20.684000     0.098000000       53351       20.477000     0.038000000       53351       20.322000     0.036000000       53351       20.119000     0.044000000       53351       20.076000      0.14500000
       53641       20.794000     0.070000000       53641       20.565000     0.037000000       53641       20.375000     0.029000000       53641       20.121000     0.031000000       53641       20.140000     0.095000000
       54424       20.635000      0.15700000       54424       20.594000     0.059000000       54424       20.576000     0.062000000       54424       20.437000     0.070000000       54424       20.366000      0.14600000
