       51818.364      20.6930    0.0640000      51818.4      20.0890    0.0200000      51818.4      19.9200    0.0190000      51818.4      19.9320    0.0290000      51818.4      19.7680    0.0860000
       52170.415      20.3550    0.0530000      52170.4      19.9990    0.0180000      52170.4      19.8450    0.0190000      52170.4      19.8640    0.0290000      52170.4      19.5900    0.0710000
       52173.329      20.3660    0.0640000      52173.3      19.9410    0.0190000      52173.3      19.8470    0.0220000      52173.3      19.8230    0.0340000      52173.3      19.4980    0.0870000
       52224.309      20.4400    0.0550000      52224.3      20.0880    0.0180000      52224.3      19.8900    0.0190000      52224.3      19.9000    0.0260000      52224.3      19.8150    0.0780000
       52234.265      20.4200    0.0580000      52234.3      20.0850    0.0190000      52234.3      19.8590    0.0190000      52234.3      19.8900    0.0280000      52234.3      19.5510    0.0590000
       52261.229      20.3650    0.0540000      52261.2      20.1090    0.0200000      52261.2      19.8860    0.0200000      52261.2      19.8510    0.0270000      52261.2      19.7090    0.0750000
       52283.096      20.5100    0.0740000      52283.1      20.1060    0.0230000      52283.1      19.9210    0.0260000      52283.1      19.9900    0.0410000      52283.1      19.7620     0.119000
       52287.109      20.4760    0.0550000      52287.1      20.1180    0.0180000      52287.1      19.9000    0.0210000      52287.1      19.9180    0.0290000      52287.1      19.7120    0.0670000
       52552.428      20.4490    0.0780000      52552.4      20.1860    0.0250000      52552.4      19.9350    0.0300000      52552.4      19.9830    0.0450000      52552.4      19.6880     0.110000
       52557.402      20.5840    0.0680000      52557.4      20.1200    0.0190000      52557.4      19.9620    0.0230000      52557.4      19.9010    0.0320000      52557.4      19.7430    0.0890000
       52908.377     -99.9900    0.0460000      52908.4      19.8120    0.0150000      52908.4      19.6490    0.0170000      52908.4      19.6490    0.0250000      52908.4      19.4990    0.0720000
       52912.356      20.0060    0.0440000      52912.4      19.7830    0.0160000      52912.4      19.6870    0.0170000      52912.4      19.7180    0.0250000      52912.4      19.5100    0.0650000
       52934.309      20.1070    0.0480000      52934.3      19.7050    0.0150000      52934.3      19.6150    0.0180000      52934.3      19.6430    0.0270000      52934.3      19.4200    0.0730000
       52936.305      20.0330    0.0410000      52936.3      19.7180    0.0140000      52936.3      19.6100    0.0160000      52936.3      19.5720    0.0230000      52936.3      19.5940    0.0690000
       53270.369      20.1610    0.0470000      53270.4      19.8270    0.0150000      53270.4      19.6510    0.0260000      53270.4      19.6960    0.0250000      53270.4      19.5280    0.0610000
       53272.419      20.1840    0.0510000      53272.4      19.8510    0.0180000      53272.4      19.6910    0.0180000      53272.4      19.7180    0.0260000      53272.4      19.7110    0.0910000
       53286.387      20.3790    0.0660000      53286.4      19.8750    0.0190000      53286.4      19.7050    0.0200000      53286.4      19.7280    0.0270000      53286.4      19.5270    0.0680000
       53288.346      20.2020    0.0500000      53288.3      19.8660    0.0160000      53288.3      19.7160    0.0160000      53288.3      19.6870    0.0230000      53288.3      19.4770    0.0660000
       53294.394      20.2710    0.0540000      53294.4      19.9550    0.0190000      53294.4      19.7470    0.0220000      53294.4      19.7500    0.0310000      53294.4      19.4470    0.0620000
       53296.341     -99.9900    0.0540000      53296.3      19.9260    0.0230000      53296.3      19.7630    0.0260000      53296.3      19.7650    0.0310000      53296.3      19.5500    0.0670000
       53298.390      20.1970    0.0590000      53298.4      19.8930    0.0200000      53298.4      19.7150    0.0250000      53298.4      19.7490    0.0360000      53298.4      19.5540     0.101000
       53302.342      20.1720    0.0810000      53302.3      19.8710    0.0270000      53302.3      19.7020    0.0290000      53302.3      19.7400    0.0320000      53302.3      19.5480    0.0710000
       53312.297      20.1290    0.0770000      53312.3      19.9700    0.0300000      53312.3      19.7480    0.0280000      53312.3      19.7420    0.0350000      53312.3      19.5200    0.0900000
       53314.298      20.2720    0.0630000      53314.3      19.8910    0.0210000      53314.3      19.7920    0.0230000      53314.3      19.8100    0.0340000      53314.3      19.6440    0.0820000
       53319.286      20.4020    0.0740000      53319.3      20.0080    0.0230000      53319.3      19.6970    0.0260000      53319.3      19.8190    0.0430000      53319.3      19.5420    0.0860000
       53616.403      20.6210    0.0900000      53616.4      20.2030    0.0250000      53616.4      20.0030    0.0240000      53616.4      19.9730    0.0360000      53616.4      19.6280    0.0830000
       53628.364      20.6070     0.125000      53628.4      20.1600    0.0410000      53628.4      19.9870    0.0330000      53628.4      20.0480    0.0470000      53628.4      19.8460     0.110000
       53637.366      20.7220     0.134000      53637.4      20.2190    0.0400000      53637.4      20.0390    0.0340000      53637.4      20.0760    0.0450000      53637.4      19.6060    0.0910000
       53639.411      20.5080    0.0680000      53639.4      20.1970    0.0230000      53639.4      19.9900    0.0210000      53639.4      20.0520    0.0300000      53639.4      19.8480    0.0730000
       53641.410      20.5450    0.0730000      53641.4      20.1530    0.0210000      53641.4      19.9860    0.0220000      53641.4      19.9860    0.0310000      53641.4      19.9200    0.0900000
       53657.369      20.6820     0.181000      53657.4      20.2190    0.0670000      53657.4      19.9490    0.0470000      53657.4      19.9610    0.0600000      53657.4      19.7140     0.131000
       53663.353      20.5940     0.135000      53663.4     -99.9900    0.0410000      53663.4      19.9700    0.0330000      53663.4      20.1180    0.0460000      53663.4      19.8780    0.0900000
       53665.331      20.6280     0.123000      53665.3      20.1420    0.0450000      53665.3      20.0460    0.0300000      53665.3      20.0080    0.0470000      53665.3      19.8860     0.113000
       53666.424      20.2300    0.0970000      53666.4      20.1170    0.0330000      53666.4      20.0400    0.0310000      53666.4      20.0650    0.0400000      53666.4      19.9860     0.151000
       53668.343      20.4240    0.0870000      53668.3      20.1560    0.0280000      53668.3      19.9900    0.0270000      53668.3      20.0120    0.0420000      53668.3      19.9070     0.119000
       53669.431      20.4870     0.115000      53669.4      20.1430    0.0310000      53669.4      19.9760    0.0300000      53669.4      20.0240    0.0450000      53669.4      19.8430     0.108000
       53670.348      20.6000    0.0850000      53670.3      20.1280    0.0250000      53670.3      19.9760    0.0290000      53670.3      20.0010    0.0440000      53670.3      19.7660    0.0990000
       53673.316      20.5950    0.0610000      53673.3      20.1500    0.0180000      53673.3      19.9490    0.0200000      53673.3      20.0190    0.0270000      53673.3      19.7080    0.0630000
       53675.313      20.6700    0.0770000      53675.3      20.1480    0.0200000      53675.3      19.9940    0.0240000      53675.3      19.9430    0.0380000      53675.3      19.9050     0.102000
       53677.334      20.4010    0.0590000      53677.3      20.2350    0.0440000      53677.3      19.9390    0.0220000      53677.3      19.9130    0.0280000      53677.3      19.7070    0.0600000
       53680.321      20.6040    0.0650000      53680.3      20.1520    0.0190000      53680.3      19.9760    0.0230000      53680.3      19.9700    0.0290000      53680.3      19.9860     0.125000
       53683.379      20.5670    0.0890000      53683.4      20.1240    0.0240000      53683.4      19.9810    0.0310000      53683.4      20.0340    0.0510000      53683.4      19.7280     0.126000
       53686.320      20.5190     0.219000      53686.3      20.1440    0.0820000      53686.3      19.9850    0.0530000      53686.3      20.2060    0.0810000      53686.3      19.8230     0.160000
       53687.377     -99.9900      1.09900      53687.4     -99.9900     0.273000      53687.4     -99.9900     0.121000      53687.4     -99.9900     0.312000      53687.4     -99.9900     0.293000
       53693.322      20.8520     0.309000      53693.3      20.1110    0.0610000      53693.3      19.9780    0.0440000      53693.3      20.0270    0.0560000      53693.3      19.8320     0.142000
       53698.320      20.5930     0.100000      53698.3      20.1090    0.0270000      53698.3      19.9920    0.0260000      53698.3      19.9770    0.0380000      53698.3      19.7540    0.0910000
       53699.343      20.5770    0.0860000      53699.3      20.1740    0.0250000      53699.3      19.9990    0.0240000      53699.3      20.0230    0.0330000      53699.3      19.7620    0.0780000
       53704.306      20.6230    0.0820000      53704.3      20.2190    0.0220000      53704.3      20.0390    0.0240000      53704.3      19.9730    0.0380000      53704.3      19.9030     0.102000
       53989.402      20.6920     0.147000      53989.4      20.2980    0.0490000      53989.4      20.1170    0.0410000      53989.4      20.1220    0.0450000      53989.4      19.7860    0.0740000
       53995.441      20.7190    0.0580000      53995.4      20.3020    0.0220000      53995.4      20.1310    0.0210000      53995.4      20.1450    0.0270000      53995.4      19.8460    0.0600000
       54000.377      20.7940    0.0740000      54000.4      20.3540    0.0270000      54000.4      20.1520    0.0280000      54000.4      20.0970    0.0380000      54000.4      19.8650    0.0970000
       54007.427      20.7210    0.0660000      54007.4      20.3470    0.0270000      54007.4      20.1730    0.0250000      54007.4      20.1720    0.0360000      54007.4      20.0130    0.0860000
       54009.351      20.9160    0.0660000      54009.4      20.3150    0.0320000      54009.3      20.1550    0.0240000      54009.4      20.1600    0.0380000      54009.4      19.9780    0.0740000
       54011.416      20.8150    0.0570000      54011.4      20.3520    0.0300000      54011.4      20.1430    0.0190000      54011.4      20.1060    0.0270000      54011.4      19.8770    0.0590000
       54025.415      20.8520     0.106000      54025.4      20.2710    0.0330000      54025.4      20.1060    0.0250000      54025.4      20.0830    0.0390000      54025.4      20.0030     0.107000
       54346.408      20.8940     0.154000      54346.4      20.4140    0.0520000      54346.4      20.1820    0.0440000      54346.4      20.3020    0.0520000      54346.4      19.9050    0.0830000
       54348.412     -99.9900     0.108000      54348.4      20.3900    0.0290000      54348.4      20.1470    0.0310000      54348.4      20.1090    0.0440000      54348.4      20.0360     0.106000
       54355.422      20.9610    0.0770000      54355.4      20.3920    0.0240000      54355.4      20.2130    0.0330000      54355.4      20.2180    0.0340000      54355.4      19.8980    0.0650000
       54358.368      20.9840    0.0920000      54358.4      20.4160    0.0270000      54358.4      20.1570    0.0300000      54358.4      20.2980    0.0500000      54358.4      19.8680    0.0870000
       54365.401      20.9540    0.0660000      54365.4      20.4730    0.0240000      54365.4      20.2610    0.0240000      54365.4      20.2380    0.0330000      54365.4      19.9810    0.0670000
       54381.421      21.0220    0.0820000      54381.4      20.4960    0.0240000      54381.4      20.2720    0.0280000      54381.4      20.3250    0.0380000      54381.4      19.9370    0.0640000
       54384.427     -99.9900    0.0990000      54384.4      20.5170    0.0260000      54384.4      20.3120    0.0310000      54384.4      20.2180    0.0320000      54384.4      19.9230    0.0770000
       54386.413     -99.9900    0.0980000      54386.4      20.5160    0.0340000      54386.4      20.2890    0.0290000      54386.4      20.2420    0.0440000      54386.4      20.0060    0.0790000
       54388.417      21.0740    0.0950000      54388.4      20.6260    0.0330000      54388.4      20.3300    0.0250000      54388.4      20.2960    0.0340000      54388.4      20.0250    0.0770000
       54392.415      20.9820     0.114000      54392.4     -99.9900    0.0750000      54392.4      20.2710    0.0390000      54392.4      20.3400    0.0470000      54392.4      20.1670     0.112000
       54405.387      21.0500     0.128000      54405.4      20.4300    0.0320000      54405.4      20.2810    0.0310000      54405.4      20.2250    0.0370000      54405.4      20.1680    0.0970000
       54406.325      20.9020    0.0860000      54406.3      20.4840    0.0330000      54406.3      20.2820    0.0260000      54406.3      20.3070    0.0350000      54406.3      19.9470    0.0660000
       54412.351      21.0620    0.0990000      54412.4      20.4980    0.0300000      54412.3      20.2400    0.0300000      54412.4      20.2440    0.0370000      54412.4      19.9520    0.0860000
       52234.000       20.469000     0.054000000       52234.000       20.104000     0.032000000       52234.000       19.852000     0.031000000       52234.000       19.894000     0.029000000       52234.000       19.525000     0.058000000
       51075       20.786000     0.072000000       51075       20.291000     0.027000000       51075       20.130000     0.028000000       51075       20.138000     0.045000000       51075       20.044000      0.16100000
       51133       20.958000     0.068000000       51133       20.374000     0.025000000       51133       20.116000     0.030000000       51133       20.011000     0.040000000       51133       19.692000      0.10400000
       51134       20.667000     0.098000000       51134       20.381000     0.027000000       51134       20.196000     0.027000000       51134       20.124000     0.034000000       51134       19.784000     0.081000000
       51818       20.746000     0.056000000       51818       20.110000     0.028000000       51818       19.936000     0.022000000       51818       19.940000     0.033000000       51818       19.785000     0.082000000
       52170       20.385000     0.048000000       52170       20.011000     0.028000000       52170       19.837000     0.024000000       52170       19.843000     0.030000000       52170       19.542000     0.067000000
       52173       20.391000     0.054000000       52173       19.892000     0.041000000       52173       19.823000     0.025000000       52173       19.776000     0.034000000       52173       19.433000     0.082000000
       52207       20.462000     0.054000000       52207       20.084000     0.024000000       52207       19.868000     0.019000000       52207       19.889000     0.027000000       52207       19.632000     0.070000000
       52224       20.486000     0.048000000       52224       20.094000     0.022000000       52224       19.896000     0.020000000       52224       19.897000     0.026000000       52224       19.822000     0.073000000
       52234       20.461000     0.053000000       52234       20.072000     0.029000000       52234       19.848000     0.029000000       52234       19.885000     0.029000000       52234       19.528000     0.058000000
       52261       20.441000     0.070000000       52261       20.155000     0.030000000       52261       19.904000     0.020000000       52261       19.869000     0.027000000       52261       19.682000     0.070000000
       52283       20.525000     0.063000000       52283       20.092000     0.029000000       52283       19.874000     0.035000000       52283       19.958000     0.040000000       52283       19.712000      0.11500000
       52287       20.567000     0.050000000       52287       20.139000     0.023000000       52287       19.912000     0.024000000       52287       19.921000     0.031000000       52287       19.692000     0.062000000
       52552       20.450000     0.070000000       52552       20.198000     0.036000000       52552       19.920000     0.036000000       52552       19.920000     0.049000000       52552       19.660000      0.10700000
       52557       20.594000     0.059000000       52557       20.115000     0.025000000       52557       19.952000     0.024000000       52557       19.858000     0.031000000       52557       19.674000     0.083000000
       52872       20.441000     0.062000000       52872       19.938000     0.026000000       52872       19.776000     0.027000000       52872       19.788000     0.026000000       52872       19.694000     0.068000000
       52908       20.149000     0.044000000       52908       19.849000     0.022000000       52908       19.648000     0.023000000       52908       19.628000     0.027000000       52908       19.480000     0.068000000
       52912       19.987000     0.040000000       52912       19.787000     0.026000000       52912       19.655000     0.023000000       52912       19.684000     0.032000000       52912       19.496000     0.062000000
       52934       20.118000     0.046000000       52934       19.712000     0.017000000       52934       19.614000     0.021000000       52934       19.644000     0.027000000       52934       19.409000     0.071000000
       52936       20.050000     0.038000000       52936       19.739000     0.021000000       52936       19.622000     0.023000000       52936       19.567000     0.024000000       52936       19.601000     0.066000000
       53270       20.174000     0.048000000       53270       19.821000     0.020000000       53270       19.640000     0.023000000       53270       19.680000     0.027000000       53270       19.519000     0.066000000
       53272       20.243000     0.046000000       53272       19.869000     0.030000000       53272       19.689000     0.026000000       53272       19.680000     0.027000000       53272       19.702000     0.086000000
       53286       20.375000     0.052000000       53286       19.890000     0.029000000       53286       19.688000     0.023000000       53286       19.694000     0.026000000       53286       19.517000     0.065000000
       53298       20.214000     0.054000000       53298       19.924000     0.031000000       53298       19.726000     0.029000000       53298       19.726000     0.035000000       53298       19.554000     0.098000000
       53294       20.221000     0.055000000       53294       19.958000     0.021000000       53294       19.728000     0.028000000       53294       19.730000     0.032000000       53294       19.433000     0.059000000
       53312       20.107000     0.079000000       53312       19.945000     0.034000000       53312       19.745000     0.030000000       53312       19.683000     0.037000000       53312       19.478000     0.096000000
       53314       20.243000     0.065000000       53314       19.904000     0.030000000       53314       19.794000     0.026000000       53314       19.794000     0.036000000       53314       19.616000     0.078000000
       53319       20.416000     0.065000000       53319       20.022000     0.035000000       53319       19.696000     0.039000000       53319       19.823000     0.060000000       53319       19.506000     0.083000000
