       51081.372      19.9650    0.0430000      51081.4      20.0730    0.0200000      51081.4      19.7450    0.0200000      51081.4      19.7160    0.0270000      51081.4      19.6670    0.0810000
       51819.443      20.7380    0.0980000      51819.4      20.8580    0.0390000      51819.4      20.3520    0.0370000      51819.4      20.4030    0.0590000      51819.4      20.2670     0.158000
       52225.268      20.0050    0.0430000      52225.3      20.0880    0.0180000      52225.3      19.7290    0.0180000      52225.3      19.7360    0.0260000      52225.3      19.8020    0.0790000
       52288.102      19.8810    0.0400000      52288.1      19.9870    0.0190000      52288.1      19.7360    0.0200000      52288.1      19.6940    0.0270000      52288.1      19.7100    0.0800000
       52551.375      19.9760    0.0450000      52551.4      20.1100    0.0230000      52551.4      19.7370    0.0180000      52551.4      19.6920    0.0250000      52551.4      19.7510    0.0830000
       52558.408      20.0090    0.0420000      52558.4      20.3210    0.0200000      52558.4      19.7450    0.0170000      52558.4      19.7630    0.0230000      52558.4      19.8710    0.0780000
       52576.241      20.0710    0.0440000      52576.2      20.1460    0.0210000      52576.2      19.7370    0.0180000      52576.2      19.7730    0.0270000      52576.2      19.7220    0.0820000
       52577.296     -99.9900    0.0480000      52577.3      20.1320    0.0190000      52577.3      19.7490    0.0190000      52577.3      19.7440    0.0260000      52577.3      19.8240    0.0830000
       52578.280      20.0300    0.0410000      52578.3      20.1170    0.0190000      52578.3      19.7680    0.0190000      52578.3      19.6780    0.0250000      52578.3      19.8180    0.0900000
       52585.243      20.0210    0.0390000      52585.2      20.1740    0.0190000      52585.2      19.7770    0.0180000      52585.2      19.7570    0.0290000      52585.2      19.6720    0.0980000
       52909.409      19.6530    0.0350000      52909.4      19.7690    0.0160000      52909.4      19.4570    0.0140000      52909.4      19.5010    0.0210000      52909.4      19.6260    0.0690000
       52910.380      19.6680    0.0350000      52910.4      19.7680    0.0170000      52910.4      19.4920    0.0150000      52910.4      19.5110    0.0210000      52910.4      19.4540    0.0650000
       52935.307      19.6100    0.0370000      52935.3      19.7730    0.0160000      52935.3      19.4770    0.0190000      52935.3      19.4850    0.0270000      52935.3      19.6760     0.100000
       52963.230      19.7290    0.0320000      52963.2      19.7670    0.0140000      52963.2      19.5230    0.0140000      52963.2      19.4750    0.0190000      52963.2      19.5700    0.0600000
       52971.221      19.6840    0.0380000      52971.2      19.7260    0.0160000      52971.2      19.4860    0.0170000      52971.2      19.4630    0.0230000      52971.2      19.5190    0.0730000
       53351.152      20.0560    0.0500000      53351.2      20.2020    0.0230000      53351.2      19.7810    0.0230000      53351.2      19.8240    0.0350000      53351.2      20.0450     0.141000
       53622.409      20.1290    0.0480000      53622.4      20.2220    0.0210000      53622.4      19.7880    0.0180000      53622.4      19.7680    0.0310000      53622.4      19.6570    0.0750000
       53634.359      20.0580     0.123000      53634.4      20.1950    0.0640000      53634.4      19.8090    0.0490000      53634.4      19.8140    0.0490000      53634.4      19.6770     0.102000
       53638.400     -99.9900    0.0520000      53638.4      20.2030    0.0240000      53638.4      19.7920    0.0200000      53638.4      19.8500    0.0280000      53638.4      19.9200    0.0880000
       53640.364      20.1030    0.0600000      53640.4      20.2380    0.0240000      53640.4      19.8230    0.0190000      53640.4      19.7800    0.0290000      53640.4      19.8410    0.0840000
       53646.426      20.0370    0.0670000      53646.4      20.1390    0.0220000      53646.4      19.7450    0.0290000      53646.4      19.8700    0.0400000      53646.4      19.7410     0.110000
       53655.336     -99.9900    0.0500000      53655.3      20.1850    0.0200000      53655.3      19.8240    0.0230000      53655.3      19.7810    0.0320000      53655.3      19.8460     0.105000
       53664.361      19.9840     0.121000      53664.4      20.1620    0.0700000      53664.4      19.7750    0.0510000      53664.4      19.6560    0.0620000      53664.4      19.8430     0.201000
       53665.426      20.1890    0.0990000      53665.4      20.1770    0.0360000      53665.4      19.7880    0.0270000      53665.4      19.8190    0.0360000      53665.4      19.8280     0.102000
       53669.321      20.0730    0.0550000      53669.3      20.1520    0.0240000      53669.3      19.7380    0.0210000      53669.3      19.7830    0.0310000      53669.3      19.8140    0.0940000
       53671.405     -99.9900    0.0540000      53671.4      20.1680    0.0240000      53671.4      19.7770    0.0230000      53671.4      19.7130    0.0290000      53671.4      19.8030    0.0880000
       53674.305      19.9640    0.0510000      53674.3      20.1910    0.0220000      53674.3      19.7420    0.0210000      53674.3      19.7830    0.0310000      53674.3      19.6430    0.0860000
       53676.394      19.9400    0.0530000      53676.4      20.1100    0.0210000      53676.4      19.7520    0.0230000      53676.4      19.7560    0.0280000      53676.4      19.7680    0.0820000
       53679.366     -99.9900    0.0630000      53679.4      20.1780    0.0250000      53679.4      19.7590    0.0270000      53679.4      19.7160    0.0480000      53679.4      19.6200     0.102000
       53681.358      19.9910    0.0470000      53681.4      20.1500    0.0200000      53681.4      19.7790    0.0190000      53681.4      19.7350    0.0260000      53681.4      19.8910    0.0820000
       53684.319      19.8250    0.0630000      53684.3      20.2300    0.0340000      53684.3      19.7370    0.0310000      53684.3      19.8120    0.0520000      53684.3      19.7190     0.132000
       53687.260      19.9710     0.106000      53687.3      20.1800    0.0610000      53687.3     -99.9900    0.0380000      53687.3      19.8230    0.0450000      53687.3      19.7680    0.0950000
       53694.331      20.0080     0.172000      53694.3      20.1390    0.0590000      53694.3     -99.9900    0.0360000      53694.3      19.7290    0.0510000      53694.3      19.6410     0.130000
       53697.315      19.9630    0.0650000      53697.3      20.1530    0.0310000      53697.3      19.6940    0.0230000      53697.3      19.7670    0.0330000      53697.3      19.7550    0.0920000
       53700.314      20.0010    0.0610000      53700.3      20.1380    0.0240000      53700.3      19.8000    0.0260000      53700.3      19.7880    0.0410000      53700.3      19.8770     0.144000
       53705.300      19.9470    0.0640000      53705.3      20.1350    0.0240000      53705.3      19.7450    0.0220000      53705.3      19.7060    0.0310000      53705.3      19.7290     0.110000
       53975.385      19.6120    0.0390000      53975.4      19.7120    0.0320000      53975.4      19.4470    0.0220000      53975.4      19.5210    0.0290000      53975.4      19.6580    0.0790000
       53994.408      19.6180    0.0370000      53994.4      19.7290    0.0190000      53994.4      19.4340    0.0210000      53994.4      19.4650    0.0260000      53994.4      19.5180    0.0630000
       53996.392      19.5950    0.0540000      53996.4     -99.9900    0.0300000      53996.4      19.4790    0.0260000      53996.4      19.4600    0.0500000      53996.4      19.5290    0.0750000
       54005.405      19.6670    0.0460000      54005.4      19.7650    0.0200000      54005.4      19.4540    0.0170000      54005.4      19.4990    0.0210000      54005.4      19.6190    0.0530000
       54010.346     -99.9900    0.0290000      54010.3      19.7560    0.0160000      54010.3      19.4990    0.0200000      54010.3      19.4800    0.0180000      54010.3      19.4430    0.0440000
       54012.339      19.6260    0.0530000      54012.3      19.7660    0.0290000      54012.3      19.4530    0.0240000      54012.3      19.4710    0.0310000      54012.3      19.5650    0.0730000
       54020.345      19.5960    0.0490000      54020.3      19.7070    0.0230000      54020.3      19.4540    0.0240000      54020.3      19.4670    0.0310000      54020.3      19.4820    0.0750000
       54024.427      19.5610    0.0410000      54024.4      19.7570    0.0290000      54024.4      19.4750    0.0210000      54024.4      19.4060    0.0260000      54024.4      19.6730    0.0810000
       54028.415     -99.9900    0.0420000      54028.4      19.7540    0.0270000      54028.4      19.4650    0.0240000      54028.4      19.4320    0.0290000      54028.4      19.4970    0.0660000
       54030.339      19.6420    0.0370000      54030.3      19.7750    0.0190000      54030.3      19.4780    0.0170000      54030.3      19.4690    0.0210000      54030.3      19.5780    0.0570000
       54035.414      19.6000    0.0480000      54035.4      19.7690    0.0240000      54035.4      19.4870    0.0260000      54035.4      19.4890    0.0330000      54035.4      19.2970    0.0800000
       54037.320      19.6050    0.0360000      54037.3      19.7670    0.0230000      54037.3      19.4970    0.0160000      54037.3      19.4770    0.0220000      54037.3      19.5560    0.0450000
       54040.334      19.6090    0.0450000      54040.3      19.7960    0.0280000      54040.3      19.4090    0.0240000      54040.3      19.4220    0.0280000      54040.3      19.5230    0.0690000
       54047.365      19.3540     0.138000      54047.4      19.7840    0.0760000      54047.4      19.5120    0.0550000      54047.4      19.5000    0.0590000      54047.4      19.4260     0.140000
       54049.361      19.6770     0.106000      54049.4      19.7330    0.0430000      54049.4      19.4610    0.0260000      54049.4      19.4620    0.0300000      54049.4      19.5510    0.0920000
       54053.340      19.5430    0.0370000      54053.3     -99.9900    0.0260000      54053.3     -99.9900    0.0190000      54053.3      19.4760    0.0270000      54053.3     -99.9900    0.0730000
       54056.327      19.6010    0.0570000      54056.3      19.7490    0.0220000      54056.3      19.4670    0.0260000      54056.3      19.4060    0.0290000      54056.3      19.6750    0.0890000
       54059.321      19.7530    0.0450000      54059.3      19.8210    0.0250000      54059.3      19.5170    0.0200000      54059.3      19.4760    0.0260000      54059.3      19.5400    0.0850000
       54061.332      19.6330    0.0620000      54061.3      19.7870    0.0380000      54061.3      19.4760    0.0420000      54061.3      19.3830    0.0410000      54061.3      19.5920     0.118000
       54062.326      19.7590    0.0390000      54062.3      19.7820    0.0200000      54062.3      19.4770    0.0190000      54062.3      19.4960    0.0260000      54062.3      19.5510    0.0700000
       54064.322      19.6420    0.0440000      54064.3      19.8130    0.0260000      54064.3      19.4960    0.0190000      54064.3      19.5020    0.0240000      54064.3      19.7510    0.0810000
       54068.306      19.5800    0.0600000      54068.3      19.8110    0.0420000      54068.3      19.4580    0.0280000      54068.3      19.4930    0.0370000      54068.3      19.4330    0.0930000
       54357.364      19.7360    0.0350000      54357.4      19.7990    0.0200000      54357.4      19.5240    0.0180000      54357.4      19.5360    0.0200000      54357.4      19.6660    0.0520000
       54362.414      19.7220    0.0510000      54362.4      19.8800    0.0180000      54362.4      19.5190    0.0200000      54362.4      19.5450    0.0250000      54362.4      19.6230    0.0590000
       54376.409     -99.9900    0.0440000      54376.4      19.8270    0.0210000      54376.4      19.5030    0.0200000      54376.4      19.5180    0.0240000      54376.4      19.6170    0.0600000
       54382.394      19.6560    0.0400000      54382.4      19.8090    0.0260000      54382.4      19.4230    0.0350000      54382.4      19.4890    0.0360000      54382.4      19.5890    0.0890000
       54385.412      19.7560    0.0480000      54385.4      19.8050    0.0220000      54385.4      19.5190    0.0200000      54385.4      19.5290    0.0230000      54385.4      19.5470    0.0510000
       54387.412      19.6200    0.0610000      54387.4     -99.9900    0.0250000      54387.4     -99.9900    0.0330000      54387.4      19.5140    0.0450000      54387.4      19.6810     0.142000
       54390.405      19.6780    0.0460000      54390.4     -99.9900    0.0290000      54390.4      19.5020    0.0220000      54390.4      19.4970    0.0340000      54390.4     -99.9900     0.368000
       54391.413      19.8610    0.0760000      54391.4      19.8370    0.0360000      54391.4      19.5870    0.0340000      54391.4      19.5510    0.0460000      54391.4      19.3620     0.128000
       54402.406      19.8450     0.101000      54402.4      19.8930    0.0530000      54402.4      19.6080    0.0290000      54402.4      19.5820    0.0320000      54402.4      19.5680    0.0680000
       52522.000       20.087000     0.040000000       52522.000       20.052000     0.033000000       52522.000       19.735000     0.019000000       52522.000       19.767000     0.028000000       52522.000       19.926000     0.082000000
       51081       20.008000     0.043000000       51081       20.097000     0.021000000       51081       19.773000     0.023000000       51081       19.726000     0.032000000       51081       19.670000     0.079000000
       51132       20.046000     0.042000000       51132       20.228000     0.030000000       51132       19.808000     0.031000000       51132       19.896000     0.041000000       51132       19.806000      0.11900000
       51136       20.186000     0.038000000       51136       20.198000     0.021000000       51136       19.818000     0.024000000       51136       19.784000     0.032000000       51136       19.673000     0.092000000
       51819       20.814000     0.085000000       51819       20.964000     0.041000000       51819       20.416000     0.041000000       51819       20.453000     0.056000000       51819       20.335000      0.14900000
       52225       20.045000     0.037000000       52225       20.122000     0.025000000       52225       19.751000     0.022000000       52225       19.762000     0.027000000       52225       19.826000     0.077000000
       52288       19.983000     0.035000000       52288       20.034000     0.024000000       52288       19.793000     0.026000000       52288       19.768000     0.031000000       52288       19.748000     0.076000000
       52522       20.076000     0.038000000       52522       20.096000     0.024000000       52522       19.735000     0.018000000       52522       19.764000     0.027000000       52522       19.939000     0.082000000
       52551       20.114000     0.042000000       52551       20.171000     0.030000000       52551       19.796000     0.026000000       52551       19.732000     0.027000000       52551       19.765000     0.080000000
       52558       20.060000     0.041000000       52558       20.268000     0.025000000       52558       19.771000     0.025000000       52558       19.791000     0.026000000       52558       19.953000     0.078000000
       52576       20.088000     0.039000000       52576       20.184000     0.030000000       52576       19.766000     0.022000000       52576       19.797000     0.032000000       52576       19.696000     0.078000000
       52577       20.164000     0.041000000       52577       20.178000     0.025000000       52577       19.792000     0.024000000       52577       19.789000     0.031000000       52577       19.870000     0.080000000
       52578       20.105000     0.038000000       52578       20.168000     0.026000000       52578       19.808000     0.027000000       52578       19.718000     0.026000000       52578       19.850000     0.086000000
       52585       20.037000     0.044000000       52585       20.211000     0.029000000       52585       19.773000     0.024000000       52585       19.759000     0.031000000       52585       19.662000     0.094000000
       52640       20.059000     0.039000000       52640       20.183000     0.032000000       52640       19.824000     0.030000000       52640       19.725000     0.035000000       52640       19.712000     0.092000000
       52909       19.703000     0.032000000       52909       19.807000     0.024000000       52909       19.478000     0.019000000       52909       19.513000     0.026000000       52909       19.624000     0.067000000
       52910       19.740000     0.036000000       52910       19.791000     0.039000000       52910       19.504000     0.019000000       52910       19.533000     0.024000000       52910       19.473000     0.066000000
       52935       19.689000     0.050000000       52935       19.817000     0.022000000       52935       19.508000     0.019000000       52935       19.492000     0.030000000       52935       19.697000      0.10000000
       52971       19.774000     0.034000000       52971       19.751000     0.019000000       52971       19.510000     0.026000000       52971       19.476000     0.025000000       52971       19.505000     0.070000000
       53351       20.045000     0.046000000       53351       20.236000     0.034000000       53351       19.799000     0.031000000       53351       19.811000     0.039000000       53351       19.923000      0.10400000
       53351       20.172000     0.050000000       53351       20.230000     0.029000000       53351       19.814000     0.030000000       53351       19.853000     0.034000000       53351       20.059000      0.13700000
       53641       20.047000     0.041000000       53641       20.242000     0.028000000       53641       19.825000     0.021000000       53641       19.843000     0.030000000       53641       19.975000     0.077000000
       54424       19.792000     0.080000000       54424       19.811000     0.047000000       54424       19.556000     0.028000000       54424       19.587000     0.039000000       54424       19.548000     0.076000000
       55090       20.025000     0.044000000       55090       20.103000     0.027000000       55090       19.696000     0.032000000       55090       19.663000     0.033000000       55090       19.651000     0.092000000
