       51075.331      19.7620    0.0360000      51075.3      19.6180    0.0160000      51075.3      19.3870    0.0160000      51075.3      19.2260    0.0200000      51075.3      19.1240    0.0670000
       52196.350      19.8140    0.0400000      52196.4      19.6230    0.0160000      52196.3      19.3320    0.0150000      52196.3      19.1560    0.0170000      52196.4      19.0770    0.0540000
       52197.345      19.8250    0.0380000      52197.3      19.6520    0.0160000      52197.3      19.3820    0.0140000      52197.3      19.1750    0.0170000      52197.3      19.1220    0.0540000
       52207.317      19.8830    0.0390000      52207.3      19.6050    0.0150000      52207.3      19.3010    0.0140000      52207.3      19.1430    0.0160000      52207.3      19.0420    0.0490000
       52225.195      19.8440    0.0370000      52225.2      19.6590    0.0160000      52225.2      19.3900    0.0150000      52225.2      19.2330    0.0190000      52225.2      19.0940    0.0520000
       52231.231      20.0060    0.0400000      52231.2      19.6660    0.0150000      52231.2      19.4030    0.0140000      52231.2      19.0820    0.0150000      52231.2      19.1280    0.0450000
       52253.217      20.0280    0.0460000      52253.2      19.7590    0.0180000      52253.2      19.4190    0.0150000      52253.2      19.2530    0.0180000      52253.2      19.2530    0.0590000
       52557.339      19.7510    0.0410000      52557.3      19.5840    0.0160000      52557.3      19.3500    0.0160000      52557.3      19.2120    0.0210000      52557.3      19.1450    0.0640000
       52578.235      19.7580    0.0350000      52578.2      19.5550    0.0140000      52578.2      19.3790    0.0140000      52578.2      19.1910    0.0170000      52578.2      19.1240    0.0500000
       52908.313      19.9790    0.0440000      52908.3      19.7690    0.0180000      52908.3      19.5200    0.0160000      52908.3      19.2910    0.0190000      52908.3      19.1690    0.0600000
       52934.245      19.9050    0.0490000      52934.2      19.7540    0.0190000      52934.2      19.5290    0.0190000      52934.2      19.2680    0.0240000      52934.2      19.2230    0.0750000
       52936.241      19.9550    0.0390000      52936.2      19.7410    0.0160000      52936.2      19.4850    0.0150000      52936.2      19.2740    0.0170000      52936.2      19.4070    0.0580000
       53270.305      19.6470    0.0360000      53270.3      19.5470    0.0180000      53270.3      19.3570    0.0180000      53270.3      19.1800    0.0210000      53270.3      19.0800    0.0440000
       53272.355      19.6440    0.0340000      53272.4      19.5550    0.0150000      53272.4      19.3880    0.0150000      53272.4      19.1620    0.0170000      53272.4      19.1460    0.0500000
       53286.324      19.7660    0.0450000      53286.3      19.5120    0.0170000      53286.3      19.3750    0.0160000      53286.3      19.1860    0.0190000      53286.3      19.1230    0.0540000
       53288.282      19.7610    0.0400000      53288.3      19.5910    0.0160000      53288.3      19.4240    0.0160000      53288.3      19.2410    0.0200000      53288.3      19.1920    0.0550000
       53294.330      19.8360    0.0440000      53294.3      19.5830    0.0180000      53294.3      19.3540    0.0170000      53294.3      19.1920    0.0210000      53294.3      19.1390    0.0610000
       53296.277      19.7660    0.0370000      53296.3      19.5890    0.0270000      53296.3      19.3630    0.0200000      53296.3      19.1750    0.0200000      53296.3      19.1490    0.0690000
       53298.327      19.7430    0.0430000      53298.3      19.5450    0.0170000      53298.3      19.3850    0.0180000      53298.3      19.1960    0.0200000      53298.3      19.1650    0.0710000
       53302.278      19.6450    0.0560000      53302.3      19.6240    0.0280000      53302.3      19.3760    0.0220000      53302.3      19.1730    0.0210000      53302.3      19.1510    0.0540000
       53312.234      19.8030    0.0430000      53312.2      19.6460    0.0260000      53312.2      19.4020    0.0210000      53312.2      19.1690    0.0230000      53312.2      19.0700    0.0580000
       53314.235      19.7690    0.0380000      53314.2      19.6130    0.0150000      53314.2      19.4030    0.0170000      53314.2      19.2130    0.0200000      53314.2      19.1230    0.0560000
       53616.339      19.8600    0.0560000      53616.3      19.7300    0.0220000      53616.3      19.5540    0.0200000      53616.3      19.3320    0.0280000      53616.3      19.1390    0.0740000
       53626.315      19.9170    0.0410000      53626.3      19.7630    0.0170000      53626.3      19.5230    0.0160000      53626.3      19.3480    0.0200000      53626.3      19.2750    0.0550000
       53628.300      19.7520    0.0700000      53628.3      19.6710    0.0310000      53628.3      19.5330    0.0270000      53628.3      19.2840    0.0290000      53628.3      19.3140    0.0760000
       53637.302      19.8670    0.0690000      53637.3      19.7540    0.0300000      53637.3      19.5060    0.0220000      53637.3      19.3090    0.0270000      53637.3      19.2780    0.0940000
       53639.347      19.9170    0.0430000      53639.3      19.7810    0.0180000      53639.3      19.5050    0.0150000      53639.3      19.3090    0.0170000      53639.3      19.3110    0.0480000
       53654.329      19.9960    0.0480000      53654.3      19.7250    0.0160000      53654.3      19.5050    0.0160000      53654.3      19.2960    0.0190000      53654.3      19.3030    0.0640000
       53663.290      19.8370    0.0730000      53663.3      19.7680    0.0290000      53663.3      19.5440    0.0230000      53663.3      19.3300    0.0210000      53663.3      19.2610    0.0560000
       53665.268      19.9380    0.0670000      53665.3     -99.9900    0.0400000      53665.3      19.5300    0.0210000      53665.3      19.3550    0.0200000      53665.3     -99.9900     0.255000
       53666.360      19.9230    0.0810000      53666.4      19.7250    0.0260000      53666.4      19.5300    0.0200000      53666.4      19.3330    0.0210000      53666.4      19.2990    0.0620000
       53668.280      19.8090    0.0490000      53668.3      19.7270    0.0230000      53668.3      19.5060    0.0210000      53668.3      19.2520    0.0220000      53668.3      19.3380    0.0870000
       53670.284      19.7590    0.0390000      53670.3      19.7210    0.0170000      53670.3      19.5220    0.0170000      53670.3      19.2980    0.0200000      53670.3      19.1970    0.0550000
       53673.252      19.8210    0.0380000      53673.3      19.7550    0.0170000      53673.2      19.5240    0.0160000      53673.2      19.3110    0.0180000      53673.3      19.3260    0.0560000
       53675.249      19.8860    0.0410000      53675.2      19.7640    0.0170000      53675.2      19.5570    0.0180000      53675.2      19.3420    0.0200000      53675.2      19.2300    0.0560000
       53677.270      19.7730    0.0360000      53677.3      19.7330    0.0160000      53677.3      19.5060    0.0160000      53677.3      19.2810    0.0170000      53677.3      19.2060    0.0480000
       53680.257      19.8970    0.0410000      53680.3      19.7430    0.0170000      53680.3      19.5320    0.0160000      53680.3      19.3150    0.0190000      53680.3      19.2620    0.0510000
       53693.259      19.8040    0.0850000      53693.3      19.7700    0.0310000      53693.3      19.4980    0.0230000      53693.3      19.3400    0.0220000      53693.3      19.2910    0.0650000
       53698.256      19.9250    0.0490000      53698.3      19.7520    0.0180000      53698.3      19.5020    0.0170000      53698.3      19.2950    0.0200000      53698.3      19.3180    0.0650000
       53704.242      19.8170    0.0600000      53704.2      19.7150    0.0210000      53704.2      19.5080    0.0210000      53704.2     -99.9900    0.0310000      53704.2      19.3900     0.112000
       53974.335      19.5310    0.0370000      53974.3      19.4200    0.0280000      53974.3      19.3090    0.0150000      53974.3      19.1170    0.0230000      53974.3      19.0910    0.0460000
       53977.383      19.6100    0.0350000      53977.4      19.4760    0.0120000      53977.4      19.2780    0.0160000      53977.4      19.1370    0.0200000      53977.4      19.0900    0.0450000
       53989.338      19.6040    0.0690000      53989.3     -99.9900    0.0320000      53989.3      19.2930    0.0230000      53989.3      19.0690    0.0240000      53989.3      19.0860    0.0520000
       53995.353      19.5010    0.0320000      53995.4      19.4430    0.0200000      53995.4      19.2530    0.0140000      53995.4      19.0910    0.0170000      53995.4      19.1130    0.0410000
       54000.314      19.6150    0.0380000      54000.3      19.4380    0.0250000      54000.3      19.2880    0.0200000      54000.3      19.0950    0.0290000      54000.3      19.1120    0.0620000
       54006.260      19.5580    0.0410000      54006.3      19.4140    0.0240000      54006.3      19.2510    0.0250000      54006.3      19.0980    0.0210000      54006.3     -99.9900    0.0470000
       54007.364      19.5970    0.0330000      54007.4      19.3860    0.0190000      54007.4      19.2860    0.0220000      54007.4      19.0550    0.0180000      54007.4      18.9860    0.0510000
       54009.288      19.5160    0.0290000      54009.3      19.4380    0.0390000      54009.3      19.2290    0.0140000      54009.3      19.0980    0.0210000      54009.3      19.0610    0.0460000
       54011.352      19.5860    0.0410000      54011.4      19.4430    0.0210000      54011.4      19.2720    0.0160000      54011.4      19.1010    0.0220000      54011.4      19.1380    0.0450000
       54025.351      19.5380    0.0330000      54025.4      19.4150    0.0180000      54025.3      19.2580    0.0190000      54025.4      19.0790    0.0190000      54025.4      19.0590    0.0520000
       54029.281      19.5210    0.0350000      54029.3      19.3890    0.0450000      54029.3     -99.9900    0.0280000      54029.3      19.0970    0.0230000      54029.3      19.1580    0.0840000
       54348.349      19.6710    0.0360000      54348.4      19.5190    0.0160000      54348.3      19.3540    0.0190000      54348.3      19.1590    0.0190000      54348.4      19.1090    0.0490000
       54358.305      19.6680    0.0380000      54358.3      19.5370    0.0240000      54358.3      19.3010    0.0230000      54358.3      19.1270    0.0260000      54358.3      19.1570    0.0680000
       54359.299     -99.9900    0.0670000      54359.3      19.5440    0.0300000      54359.3      19.3470    0.0240000      54359.3      19.2370    0.0410000      54359.3      19.0280     0.100000
       54365.338      19.6890    0.0300000      54365.3      19.5590    0.0180000      54365.3      19.3250    0.0220000      54365.3      19.1670    0.0270000      54365.3      19.0600    0.0440000
       54381.357      19.6170    0.0300000      54381.4      19.5040    0.0240000      54381.4      19.3150    0.0300000      54381.4      19.1200    0.0190000      54381.4      19.0790    0.0410000
       54384.364      19.6320    0.0490000      54384.4      19.5150    0.0210000      54384.4      19.2990    0.0180000      54384.4      19.1680    0.0220000      54384.4      19.0650    0.0490000
       54386.350      19.6240    0.0390000      54386.4      19.4880    0.0250000      54386.3      19.3110    0.0190000      54386.3      19.1160    0.0230000      54386.4      19.0640    0.0580000
       54388.354      19.6800    0.0350000      54388.4      19.5320    0.0280000      54388.4      19.3110    0.0170000      54388.4      19.1180    0.0220000      54388.4      19.1390    0.0460000
       54404.325     -99.9900    0.0550000      54404.3      19.5840    0.0240000      54404.3      19.3540    0.0190000      54404.3      19.1320    0.0230000      54404.3      19.0520    0.0470000
       54405.323      19.5900    0.0450000      54405.3      19.5900    0.0240000      54405.3      19.3470    0.0190000      54405.3      19.1300    0.0190000      54405.3      19.1450    0.0510000
       54406.261      19.6960    0.0410000      54406.3      19.5960    0.0250000      54406.3      19.3390    0.0210000      54406.3      19.1810    0.0450000      54406.3      19.0880    0.0480000
       54412.264      19.6970    0.0380000      54412.3      19.6160    0.0230000      54412.3      19.3390    0.0180000      54412.3      19.1280    0.0260000      54412.3      19.1900    0.0580000
       52197.000       19.792000     0.036000000       52197.000       19.678000     0.049000000       52197.000       19.363000     0.019000000       52197.000       19.169000     0.021000000       52197.000       19.072000     0.052000000
       51075       19.749000     0.029000000       51075       19.612000     0.028000000       51075       19.429000     0.029000000       51075       19.248000     0.024000000       51075       19.140000     0.067000000
       51134       19.885000     0.043000000       51134       19.664000     0.037000000       51134       19.441000     0.073000000       51134       19.178000     0.031000000       51134       19.033000     0.076000000
       52196       19.807000     0.035000000       52196       19.614000     0.022000000       52196       19.349000     0.021000000       52196       19.173000     0.019000000       52196       19.080000     0.053000000
       52197       19.798000     0.033000000       52197       19.649000     0.029000000       52197       19.370000     0.019000000       52197       19.173000     0.022000000       52197       19.075000     0.054000000
       52207       19.864000     0.036000000       52207       19.622000     0.031000000       52207       19.321000     0.022000000       52207       19.145000     0.022000000       52207       19.054000     0.048000000
       52225       19.819000     0.030000000       52225       19.646000     0.025000000       52225       19.379000     0.026000000       52225       19.214000     0.020000000       52225       19.076000     0.051000000
       52253       19.968000     0.053000000       52253       19.748000     0.029000000       52253       19.403000     0.036000000       52253       19.231000     0.033000000       52253       19.233000     0.059000000
       52557       19.679000     0.047000000       52557       19.571000     0.024000000       52557       19.338000     0.022000000       52557       19.185000     0.029000000       52557       19.116000     0.065000000
       52578       19.749000     0.029000000       52578       19.557000     0.031000000       52578       19.389000     0.019000000       52578       19.224000     0.021000000       52578       19.136000     0.050000000
       52908       19.977000     0.044000000       52908       19.747000     0.023000000       52908       19.513000     0.020000000       52908       19.292000     0.024000000       52908       19.150000     0.059000000
       52934       19.910000     0.044000000       52934       19.739000     0.022000000       52934       19.536000     0.035000000       52934       19.276000     0.026000000       52934       19.191000     0.072000000
       52936       19.940000     0.033000000       52936       19.738000     0.023000000       52936       19.501000     0.027000000       52936       19.287000     0.020000000       52936       19.411000     0.058000000
       52962       19.860000     0.042000000       52962       19.723000     0.027000000       52962       19.494000     0.043000000       52962       19.321000     0.027000000       52962       19.239000     0.071000000
       53270       19.602000     0.035000000       53270       19.531000     0.018000000       53270       19.358000     0.019000000       53270       19.177000     0.022000000       53270       19.066000     0.047000000
       53272       19.666000     0.037000000       53272       19.556000     0.027000000       53272       19.392000     0.021000000       53272       19.153000     0.021000000       53272       19.166000     0.051000000
       53286       19.746000     0.038000000       53286       19.523000     0.029000000       53286       19.400000     0.025000000       53286       19.207000     0.023000000       53286       19.138000     0.057000000
       53288       19.753000     0.043000000       53288       19.558000     0.036000000       53288       19.402000     0.021000000       53288       19.231000     0.030000000       53288       19.147000     0.058000000
       53294       19.813000     0.043000000       53294       19.625000     0.041000000       53294       19.371000     0.024000000       53294       19.217000     0.024000000       53294       19.109000     0.060000000
       53298       19.690000     0.038000000       53298       19.529000     0.023000000       53298       19.390000     0.028000000       53298       19.197000     0.023000000       53298       19.131000     0.070000000
       53312       19.782000     0.045000000       53312       19.642000     0.034000000       53312       19.396000     0.023000000       53312       19.192000     0.023000000       53312       19.089000     0.064000000
       53314       19.784000     0.036000000       53314       19.615000     0.022000000       53314       19.391000     0.019000000       53314       19.203000     0.028000000       53314       19.111000     0.055000000
