       51075.391      21.2690     0.104000      51075.4      20.5410    0.0260000      51075.4      20.4080    0.0310000      51075.4      20.4390    0.0530000      51075.4      19.9480     0.181000
       51818.361      20.9620    0.0830000      51818.4      20.2930    0.0200000      51818.4      20.2680    0.0230000      51818.4      20.2360    0.0330000      51818.4      20.1610     0.143000
       51819.446      20.8160    0.0930000      51819.4      20.3550    0.0270000      51819.4      20.2180    0.0300000      51819.4      20.2550    0.0430000      51819.4      19.9510     0.113000
       51875.190      20.7740    0.0730000      51875.2      20.2640    0.0220000      51875.2      20.2400    0.0280000      51875.2      20.1050    0.0410000      51875.2      20.0350     0.132000
       52170.412      21.1620     0.108000      52170.4      20.5910    0.0240000      52170.4      20.5450    0.0300000      52170.4      20.4880    0.0420000      52170.4      20.2930     0.160000
       52173.325      21.1070     0.139000      52173.3      20.5970    0.0300000      52173.3      20.4470    0.0350000      52173.3      20.4390    0.0570000      52173.3      19.7930     0.162000
       52224.305      21.1760     0.104000      52224.3      20.6980    0.0260000      52224.3      20.5470    0.0300000      52224.3      20.5090    0.0390000      52224.3      20.1310     0.130000
       52225.271      21.1110    0.0950000      52225.3      20.5590    0.0260000      52225.3      20.5250    0.0300000      52225.3      20.5520    0.0460000      52225.3      20.2310     0.112000
       52234.262      20.9840     0.102000      52234.3      20.6160    0.0260000      52234.3      20.5900    0.0330000      52234.3      20.3880    0.0390000      52234.3      20.4590     0.164000
       52261.225      21.3250     0.129000      52261.2      20.6710    0.0260000      52261.2      20.6090    0.0320000      52261.2      20.5050    0.0420000      52261.2      20.3890     0.170000
       52287.106      21.4810     0.132000      52287.1      20.6940    0.0280000      52287.1      20.5650    0.0330000      52287.1      20.5290    0.0440000      52287.1      20.4750     0.172000
       52288.105      21.3810     0.126000      52288.1      20.5640    0.0280000      52288.1      20.5520    0.0380000      52288.1      20.4750    0.0510000      52288.1      20.4560     0.151000
       52551.378      20.8880    0.0820000      52551.4      20.6300    0.0290000      52551.4      20.4950    0.0320000      52551.4      20.5420    0.0490000      52551.4      20.0280     0.107000
       52552.424      20.9700     0.141000      52552.4      20.4790    0.0340000      52552.4      20.5060    0.0460000      52552.4      20.4510    0.0660000      52552.4      19.8200     0.186000
       52557.399      21.0230     0.110000      52557.4      20.5570    0.0260000      52557.4      20.4340    0.0320000      52557.4      20.5280    0.0500000      52557.4      20.2720     0.182000
       52558.411      21.1280    0.0840000      52558.4      20.6250    0.0230000      52558.4      20.4940    0.0270000      52558.4      20.4800    0.0380000      52558.4      20.4090     0.120000
       52577.299      21.0930    0.0890000      52577.3      20.6080    0.0250000      52577.3      20.4980    0.0310000      52577.3      20.4550    0.0430000      52577.3      20.3080     0.123000
       52578.283      21.0270    0.0830000      52578.3      20.5900    0.0270000      52578.3      20.4810    0.0300000      52578.3      20.5180    0.0450000      52578.3      20.1920     0.121000
       52585.246     -99.9900    0.0900000      52585.2      20.5260    0.0240000      52585.2      20.4980    0.0310000      52585.2      20.4720    0.0550000      52585.2      20.3500     0.184000
       52908.373      21.0990     0.123000      52908.4      20.6760    0.0270000      52908.4      20.5940    0.0360000      52908.4      20.5550    0.0510000      52908.4      20.2540     0.180000
       52910.383      21.2800     0.157000      52910.4      20.6300    0.0280000      52910.4      20.5050    0.0310000      52910.4      20.5950    0.0580000      52910.4     -99.9900     0.131000
       52912.353      21.4630     0.154000      52912.4      20.5810    0.0260000      52912.4      20.5070    0.0320000      52912.4      20.5180    0.0430000      52912.4      20.2260     0.153000
       52934.305      20.9140     0.105000      52934.3      20.5850    0.0280000      52934.3      20.5620    0.0380000      52934.3      20.5320    0.0520000      52934.3      20.2210     0.197000
       52935.310      21.1970     0.118000      52935.3      20.5480    0.0280000      52935.3      20.6160    0.0420000      52935.3      20.5250    0.0580000      52935.3      20.3480     0.156000
       52936.301      21.1470     0.102000      52936.3      20.6010    0.0240000      52936.3      20.5200    0.0310000      52936.3      20.5740    0.0450000      52936.3      20.4070     0.179000
       52963.233      21.1290    0.0800000      52963.2      20.6440    0.0280000      52963.2      20.5360    0.0320000      52963.2      20.5640    0.0440000      52963.2      20.3070     0.113000
       52971.224      21.2380     0.115000      52971.2      20.7340    0.0310000      52971.2      20.5320    0.0370000      52971.2      20.6020    0.0630000      52971.2      20.1440     0.112000
       53270.365      21.2940     0.121000      53270.4      20.7990    0.0290000      53270.4      20.7550    0.0350000      53270.4      20.7470    0.0480000      53270.4      20.7760     0.235000
       53272.415      21.2400     0.141000      53272.4      20.7000    0.0290000      53272.4      20.6720    0.0430000      53272.4      20.5900    0.0560000      53272.4      20.7560     0.318000
       53286.384      21.2970     0.163000      53286.4      20.8770    0.0370000      53286.4      20.8000    0.0430000      53286.4      20.6960    0.0520000      53286.4      20.2300     0.162000
       53288.342      21.2780     0.112000      53288.3      20.7580    0.0260000      53288.3      20.6880    0.0320000      53288.3      20.7210    0.0450000      53288.3      20.4160     0.156000
       53294.390      21.4910     0.197000      53294.4      20.7900    0.0350000      53294.4      20.6730    0.0440000      53294.4      20.6600    0.0660000      53294.4      20.7420     0.289000
       53298.387      20.9950     0.122000      53298.4      20.7170    0.0320000      53298.4      20.7360    0.0510000      53298.4      20.7030    0.0700000      53298.4      20.2590     0.223000
       53302.338      21.1530     0.179000      53302.3      20.7540    0.0700000      53302.3      20.7150    0.0530000      53302.3      20.7790    0.0650000      53302.3      20.3900     0.208000
       53312.293      21.9750     0.373000      53312.3      20.7650    0.0530000      53312.3      20.7300    0.0580000      53312.3      20.6890    0.0740000      53312.3      20.7130     0.304000
       53314.295      21.6210     0.229000      53314.3      20.8810    0.0430000      53314.3      20.7240    0.0510000      53314.3      20.6780    0.0700000      53314.3      20.4420     0.250000
       53319.282      21.4050     0.278000      53319.3      20.7560    0.0460000      53319.3      20.7280    0.0690000      53319.3      20.6830    0.0990000      53319.3      20.3520     0.334000
       53351.155      21.3930     0.145000      53351.2      20.9010    0.0360000      53351.2      20.8620    0.0540000      53351.2      20.7820    0.0740000      53351.2      20.3000     0.192000
       53616.399     -99.9900     0.159000      53616.4      20.5560    0.0290000      53616.4      20.6430    0.0410000      53616.4      20.6170    0.0580000      53616.4      20.6190     0.283000
       53622.412      21.1470    0.0990000      53622.4      20.6330    0.0270000      53622.4      20.6040    0.0330000      53622.4     -99.9900    0.0530000      53622.4      20.5870     0.151000
       53626.375     -99.9900     0.283000      53626.4     -99.9900    0.0630000      53626.4      20.5930    0.0460000      53626.4      20.5240    0.0570000      53626.4     -99.9900     0.324000
       53628.360      21.1300     0.209000      53628.4      20.6230    0.0570000      53628.4      20.6360    0.0570000      53628.4      20.4860    0.0640000      53628.4      20.1490     0.186000
       53637.362      21.7940     0.390000      53637.4      20.8380    0.0710000      53637.4      20.7030    0.0580000      53637.4      20.7010    0.0760000      53637.4      20.9800     0.406000
       53638.403      21.3850     0.143000      53638.4      20.8320    0.0360000      53638.4      20.6890    0.0380000      53638.4      20.6440    0.0530000      53638.4      20.2570     0.116000
       53639.407      21.1930     0.129000      53639.4      20.6960    0.0300000      53639.4      20.6670    0.0340000      53639.4      20.6900    0.0450000      53639.4      20.2570     0.137000
       53640.367     -99.9900     0.142000      53640.4      20.6300    0.0350000      53640.4      20.6990    0.0420000      53640.4      20.7950    0.0650000      53640.4      20.2850     0.137000
       53641.406      21.4040     0.156000      53641.4      20.7300    0.0300000      53641.4      20.7020    0.0350000      53641.4      20.7670    0.0480000      53641.4      20.1930     0.140000
       53646.428      21.2410     0.178000      53646.4      20.7700    0.0450000      53646.4      20.7090    0.0460000      53646.4      20.7310    0.0810000      53646.4      20.0250     0.154000
       53655.339      21.3450     0.135000      53655.3      20.7970    0.0320000      53655.3      20.7010    0.0430000      53655.3      20.6280    0.0640000      53655.3      20.2020     0.127000
       53657.365      21.0130     0.302000      53657.4      20.4700    0.0850000      53657.4      20.6930     0.108000      53657.4      20.4360    0.0960000      53657.4      19.6950     0.182000
       53663.350      21.4500     0.307000      53663.4      20.8560    0.0700000      53663.3      20.8370    0.0690000      53663.3      20.8380    0.0800000      53663.4      20.5110     0.181000
       53665.328      21.3890     0.282000      53665.3      20.9100    0.0590000      53665.3      20.7000    0.0680000      53665.3      20.6120    0.0820000      53665.3      20.2000     0.192000
       53665.429     -99.9900     0.253000      53665.4      20.9610     0.104000      53665.4      20.7270    0.0560000      53665.4      20.7100    0.0710000      53665.4      20.4730     0.175000
       53669.323      21.2650     0.143000      53669.3      20.7990    0.0400000      53669.3      20.8070    0.0490000      53669.3      20.6100    0.0630000      53669.3      20.6320     0.193000
       53669.427      22.0560     0.614000      53669.4      20.8610    0.0590000      53669.4      20.7470    0.0660000      53669.4      20.6840    0.0790000      53669.4      20.9900     0.424000
       53670.344      21.4330     0.220000      53670.3      20.7700    0.0390000      53670.3      20.7680    0.0490000      53670.3      20.7270    0.0670000      53670.3      20.2110     0.219000
       53670.423      21.4930     0.328000      53670.4      20.8250    0.0650000      53670.4      20.7070    0.0590000      53670.4      20.7360    0.0930000      53670.4      20.4170     0.266000
       53671.408      21.1250     0.145000      53671.4      20.8340    0.0420000      53671.4      20.9000    0.0870000      53671.4      20.5960    0.0610000      53671.4      20.6320     0.204000
       53673.312      21.3660     0.135000      53673.3      20.8210    0.0260000      53673.3      20.8130    0.0360000      53673.3      20.6930    0.0430000      53673.3      20.5510     0.160000
       53674.308      21.4180     0.171000      53674.3      20.9260    0.0440000      53674.3      20.7630    0.0440000      53674.3      20.7520    0.0700000      53674.3      20.4140     0.180000
       53675.309      21.3840     0.145000      53675.3      20.8820    0.0310000      53675.3      20.7690    0.0450000      53675.3      20.6710    0.0560000      53675.3      20.0640     0.161000
       53676.397     -99.9900     0.158000      53676.4      20.9240    0.0350000      53676.4      20.7960    0.0460000      53676.4      20.7750    0.0610000      53676.4      20.3150     0.117000
       53677.330      21.2520     0.126000      53677.3      20.8500    0.0290000      53677.3      20.6950    0.0380000      53677.3      20.6730    0.0460000      53677.3      20.2260     0.147000
       53679.369      21.1010     0.156000      53679.4      20.7020    0.0390000      53679.4      20.5470    0.0580000      53679.4      20.3660    0.0770000      53679.4      20.2450     0.214000
       53680.317      21.3900     0.154000      53680.3      20.8780    0.0320000      53680.3      20.7600    0.0410000      53680.3      20.6630    0.0500000      53680.3      20.5150     0.198000
       53681.361      21.6160     0.169000      53681.4      20.8170    0.0320000      53681.4      20.6940    0.0380000      53681.4      20.7300    0.0540000      53681.4      20.3800     0.124000
       53683.375      21.3780     0.212000      53683.4      20.8960    0.0390000      53683.4      20.7020    0.0510000      53683.4      20.7520    0.0870000      53683.4      20.1990     0.229000
       53684.322      21.5840     0.364000      53684.3      20.7640    0.0840000      53684.3      20.6860    0.0660000      53684.3      20.6830     0.110000      53684.3      20.7120     0.497000
       53686.316      20.8900     0.296000      53686.3      20.7880     0.128000      53686.3      20.5700    0.0950000      53686.3      20.5050    0.0940000      53686.3      20.6350     0.365000
       53687.263      21.1660     0.339000      53687.3      20.9550     0.118000      53687.3      20.8810    0.0970000      53687.3      20.8440     0.127000      53687.3      20.1150     0.168000
       53693.319      21.3450     0.455000      53693.3      20.6960    0.0970000      53693.3      20.8660    0.0990000      53693.3      20.7420    0.0940000      53693.3      20.4420     0.272000
       53697.318      21.9160     0.336000      53697.3      20.7870    0.0480000      53697.3      20.7130    0.0510000      53697.3      20.9160    0.0810000      53697.3      20.6940     0.192000
       53698.316      21.5070     0.218000      53698.3      20.8510    0.0440000      53698.3      20.7450    0.0460000      53698.3      20.8050    0.0660000      53698.3      20.3670     0.188000
       53700.316      21.3350     0.206000      53700.3      20.6680    0.0380000      53700.3      20.6700    0.0620000      53700.3      20.6000    0.0920000      53700.3      20.2700     0.222000
       53704.302      20.9930     0.139000      53704.3      20.7360    0.0310000      53704.3      20.7710    0.0530000      53704.3      20.6670    0.0650000      53704.3      20.3890     0.220000
       53975.388      21.2260     0.113000      53975.4      20.6570    0.0280000      53975.4      20.5480    0.0380000      53975.4      20.5760    0.0530000      53975.4      20.0980     0.109000
       53989.398      21.1030     0.211000      53989.4      20.6030    0.0640000      53989.4      20.5300    0.0500000      53989.4      20.5360    0.0560000      53989.4      20.5200     0.179000
       53993.400     -99.9900     0.113000      53993.4     -99.9900    0.0350000      53993.4      20.5220    0.0430000      53993.4     -99.9900     0.118000      53993.4     -99.9900     0.309000
       53994.411     -99.9900    0.0820000      53994.4      20.5520    0.0300000      53994.4      20.5690    0.0320000      53994.4      20.4830    0.0470000      53994.4      20.4310     0.132000
       53995.437      21.0310    0.0860000      53995.4      20.6540    0.0250000      53995.4      20.6520    0.0310000      53995.4      20.6010    0.0410000      53995.4      20.4350     0.134000
       54000.374      21.3480     0.134000      54000.4      20.4560    0.0300000      54000.4      20.6180    0.0400000      54000.4      20.6530    0.0560000      54000.4      20.8020     0.294000
       54005.408      20.9110    0.0720000      54005.4      20.5450    0.0260000      54005.4      20.5270    0.0300000      54005.4      20.4930    0.0390000      54005.4      20.4170    0.0990000
       54007.424      20.9830    0.0980000      54007.4      20.5790    0.0270000      54007.4      20.4850    0.0280000      54007.4      20.4470    0.0370000      54007.4      19.9940     0.110000
       54009.348      20.8740    0.0750000      54009.3      20.5700    0.0250000      54009.3      20.5320    0.0280000      54009.3      20.6110    0.0360000      54009.3      20.1890     0.110000
       54010.349     -99.9900    0.0700000      54010.4      20.5810    0.0230000      54010.3      20.5270    0.0220000      54010.3      20.5120    0.0330000      54010.4      20.3500    0.0870000
       54011.412      21.0370    0.0760000      54011.4      20.5820    0.0230000      54011.4      20.5320    0.0240000      54011.4      20.5530    0.0320000      54011.4      20.3520     0.118000
       54012.342      21.1240     0.202000      54012.3      20.5100    0.0590000      54012.3      20.4770    0.0490000      54012.3      20.5280    0.0640000      54012.3      20.2410     0.161000
       54020.348      20.9440     0.149000      54020.3      20.4570    0.0590000      54020.3      20.5170    0.0460000      54020.3      20.6150    0.0670000      54020.3      20.2010     0.137000
       54024.429      21.0480     0.134000      54024.4      20.5870    0.0350000      54024.4      20.4690    0.0400000      54024.4      20.5820    0.0620000      54024.4      20.3090     0.140000
       54025.411      20.9380     0.118000      54025.4      20.5660    0.0270000      54025.4      20.5280    0.0380000      54025.4      20.5760    0.0510000      54025.4      19.9500     0.125000
       54028.418     -99.9900    0.0950000      54028.4      20.5170    0.0320000      54028.4      20.4700    0.0360000      54028.4      20.4660    0.0530000      54028.4      20.5290     0.154000
       54030.341     -99.9900    0.0690000      54030.3      20.5400    0.0250000      54030.3      20.5750    0.0290000      54030.3      20.6390    0.0460000      54030.3      20.2700     0.100000
       54035.417      20.8210     0.131000      54035.4      20.5400    0.0310000      54035.4      20.5480    0.0500000      54035.4      20.5250    0.0750000      54035.4      20.0010     0.138000
       54037.323      21.1060    0.0760000      54037.3      20.5780    0.0270000      54037.3      20.6080    0.0260000      54037.3      20.5270    0.0340000      54037.3      20.3770     0.102000
       54040.337     -99.9900     0.120000      54040.3      20.6280    0.0440000      54040.3      20.4710    0.0440000      54040.3      20.5750    0.0740000      54040.3      20.4920     0.162000
       54049.364      20.9750     0.201000      54049.4      20.5930    0.0550000      54049.4      20.5110    0.0560000      54049.4      20.4130    0.0670000      54049.4      20.3330     0.158000
       54053.344      21.0850     0.109000      54053.3     -99.9900    0.0320000      54053.3     -99.9900    0.0380000      54053.3      20.6110    0.0650000      54053.3     -99.9900     0.175000
       54056.330      20.9290     0.132000      54056.3     -99.9900    0.0370000      54056.3      20.4670    0.0430000      54056.3      20.5790    0.0650000      54056.3      20.2470     0.166000
       54062.329     -99.9900    0.0940000      54062.3      20.5900    0.0300000      54062.3      20.4920    0.0310000      54062.3      20.5280    0.0510000      54062.3      20.3820     0.155000
       54064.325      21.3520     0.140000      54064.3      20.5650    0.0270000      54064.3      20.4530    0.0340000      54064.3      20.4970    0.0510000      54064.3      20.1800     0.122000
       54068.309      21.0410     0.182000      54068.3      20.5540    0.0550000      54068.3      20.4510    0.0670000      54068.3      20.4820    0.0870000      54068.3      20.3260     0.181000
       54348.409      21.0040     0.130000      54348.4      20.6250    0.0360000      54348.4      20.7350    0.0400000      54348.4      20.6400    0.0540000      54348.4      20.8350     0.298000
       54355.419     -99.9900     0.193000      54355.4     -99.9900    0.0280000      54355.4     -99.9900    0.0640000      54355.4     -99.9900    0.0810000      54355.4     -99.9900     0.134000
       54357.367      21.2850    0.0880000      54357.4      20.7830    0.0230000      54357.4      20.8150    0.0300000      54357.4      20.6450    0.0380000      54357.4      20.5830     0.102000
       54358.365      21.1010     0.142000      54358.4      20.7610    0.0380000      54358.4     -99.9900    0.0510000      54358.4      20.6580    0.0570000      54358.4      20.3520     0.208000
       54365.398      21.6680     0.147000      54365.4      20.7860    0.0280000      54365.4      20.7460    0.0310000      54365.4      20.6330    0.0400000      54365.4      20.1000     0.106000
       54376.412      21.3650     0.128000      54376.4      20.7100    0.0360000      54376.4      20.7400    0.0330000      54376.4      20.6680    0.0450000      54376.4      20.1320    0.0890000
       54381.417      21.2790     0.112000      54381.4      20.7520    0.0260000      54381.4      20.7010    0.0400000      54381.4      20.6530    0.0420000      54381.4      20.2170     0.108000
       54382.397      21.2450     0.146000      54382.4      20.6800    0.0350000      54382.4      20.7300    0.0480000      54382.4      20.7770    0.0850000      54382.4      20.4340     0.185000
       54384.424      21.2730     0.143000      54384.4      20.7990    0.0330000      54384.4      20.6790    0.0320000      54384.4      20.6310    0.0440000      54384.4      20.1270     0.119000
       54385.415      21.0890    0.0900000      54385.4      20.6370    0.0300000      54385.4      20.7150    0.0340000      54385.4      20.6180    0.0420000      54385.4      20.5780     0.138000
       54388.414      21.1810     0.122000      54388.4      20.7220    0.0310000      54388.4      20.6820    0.0350000      54388.4      20.7120    0.0480000      54388.4      20.2370     0.120000
       54390.408      21.0330     0.125000      54390.4      20.7010    0.0420000      54390.4     -99.9900     0.146000      54390.4     -99.9900    0.0840000      54390.4      20.1290     0.156000
       54392.411      21.7520     0.280000      54392.4     -99.9900    0.0380000      54392.4      20.6950    0.0450000      54392.4      20.7000    0.0630000      54392.4      20.2520     0.178000
       54402.409     -99.9900     0.366000      54402.4      20.6820    0.0770000      54402.4      20.6530    0.0630000      54402.4      20.5960    0.0710000      54402.4      20.5040     0.156000
       54403.328      21.3870     0.459000      54403.3      20.7400     0.149000      54403.3      20.5530    0.0910000      54403.3      20.6720     0.147000      54403.3      20.8030     0.604000
       54404.385     -99.9900     0.309000      54404.4      20.7200     0.115000      54404.4      20.8660    0.0850000      54404.4      20.8230     0.111000      54404.4      19.8550     0.426000
       54405.383      21.0490     0.182000      54405.4      20.7950    0.0440000      54405.4      20.6640    0.0530000      54405.4      20.6740    0.0580000      54405.4      20.3340     0.197000
       54406.321      21.0020     0.106000      54406.3      20.7440    0.0410000      54406.3      20.6730    0.0350000      54406.3      20.6660    0.0420000      54406.3      20.2850     0.134000
       54412.347      21.2590     0.147000      54412.3      20.7790    0.0310000      54412.3      20.7540    0.0450000      54412.3      20.7710    0.0590000      54412.3      20.0510     0.128000
       52234.000       20.906000     0.097000000       52234.000       20.618000     0.029000000       52234.000       20.572000     0.033000000       52234.000       20.258000     0.041000000       52234.000       20.387000      0.14600000
       51075       21.268000     0.086000000       51075       20.516000     0.026000000       51075       20.436000     0.035000000       51075       20.477000     0.051000000       51075       19.854000      0.14900000
       51132       0.0000000       0.0000000       51132       0.0000000       0.0000000       51132       0.0000000       0.0000000       51132       0.0000000       0.0000000       51132       0.0000000       0.0000000
       51133       21.109000     0.077000000       51133       20.541000     0.031000000       51133       20.473000     0.036000000       51133       20.382000     0.054000000       51133       20.104000      0.14700000
       51134       21.109000     0.063000000       51134       20.530000     0.025000000       51134       20.499000     0.030000000       51134       20.374000     0.037000000       51134       19.966000      0.10500000
       51818       20.977000     0.069000000       51818       20.319000     0.020000000       51818       20.284000     0.032000000       51818       20.253000     0.032000000       51818       20.156000      0.12200000
       51819       20.859000     0.084000000       51819       20.365000     0.028000000       51819       20.259000     0.035000000       51819       20.233000     0.040000000       51819       19.952000      0.11200000
       52224       21.139000     0.083000000       52224       20.703000     0.031000000       52224       20.528000     0.030000000       52224       20.520000     0.039000000       52224       20.150000      0.11500000
       52231       21.300000     0.098000000       52231       20.661000     0.029000000       52231       20.534000     0.031000000       52231       20.599000     0.043000000       52231       20.090000      0.11100000
       52234       21.046000     0.084000000       52234       20.629000     0.031000000       52234       20.566000     0.032000000       52234       20.403000     0.039000000       52234       20.404000      0.13500000
       52261       21.274000     0.097000000       52261       20.668000     0.034000000       52261       20.616000     0.034000000       52261       20.473000     0.041000000       52261       20.359000      0.14500000
       52288       21.458000      0.10500000       52288       20.692000     0.030000000       52288       20.658000     0.039000000       52288       20.638000     0.046000000       52288       20.480000      0.13800000
       52522       21.173000     0.087000000       52522       20.623000     0.029000000       52522       20.482000     0.027000000       52522       20.435000     0.037000000       52522       20.427000      0.12000000
       52552       21.001000      0.11600000       52552       20.541000     0.037000000       52552       20.570000     0.049000000       52552       20.555000     0.068000000       52552       19.820000      0.16100000
       52557       21.059000     0.093000000       52557       20.599000     0.028000000       52557       20.472000     0.036000000       52557       20.548000     0.047000000       52557       20.247000      0.15300000
       52578       21.082000     0.073000000       52578       20.619000     0.031000000       52578       20.463000     0.033000000       52578       20.472000     0.044000000       52578       20.091000      0.11100000
       52872       21.104000      0.10800000       52872       20.700000     0.037000000       52872       20.649000     0.039000000       52872       20.605000     0.046000000       52872       20.513000      0.16000000
       52908       21.171000     0.099000000       52908       20.677000     0.035000000       52908       20.596000     0.037000000       52908       20.540000     0.049000000       52908       20.303000      0.16700000
       52912       21.441000      0.12000000       52912       20.577000     0.031000000       52912       20.526000     0.034000000       52912       20.537000     0.041000000       52912       20.281000      0.13600000
       52934       20.964000     0.089000000       52934       20.649000     0.036000000       52934       20.656000     0.042000000       52934       20.582000     0.049000000       52934       20.275000      0.17900000
       52936       21.141000     0.080000000       52936       20.634000     0.028000000       52936       20.574000     0.031000000       52936       20.584000     0.041000000       52936       20.374000      0.14900000
       52971       21.242000     0.099000000       52971       20.786000     0.036000000       52971       20.445000     0.042000000       52971       20.597000     0.060000000       52971       20.108000      0.10500000
       53270       21.278000      0.10700000       53270       20.830000     0.031000000       53270       20.750000     0.037000000       53270       20.718000     0.050000000       53270       20.750000      0.21700000
       53272       21.336000      0.11200000       53272       20.818000     0.046000000       53272       20.806000     0.056000000       53272       20.686000     0.056000000       53272       20.904000      0.28900000
       53286       21.329000      0.14000000       53286       20.830000     0.042000000       53286       20.803000     0.042000000       53286       20.689000     0.048000000       53286       20.232000      0.13800000
       53294       21.499000      0.15200000       53294       20.812000     0.041000000       53294       20.692000     0.044000000       53294       20.677000     0.062000000       53294       20.731000      0.24100000
       53298       21.148000      0.10600000       53298       20.722000     0.033000000       53298       20.740000     0.050000000       53298       20.696000     0.066000000       53298       20.243000      0.19600000
       53312       21.913000      0.37500000       53312       20.751000     0.059000000       53312       20.691000     0.061000000       53312       20.667000     0.078000000       53312       20.664000      0.29300000
       53314       21.566000      0.17500000       53314       20.911000     0.043000000       53314       20.858000     0.052000000       53314       20.702000     0.066000000       53314       20.513000      0.23500000
       53319       21.532000      0.21600000       53319       20.815000     0.046000000       53319       20.815000     0.077000000       53319       20.798000     0.094000000       53319       20.577000      0.31800000
