       51075.384      20.3060    0.0520000      51075.4      20.1020    0.0200000      51075.4      20.0680    0.0230000      51075.4      19.8290    0.0280000      51075.4      19.8260     0.114000
       51818.353      20.3750    0.0620000      51818.4      20.0910    0.0180000      51818.4      19.9720    0.0210000      51818.4      19.7980    0.0260000      51818.4      19.7600    0.0790000
       52170.404      20.1260    0.0530000      52170.4      19.9650    0.0170000      52170.4      19.9540    0.0210000      52170.4      19.7330    0.0210000      52170.4      19.6280    0.0750000
       52173.318      20.1800    0.0710000      52173.3      19.9940    0.0200000      52173.3      19.9450    0.0270000      52173.3      19.6960    0.0290000      52173.3      19.7670     0.121000
       52207.370      20.1980    0.0590000      52207.4      20.0200    0.0190000      52207.4      19.9580    0.0210000      52207.4      19.7350    0.0220000      52207.4      19.6400    0.0760000
       52224.298      20.2560    0.0580000      52224.3      19.9710    0.0170000      52224.3      19.9700    0.0200000      52224.3      19.7410    0.0210000      52224.3      19.6800    0.0790000
       52231.283      20.0490    0.0490000      52231.3      19.9550    0.0160000      52231.3      19.9430    0.0200000      52231.3      19.7390    0.0210000      52231.3      19.7750    0.0750000
       52234.254     -99.9900    0.0520000      52234.3      19.9610    0.0170000      52234.3      19.9160    0.0200000      52234.3      19.7360    0.0200000      52234.3      19.7260    0.0700000
       52261.218      20.1340    0.0550000      52261.2      19.9720    0.0170000      52261.2      19.9370    0.0210000      52261.2      19.7280    0.0210000      52261.2      19.7770    0.0780000
       52287.098      20.0920    0.0490000      52287.1      19.9060    0.0170000      52287.1      19.8600    0.0200000      52287.1      19.6800    0.0210000      52287.1      19.7460    0.0780000
       52552.417      19.9260    0.0520000      52552.4     -99.9900    0.0190000      52552.4      19.7960    0.0210000      52552.4      19.5840    0.0220000      52552.4      19.4760    0.0780000
       52557.391      19.8590    0.0450000      52557.4      19.7900    0.0160000      52557.4      19.7830    0.0200000      52557.4      19.5780    0.0200000      52557.4      19.5560    0.0760000
       52908.366      19.9470    0.0480000      52908.4      19.8040    0.0170000      52908.4      19.7800    0.0190000      52908.4      19.6250    0.0210000      52908.4      19.6170    0.0750000
       52912.345      19.9540    0.0540000      52912.3      19.7680    0.0170000      52912.3      19.8060    0.0210000      52912.3      19.6080    0.0230000      52912.3      19.6590    0.0890000
       52934.298      20.0600    0.0560000      52934.3      19.8160    0.0160000      52934.3      19.8430    0.0240000      52934.3      19.6090    0.0250000      52934.3      19.6010    0.0920000
       52936.294      19.9860    0.0450000      52936.3      19.8240    0.0150000      52936.3      19.8030    0.0180000      52936.3      19.6260    0.0190000      52936.3      19.6430    0.0710000
       53270.358     -99.9900    0.0580000      53270.4      19.9860    0.0190000      53270.4      19.9130    0.0250000      53270.4      19.6960    0.0270000      53270.4      19.7310    0.0700000
       53272.408      20.2080    0.0700000      53272.4      19.9610    0.0190000      53272.4      19.9590    0.0240000      53272.4      19.7330    0.0250000      53272.4      19.6440    0.0910000
       53286.376      20.2440    0.0680000      53286.4      20.0090    0.0200000      53286.4      19.9840    0.0230000      53286.4      19.7130    0.0210000      53286.4      19.6790    0.0750000
       53288.335      20.1570    0.0510000      53288.3      20.0390    0.0180000      53288.3      19.9720    0.0200000      53288.3      19.7510    0.0200000      53288.3      19.8180    0.0760000
       53294.382      20.2310    0.0620000      53294.4      20.0640    0.0370000      53294.4      19.9740    0.0270000      53294.4      19.7400    0.0240000      53294.4      19.6220    0.0800000
       53296.329      20.1070    0.0900000      53296.3      20.0260    0.0250000      53296.3      20.0210    0.0310000      53296.3      19.7420    0.0590000      53296.3      19.8780     0.104000
       53298.379      20.2680    0.0700000      53298.4      20.0900    0.0210000      53298.4      19.9600    0.0290000      53298.4      19.7630    0.0290000      53298.4      19.6810     0.104000
       53302.330      20.2350     0.102000      53302.3     -99.9900    0.0330000      53302.3      19.9760    0.0330000      53302.3      19.7890    0.0320000      53302.3      19.7290    0.0790000
       53312.286      20.0980    0.0840000      53312.3      19.9850    0.0320000      53312.3      19.9730    0.0340000      53312.3      19.7160    0.0390000      53312.3      19.8070     0.110000
       53314.287      20.0540    0.0610000      53314.3      19.9490    0.0220000      53314.3      20.0050    0.0280000      53314.3      19.7250    0.0270000      53314.3      19.5290    0.0800000
       53319.275      20.0680    0.0800000      53319.3     -99.9900    0.0250000      53319.3      19.8590    0.0330000      53319.3      19.7010    0.0430000      53319.3      19.9220     0.167000
       53616.392      20.2720    0.0820000      53616.4      20.1790    0.0250000      53616.4      20.0560    0.0280000      53616.4      19.7940    0.0320000      53616.4      19.8550     0.128000
       53626.368     -99.9900    0.0670000      53626.4      20.1470    0.0230000      53626.4     -99.9900    0.0600000      53626.4     -99.9900    0.0450000      53626.4      19.7140    0.0970000
       53628.353      20.2180     0.105000      53628.4      20.0630    0.0360000      53628.4      19.9870    0.0350000      53628.4      19.8140    0.0350000      53628.4      19.9730     0.123000
       53637.354      20.1970     0.100000      53637.4      20.1070    0.0360000      53637.4      20.0130    0.0320000      53637.4      19.8210    0.0330000      53637.4      19.9430     0.132000
       53639.400      20.3810    0.0700000      53639.4      20.0830    0.0200000      53639.4      20.0660    0.0220000      53639.4      19.7990    0.0220000      53639.4      19.7670    0.0700000
       53641.399      20.1640    0.0600000      53641.4      20.1270    0.0200000      53641.4      20.0260    0.0220000      53641.4      19.8230    0.0210000      53641.4      19.8590    0.0820000
       53657.358     -99.9900     0.148000      53657.4      20.0820    0.0610000      53657.4      19.9180    0.0480000      53657.4      19.7010    0.0410000      53657.4      19.6210     0.125000
       53663.342      20.3410     0.129000      53663.3      19.9680    0.0380000      53663.3      19.9610    0.0320000      53663.3      19.7540    0.0260000      53663.3      19.8400    0.0880000
       53666.413      20.1530     0.105000      53666.4      19.9910    0.0290000      53666.4      19.9650    0.0290000      53666.4      19.7040    0.0250000      53666.4      19.7670    0.0880000
       53668.332      20.2080    0.0850000      53668.3     -99.9900    0.0240000      53668.3      19.9550    0.0290000      53668.3      19.7510    0.0290000      53668.3      20.0920     0.139000
       53669.420      20.0030     0.105000      53669.4      19.9370    0.0280000      53669.4      19.8830    0.0290000      53669.4      19.7050    0.0300000      53669.4      19.5950     0.105000
       53670.337      20.1320    0.0620000      53670.3      19.9970    0.0190000      53670.3      19.9180    0.0250000      53670.3      19.7670    0.0270000      53670.3      19.7620    0.0950000
       53673.305      20.0800    0.0510000      53673.3      19.9060    0.0160000      53673.3      19.9120    0.0200000      53673.3      19.7370    0.0200000      53673.3      19.5580    0.0570000
       53675.302      19.9710    0.0500000      53675.3      19.9130    0.0160000      53675.3      19.9180    0.0220000      53675.3      19.7140    0.0230000      53675.3      19.7170    0.0830000
       53677.323      20.0110    0.0510000      53677.3      19.8730    0.0150000      53677.3      19.9170    0.0190000      53677.3      19.7340    0.0200000      53677.3      19.7360    0.0630000
       53680.309      20.0110    0.0490000      53680.3      19.8700    0.0160000      53680.3      19.9150    0.0210000      53680.3      19.7100    0.0210000      53680.3      19.6750    0.0680000
       53683.368      19.8970    0.0590000      53683.4      19.9460    0.0200000      53683.4      19.8980    0.0260000      53683.4      19.6430    0.0310000      53683.4      19.7330     0.124000
       53686.309     -99.9900     0.140000      53686.3     -99.9900    0.0550000      53686.3      19.8610    0.0460000      53686.3      19.7140    0.0370000      53686.3      19.9070     0.131000
       53693.311     -99.9900     0.119000      53693.3      19.8400    0.0410000      53693.3      19.8480    0.0390000      53693.3      19.6650    0.0320000      53693.3      19.7000     0.103000
       53698.309      19.9220    0.0600000      53698.3      19.8130    0.0200000      53698.3      19.7570    0.0290000      53698.3      19.6260    0.0250000      53698.3      19.5780    0.0750000
       53704.295      19.9440    0.0580000      53704.3      19.7840    0.0160000      53704.3      19.8050    0.0230000      53704.3      19.6480    0.0250000      53704.3      19.5130    0.0810000
       53989.391      20.1420     0.113000      53989.4      20.0950    0.0440000      53989.4      19.9930    0.0370000      53989.4      19.7780    0.0300000      53989.4      19.8310    0.0780000
       53995.429      20.2860    0.0570000      53995.4      20.1420    0.0260000      53995.4      20.0510    0.0230000      53995.4      19.8120    0.0230000      53995.4      19.6850    0.0600000
       54000.366      20.2640    0.0690000      54000.4      20.0590    0.0420000      54000.4      20.0320    0.0250000      54000.4      19.7930    0.0330000      54000.4      19.8710     0.114000
       54007.416      20.1690    0.0630000      54007.4     -99.9900    0.0240000      54007.4      20.0050    0.0300000      54007.4      19.7800    0.0280000      54007.4      19.7180    0.0790000
       54009.340      20.3280    0.0530000      54009.3      20.1130    0.0240000      54009.3      20.0750    0.0260000      54009.3      19.7380    0.0250000      54009.3      19.8070    0.0670000
       54011.405      20.2580    0.0480000      54011.4      20.1350    0.0210000      54011.4      19.9980    0.0210000      54011.4      19.7820    0.0360000      54011.4      19.9100    0.0680000
       54025.404      20.1070    0.0640000      54025.4      19.9850    0.0280000      54025.4      19.9630    0.0230000      54025.4      19.7380    0.0250000      54025.4      19.9780     0.117000
       54029.334     -99.9900    0.0510000      54029.3      19.9630    0.0230000      54029.3      19.9170    0.0210000      54029.3      19.7180    0.0220000      54029.3      19.6970    0.0760000
       54346.397      20.2670     0.101000      54346.4      19.9510    0.0330000      54346.4      19.9570    0.0370000      54346.4      19.7190    0.0300000      54346.4      19.7140    0.0720000
       54348.401      20.0650    0.0730000      54348.4      19.9590    0.0230000      54348.4      19.9300    0.0240000      54348.4      19.6980    0.0260000      54348.4      19.7510    0.0760000
       54358.357      20.0810    0.0580000      54358.4     -99.9900    0.0390000      54358.4      19.9380    0.0320000      54358.4      19.6910    0.0450000      54358.4      19.5120    0.0750000
       54365.390      20.0590    0.0490000      54365.4      19.9440    0.0200000      54365.4      19.8870    0.0220000      54365.4      19.7090    0.0230000      54365.4      19.7560    0.0700000
       54381.410      19.9240    0.0570000      54381.4      19.8480    0.0180000      54381.4      19.8790    0.0230000      54381.4      19.6770    0.0260000      54381.4      19.7490    0.0740000
       54384.416     -99.9900    0.0540000      54384.4      19.8730    0.0290000      54384.4      19.8540    0.0210000      54384.4      19.6690    0.0220000      54384.4      19.7410    0.0770000
       54386.402      20.0340    0.0550000      54386.4      19.8570    0.0210000      54386.4      19.8980    0.0270000      54386.4      19.6680    0.0240000      54386.4      19.8590    0.0930000
       54388.406     -99.9900    0.0550000      54388.4      19.8570    0.0230000      54388.4      19.7830    0.0230000      54388.4      19.6900    0.0240000      54388.4      19.8170    0.0800000
       54392.404     -99.9900    0.0610000      54392.4      19.8240    0.0250000      54392.4      19.8880    0.0490000      54392.4      19.6460    0.0280000      54392.4      19.6690    0.0960000
       54403.320     -99.9900     0.256000      54403.3      19.9040     0.246000      54403.3      19.7660    0.0780000      54403.3      19.6540     0.115000      54403.3     -99.9900      1.00500
       54404.378      19.8190    0.0830000      54404.4      19.8130    0.0310000      54404.4      19.7700    0.0310000      54404.4      19.5580    0.0350000      54404.4      19.7320    0.0910000
       54405.376     -99.9900    0.0720000      54405.4      19.8690    0.0280000      54405.4      19.8330    0.0300000      54405.4      19.6330    0.0290000      54405.4      19.7300    0.0810000
       54406.314     -99.9900    0.0470000      54406.3     -99.9900    0.0290000      54406.3      19.7920    0.0330000      54406.3      19.6520    0.0220000      54406.3      19.5090    0.0520000
       54412.340      19.8960    0.0560000      54412.3      19.8020    0.0270000      54412.3      19.7320    0.0230000      54412.3      19.6060    0.0250000      54412.3      19.5650    0.0870000
       52234.000       20.111000     0.052000000       52234.000       19.972000     0.027000000       52234.000       19.860000     0.047000000       52234.000       19.727000     0.034000000       52234.000       19.742000     0.072000000
       51075       20.253000     0.051000000       51075       20.108000     0.025000000       51075       20.059000     0.027000000       51075       19.823000     0.029000000       51075       19.823000      0.11500000
       51133       20.055000     0.042000000       51133       20.000000     0.026000000       51133       19.887000     0.041000000       51133       19.763000     0.038000000       51133       19.716000      0.11800000
       51134       20.198000     0.052000000       51134       19.936000     0.028000000       51134       19.933000     0.023000000       51134       19.733000     0.023000000       51134       19.826000     0.085000000
       51818       20.369000     0.056000000       51818       20.093000     0.026000000       51818       19.975000     0.038000000       51818       19.759000     0.039000000       51818       19.752000     0.076000000
       52170       20.135000     0.044000000       52170       19.980000     0.028000000       52170       19.934000     0.024000000       52170       19.710000     0.023000000       52170       19.590000     0.074000000
       52173       20.164000     0.059000000       52173       19.970000     0.029000000       52173       19.939000     0.030000000       52173       19.675000     0.037000000       52173       19.744000      0.11600000
       52207       20.189000     0.049000000       52207       20.037000     0.033000000       52207       19.956000     0.023000000       52207       19.711000     0.023000000       52207       19.642000     0.073000000
       52224       20.286000     0.052000000       52224       19.980000     0.037000000       52224       19.986000     0.023000000       52224       19.727000     0.031000000       52224       19.651000     0.075000000
       52231       20.039000     0.054000000       52231       19.961000     0.027000000       52231       19.959000     0.023000000       52231       19.733000     0.025000000       52231       19.752000     0.074000000
       52234       20.100000     0.045000000       52234       19.953000     0.028000000       52234       19.873000     0.021000000       52234       19.710000     0.031000000       52234       19.746000     0.073000000
       52261       20.154000     0.045000000       52261       20.005000     0.024000000       52261       19.918000     0.028000000       52261       19.710000     0.025000000       52261       19.751000     0.075000000
       52287       20.083000     0.048000000       52287       19.930000     0.024000000       52287       19.867000     0.026000000       52287       19.689000     0.024000000       52287       19.721000     0.075000000
       52552       19.888000     0.048000000       52552       19.864000     0.032000000       52552       19.766000     0.034000000       52552       19.565000     0.030000000       52552       19.466000     0.081000000
       52557       19.863000     0.038000000       52557       19.814000     0.027000000       52557       19.757000     0.022000000       52557       19.545000     0.023000000       52557       19.524000     0.074000000
       52872       19.865000     0.043000000       52872       19.694000     0.027000000       52872       21.219000      0.18300000       52872       19.527000     0.029000000       52872       19.517000     0.061000000
       52908       19.929000     0.039000000       52908       19.826000     0.026000000       52908       19.745000     0.026000000       52908       19.598000     0.027000000       52908       19.576000     0.073000000
       52912       19.920000     0.042000000       52912       19.758000     0.025000000       52912       19.771000     0.029000000       52912       19.594000     0.029000000       52912       19.591000     0.094000000
       52934       20.010000     0.057000000       52934       19.813000     0.030000000       52934       19.808000     0.036000000       52934       19.586000     0.037000000       52934       19.541000     0.090000000
       52936       20.027000     0.038000000       52936       19.821000     0.028000000       52936       19.780000     0.028000000       52936       19.615000     0.028000000       52936       19.586000     0.068000000
       53270       20.182000     0.051000000       53270       19.976000     0.020000000       53270       19.885000     0.029000000       53270       19.761000     0.031000000       53270       19.683000     0.076000000
       53272       20.189000     0.054000000       53272       19.995000     0.030000000       53272       19.944000     0.030000000       53272       19.730000     0.030000000       53272       19.625000     0.090000000
       53286       20.224000     0.056000000       53286       19.995000     0.027000000       53286       19.956000     0.024000000       53286       19.683000     0.026000000       53286       19.636000     0.073000000
       53294       20.247000     0.050000000       53294       20.068000     0.039000000       53294       19.951000     0.033000000       53294       19.739000     0.043000000       53294       19.582000     0.081000000
       53298       20.269000     0.058000000       53298       20.073000     0.029000000       53298       19.957000     0.030000000       53298       19.761000     0.031000000       53298       19.643000     0.098000000
       53312       20.082000     0.079000000       53312       19.966000     0.038000000       53312       19.959000     0.037000000       53312       19.699000     0.046000000       53312       19.783000      0.12000000
       53314       20.075000     0.053000000       53314       19.936000     0.031000000       53314       19.990000     0.031000000       53314       19.720000     0.036000000       53314       19.500000     0.078000000
       53319       20.092000     0.073000000       53319       19.889000     0.089000000       53319       19.861000     0.040000000       53319       19.788000     0.057000000       53319       19.929000      0.16400000
