       51081.376      20.7080    0.0750000      51081.4      20.3460    0.0290000      51081.4      20.1830    0.0290000      51081.4      19.9990    0.0370000      51081.4      19.8600     0.107000
       51819.447      20.8190    0.0970000      51819.4      20.4460    0.0340000      51819.4      20.3330    0.0300000      51819.4      20.0640    0.0370000      51819.4      19.8330     0.113000
       51875.191      20.6760    0.0640000      51875.2     -99.9900    0.0280000      51875.2      20.2600    0.0290000      51875.2      20.1000    0.0400000      51875.2      19.9200     0.115000
       52225.272      20.6270    0.0620000      52225.3      20.3200    0.0250000      52225.3      20.1910    0.0250000      52225.3      20.0070    0.0300000      52225.3      19.7530    0.0860000
       52288.106      20.6460    0.0660000      52288.1      20.2990    0.0260000      52288.1      20.1570    0.0260000      52288.1      20.0320    0.0340000      52288.1      19.8770    0.0890000
       52551.379      20.5730    0.0650000      52551.4      20.2450    0.0240000      52551.4      20.1140    0.0240000      52551.4      19.9810    0.0310000      52551.4      19.8400    0.0930000
       52558.412      20.5770    0.0590000      52558.4      20.1980    0.0200000      52558.4      20.0980    0.0210000      52558.4      19.9540    0.0260000      52558.4      19.6920    0.0680000
       52576.245      20.5400    0.0590000      52576.2      20.2490    0.0230000      52576.2      20.0830    0.0240000      52576.2      19.9010    0.0290000      52576.2      19.7560    0.0850000
       52577.300      20.4390    0.0550000      52577.3      20.2150    0.0250000      52577.3      20.0410    0.0230000      52577.3      19.9240    0.0310000      52577.3      19.7250    0.0850000
       52578.284      20.5360    0.0610000      52578.3      20.1810    0.0220000      52578.3      20.0830    0.0230000      52578.3      19.9360    0.0290000      52578.3      19.7790    0.0940000
       52585.247      20.5560    0.0580000      52585.2      20.2120    0.0210000      52585.2      20.0700    0.0240000      52585.2      19.9540    0.0380000      52585.2      19.7790     0.116000
       52909.413      20.7880    0.0740000      52909.4      20.4510    0.0260000      52909.4      20.2560    0.0250000      52909.4      20.0970    0.0320000      52909.4      19.8110    0.0790000
       52910.384      20.8110    0.0820000      52910.4      20.4130    0.0290000      52910.4      20.1780    0.0280000      52910.4      20.0600    0.0400000      52910.4      19.8380    0.0810000
       52935.311      20.8680    0.0860000      52935.3      20.3860    0.0290000      52935.3      20.1340    0.0290000      52935.3      19.9690    0.0360000      52935.3      19.7270     0.107000
       52963.234      20.7760    0.0630000      52963.2      20.4500    0.0260000      52963.2      20.2240    0.0230000      52963.2      20.0240    0.0280000      52963.2      19.7200    0.0670000
       52971.225      20.9070    0.0890000      52971.2      20.3260    0.0260000      52971.2      20.2300    0.0290000      52971.2      20.0820    0.0360000      52971.2      19.7880    0.0850000
       53351.156      20.8260    0.0910000      53351.2      20.3980    0.0300000      53351.2      20.2300    0.0300000      53351.2      20.1230    0.0470000      53351.2      20.0110     0.137000
       53622.413      20.7220    0.0700000      53622.4      20.4480    0.0260000      53622.4      20.2130    0.0240000      53622.4      20.0840    0.0320000      53622.4      19.8320    0.0840000
       53634.363      20.5140     0.216000      53634.4      20.4050    0.0750000      53634.4      20.1880    0.0650000      53634.4      20.1680    0.0750000      53634.4      19.6870     0.102000
       53638.404      20.6910    0.0860000      53638.4      20.3860    0.0290000      53638.4      20.2010    0.0270000      53638.4      20.0680    0.0330000      53638.4      19.8050    0.0850000
       53640.368      20.7660     0.103000      53640.4      20.3430    0.0300000      53640.4      20.1160    0.0280000      53640.4      19.9890    0.0320000      53640.4      19.5900    0.0780000
       53646.429      20.7380     0.122000      53646.4      20.4930    0.0370000      53646.4      20.2360    0.0330000      53646.4      20.0700    0.0430000      53646.4      19.9030     0.141000
       53655.340      20.7150    0.0790000      53655.3      20.3450    0.0250000      53655.3      20.2320    0.0290000      53655.3      20.0740    0.0370000      53655.3      19.9420     0.110000
       53663.430      20.4990     0.217000      53663.4      20.3470    0.0680000      53663.4      20.0760    0.0440000      53663.4      19.9350    0.0430000      53663.4      19.7390     0.100000
       53664.365      20.5940     0.263000      53664.4      20.2450     0.101000      53664.4      20.1210    0.0840000      53664.4      19.7970    0.0850000      53664.4      20.2110     0.374000
       53665.430      20.9020     0.203000      53665.4      20.3890    0.0490000      53665.4      20.1970    0.0380000      53665.4      19.9600    0.0390000      53665.4      19.7700     0.119000
       53668.418     -99.9900     0.141000      53668.4      20.3670    0.0510000      53668.4      20.2560    0.0440000      53668.4      20.0990    0.0530000      53668.4      19.7000     0.134000
       53669.324      20.8200    0.0970000      53669.3     -99.9900    0.0420000      53669.3      20.1780    0.0290000      53669.3      20.0840    0.0400000      53669.3      19.8740     0.113000
       53670.424      20.4950     0.153000      53670.4      20.3150    0.0450000      53670.4      20.1970    0.0410000      53670.4      20.0880    0.0520000      53670.4      19.9070     0.151000
       53671.409      20.8610     0.126000      53671.4      20.3520    0.0310000      53671.4      20.1810    0.0320000      53671.4      20.0220    0.0360000      53671.4      19.7650     0.104000
       53674.309      20.5800    0.0920000      53674.3      20.3710    0.0310000      53674.3      20.2330    0.0310000      53674.3      20.0420    0.0410000      53674.3      20.0450     0.150000
       53676.398      20.7330    0.0950000      53676.4      20.3400    0.0290000      53676.4      20.1760    0.0290000      53676.4      20.0170    0.0310000      53676.4      19.6880    0.0830000
       53679.370      20.8930     0.117000      53679.4      20.2950    0.0300000      53679.4      20.2190    0.0390000      53679.4      20.0340    0.0450000      53679.4      19.6160     0.106000
       53681.362      20.8220    0.0920000      53681.4      20.3670    0.0260000      53681.4      20.2190    0.0260000      53681.4      20.0030    0.0300000      53681.4      19.9340    0.0890000
       53687.264      20.5320     0.180000      53687.3      20.2880    0.0730000      53687.3      20.1240    0.0590000      53687.3      19.9630    0.0590000      53687.3      19.6590     0.111000
       53694.334      20.5810     0.224000      53694.3      20.2230    0.0610000      53694.3      20.2520    0.0650000      53694.3      20.0300    0.0580000      53694.3      19.9230     0.142000
       53697.319      20.9310     0.143000      53697.3      20.3380    0.0380000      53697.3      20.1690    0.0330000      53697.3      19.9900    0.0380000      53697.3      19.8230     0.103000
       53700.318      20.7590     0.110000      53700.3      20.3530    0.0330000      53700.3      20.2080    0.0340000      53700.3      20.0470    0.0460000      53700.3      19.7090     0.130000
       53705.304      20.7050     0.110000      53705.3      20.3520    0.0270000      53705.3      20.2140    0.0390000      53705.3      20.0150    0.0400000      53705.3      19.7660     0.123000
       53975.389      20.9900    0.0840000      53975.4      20.5050    0.0310000      53975.4      20.3050    0.0370000      53975.4      20.1040    0.0350000      53975.4      19.8790    0.0900000
       53993.401     -99.9900     0.269000      53993.4     -99.9900     0.226000      53993.4     -99.9900    0.0590000      53993.4      20.2110    0.0350000      53993.4     -99.9900     0.107000
       53994.412      21.0170    0.0950000      53994.4      20.5780    0.0330000      53994.4      20.3550    0.0290000      53994.4      20.1540    0.0360000      53994.4      20.1210     0.107000
       53996.396      20.9620    0.0740000      53996.4      20.4980    0.0300000      53996.4      20.3490    0.0280000      53996.4      20.1920    0.0440000      53996.4      19.9600    0.0900000
       54005.409      20.9250    0.0720000      54005.4      20.6040    0.0380000      54005.4      20.3650    0.0300000      54005.4      20.1440    0.0310000      54005.4      19.9050    0.0760000
       54010.350      20.9320    0.0640000      54010.4      20.6000    0.0290000      54010.3      20.3540    0.0240000      54010.3      20.1420    0.0270000      54010.4      19.9460    0.0670000
       54012.343      20.9490     0.176000      54012.3      20.5100    0.0580000      54012.3      20.4530    0.0550000      54012.3      20.1690    0.0540000      54012.3      19.8190     0.114000
       54020.349      21.0980     0.182000      54020.4      20.6080    0.0500000      54020.3      20.3230    0.0360000      54020.3      20.2110    0.0470000      54020.4      19.9560     0.137000
       54024.430      21.0440     0.139000      54024.4      20.5230    0.0380000      54024.4      20.3790    0.0380000      54024.4      20.0830    0.0410000      54024.4      19.8380    0.0990000
       54028.419      20.8660    0.0950000      54028.4     -99.9900     0.138000      54028.4      20.3650    0.0350000      54028.4      20.1900    0.0380000      54028.4     -99.9900     0.111000
       54030.342      21.0130    0.0780000      54030.3      20.5860    0.0280000      54030.3      20.3330    0.0290000      54030.3      20.1780    0.0310000      54030.3      19.8800    0.0820000
       54030.374      21.1210    0.0870000      54030.4      20.6070    0.0290000      54030.4      20.3180    0.0270000      54030.4      20.1960    0.0340000      54030.4      20.0130    0.0900000
       54035.418      20.8870     0.133000      54035.4      20.6100    0.0400000      54035.4      20.2590    0.0440000      54035.4      20.1340    0.0500000      54035.4      20.0050     0.139000
       54037.324      20.8400    0.0750000      54037.3      20.5800    0.0280000      54037.3      20.3130    0.0240000      54037.3      20.1650    0.0340000      54037.3      19.9260    0.0760000
       54040.338      21.1170     0.143000      54040.3      20.6030    0.0500000      54040.3      20.3110    0.0460000      54040.3      20.1070    0.0400000      54040.3      20.0960     0.128000
       54047.369     -99.9900     0.513000      54047.4      20.4980     0.136000      54047.4      20.6310     0.140000      54047.4      20.3420     0.151000      54047.4      20.4030     0.336000
       54049.365      21.1630     0.251000      54049.4      20.7150    0.0620000      54049.4      20.4000    0.0530000      54049.4      20.2330    0.0520000      54049.4      20.1010     0.146000
       54053.344      21.0770     0.123000      54053.3     -99.9900    0.0440000      54053.3      20.3670    0.0330000      54053.3      20.1210    0.0410000      54053.3     -99.9900     0.133000
       54056.331      20.9270     0.123000      54056.3      20.5740    0.0440000      54056.3      20.3040    0.0350000      54056.3      20.0980    0.0530000      54056.3      19.9730     0.134000
       54059.325      20.8530     0.101000      54059.3      20.5480    0.0400000      54059.3      20.3790    0.0350000      54059.3      20.1120    0.0390000      54059.3      20.1660     0.150000
       54062.330      20.9810     0.109000      54062.3      20.5960    0.0380000      54062.3      20.3660    0.0310000      54062.3      20.2260    0.0390000      54062.3      19.7650    0.0920000
       54064.326      20.8320     0.103000      54064.3      20.5610    0.0400000      54064.3      20.3830    0.0300000      54064.3      20.1520    0.0360000      54064.3      19.9970     0.111000
       54068.310      20.7200     0.132000      54068.3      20.6570    0.0640000      54068.3      20.2450    0.0560000      54068.3      20.1720    0.0530000      54068.3      19.9620     0.150000
       54357.368      20.8510    0.0630000      54357.4      20.5190    0.0250000      54357.4      20.2790    0.0240000      54357.4      20.1540    0.0320000      54357.4      19.9140    0.0650000
       54362.418      20.9500    0.0710000      54362.4      20.4970    0.0290000      54362.4      20.3070    0.0240000      54362.4      20.1700    0.0290000      54362.4      20.0270     0.101000
       54376.413      20.8310    0.0890000      54376.4      20.5180    0.0320000      54376.4      20.2650    0.0260000      54376.4      20.1000    0.0330000      54376.4      19.9880    0.0920000
       54382.398      20.9010     0.106000      54382.4      20.4500    0.0330000      54382.4      20.3460    0.0400000      54382.4      20.0820    0.0440000      54382.4      20.2530     0.178000
       54385.416      21.0010     0.101000      54385.4      20.5640    0.0350000      54385.4      20.2950    0.0250000      54385.4      20.1440    0.0360000      54385.4      19.8700    0.0790000
       54387.416      20.9470     0.160000      54387.4      20.5880    0.0580000      54387.4      20.3120    0.0560000      54387.4      20.0420    0.0560000      54387.4     -99.9900     0.120000
       54390.409      20.7770     0.107000      54390.4      20.4640    0.0400000      54390.4      20.2860    0.0390000      54390.4      20.0670    0.0490000      54390.4      20.0210     0.154000
       52522.000       20.698000     0.067000000       52522.000       20.335000     0.031000000       52522.000       20.127000     0.025000000       52522.000       20.038000     0.032000000       52522.000       19.862000     0.077000000
       51081       20.699000     0.069000000       51081       20.351000     0.033000000       51081       20.166000     0.029000000       51081       20.038000     0.039000000       51081       19.813000      0.10500000
       51132       20.613000     0.059000000       51132       20.331000     0.029000000       51132       20.172000     0.037000000       51132       20.019000     0.047000000       51132       19.818000      0.13700000
       51136       20.741000     0.061000000       51136       20.319000     0.023000000       51136       20.159000     0.028000000       51136       19.951000     0.038000000       51136       19.671000      0.10700000
       51819       20.761000     0.082000000       51819       20.393000     0.042000000       51819       20.314000     0.032000000       51819       20.048000     0.038000000       51819       19.773000      0.10900000
       51875       20.643000     0.060000000       51875       20.472000     0.027000000       51875       20.251000     0.034000000       51875       20.086000     0.042000000       51875       19.913000      0.11700000
       52225       20.632000     0.055000000       52225       20.346000     0.026000000       52225       20.218000     0.023000000       52225       20.009000     0.033000000       52225       19.771000     0.086000000
       52288       20.650000     0.059000000       52288       20.288000     0.027000000       52288       20.152000     0.030000000       52288       20.034000     0.036000000       52288       19.864000     0.087000000
       52522       20.677000     0.060000000       52522       20.328000     0.028000000       52522       20.127000     0.025000000       52522       20.037000     0.030000000       52522       19.862000     0.078000000
       52551       20.532000     0.061000000       52551       20.233000     0.033000000       52551       20.094000     0.027000000       52551       19.970000     0.032000000       52551       19.830000     0.091000000
       52558       20.554000     0.054000000       52558       20.206000     0.033000000       52558       20.086000     0.026000000       52558       19.938000     0.040000000       52558       19.660000     0.064000000
       52576       20.484000     0.054000000       52576       20.225000     0.033000000       52576       20.049000     0.025000000       52576       19.886000     0.032000000       52576       19.715000     0.084000000
       52577       20.427000     0.050000000       52577       20.230000     0.027000000       52577       20.041000     0.029000000       52577       19.913000     0.027000000       52577       19.670000     0.081000000
       52578       20.500000     0.053000000       52578       20.162000     0.034000000       52578       20.074000     0.024000000       52578       19.904000     0.032000000       52578       19.747000     0.091000000
       52585       20.553000     0.052000000       52585       20.243000     0.028000000       52585       20.085000     0.036000000       52585       19.966000     0.038000000       52585       19.788000      0.11500000
       52640       20.720000     0.074000000       52640       20.281000     0.026000000       52640       20.138000     0.032000000       52640       19.962000     0.037000000       52640       19.830000      0.11100000
       52909       20.746000     0.058000000       52909       20.445000     0.036000000       52909       20.260000     0.026000000       52909       20.086000     0.032000000       52909       19.801000     0.076000000
       52910       20.777000     0.072000000       52910       20.403000     0.033000000       52910       20.140000     0.048000000       52910       20.037000     0.043000000       52910       19.778000     0.080000000
       52935       20.848000     0.078000000       52935       20.390000     0.030000000       52935       20.170000     0.031000000       52935       19.979000     0.039000000       52935       19.740000      0.10500000
       52971       20.876000     0.076000000       52971       20.314000     0.029000000       52971       20.235000     0.033000000       52971       20.075000     0.034000000       52971       19.796000     0.085000000
       53351       20.788000     0.082000000       53351       20.439000     0.035000000       53351       20.280000     0.035000000       53351       20.151000     0.045000000       53351       19.999000      0.13000000
       54424       21.089000      0.22500000       54424       20.498000     0.056000000       54424       20.208000     0.050000000       54424       20.076000     0.047000000       54424       19.840000     0.092000000
       54770       20.783000     0.082000000       54770       20.455000     0.032000000       54770       20.261000     0.036000000       54770       20.174000     0.045000000       54770       20.154000      0.14400000
       55090       20.814000     0.083000000       55090       20.475000     0.034000000       55090       20.333000     0.028000000       55090       20.161000     0.037000000       55090       19.867000     0.094000000
