       51075.395      21.0080    0.0990000      51075.4      20.7790    0.0310000      51075.4      20.5580    0.0390000      51075.4      20.5150    0.0600000      51075.4      20.7070     0.348000
       51818.365      20.5410    0.0630000      51818.4      20.5420    0.0240000      51818.4      20.3150    0.0250000      51818.4      20.2840    0.0350000      51818.4      20.3840     0.181000
       52170.416      20.5330    0.0670000      52170.4      20.4750    0.0220000      52170.4      20.2900    0.0260000      52170.4      20.2470    0.0360000      52170.4      20.3990     0.185000
       52173.329      20.6140    0.0870000      52173.3      20.5090    0.0280000      52173.3      20.2820    0.0310000      52173.3      20.2680    0.0440000      52173.3      20.6280     0.296000
       52224.310      20.5360    0.0650000      52224.3      20.5550    0.0230000      52224.3      20.2990    0.0250000      52224.3      20.2700    0.0320000      52224.3      20.1970     0.129000
       52234.266      20.8420    0.0870000      52234.3      20.6160    0.0260000      52234.3      20.3370    0.0280000      52234.3      20.3350    0.0350000      52234.3      20.2170     0.135000
       52261.229      20.4540    0.0640000      52261.2      20.4390    0.0230000      52261.2      20.1960    0.0240000      52261.2      20.2650    0.0330000      52261.2      20.5550     0.204000
       52287.110      20.7150    0.0700000      52287.1      20.5360    0.0240000      52287.1      20.2950    0.0290000      52287.1      20.2890    0.0360000      52287.1      20.1290     0.122000
       52552.429      20.4890    0.0980000      52552.4     -99.9900    0.0290000      52552.4      20.2450    0.0370000      52552.4      20.2720    0.0550000      52552.4      20.0650     0.207000
       52557.403      20.4250    0.0690000      52557.4      20.4460    0.0240000      52557.4      20.2730    0.0280000      52557.4      20.2530    0.0380000      52557.4      20.3870     0.190000
       52908.377      20.9750     0.106000      52908.4      20.7940    0.0280000      52908.4      20.5280    0.0330000      52908.4      20.5010    0.0460000      52908.4      20.6630     0.228000
       52912.357      20.9530    0.0980000      52912.4      20.8580    0.0300000      52912.4      20.5780    0.0330000      52912.4      20.5720    0.0410000      52912.4      20.6250     0.204000
       52934.309      20.8810    0.0960000      52934.3      20.7490    0.0290000      52934.3      20.5360    0.0340000      52934.3      20.4330    0.0470000      52934.3      21.0090     0.366000
       52936.305     -99.9900    0.0850000      52936.3      20.7190    0.0260000      52936.3      20.4420    0.0310000      52936.3      20.4220    0.0400000      52936.3      20.4890     0.185000
       53270.369      20.3560    0.0570000      53270.4      20.3370    0.0290000      53270.4      20.2440    0.0270000      53270.4      20.2440    0.0310000      53270.4      20.3820     0.162000
       53272.419      20.4140    0.0720000      53272.4      20.3680    0.0210000      53272.4      20.2260    0.0250000      53272.4      20.2640    0.0360000      53272.4      20.2800     0.194000
       53286.388      20.4090    0.0760000      53286.4      20.3440    0.0250000      53286.4      20.1690    0.0280000      53286.4      20.1710    0.0350000      53286.4      20.2240     0.151000
       53288.346      20.5700    0.0750000      53288.3      20.2570    0.0200000      53288.3      20.2040    0.0230000      53288.3      20.1690    0.0320000      53288.3      20.1540     0.139000
       53294.394      20.2940    0.0660000      53294.4      20.3250    0.0230000      53294.4      20.1030    0.0280000      53294.4      20.1030    0.0350000      53294.4      19.9250     0.128000
       53296.341      20.3880    0.0640000      53296.3      20.3040    0.0270000      53296.3      20.1730    0.0350000      53296.3      20.2270    0.0450000      53296.3      20.0250     0.135000
       53298.391      20.3660    0.0800000      53298.4      20.3360    0.0260000      53298.4      20.1880    0.0340000      53298.4      20.1430    0.0460000      53298.4      20.0620     0.189000
       53302.342      20.1790    0.0860000      53302.3      20.2980    0.0380000      53302.3      20.1820    0.0380000      53302.3      20.0580    0.0400000      53302.3      20.1080     0.136000
       53312.298      20.4040     0.108000      53312.3      20.3010    0.0410000      53312.3      20.1280    0.0360000      53312.3      20.0180    0.0440000      53312.3      20.0720     0.182000
       53314.299      20.4670    0.0760000      53314.3      20.3370    0.0280000      53314.3      20.1370    0.0300000      53314.3      20.1040    0.0390000      53314.3      20.2560     0.180000
       53319.287      20.3720    0.0780000      53319.3     -99.9900    0.0290000      53319.3      20.1200    0.0380000      53319.3      20.1610    0.0460000      53319.3      20.0500     0.178000
       53616.403      20.7890     0.109000      53616.4      20.7270    0.0310000      53616.4      20.4290    0.0330000      53616.4      20.4460    0.0530000      53616.4      20.7200     0.312000
       53628.365      20.8190     0.162000      53628.4      20.6980    0.0670000      53628.4      20.4140    0.0480000      53628.4      20.4860    0.0670000      53628.4      20.4310     0.241000
       53637.366      20.9070     0.170000      53637.4      20.7180    0.0570000      53637.4      20.4220    0.0450000      53637.4      20.5340    0.0630000      53637.4      21.1110     0.443000
       53639.412      20.6900    0.0820000      53639.4      20.8120    0.0330000      53639.4      20.5160    0.0300000      53639.4      20.4780    0.0400000      53639.4      20.5010     0.181000
       53641.411      20.9810     0.114000      53641.4      20.8230    0.0340000      53641.4      20.4960    0.0340000      53641.4      20.4260    0.0440000      53641.4      20.5380     0.208000
       53657.370      20.7290     0.202000      53657.4      20.6280    0.0830000      53657.4      20.3840    0.0660000      53657.4      20.4670    0.0820000      53657.4      20.3590     0.296000
       53663.354      20.8850     0.194000      53663.4      20.8510    0.0690000      53663.4      20.5040    0.0530000      53663.4      20.4130    0.0520000      53663.4      20.6370     0.213000
       53666.424      20.9200     0.200000      53666.4      20.8280    0.0590000      53666.4      20.5610    0.0490000      53666.4      20.4920    0.0550000      53666.4      20.4860     0.214000
       53668.344      20.6510     0.119000      53668.3      20.6760    0.0420000      53668.3      20.5170    0.0430000      53668.3      20.4010    0.0550000      53668.3      20.7010     0.301000
       53669.431      21.0280     0.229000      53669.4      20.7940    0.0600000      53669.4      20.4530    0.0500000      53669.4      20.4250    0.0580000      53669.4      20.4920     0.256000
       53670.349      20.9580     0.142000      53670.4      20.7780    0.0400000      53670.3      20.5280    0.0490000      53670.3      20.5690    0.0560000      53670.3      20.7420     0.319000
       53673.317      20.7640    0.0830000      53673.3      20.7960    0.0270000      53673.3      20.5140    0.0300000      53673.3      20.4730    0.0360000      53673.3      20.4150     0.154000
       53675.313      20.7910    0.0980000      53675.3      20.7500    0.0310000      53675.3      20.4910    0.0400000      53675.3      20.4550    0.0550000      53675.3      20.4160     0.215000
       53677.334      20.9040    0.0930000      53677.3      20.8490    0.0270000      53677.3      20.5590    0.0310000      53677.3      20.5290    0.0370000      53677.3      20.5850     0.161000
       53680.321      20.8240    0.0860000      53680.3      20.8220    0.0290000      53680.3      20.5460    0.0340000      53680.3      20.4660    0.0410000      53680.3      20.5270     0.179000
       53683.380      20.6720     0.126000      53683.4      20.7550    0.0360000      53683.4      20.3900    0.0440000      53683.4      20.3480    0.0670000      53683.4      20.4910     0.322000
       53698.320      20.6770     0.121000      53698.3      20.7820    0.0420000      53698.3      20.5150    0.0410000      53698.3      20.4260    0.0540000      53698.3      20.3350     0.200000
       53699.344      20.7040     0.111000      53699.3      20.7830    0.0360000      53699.3      20.5100    0.0350000      53699.3      20.5350    0.0470000      53699.3      20.5950     0.220000
       53704.306      20.6860     0.105000      53704.3      20.8280    0.0350000      53704.3      20.5650    0.0420000      53704.3      20.3260    0.0500000      53704.3      20.2210     0.201000
       53989.402      21.2260     0.230000      53989.4      20.6840    0.0640000      53989.4      20.5290    0.0540000      53989.4      20.5500    0.0570000      53989.4      20.4770     0.161000
       53995.441      20.8590    0.0780000      53995.4      20.7540    0.0280000      53995.4      20.5260    0.0280000      53995.4      20.4510    0.0330000      53995.4      20.5580     0.153000
       54000.378      20.8750     0.100000      54000.4      20.7190    0.0270000      54000.4      20.4770    0.0340000      54000.4      20.4580    0.0460000      54000.4      20.6940     0.267000
       54007.428      20.7110    0.0810000      54007.4      20.7590    0.0290000      54007.4      20.4690    0.0330000      54007.4      20.4810    0.0390000      54007.4      20.7380     0.216000
       54009.352      20.8200    0.0740000      54009.4      20.6550    0.0340000      54009.4      20.4550    0.0250000      54009.4      20.4200    0.0340000      54009.4      20.3660     0.118000
       54011.416      20.6630    0.0600000      54011.4      20.6730    0.0280000      54011.4      20.4290    0.0260000      54011.4      20.4660    0.0370000      54011.4      20.6150     0.138000
       54025.415      20.8770     0.115000      54025.4      20.6790    0.0340000      54025.4      20.4520    0.0360000      54025.4      20.4240    0.0480000      54025.4      20.7880     0.270000
       54348.413      20.9760     0.133000      54348.4      21.0880    0.0480000      54348.4      20.7930    0.0520000      54348.4      20.7420    0.0670000      54348.4      20.8360     0.271000
       54355.423      21.1390    0.0970000      54355.4      21.0270    0.0320000      54355.4      20.7040    0.0320000      54355.4      20.6490    0.0410000      54355.4      20.8820     0.199000
       54358.369      20.9860     0.113000      54358.4      21.0320    0.0340000      54358.4      20.7230    0.0420000      54358.4      20.7230    0.0580000      54358.4      20.4200     0.192000
       54365.402      21.1090    0.0800000      54365.4      21.0530    0.0330000      54365.4      20.7690    0.0280000      54365.4      20.7250    0.0420000      54365.4      20.6740     0.161000
       54381.421      21.0740    0.0950000      54381.4      20.9470    0.0290000      54381.4      20.6730    0.0300000      54381.4      20.7140    0.0420000      54381.4      20.5670     0.141000
       54384.428      21.1490     0.117000      54384.4      20.9850    0.0330000      54384.4      20.7100    0.0360000      54384.4      20.7880    0.0480000      54384.4      21.2780     0.332000
       54386.414      20.9440    0.0990000      54386.4      20.9190    0.0340000      54386.4      20.7640    0.0470000      54386.4      20.5530    0.0530000      54386.4      20.5970     0.169000
       54392.416      21.0590     0.135000      54392.4      20.9490    0.0510000      54392.4      20.6840    0.0540000      54392.4      20.6390    0.0580000      54392.4      19.9360     0.148000
       54404.389      21.9170      1.26100      54404.4     -99.9900     0.128000      54404.4      20.5310     0.119000      54404.4      20.6430    0.0930000      54404.4      21.0810      1.25200
       54405.387      20.6430     0.104000      54405.4      20.9230    0.0460000      54405.4      20.7190    0.0430000      54405.4      20.7380    0.0510000      54405.4      20.5850     0.179000
       54406.326     -99.9900     0.102000      54406.3      20.9530    0.0330000      54406.3      20.6700    0.0360000      54406.3      20.6220    0.0400000      54406.3      20.7590     0.168000
       54412.351      21.0440     0.120000      54412.4      21.0170    0.0360000      54412.4      20.7770    0.0410000      54412.4      20.6450    0.0460000      54412.4      20.6960     0.214000
       52234.000       20.862000     0.086000000       52234.000       20.619000     0.036000000       52234.000       20.342000     0.038000000       52234.000       20.322000     0.038000000       52234.000       20.211000      0.12800000
       51075       21.001000     0.083000000       51075       20.827000     0.036000000       51075       20.602000     0.040000000       51075       20.563000     0.061000000       51075       20.666000      0.29900000
       51133       20.932000     0.065000000       51133       20.911000     0.039000000       51133       20.720000     0.048000000       51133       20.574000     0.060000000       51133       20.775000      0.32200000
       51134       20.942000     0.068000000       51134       20.975000     0.031000000       51134       20.618000     0.035000000       51134       20.628000     0.049000000       51134       21.273000      0.31600000
       51818       20.548000     0.053000000       51818       20.532000     0.031000000       51818       20.299000     0.028000000       51818       20.272000     0.036000000       51818       20.325000      0.15100000
       52170       20.560000     0.056000000       52170       20.490000     0.028000000       52170       20.303000     0.030000000       52170       20.258000     0.035000000       52170       20.411000      0.15900000
       52173       20.575000     0.069000000       52173       20.466000     0.030000000       52173       20.270000     0.033000000       52173       20.252000     0.049000000       52173       20.547000      0.25600000
       52207       20.370000     0.057000000       52207       20.468000     0.025000000       52207       20.291000     0.026000000       52207       20.225000     0.035000000       52207       20.329000      0.14200000
       52224       20.548000     0.058000000       52224       20.554000     0.029000000       52224       20.262000     0.026000000       52224       20.276000     0.033000000       52224       20.117000      0.10500000
       52234       20.853000     0.078000000       52234       20.620000     0.033000000       52234       20.348000     0.033000000       52234       20.312000     0.039000000       52234       20.193000      0.11500000
       52261       20.460000     0.056000000       52261       20.451000     0.027000000       52261       20.190000     0.028000000       52261       20.265000     0.033000000       52261       20.497000      0.16800000
       52283       20.832000     0.091000000       52283       20.589000     0.043000000       52283       20.311000     0.057000000       52283       20.217000     0.050000000       52283       20.084000      0.17400000
       52287       20.708000     0.058000000       52287       20.550000     0.032000000       52287       20.286000     0.029000000       52287       20.278000     0.034000000       52287       20.107000      0.10300000
       52552       20.495000     0.077000000       52552       20.474000     0.049000000       52552       20.310000     0.049000000       52552       20.315000     0.053000000       52552       20.118000      0.18500000
       52557       20.451000     0.063000000       52557       20.445000     0.031000000       52557       20.267000     0.030000000       52557       20.257000     0.038000000       52557       20.328000      0.16400000
       52872       21.129000      0.10900000       52872       20.833000     0.038000000       52872       20.569000     0.035000000       52872       20.504000     0.042000000       52872       20.683000      0.18200000
       52908       20.988000     0.088000000       52908       20.814000     0.033000000       52908       20.550000     0.035000000       52908       20.500000     0.045000000       52908       20.692000      0.20300000
       52912       20.926000     0.086000000       52912       20.858000     0.037000000       52912       20.556000     0.034000000       52912       20.531000     0.041000000       52912       20.636000      0.18000000
       52934       20.833000     0.077000000       52934       20.757000     0.034000000       52934       20.541000     0.043000000       52934       20.429000     0.049000000       52934       20.878000      0.30200000
       52936       20.962000     0.069000000       52936       20.763000     0.028000000       52936       20.486000     0.032000000       52936       20.469000     0.043000000       52936       20.430000      0.15100000
       53270       20.365000     0.054000000       53270       20.345000     0.029000000       53270       20.230000     0.028000000       53270       20.228000     0.032000000       53270       20.370000      0.15300000
       53272       20.353000     0.059000000       53272       20.369000     0.033000000       53272       20.206000     0.027000000       53272       20.249000     0.041000000       53272       20.280000      0.17300000
       53286       20.419000     0.066000000       53286       20.343000     0.027000000       53286       20.159000     0.031000000       53286       20.154000     0.035000000       53286       20.120000      0.12000000
       53294       20.298000     0.056000000       53294       20.381000     0.028000000       53294       20.105000     0.034000000       53294       20.122000     0.034000000       53294       19.883000      0.10800000
       53298       20.396000     0.068000000       53298       20.346000     0.030000000       53298       20.168000     0.035000000       53298       20.114000     0.046000000       53298       20.016000      0.16800000
       53312       20.387000      0.11000000       53312       20.307000     0.047000000       53312       20.115000     0.041000000       53312       20.028000     0.047000000       53312       20.033000      0.18000000
       53314       20.455000     0.066000000       53314       20.344000     0.055000000       53314       20.109000     0.035000000       53314       20.072000     0.041000000       53314       20.175000      0.15800000
       53319       20.315000     0.067000000       53319       20.272000     0.045000000       53319       20.121000     0.058000000       53319       20.134000     0.046000000       53319       19.976000      0.18100000
