       51081.376      23.1340     0.666000      51081.4      20.3920    0.0270000      51081.4      19.6760    0.0190000      51081.4      19.5050    0.0230000      51081.4      19.5170    0.0760000
       51819.447      22.5960     0.554000      51819.4      20.1140    0.0240000      51819.4      19.4580    0.0170000      51819.4      19.3530    0.0200000      51819.4      19.2380    0.0700000
       51875.191      22.7850     0.440000      51875.2      20.1280    0.0200000      51875.2      19.4350    0.0170000      51875.2      19.3650    0.0200000      51875.2      19.2990    0.0680000
       52225.272      23.9070      1.03200      52225.3      20.2840    0.0220000      52225.3      19.5540    0.0160000      52225.3      19.4340    0.0170000      52225.3      19.3870    0.0580000
       52288.106     -99.9900      1.23500      52288.1      20.2730    0.0230000      52288.1      19.5290    0.0180000      52288.1      19.3960    0.0180000      52288.1      19.3580    0.0580000
       52551.380      23.3370     0.787000      52551.4      20.3370    0.0240000      52551.4      19.5900    0.0170000      52551.4      19.4520    0.0190000      52551.4      19.4880    0.0690000
       52558.413      22.5260     0.313000      52558.4      20.3240    0.0200000      52558.4      19.5540    0.0160000      52558.4      19.4520    0.0170000      52558.4      19.4660    0.0550000
       52576.246      24.6560      1.26300      52576.2      20.3140    0.0220000      52576.2      19.5610    0.0170000      52576.2      19.4640    0.0180000      52576.2      19.3520    0.0570000
       52578.284      23.1740     0.706000      52578.3      20.2840    0.0210000      52578.3      19.5640    0.0170000      52578.3      19.4380    0.0190000      52578.3      19.3840    0.0640000
       52585.247      23.0970     0.554000      52585.2      20.3850    0.0230000      52585.2      19.5810    0.0180000      52585.2      19.4230    0.0210000      52585.2      19.5030    0.0850000
       52909.414      23.6640     0.852000      52909.4      20.1510    0.0190000      52909.4      19.4620    0.0150000      52909.4      19.3550    0.0170000      52909.4      19.3020    0.0520000
       52910.384      23.0520     0.609000      52910.4      20.2120    0.0240000      52910.4      19.4920    0.0190000      52910.4      19.3460    0.0180000      52910.4      19.3380    0.0530000
       52935.311      22.0540     0.280000      52935.3      20.1730    0.0210000      52935.3      19.4680    0.0180000      52935.3      19.3350    0.0180000      52935.3      19.2820    0.0710000
       52963.234      23.3930     0.593000      52963.2      20.1830    0.0190000      52963.2      19.4430    0.0140000      52963.2      19.3710    0.0160000      52963.2      19.3210    0.0460000
       52971.225      23.0420     0.651000      52971.2      20.1720    0.0210000      52971.2      19.4550    0.0170000      52971.2      19.3290    0.0190000      52971.2      19.2720    0.0540000
       53351.157      23.7980      1.17900      53351.2      20.0930    0.0200000      53351.2      19.3980    0.0170000      53351.2      19.1760    0.0200000      53351.2      19.1400    0.0630000
       53622.414      23.0840     0.578000      53622.4      20.1410    0.0190000      53622.4      19.4280    0.0150000      53622.4      19.2730    0.0160000      53622.4      19.1950    0.0510000
       53634.363      24.1580      4.56900      53634.4      20.1950    0.0640000      53634.4      19.4170    0.0340000      53634.4      19.3300    0.0300000      53634.4      19.2310    0.0600000
       53638.405      23.2440     0.784000      53638.4      20.1630    0.0230000      53638.4      19.4480    0.0160000      53638.4      19.3210    0.0160000      53638.4      19.3110    0.0520000
       53640.369      22.4310     0.441000      53640.4      20.2340    0.0270000      53640.4      19.4520    0.0170000      53640.4      19.3360    0.0180000      53640.4      19.3680    0.0610000
       53646.430      24.3430      1.54600      53646.4      20.1960    0.0230000      53646.4      19.4790    0.0190000      53646.4      19.3780    0.0250000      53646.4      19.3110    0.0820000
       53655.341      23.2480     0.725000      53655.3      20.1860    0.0190000      53655.3      19.4260    0.0160000      53655.3      19.3260    0.0180000      53655.3      19.2880    0.0560000
       53663.430      25.5340      3.38300      53663.4      19.9200    0.0430000      53663.4      19.4070    0.0250000      53663.4      19.4000    0.0260000      53663.4      19.2900    0.0590000
       53664.366      26.0100      1.42600      53664.4      20.1610    0.0790000      53664.4      19.3960    0.0440000      53664.4      19.2980    0.0470000      53664.4      19.3160     0.153000
       53665.430      23.0970      1.55200      53665.4      20.2140    0.0390000      53665.4      19.4710    0.0210000      53665.4      19.3660    0.0210000      53665.4      19.2870    0.0700000
       53668.419      23.8100      2.79700      53668.4      20.2330    0.0420000      53668.4      19.4440    0.0240000      53668.4      19.3020    0.0240000      53668.4      19.1260    0.0870000
       53669.325      22.7040     0.618000      53669.3     -99.9900    0.0530000      53669.3      19.4630    0.0180000      53669.3      19.3220    0.0190000      53669.3      19.2770    0.0690000
       53670.425      22.8480      1.32800      53670.4      20.2450    0.0390000      53670.4      19.4790    0.0220000      53670.4      19.3230    0.0290000      53670.4      19.6200     0.113000
       53671.410     -99.9900      1.81500      53671.4      20.2250    0.0260000      53671.4      19.4390    0.0180000      53671.4      19.3440    0.0190000      53671.4      19.3250    0.0630000
       53674.309      23.9680      1.75900      53674.3      20.2250    0.0250000      53674.3      19.4890    0.0180000      53674.3      19.3520    0.0210000      53674.3      19.4490    0.0780000
       53676.399      24.2830      1.59300      53676.4      20.2070    0.0250000      53676.4      19.4480    0.0170000      53676.4      19.3180    0.0170000      53676.4      19.3190     0.102000
       53679.371      24.8490      1.88400      53679.4      20.2330    0.0270000      53679.4      19.4840    0.0210000      53679.4      19.3460    0.0230000      53679.4      19.3910    0.0830000
       53681.362      22.8350     0.577000      53681.4      20.1820    0.0200000      53681.4      19.4310    0.0150000      53681.4      19.3010    0.0160000      53681.4      19.3650    0.0550000
       53684.324     -99.9900      1.84500      53684.3      20.0890    0.0570000      53684.3      19.3800    0.0370000      53684.3      19.3900    0.0490000      53684.3      19.1730     0.180000
       53687.265      24.3320      3.96800      53687.3      20.1510    0.0610000      53687.3      19.3830    0.0320000      53687.3      19.3180    0.0320000      53687.3      19.3070    0.0790000
       53694.335      26.8250      1.23600      53694.3      20.1770    0.0580000      53694.3      19.4370    0.0300000      53694.3      19.3150    0.0270000      53694.3      19.3810    0.0890000
       53697.319      24.0350      1.84500      53697.3      20.1750    0.0310000      53697.3      19.4770    0.0200000      53697.3      19.3610    0.0190000      53697.3      19.3920    0.0670000
       53700.318      23.0880     0.994000      53700.3      20.1930    0.0250000      53700.3      19.4400    0.0190000      53700.3      19.3370    0.0230000      53700.3      19.2080    0.0890000
       53705.305      22.5650     0.670000      53705.3      20.1760    0.0220000      53705.3      19.4410    0.0190000      53705.3      19.2770    0.0210000      53705.3      19.4660    0.0870000
       53975.390      23.6550      1.12400      53975.4      20.2360    0.0230000      53975.4      19.5450    0.0230000      53975.4      19.3880    0.0200000      53975.4      19.5270    0.0690000
       53993.402     -99.9900     0.621000      53993.4     -99.9900    0.0410000      53993.4      19.5080    0.0260000      53993.4     -99.9900    0.0430000      53993.4     -99.9900     0.524000
       53994.413      23.1860     0.746000      53994.4      20.2290    0.0200000      53994.4      19.5010    0.0160000      53994.4      19.3490    0.0190000      53994.4      19.3930    0.0560000
       53996.396      23.7230     0.995000      53996.4      20.2140    0.0220000      53996.4      19.5140    0.0230000      53996.4      19.3840    0.0190000      53996.4      19.3460    0.0510000
       54005.410      23.4750     0.750000      54005.4      20.2380    0.0240000      54005.4      19.5220    0.0200000      54005.4      19.3960    0.0160000      54005.4      19.4110    0.0490000
       54010.351      22.3150     0.227000      54010.4      20.2300    0.0290000      54010.3      19.5140    0.0160000      54010.4      19.4200    0.0190000      54010.4      19.3630    0.0400000
       54012.344      22.5600     0.834000      54012.3      20.2450    0.0500000      54012.3      19.5300    0.0290000      54012.3      19.3270    0.0250000      54012.3      19.5010    0.0790000
       54020.350      100.005      99.9990      54020.4      20.3520    0.0420000      54020.3      19.5090    0.0220000      54020.3      19.4040    0.0250000      54020.4      19.2000    0.0640000
       54024.431      100.006      99.9990      54024.4     -99.9900    0.0260000      54024.4      19.4820    0.0210000      54024.4      19.3980    0.0230000      54024.4      19.3420    0.0660000
       54028.419      22.1510     0.299000      54028.4      20.3580    0.0360000      54028.4      19.4990    0.0240000      54028.4      19.3930    0.0200000      54028.4     -99.9900    0.0990000
       54030.343      22.7270     0.366000      54030.3      20.2300    0.0260000      54030.3      19.5550    0.0200000      54030.3      19.3730    0.0210000      54030.3      19.3680    0.0510000
       54030.375      22.9240     0.463000      54030.4      20.2450    0.0300000      54030.4      19.5000    0.0160000      54030.4      19.3750    0.0180000      54030.4      19.4220    0.0530000
       54035.419      24.6310      4.44100      54035.4      20.2310    0.0340000      54035.4      19.4890    0.0260000      54035.4      19.3900    0.0240000      54035.4      19.4320    0.0780000
       54037.324      23.0340     0.573000      54037.3      20.2400    0.0210000      54037.3      19.5470    0.0240000      54037.3      19.3590    0.0260000      54037.3      19.3430    0.0440000
       54040.339      23.5280      1.41100      54040.3      20.2480    0.0370000      54040.3      19.5150    0.0250000      54040.3      19.3790    0.0220000      54040.3      19.3390    0.0630000
       54047.369      100.028      99.9990      54047.4      20.4040     0.131000      54047.4      19.5090    0.0570000      54047.4      19.3520    0.0450000      54047.4      19.3510     0.117000
       54049.365      22.4790     0.937000      54049.4      20.2430    0.0470000      54049.4      19.5370    0.0250000      54049.4      19.3920    0.0240000      54049.4      19.3190    0.0690000
       54053.345     -99.9900     0.312000      54053.3      20.2310    0.0330000      54053.3      19.4900    0.0180000      54053.3      19.3900    0.0250000      54053.3      19.5380    0.0970000
       54056.331      22.1830     0.404000      54056.3      20.1830    0.0260000      54056.3      19.4980    0.0200000      54056.3      19.3980    0.0250000      54056.3      19.3400    0.0710000
       54059.325      23.4450      1.14000      54059.3      20.1580    0.0290000      54059.3      19.4590    0.0210000      54059.3      19.3510    0.0210000      54059.3      19.3960    0.0790000
       54061.337      22.2340     0.742000      54061.3      20.2160    0.0300000      54061.3      19.4820    0.0260000      54061.3      19.3670    0.0430000      54061.3      19.3180    0.0940000
       54062.330      26.3720      99.9990      54062.3      20.2410    0.0280000      54062.3      19.4860    0.0180000      54062.3      19.3350    0.0210000      54062.3      19.2390    0.0600000
       54064.327      100.007      99.9990      54064.3      20.2100    0.0290000      54064.3      19.4590    0.0190000      54064.3      19.4000    0.0240000      54064.3      19.3330    0.0620000
       54068.311      99.9940      99.9990      54068.3      20.2510    0.0370000      54068.3      19.4560    0.0270000      54068.3      19.4400    0.0320000      54068.3      19.4630    0.0910000
       54357.369      23.2300     0.538000      54357.4      20.0660    0.0200000      54357.4      19.3660    0.0170000      54357.4      19.2430    0.0170000      54357.4      19.2900    0.0420000
       54362.418      22.9130     0.534000      54362.4      20.0900    0.0230000      54362.4      19.3490    0.0160000      54362.4      19.2610    0.0190000      54362.4      19.2940    0.0510000
       54376.413      22.7450     0.501000      54376.4      20.0750    0.0230000      54376.4      19.3730    0.0190000      54376.4      19.2880    0.0200000      54376.4      19.1880    0.0460000
       54382.399      23.8830      1.90100      54382.4      20.1170    0.0270000      54382.4      19.3530    0.0210000      54382.4      19.2900    0.0210000      54382.4      19.2260    0.0700000
       54385.416      23.4630     0.888000      54385.4      20.1160    0.0260000      54385.4      19.3870    0.0150000      54385.4      19.2660    0.0220000      54385.4      19.4290    0.0600000
       54387.417      23.0230      1.14200      54387.4      20.1340    0.0310000      54387.4      19.3960    0.0270000      54387.4      19.2630    0.0280000      54387.4      19.3480    0.0960000
       54390.409      23.6870      1.62200      54390.4      20.0120    0.0330000      54390.4      19.3650    0.0230000      54390.4      19.2760    0.0250000      54390.4      19.3700    0.0850000
       54391.418      100.007      99.9990      54391.4      20.1360    0.0340000      54391.4      19.3170    0.0300000      54391.4      19.2830    0.0450000      54391.4      19.6730     0.182000
       54402.410      99.9640      99.9990      54402.4      20.0460    0.0520000      54402.4      19.4560    0.0270000      54402.4      19.2620    0.0270000      54402.4      19.2270    0.0590000
       52522.000       24.070000       1.1200000       52522.000       20.293000     0.033000000       52522.000       19.565000     0.020000000       52522.000       19.446000     0.025000000       52522.000       19.374000     0.052000000
       51081       23.151000      0.58700000       51081       20.354000     0.028000000       51081       19.627000     0.022000000       51081       19.480000     0.027000000       51081       19.453000     0.074000000
       51132       24.132000      0.84700000       51132       20.395000     0.034000000       51132       19.616000     0.027000000       51132       19.462000     0.034000000       51132       19.416000     0.091000000
       51133       23.007000      0.33700000       51133       20.347000     0.026000000       51133       19.699000     0.036000000       51133       19.515000     0.030000000       51133       19.457000     0.087000000
       51136       22.145000      0.19400000       51136       20.340000     0.026000000       51136       19.624000     0.027000000       51136       19.459000     0.029000000       51136       19.379000     0.078000000
       51819       22.463000      0.32400000       51819       20.076000     0.056000000       51819       19.451000     0.025000000       51819       19.349000     0.035000000       51819       19.213000     0.068000000
       51875       22.543000      0.26900000       51875       20.141000     0.024000000       51875       19.434000     0.022000000       51875       19.362000     0.025000000       51875       19.305000     0.067000000
       52225       23.778000      0.74500000       52225       20.264000     0.029000000       52225       19.549000     0.024000000       52225       19.421000     0.022000000       52225       19.366000     0.058000000
       52288       23.680000      0.65900000       52288       20.266000     0.027000000       52288       19.549000     0.028000000       52288       19.418000     0.021000000       52288       19.376000     0.059000000
       52522       23.968000      0.77800000       52522       20.290000     0.030000000       52522       19.575000     0.021000000       52522       19.452000     0.020000000       52522       19.363000     0.053000000
       52551       23.132000      0.54500000       52551       20.345000     0.029000000       52551       19.599000     0.024000000       52551       19.452000     0.023000000       52551       19.454000     0.068000000
       52558       22.384000      0.22300000       52558       20.316000     0.034000000       52558       19.582000     0.029000000       52558       19.477000     0.024000000       52558       19.433000     0.051000000
       52576       24.401000      0.97300000       52576       20.287000     0.026000000       52576       19.564000     0.024000000       52576       19.433000     0.026000000       52576       19.291000     0.056000000
       52577       24.206000      0.93700000       52577       20.307000     0.025000000       52577       19.567000     0.019000000       52577       19.453000     0.021000000       52577       19.345000     0.059000000
       52578       22.867000      0.42400000       52578       20.291000     0.022000000       52578       19.569000     0.022000000       52578       19.442000     0.023000000       52578       19.392000     0.063000000
       52585       23.062000      0.41900000       52585       20.376000     0.026000000       52585       19.549000     0.025000000       52585       19.414000     0.028000000       52585       19.476000     0.081000000
       52640       23.694000      0.77100000       52640       20.239000     0.030000000       52640       19.499000     0.024000000       52640       19.469000     0.028000000       52640       19.361000     0.069000000
       52909       23.346000      0.51500000       52909       20.157000     0.025000000       52909       19.468000     0.019000000       52909       19.356000     0.023000000       52909       19.313000     0.050000000
       52910       22.817000      0.39200000       52910       20.222000     0.045000000       52910       19.437000     0.036000000       52910       19.349000     0.025000000       52910       19.325000     0.053000000
       52935       23.039000      0.67100000       52935       20.177000     0.027000000       52935       19.458000     0.025000000       52935       19.345000     0.025000000       52935       19.253000     0.068000000
       52971       22.835000       1.0100000       52971       20.172000     0.024000000       52971       19.450000     0.019000000       52971       19.337000     0.021000000       52971       19.245000     0.052000000
       53351       23.230000      0.57400000       53351       20.075000     0.026000000       53351       19.421000     0.024000000       53351       19.194000     0.031000000       53351       19.135000     0.063000000
       53351       22.196000      0.19200000       53351       20.142000     0.031000000       53351       19.358000     0.032000000       53351       19.242000     0.030000000       53351       19.170000     0.055000000
       53641       23.052000      0.45300000       53641       20.233000     0.031000000       53641       19.460000     0.023000000       53641       19.354000     0.022000000       53641       19.357000     0.052000000
       54424       22.371000      0.64000000       54424       19.940000     0.059000000       54424       19.329000     0.030000000       54424       19.227000     0.023000000       54424       19.364000     0.059000000
