       51075.385      20.0690    0.0410000      51075.4      20.1290    0.0210000      51075.4      19.7610    0.0190000      51075.4      19.7490    0.0300000      51075.4      19.8310     0.120000
       51818.354      20.0580    0.0390000      51818.4      20.1250    0.0210000      51818.4      19.7530    0.0180000      51818.4      19.7760    0.0260000      51818.4      19.8740    0.0880000
       52170.405      20.0590    0.0430000      52170.4      20.1460    0.0250000      52170.4      19.7840    0.0180000      52170.4      19.7550    0.0260000      52170.4      19.9260     0.101000
       52173.319      20.1410    0.0560000      52173.3      20.1530    0.0250000      52173.3      19.7620    0.0230000      52173.3      19.7090    0.0330000      52173.3      19.7830     0.124000
       52207.371      20.1550    0.0480000      52207.4      20.2360    0.0230000      52207.4      19.7670    0.0190000      52207.4      19.7840    0.0260000      52207.4      19.6610    0.0830000
       52224.299      20.3130    0.0550000      52224.3      20.2720    0.0250000      52224.3      19.8360    0.0190000      52224.3      19.8050    0.0250000      52224.3      19.8780    0.0920000
       52231.284      20.2820    0.0480000      52231.3      20.2630    0.0220000      52231.3      19.8240    0.0180000      52231.3      19.7740    0.0240000      52231.3      19.8850    0.0870000
       52234.255      20.2190    0.0480000      52234.3      20.2520    0.0230000      52234.3      19.8100    0.0190000      52234.3      19.7750    0.0240000      52234.3      19.9120    0.0890000
       52261.219      20.2280    0.0490000      52261.2      20.3170    0.0250000      52261.2      19.7900    0.0180000      52261.2      19.8080    0.0250000      52261.2      19.8440    0.0870000
       52287.099      20.4730    0.0540000      52287.1      20.3260    0.0250000      52287.1      19.9090    0.0200000      52287.1      19.8040    0.0250000      52287.1      19.9740    0.0970000
       52552.418      20.2180    0.0590000      52552.4      20.2490    0.0260000      52552.4      19.8430    0.0210000      52552.4      19.7870    0.0300000      52552.4      19.6380    0.0960000
       52557.392     -99.9900    0.0490000      52557.4      20.2120    0.0230000      52557.4      19.7950    0.0190000      52557.4      19.8010    0.0270000      52557.4      19.8530     0.101000
       52908.367      20.0950    0.0630000      52908.4      20.1080    0.0220000      52908.4      19.6770    0.0180000      52908.4      19.6680    0.0260000      52908.4      19.6280    0.0890000
       52912.346      20.0380    0.0540000      52912.3      20.1020    0.0300000      52912.3      19.7510    0.0200000      52912.3      19.6750    0.0270000      52912.3      19.9220     0.106000
       52934.299      20.1040    0.0510000      52934.3      20.0960    0.0220000      52934.3      19.6760    0.0200000      52934.3      19.7030    0.0290000      52934.3      19.9210     0.123000
       52936.295      20.0110    0.0410000      52936.3      20.0720    0.0190000      52936.3      19.6940    0.0170000      52936.3      19.6770    0.0230000      52936.3      19.6040    0.0720000
       53270.359      20.1060    0.0480000      53270.4      19.9910    0.0230000      53270.4      19.6440    0.0220000      53270.4      19.6000    0.0230000      53270.4      19.6920    0.0690000
       53272.409      20.1200    0.0560000      53272.4      19.9820    0.0220000      53272.4      19.6060    0.0180000      53272.4      19.5740    0.0270000      53272.4      19.6560    0.0850000
       53286.377      20.0430    0.0510000      53286.4      20.0390    0.0220000      53286.4      19.6490    0.0180000      53286.4      19.6060    0.0230000      53286.4      19.8910    0.0890000
       53288.336      20.0920    0.0430000      53288.3      20.0120    0.0180000      53288.3      19.6350    0.0160000      53288.3      19.5980    0.0200000      53288.3      19.7720    0.0800000
       53294.384     -99.9900    0.0540000      53294.4      19.9830    0.0220000      53294.4      19.6350    0.0190000      53294.4      19.6070    0.0240000      53294.4      19.6490    0.0790000
       53296.331     -99.9900    0.0490000      53296.3      19.9480    0.0240000      53296.3     -99.9900    0.0700000      53296.3      19.5490    0.0310000      53296.3      19.5890    0.0880000
       53298.380      20.1140    0.0560000      53298.4      20.0290    0.0220000      53298.4      19.6330    0.0210000      53298.4      19.6300    0.0310000      53298.4      19.7210     0.108000
       53302.332      20.1220    0.0750000      53302.3      20.0040    0.0340000      53302.3      19.5910    0.0270000      53302.3      19.5570    0.0270000      53302.3      19.9820     0.107000
       53312.287      20.0150    0.0690000      53312.3      20.0220    0.0330000      53312.3      19.6590    0.0340000      53312.3      19.5080    0.0290000      53312.3      19.5990    0.0990000
       53314.288      20.0590    0.0530000      53314.3      19.9520    0.0250000      53314.3      19.6090    0.0200000      53314.3      19.6180    0.0280000      53314.3      19.6120     0.100000
       53319.276     -99.9900    0.0710000      53319.3     -99.9900    0.0350000      53319.3     -99.9900    0.0310000      53319.3      19.6240    0.0420000      53319.3      19.7560     0.157000
       53616.393      19.7720    0.0480000      53616.4      19.5970    0.0190000      53616.4      19.3760    0.0170000      53616.4      19.3420    0.0240000      53616.4      19.4790    0.0940000
       53626.369      19.7190    0.0400000      53626.4     -99.9900    0.0360000      53626.4      19.3720    0.0180000      53626.4      19.2730    0.0210000      53626.4     -99.9900    0.0590000
       53628.354      19.7170    0.0600000      53628.4      19.6470    0.0290000      53628.4      19.3560    0.0230000      53628.4      19.3560    0.0260000      53628.4      19.4100    0.0800000
       53637.356      19.7050    0.0580000      53637.4      19.6820    0.0260000      53637.4      19.3530    0.0190000      53637.4      19.3510    0.0260000      53637.4      19.4200    0.0880000
       53639.401      19.6750    0.0360000      53639.4      19.6560    0.0170000      53639.4      19.3510    0.0140000      53639.4      19.3820    0.0180000      53639.4      19.5560    0.0600000
       53641.400      19.7170    0.0370000      53641.4      19.6200    0.0170000      53641.4      19.3680    0.0140000      53641.4      19.3500    0.0180000      53641.4      19.4760    0.0570000
       53657.359      19.6720    0.0820000      53657.4      19.5660    0.0380000      53657.4      19.3450    0.0280000      53657.4      19.3640    0.0350000      53657.4      19.4770     0.113000
       53663.343      19.6730    0.0640000      53663.3      19.6080    0.0320000      53663.3      19.3410    0.0250000      53663.3      19.3860    0.0290000      53663.3      19.4520    0.0750000
       53666.414      19.6470    0.0600000      53666.4      19.5870    0.0230000      53666.4      19.3460    0.0180000      53666.4      19.3570    0.0210000      53666.4      19.4180    0.0660000
       53668.333      19.6220    0.0440000      53668.3      19.5890    0.0210000      53668.3      19.3770    0.0180000      53668.3      19.4050    0.0250000      53668.3      19.3660    0.0750000
       53669.421      19.6830    0.0720000      53669.4      19.6110    0.0240000      53669.4      19.3160    0.0200000      53669.4      19.3290    0.0260000      53669.4      19.4310    0.0880000
       53670.338      19.6680    0.0390000      53670.3      19.6320    0.0170000      53670.3      19.3550    0.0160000      53670.3      19.3820    0.0230000      53670.3      19.5450    0.0720000
       53673.306      19.7110    0.0340000      53673.3      19.6280    0.0140000      53673.3      19.3780    0.0140000      53673.3      19.3590    0.0170000      53673.3      19.5270    0.0580000
       53675.303      19.7060    0.0350000      53675.3      19.6100    0.0150000      53675.3      19.3790    0.0150000      53675.3      19.3260    0.0200000      53675.3      19.4690    0.0690000
       53677.324      19.6710    0.0330000      53677.3      19.6250    0.0150000      53677.3      19.3510    0.0130000      53677.3      19.3660    0.0170000      53677.3      19.4070    0.0490000
       53680.311      19.6550    0.0360000      53680.3      19.6180    0.0150000      53680.3      19.3340    0.0140000      53680.3      19.3260    0.0180000      53680.3      19.4140    0.0580000
       53683.369      19.7820    0.0510000      53683.4      19.6640    0.0180000      53683.4      19.3340    0.0180000      53683.4      19.2800    0.0230000      53683.4      19.5180     0.112000
       53686.310      19.6220    0.0820000      53686.3      19.6380    0.0450000      53686.3      19.3380    0.0280000      53686.3      19.3570    0.0330000      53686.3      19.4670     0.100000
       53693.312      19.7780    0.0960000      53693.3      19.6350    0.0370000      53693.3      19.3840    0.0250000      53693.3      19.3160    0.0290000      53693.3      19.2730    0.0740000
       53698.310      19.7410    0.0430000      53698.3      19.6330    0.0190000      53698.3      19.3580    0.0160000      53698.3      19.3620    0.0240000      53698.3      19.5000    0.0690000
       53704.296      19.6460    0.0390000      53704.3      19.6220    0.0170000      53704.3      19.3560    0.0150000      53704.3      19.3450    0.0210000      53704.3      19.4850    0.0780000
       53989.392     -99.9900    0.0580000      53989.4      19.6720    0.0330000      53989.4      19.3820    0.0260000      53989.4      19.3070    0.0250000      53989.4      19.3730    0.0600000
       53995.431      19.7710    0.0390000      53995.4      19.6810    0.0170000      53995.4      19.3690    0.0170000      53995.4      19.3770    0.0180000      53995.4      19.4670    0.0520000
       54000.367      19.7100    0.0480000      54000.4      19.7420    0.0240000      54000.4      19.3740    0.0240000      54000.4      19.3750    0.0350000      54000.4      19.4510    0.0730000
       54007.417      19.7830    0.0700000      54007.4      19.7090    0.0290000      54007.4      19.4350    0.0280000      54007.4      19.3440    0.0240000      54007.4      19.5260    0.0590000
       54009.341     -99.9900    0.0370000      54009.3      19.7090    0.0240000      54009.3      19.3750    0.0210000      54009.3      19.3760    0.0250000      54009.3      19.3120    0.0460000
       54011.406      19.7670    0.0340000      54011.4      19.7090    0.0200000      54011.4      19.3780    0.0210000      54011.4      19.3740    0.0360000      54011.4      19.5070    0.0500000
       54025.405      19.7240    0.0430000      54025.4      19.7350    0.0200000      54025.4      19.3710    0.0180000      54025.4      19.3600    0.0240000      54025.4      19.3940    0.0680000
       54029.335     -99.9900    0.0390000      54029.3      19.6560    0.0230000      54029.3      19.3710    0.0230000      54029.3     -99.9900    0.0260000      54029.3      19.4790    0.0660000
       54346.398      20.0330    0.0690000      54346.4      19.9200    0.0390000      54346.4      19.5400    0.0260000      54346.4      19.5660    0.0320000      54346.4      19.4940    0.0700000
       54348.402      20.0460    0.0510000      54348.4      19.9180    0.0270000      54348.4      19.5400    0.0270000      54348.4      19.5120    0.0290000      54348.4      19.5220    0.0680000
       54358.358      19.9690    0.0540000      54358.4      19.9120    0.0280000      54358.4      19.5360    0.0260000      54358.4      19.5150    0.0280000      54358.4      19.5980    0.0760000
       54365.391      20.0210    0.0500000      54365.4      19.9500    0.0280000      54365.4      19.5590    0.0230000      54365.4      19.4960    0.0230000      54365.4      19.5070    0.0630000
       54381.411      19.9960    0.0520000      54381.4      19.9430    0.0260000      54381.4      19.5590    0.0200000      54381.4      19.5630    0.0250000      54381.4      19.5460    0.0610000
       54384.418     -99.9900    0.0560000      54384.4      19.9600    0.0230000      54384.4      19.5500    0.0200000      54384.4      19.5000    0.0220000      54384.4      19.6750    0.0740000
       54386.403     -99.9900    0.0490000      54386.4      19.9390    0.0290000      54386.4      19.5740    0.0240000      54386.4      19.5310    0.0260000      54386.4      19.6440    0.0810000
       54388.407      20.0400    0.0490000      54388.4      19.9330    0.0340000      54388.4      19.5430    0.0200000      54388.4      19.5470    0.0220000      54388.4      19.6910    0.0810000
       54392.405      19.9240    0.0630000      54392.4     -99.9900    0.0250000      54392.4      19.5720    0.0200000      54392.4      19.5170    0.0340000      54392.4      19.6530    0.0940000
       54403.321     -99.9900      99.9990      54403.3      19.8890     0.201000      54403.3      19.4960    0.0800000      54403.3      19.4890     0.223000      54403.3     -99.9900      99.9990
       54404.379      20.0320    0.0860000      54404.4      19.9720    0.0430000      54404.4      19.5770    0.0280000      54404.4      19.4900    0.0290000      54404.4      19.5940    0.0980000
       54405.377      19.9960    0.0600000      54405.4      19.9620    0.0300000      54405.4      19.5610    0.0220000      54405.4      19.5550    0.0250000      54405.4      19.6650    0.0900000
       54406.315      20.0080    0.0430000      54406.3      19.9350    0.0240000      54406.3      19.5270    0.0190000      54406.3      19.5520    0.0290000      54406.3      19.5160    0.0610000
       54412.341      20.0610    0.0590000      54412.3      19.9360    0.0220000      54412.3      19.5800    0.0220000      54412.3      19.5230    0.0250000      54412.3      19.7410     0.103000
       52234.000       20.193000     0.059000000       52234.000       20.227000     0.030000000       52234.000       19.824000     0.027000000       52234.000       19.774000     0.037000000       52234.000       19.896000     0.085000000
       51075       20.031000     0.035000000       51075       20.116000     0.019000000       51075       19.745000     0.022000000       51075       19.739000     0.030000000       51075       19.774000      0.11500000
       51133       20.151000     0.048000000       51133       20.170000     0.022000000       51133       19.793000     0.038000000       51133       19.750000     0.044000000       51133       19.657000      0.11600000
       51134       20.138000     0.038000000       51134       20.226000     0.028000000       51134       19.800000     0.024000000       51134       19.773000     0.035000000       51134       19.803000     0.088000000
       51818       19.989000     0.038000000       51818       20.107000     0.027000000       51818       19.736000     0.033000000       51818       19.760000     0.031000000       51818       19.871000     0.086000000
       52170       20.018000     0.044000000       52170       20.253000     0.030000000       52170       19.773000     0.020000000       52170       19.729000     0.026000000       52170       19.893000      0.10000000
       52173       20.101000     0.056000000       52173       20.140000     0.039000000       52173       19.741000     0.033000000       52173       19.687000     0.035000000       52173       19.758000      0.11900000
       52207       20.126000     0.049000000       52207       20.231000     0.034000000       52207       19.775000     0.017000000       52207       19.785000     0.027000000       52207       19.627000     0.078000000
       52231       20.226000     0.042000000       52231       20.251000     0.026000000       52231       19.796000     0.019000000       52231       19.778000     0.029000000       52231       19.858000     0.083000000
       52234       20.183000     0.058000000       52234       20.228000     0.029000000       52234       19.807000     0.023000000       52234       19.777000     0.033000000       52234       19.908000     0.086000000
       52261       20.215000     0.043000000       52261       20.302000     0.025000000       52261       19.811000     0.027000000       52261       19.831000     0.029000000       52261       19.872000      0.12600000
       52287       20.432000     0.043000000       52287       20.307000     0.036000000       52287       19.897000     0.025000000       52287       19.782000     0.029000000       52287       19.926000     0.094000000
       52552       20.205000     0.058000000       52552       20.258000     0.038000000       52552       19.805000     0.031000000       52552       19.756000     0.038000000       52552       19.628000     0.097000000
       52557       20.156000     0.046000000       52557       20.186000     0.026000000       52557       19.767000     0.028000000       52557       19.781000     0.029000000       52557       19.815000     0.098000000
       52872       20.088000     0.047000000       52872       20.114000     0.032000000       52872       19.711000     0.020000000       52872       19.713000     0.036000000       52872       19.698000     0.070000000
       52908       20.024000     0.050000000       52908       20.129000     0.024000000       52908       19.690000     0.018000000       52908       19.689000     0.030000000       52908       19.620000     0.087000000
       52912       19.993000     0.056000000       52912       20.106000     0.043000000       52912       19.765000     0.024000000       52912       19.690000     0.033000000       52912       19.930000      0.10600000
       52934       20.114000     0.059000000       52934       20.079000     0.024000000       52934       19.645000     0.026000000       52934       19.674000     0.030000000       52934       19.893000      0.12000000
       52936       20.046000     0.046000000       52936       20.076000     0.029000000       52936       19.690000     0.018000000       52936       19.685000     0.023000000       52936       19.621000     0.071000000
       53270       20.036000     0.049000000       53270       19.951000     0.025000000       53270       19.615000     0.024000000       53270       19.573000     0.025000000       53270       19.676000     0.076000000
       53272       20.112000     0.060000000       53272       19.987000     0.026000000       53272       19.586000     0.028000000       53272       19.576000     0.030000000       53272       19.662000     0.084000000
       53286       20.005000     0.049000000       53286       20.013000     0.025000000       53286       19.634000     0.023000000       53286       19.600000     0.029000000       53286       19.876000     0.098000000
       53288       20.066000     0.043000000       53288       20.046000     0.030000000       53288       19.622000     0.017000000       53288       19.571000     0.027000000       53288       19.771000     0.079000000
       53294       20.134000     0.069000000       53294       19.962000     0.027000000       53294       19.607000     0.022000000       53294       19.578000     0.033000000       53294       19.590000     0.096000000
       53298       20.043000     0.045000000       53298       19.997000     0.024000000       53298       19.626000     0.030000000       53298       19.610000     0.032000000       53298       19.674000      0.10000000
       53312       19.911000     0.068000000       53312       19.985000     0.034000000       53312       19.619000     0.030000000       53312       19.501000     0.030000000       53312       19.578000      0.10600000
       53314       20.028000     0.048000000       53314       19.940000     0.023000000       53314       19.615000     0.023000000       53314       19.621000     0.027000000       53314       19.590000     0.098000000
       53319       20.112000     0.059000000       53319       20.133000     0.030000000       53319       19.750000     0.035000000       53319       19.634000     0.048000000       53319       19.781000      0.17500000
       55090       19.645000     0.039000000       55090       19.637000     0.019000000       55090       19.374000     0.019000000       55090       19.385000     0.025000000       55090       19.381000     0.065000000
