       51075.389      23.3270     0.665000      51075.4      20.7660    0.0300000      51075.4      19.8590    0.0220000      51075.4      19.4600    0.0260000      51075.4      19.2520    0.0840000
       51818.359      22.4300     0.268000      51818.4      21.0350    0.0340000      51818.4      20.1710    0.0260000      51818.4      19.7490    0.0290000      51818.4      19.4390    0.0690000
       52170.410      22.7950     0.433000      52170.4      20.9410    0.0340000      52170.4      20.0680    0.0240000      52170.4      19.6700    0.0260000      52170.4      19.3470    0.0680000
       52173.323      22.7490     0.536000      52173.3      20.9080    0.0370000      52173.3      20.0580    0.0290000      52173.3      19.6700    0.0340000      52173.3      19.5080     0.102000
       52224.303      23.1340     0.509000      52224.3      21.0100    0.0340000      52224.3      20.0770    0.0230000      52224.3      19.6970    0.0260000      52224.3      19.4970    0.0680000
       52231.289      23.7520     0.784000      52231.3      20.9940    0.0330000      52231.3      20.0650    0.0250000      52231.3      19.7040    0.0270000      52231.3      19.4390    0.0680000
       52234.260      24.4320      1.20700      52234.3      20.9640    0.0330000      52234.3      20.0960    0.0250000      52234.3      19.6590    0.0250000      52234.3      19.5160    0.0630000
       52261.223      23.1400     0.559000      52261.2      20.9450    0.0340000      52261.2      20.0390    0.0230000      52261.2      19.7110    0.0260000      52261.2      19.3630    0.0640000
       52287.104      22.3890     0.284000      52287.1      20.9370    0.0350000      52287.1      20.0240    0.0240000      52287.1      19.6010    0.0250000      52287.1      19.4420    0.0660000
       52552.422      22.8110     0.665000      52552.4      20.9970    0.0430000      52552.4      20.1450    0.0300000      52552.4      19.7980    0.0370000      52552.4      19.5040     0.101000
       52557.397      22.7690     0.460000      52557.4      21.0500    0.0360000      52557.4      20.1770    0.0270000      52557.4      19.7230    0.0300000      52557.4      19.8290     0.113000
       52908.371      23.4810     0.877000      52908.4      21.0250    0.0400000      52908.4      20.1810    0.0280000      52908.4      19.7410    0.0300000      52908.4      19.4520    0.0860000
       52912.351      22.9820     0.557000      52912.4      21.0850    0.0380000      52912.3      20.1360    0.0270000      52912.4      19.7020    0.0280000      52912.4      19.6680    0.0870000
       52934.303      22.9020     0.561000      52934.3      21.0130    0.0380000      52934.3      20.0820    0.0280000      52934.3      19.6690    0.0300000      52934.3      19.6800     0.108000
       52936.299     -99.9900     0.381000      52936.3      21.0130    0.0330000      52936.3      20.1260    0.0250000      52936.3      19.7920    0.0290000      52936.3      19.4290    0.0770000
       53270.363      22.5640     0.387000      53270.4      21.1820    0.0370000      53270.4      20.2370    0.0270000      53270.4      19.8390    0.0290000      53270.4      19.7600    0.0840000
       53272.413      23.4710     0.960000      53272.4      21.1010    0.0390000      53272.4      20.2320    0.0310000      53272.4      19.8840    0.0370000      53272.4      19.5770    0.0880000
       53286.382      24.2170      1.50500      53286.4      21.2040    0.0510000      53286.4      20.2780    0.0310000      53286.4      19.7660    0.0290000      53286.4      19.6010    0.0830000
       53288.340      22.7630     0.419000      53288.3      21.1150    0.0350000      53288.3      20.2570    0.0270000      53288.3      19.8440    0.0310000      53288.3      19.4550    0.0730000
       53294.388      23.4590     0.979000      53294.4      21.0580    0.0460000      53294.4      20.2480    0.0330000      53294.4      19.8040    0.0330000      53294.4      19.4160    0.0830000
       53296.335      22.9960     0.650000      53296.3      21.1700    0.0590000      53296.3      20.3300    0.0370000      53296.3      19.8850    0.0380000      53296.3      19.8450     0.111000
       53298.385      22.9070     0.548000      53298.4      21.1750    0.0470000      53298.4      20.3000    0.0380000      53298.4      19.9220    0.0450000      53298.4      19.5220     0.105000
       53302.336      22.8980     0.842000      53302.3      21.0110    0.0750000      53302.3      20.2730    0.0420000      53302.3      19.8810    0.0400000      53302.3      19.4600    0.0770000
       53312.292      22.1400     0.448000      53312.3      21.2070    0.0830000      53312.3      20.2680    0.0400000      53312.3      19.7860    0.0380000      53312.3      19.5520     0.103000
       53314.293      22.7890     0.649000      53314.3      21.2860    0.0630000      53314.3      20.3120    0.0390000      53314.3      19.8950    0.0420000      53314.3      19.5720     0.101000
       53319.281      22.7040     0.723000      53319.3      21.1580    0.0710000      53319.3      20.2270    0.0550000      53319.3     -99.9900    0.0560000      53319.3     -99.9900     0.136000
       53616.397      22.3240     0.410000      53616.4      21.1900    0.0490000      53616.4      20.3640    0.0340000      53616.4      19.8810    0.0350000      53616.4      19.7120     0.103000
       53626.374      21.8460     0.312000      53626.4     -99.9900    0.0630000      53626.4     -99.9900     0.122000      53626.4      19.8490    0.0330000      53626.4      19.4540    0.0910000
       53628.358      22.4000     0.594000      53628.4      21.2690     0.102000      53628.4      20.4330    0.0490000      53628.4      19.9220    0.0410000      53628.4      19.6840     0.105000
       53637.360      23.3250      1.34500      53637.4      21.1880    0.0870000      53637.4      20.3170    0.0440000      53637.4      19.9250    0.0430000      53637.4      19.7680     0.119000
       53639.405      22.6050     0.386000      53639.4      21.2350    0.0460000      53639.4      20.3480    0.0320000      53639.4      19.8960    0.0300000      53639.4      19.6260    0.0700000
       53641.405      23.1250     0.623000      53641.4      21.3320    0.0480000      53641.4      20.3480    0.0290000      53641.4      19.9030    0.0290000      53641.4      19.5430    0.0680000
       53657.363      27.5730     0.501000      53657.4      21.4760     0.180000      53657.4      20.2850    0.0690000      53657.4      19.8170    0.0560000      53657.4      19.4020     0.110000
       53663.348      22.4120     0.797000      53663.4      21.3830     0.122000      53663.3      20.3050    0.0560000      53663.3      19.9440    0.0460000      53663.3      19.6580     0.101000
       53665.326      22.8220     0.894000      53665.3      21.0970    0.0990000      53665.3      20.3020    0.0550000      53665.3      19.8350    0.0560000      53665.3     -99.9900     0.152000
       53666.418      23.2010      1.29400      53666.4      21.1760    0.0850000      53666.4      20.3490    0.0400000      53666.4      19.8170    0.0340000      53666.4      19.7680     0.102000
       53668.338      23.4540      1.41300      53668.3      21.2830    0.0700000      53668.3      20.3110    0.0440000      53668.3      19.8580    0.0420000      53668.3      19.7040     0.123000
       53669.425      25.3660      2.15500      53669.4      21.2750    0.0830000      53669.4      20.3500    0.0490000      53669.4      19.9760    0.0470000      53669.4      19.6170     0.105000
       53670.342      23.6460      1.18700      53670.3      21.2340    0.0570000      53670.3      20.2410    0.0330000      53670.3      19.8770    0.0360000      53670.3      19.7580     0.105000
       53673.310      23.1520     0.540000      53673.3      21.2340    0.0390000      53673.3      20.3000    0.0270000      53673.3      19.8940    0.0300000      53673.3      19.6910    0.0770000
       53675.307      23.2110     0.646000      53675.3      21.2700    0.0400000      53675.3      20.3870    0.0350000      53675.3      19.9100    0.0350000      53675.3      19.6140    0.0840000
       53677.328      22.5110     0.415000      53677.3      21.1980    0.0390000      53677.3      20.3730    0.0300000      53677.3      19.9110    0.0300000      53677.3      19.6460    0.0720000
       53680.315      24.2570      1.11100      53680.3      21.3710    0.0460000      53680.3      20.3650    0.0320000      53680.3      19.9030    0.0300000      53680.3      19.5850    0.0730000
       53683.374      22.6510     0.592000      53683.4      21.2670    0.0510000      53683.4      20.3510    0.0400000      53683.4      19.8840    0.0410000      53683.4      19.7650     0.146000
       53686.314      21.5640     0.514000      53686.3      21.1370     0.140000      53686.3      20.4370    0.0780000      53686.3      19.8270    0.0520000      53686.3      19.5880     0.105000
       53693.317      22.3720      1.11800      53693.3      21.1640     0.137000      53693.3      20.3110    0.0620000      53693.3      19.8440    0.0490000      53693.3      19.5830     0.104000
       53698.314      23.3480     0.979000      53698.3      21.1480    0.0560000      53698.3      20.2980    0.0330000      53698.3      19.8020    0.0340000      53698.3      19.5240    0.0790000
       53704.300      23.2780     0.957000      53704.3      21.2370    0.0450000      53704.3      20.2500    0.0340000      53704.3      19.8680    0.0360000      53704.3      19.7200     0.100000
       53989.396      21.7660     0.395000      53989.4      21.0910     0.101000      53989.4      20.2030    0.0470000      53989.4      19.8200    0.0400000      53989.4     -99.9900    0.0820000
       53995.435      22.9950     0.456000      53995.4      21.1080    0.0360000      53995.4      20.2150    0.0260000      53995.4      19.8900    0.0270000      53995.4      19.4910    0.0590000
       54000.372      24.6560      2.98300      54000.4      21.1500    0.0380000      54000.4      20.1650    0.0310000      54000.4      19.7640    0.0290000      54000.4      19.4950    0.0810000
       54007.422      23.1880     0.648000      54007.4      21.1370    0.0390000      54007.4      20.2970    0.0270000      54007.4      19.7600    0.0290000      54007.4      19.5230    0.0720000
       54009.346      23.4380     0.666000      54009.3      21.0590    0.0310000      54009.3      20.2250    0.0270000      54009.3      19.7960    0.0270000      54009.3     -99.9900    0.0740000
       54011.410      23.2340     0.482000      54011.4      21.0800    0.0340000      54011.4      20.2990    0.0260000      54011.4      19.8030    0.0270000      54011.4      19.5590    0.0620000
       54025.409      23.1110     0.802000      54025.4      21.0720    0.0400000      54025.4      20.2140    0.0330000      54025.4      19.7900    0.0330000      54025.4      19.7610    0.0960000
       54346.403      100.008      99.9990      54346.4      21.1410     0.100000      54346.4      20.3170    0.0490000      54346.4      19.8490    0.0380000      54346.4      19.4640    0.0740000
       54348.407      23.3920      1.06100      54348.4      21.1330    0.0570000      54348.4      20.2250    0.0290000      54348.4      19.8250    0.0330000      54348.4      19.5600     0.103000
       54358.363     -99.9900     0.576000      54358.4      20.9940    0.0430000      54358.4      20.2960    0.0350000      54358.4      19.8290    0.0350000      54358.4      19.7110     0.103000
       54365.396      22.5710     0.310000      54365.4      21.2140    0.0360000      54365.4      20.2250    0.0290000      54365.4      19.7880    0.0300000      54365.4      19.4800    0.0590000
       54381.415      99.9740      99.9990      54381.4      21.1890    0.0360000      54381.4      20.2600    0.0300000      54381.4      19.8110    0.0290000      54381.4      19.5550    0.0590000
       54384.422      99.9870      99.9990      54384.4      21.1710    0.0380000      54384.4      20.2370    0.0270000      54384.4      19.8450    0.0300000      54384.4      19.5400    0.0680000
       54386.408      23.1860     0.739000      54386.4      21.1910    0.0420000      54386.4      20.2290    0.0280000      54386.4      19.7910    0.0300000      54386.4      19.6320    0.0840000
       54388.412      23.2610     0.783000      54388.4      21.1700    0.0380000      54388.4      20.2400    0.0310000      54388.4      19.8360    0.0280000      54388.4      19.5530    0.0620000
       54392.410      23.7030      1.34500      54392.4      21.1280    0.0500000      54392.4      20.2080    0.0340000      54392.4      19.7740    0.0410000      54392.4      19.4750    0.0740000
       54405.381      22.6520     0.733000      54405.4      21.0560    0.0600000      54405.4      20.1380    0.0360000      54405.4      19.7430    0.0350000      54405.4      19.5230    0.0780000
       54406.320      22.7940     0.505000      54406.3      21.1250    0.0440000      54406.3      20.1530    0.0260000      54406.3      19.7490    0.0260000      54406.3      19.5580    0.0650000
       54412.345      22.3690     0.437000      54412.3      21.0890    0.0390000      54412.3      20.2010    0.0330000      54412.3      19.7470    0.0360000      54412.3      19.4710    0.0770000
       52234.000       24.252000       1.1050000       52234.000       20.990000     0.036000000       52234.000       20.117000     0.029000000       52234.000       19.672000     0.028000000       52234.000       19.528000     0.062000000
       51075       23.132000      0.49200000       51075       20.809000     0.032000000       51075       19.896000     0.023000000       51075       19.503000     0.030000000       51075       19.311000     0.076000000
       51133       22.386000      0.25800000       51133       20.875000     0.036000000       51133       19.860000     0.039000000       51133       19.523000     0.037000000       51133       19.181000     0.076000000
       51134       22.735000      0.28200000       51134       20.885000     0.036000000       51134       19.895000     0.025000000       51134       19.477000     0.024000000       51134       19.250000     0.054000000
       51818       22.381000      0.21100000       51818       21.019000     0.033000000       51818       20.171000     0.025000000       51818       19.734000     0.025000000       51818       19.415000      0.10600000
       52170       22.787000      0.33700000       52170       20.967000     0.038000000       52170       20.093000     0.025000000       52170       19.689000     0.028000000       52170       19.334000     0.067000000
       52173       22.851000      0.47600000       52173       20.958000     0.039000000       52173       20.117000     0.032000000       52173       19.709000     0.042000000       52173       19.585000      0.10100000
       52207       23.603000      0.69400000       52207       20.984000     0.036000000       52207       20.037000     0.025000000       52207       19.700000     0.026000000       52207       19.513000     0.074000000
       52224       23.018000      0.38100000       52224       21.037000     0.033000000       52224       20.089000     0.026000000       52224       19.698000     0.026000000       52224       19.481000     0.065000000
       52231       23.530000      0.64000000       52231       21.008000     0.037000000       52231       20.067000     0.025000000       52231       19.696000     0.027000000       52231       19.430000     0.063000000
       52234       24.152000      0.93500000       52234       20.999000     0.035000000       52234       20.117000     0.031000000       52234       19.669000     0.027000000       52234       19.530000     0.062000000
       52261       22.998000      0.41200000       52261       20.999000     0.036000000       52261       20.046000     0.027000000       52261       19.730000     0.027000000       52261       19.338000     0.062000000
       52287       22.583000      0.23900000       52287       20.971000     0.037000000       52287       20.076000     0.027000000       52287       19.646000     0.027000000       52287       19.496000     0.065000000
       52552       22.525000      0.44000000       52552       21.024000     0.055000000       52552       20.122000     0.037000000       52552       19.797000     0.039000000       52552       19.501000      0.10000000
       52557       22.659000      0.36900000       52557       21.040000     0.037000000       52557       20.172000     0.028000000       52557       19.712000     0.030000000       52557       19.797000      0.10800000
       52872       22.836000      0.49700000       52872       21.104000     0.049000000       52872       20.152000     0.028000000       52872       19.731000     0.028000000       52872       19.698000     0.081000000
       52908       23.356000      0.65000000       52908       21.048000     0.043000000       52908       20.248000     0.033000000       52908       19.767000     0.035000000       52908       19.441000     0.084000000
       52912       22.819000      0.41600000       52912       21.100000     0.038000000       52912       20.128000     0.031000000       52912       19.724000     0.031000000       52912       19.676000     0.090000000
       52934       22.993000      0.48000000       52934       21.055000     0.043000000       52934       20.099000     0.036000000       52934       19.696000     0.032000000       52934       19.718000      0.11000000
       52936       22.644000      0.26600000       52936       21.048000     0.034000000       52936       20.157000     0.025000000       52936       19.774000     0.029000000       52936       19.435000     0.076000000
       53270       22.524000      0.32500000       53270       21.200000     0.041000000       53270       20.256000     0.030000000       53270       19.848000     0.032000000       53270       19.774000     0.091000000
       53272       23.180000      0.63900000       53272       21.122000     0.039000000       53272       20.238000     0.040000000       53272       19.903000     0.041000000       53272       19.616000     0.087000000
       53286       23.649000      0.91100000       53286       21.255000     0.053000000       53286       20.305000     0.033000000       53286       19.805000     0.029000000       53286       19.646000     0.083000000
       53288       22.846000      0.35800000       53288       21.189000     0.036000000       53288       20.321000     0.032000000       53288       19.889000     0.032000000       53288       19.529000     0.074000000
       53294       23.185000      0.60400000       53294       21.106000     0.045000000       53294       20.315000     0.038000000       53294       19.849000     0.040000000       53294       19.480000     0.082000000
       53298       23.054000      0.50800000       53298       21.188000     0.046000000       53298       20.282000     0.039000000       53298       19.930000     0.044000000       53298       19.497000      0.10300000
       53312       22.119000      0.45200000       53312       21.223000     0.091000000       53312       20.279000     0.044000000       53312       19.797000     0.042000000       53312       19.528000      0.11100000
       53314       22.680000      0.33300000       53314       21.324000     0.064000000       53314       20.327000     0.041000000       53314       19.914000     0.042000000       53314       19.574000     0.099000000
       53319       23.033000      0.74800000       53319       21.223000     0.070000000       53319       20.356000     0.059000000       53319       19.987000     0.061000000       53319       19.672000      0.11800000
       53351       22.318000      0.31600000       53351       21.280000     0.066000000       53351       20.300000     0.031000000       53351       19.883000     0.035000000       53351       19.678000      0.12500000
       53641       23.300000      0.47400000       53641       21.273000     0.039000000       53641       20.393000     0.027000000       53641       19.950000     0.025000000       53641       19.576000     0.066000000
       54715       23.124000      0.47600000       54715       21.117000     0.040000000       54715       20.163000     0.031000000       54715       19.824000     0.030000000       54715       19.578000     0.054000000
