       51075.397      22.5420     0.315000      51075.4      20.3840    0.0230000      51075.4      20.1530    0.0270000      51075.4      20.3660    0.0510000      51075.4      20.2330     0.184000
       51818.366      22.5570     0.311000      51818.4      20.4020    0.0230000      51818.4      20.2170    0.0230000      51818.4      20.4020    0.0390000      51818.4      20.3240     0.138000
       52170.417      22.4370     0.291000      52170.4      20.3400    0.0210000      52170.4      20.1440    0.0230000      52170.4      20.3280    0.0380000      52170.4      20.3120     0.141000
       52173.331      22.4600     0.367000      52173.3      20.4180    0.0250000      52173.3      20.1580    0.0280000      52173.3      20.3570    0.0510000      52173.3      20.7230     0.317000
       52224.311      22.4460     0.275000      52224.3      20.4270    0.0220000      52224.3      20.1740    0.0230000      52224.3      20.3440    0.0350000      52224.3      20.3470     0.129000
       52234.267      22.1310     0.251000      52234.3      20.4080    0.0230000      52234.3      20.2560    0.0270000      52234.3      20.4170    0.0380000      52234.3      20.3270     0.127000
       52261.231      22.4940     0.318000      52261.2      20.4430    0.0230000      52261.2      20.2010    0.0230000      52261.2      20.4090    0.0380000      52261.2      20.0790     0.112000
       52283.098      23.6930      1.13400      52283.1      20.3030    0.0280000      52283.1      20.1600    0.0390000      52283.1      20.2640    0.0550000      52283.1      20.5210     0.324000
       52287.111      22.3050     0.229000      52287.1      20.3930    0.0230000      52287.1      20.1980    0.0250000      52287.1      20.3910    0.0350000      52287.1      20.4320     0.136000
       52552.430      23.4680      1.00500      52552.4      20.5060    0.0310000      52552.4      20.2890    0.0360000      52552.4      20.4790    0.0620000      52552.4      20.3900     0.213000
       52557.404      22.7610     0.445000      52557.4      20.4710    0.0240000      52557.4      20.3000    0.0280000      52557.4      20.4760    0.0460000      52557.4      20.0080     0.123000
       52908.379      23.1200     0.487000      52908.4      20.4650    0.0230000      52908.4      20.2440    0.0260000      52908.4      20.5550    0.0470000      52908.4      20.4580     0.153000
       52912.358      22.1500     0.263000      52912.4      20.4650    0.0230000      52912.4      20.2540    0.0240000      52912.4      20.4770    0.0420000      52912.4      20.2970     0.121000
       52934.311      22.3570     0.296000      52934.3      20.4910    0.0250000      52934.3      20.3290    0.0300000      52934.3      20.4120    0.0470000      52934.3      20.3400     0.168000
       52936.306      22.7970     0.350000      52936.3      20.4770    0.0220000      52936.3      20.2650    0.0250000      52936.3      20.4620    0.0400000      52936.3      20.3200     0.136000
       53270.371      22.3510     0.273000      53270.4      20.5350    0.0250000      53270.4      20.3030    0.0240000      53270.4      20.5730    0.0410000      53270.4      20.1700     0.105000
       53272.420      22.1420     0.287000      53272.4      20.5500    0.0250000      53272.4      20.3080    0.0270000      53272.4      20.4600    0.0470000      53272.4      20.3600     0.143000
       53286.389      22.7710     0.515000      53286.4      20.4740    0.0260000      53286.4      20.3030    0.0290000      53286.4      20.4480    0.0430000      53286.4      20.5610     0.164000
       53288.348      22.9600     0.470000      53288.3      20.5220    0.0220000      53288.3      20.3180    0.0270000      53288.3      20.4910    0.0440000      53288.3      20.4880     0.143000
       53294.395      22.6180     0.413000      53294.4      20.5540    0.0300000      53294.4      20.3400    0.0310000      53294.4      20.5500    0.0460000      53294.4      20.2530     0.129000
       53296.342      22.4920     0.360000      53296.3      20.5140    0.0280000      53296.3      20.3260    0.0340000      53296.3      20.4560    0.0470000      53296.3      20.4830     0.163000
       53298.392      23.2470     0.771000      53298.4      20.4920    0.0290000      53298.4      20.2600    0.0410000      53298.4      20.4450    0.0640000      53298.4      20.5280     0.269000
       53302.343      22.0910     0.411000      53302.3      20.5010    0.0470000      53302.3      20.2560    0.0420000      53302.3      20.5050    0.0540000      53302.3      20.3830     0.153000
       53312.299      23.8110      2.27300      53312.3      20.5060    0.0470000      53312.3      20.3530    0.0470000      53312.3      20.6230    0.0610000      53312.3      20.1580     0.165000
       53314.300      23.1570     0.763000      53314.3      20.4940    0.0330000      53314.3      20.2790    0.0330000      53314.3      20.4480    0.0500000      53314.3      20.5850     0.224000
       53319.288     -99.9900     0.556000      53319.3      20.4670    0.0320000      53319.3      20.3250    0.0410000      53319.3      20.5550    0.0650000      53319.3      20.2170     0.184000
       53616.404      22.6350     0.529000      53616.4      20.5180    0.0290000      53616.4      20.3220    0.0320000      53616.4      20.4180    0.0530000      53616.4      20.3080     0.171000
       53626.381     -99.9900     0.523000      53626.4      20.5050    0.0300000      53626.4     -99.9900    0.0430000      53626.4      20.6210     0.110000      53626.4     -99.9900      1.14000
       53628.366      22.4290     0.621000      53628.4      20.5570    0.0520000      53628.4      20.4010    0.0450000      53628.4      20.5800    0.0720000      53628.4      20.0330     0.144000
       53637.367      21.7790     0.374000      53637.4      20.5690    0.0570000      53637.4      20.3590    0.0460000      53637.4      20.5230    0.0690000      53637.4      20.3150     0.205000
       53639.413      22.5300     0.380000      53639.4      20.5980    0.0280000      53639.4      20.3900    0.0280000      53639.4      20.4620    0.0400000      53639.4      20.2960     0.123000
       53641.412      22.7740     0.483000      53641.4      20.6130    0.0260000      53641.4      20.3480    0.0280000      53641.4      20.5290    0.0450000      53641.4      20.3020     0.127000
       53657.371      22.7070      1.23400      53657.4      20.5770    0.0860000      53657.4      20.3630    0.0640000      53657.4      20.6120     0.100000      53657.4      20.1810     0.212000
       53663.355      22.8020     0.967000      53663.4      20.7480    0.0730000      53663.4      20.2800    0.0410000      53663.4      20.5760    0.0600000      53663.4      20.3350     0.141000
       53665.333      22.3680     0.761000      53665.3      20.5760    0.0540000      53665.3      20.3790    0.0440000      53665.3      20.4930    0.0680000      53665.3      20.3720     0.246000
       53666.425      21.9480     0.486000      53666.4      20.5340    0.0480000      53666.4      20.3240    0.0390000      53666.4      20.4950    0.0520000      53666.4      20.4480     0.182000
       53668.345      23.6850      1.43000      53668.3      20.5500    0.0400000      53668.3      20.3810    0.0410000      53668.3      20.5090    0.0590000      53668.3      20.4040     0.199000
       53669.433      21.5950     0.363000      53669.4      20.4600    0.0480000      53669.4      20.3530    0.0430000      53669.4      20.4170    0.0550000      53669.4      20.6490     0.275000
       53670.350      22.8360     0.754000      53670.4      20.5500    0.0310000      53670.3      20.3480    0.0350000      53670.3      20.6220    0.0640000      53670.4      20.3290     0.188000
       53673.318      23.2180     0.584000      53673.3      20.5400    0.0230000      53673.3      20.3100    0.0250000      53673.3      20.5430    0.0390000      53673.3      20.3610     0.115000
       53675.315      23.6550     0.904000      53675.3      20.5240    0.0240000      53675.3      20.3430    0.0330000      53675.3      20.5890    0.0580000      53675.3      20.3890     0.168000
       53677.336      23.0810     0.483000      53677.3      20.5190    0.0220000      53677.3      20.3650    0.0260000      53677.3      20.5340    0.0370000      53677.3      20.3680     0.110000
       53680.322      22.3070     0.297000      53680.3      20.5870    0.0260000      53680.3      20.3020    0.0270000      53680.3      20.5250    0.0400000      53680.3      20.2780     0.133000
       53683.381      22.4250     0.436000      53683.4      20.5600    0.0290000      53683.4      20.3850    0.0400000      53683.4      20.4900    0.0680000      53683.4      20.6960     0.327000
       53686.322     -99.9900      3.63900      53686.3      20.4490    0.0950000      53686.3      20.2390    0.0770000      53686.3     -99.9900     0.116000      53686.3      20.0220     0.204000
       53693.324      23.8090      3.81900      53693.3      20.4420    0.0800000      53693.3      20.3210    0.0700000      53693.3      20.4460    0.0970000      53693.3      19.9970     0.162000
       53698.322      21.7920     0.287000      53698.3      20.4940    0.0390000      53698.3      20.4520    0.0400000      53698.3      20.6440    0.0650000      53698.3      20.2830     0.156000
       53699.345      22.2640     0.368000      53699.3      20.5430    0.0320000      53699.3      20.3910    0.0330000      53699.3      20.5650    0.0490000      53699.3      20.3140     0.141000
       53704.308      22.3210     0.357000      53704.3      20.5600    0.0280000      53704.3      20.5220    0.0380000      53704.3      20.6880    0.0610000      53704.3      21.1250     0.349000
       53989.404      99.9980      99.9990      53989.4      20.4950    0.0600000      53989.4      20.2830    0.0440000      53989.4      20.5070    0.0540000      53989.4      20.2540     0.114000
       53995.442      22.6420     0.306000      53995.4      20.5500    0.0280000      53995.4      20.3030    0.0210000      53995.4      20.4400    0.0300000      53995.4      20.4060     0.107000
       54000.379      22.6970     0.424000      54000.4      20.5120    0.0310000      54000.4      20.3070    0.0280000      54000.4      20.4000    0.0470000      54000.4      20.3570     0.152000
       54007.429      22.3870     0.315000      54007.4      20.5180    0.0250000      54007.4      20.3280    0.0270000      54007.4      20.4910    0.0390000      54007.4      20.5950     0.160000
       54009.353      22.3320     0.216000      54009.4      20.5050    0.0270000      54009.4      20.2690    0.0250000      54009.4      20.4490    0.0320000      54009.4      20.3790     0.104000
       54011.417      22.4070     0.208000      54011.4      20.5410    0.0240000      54011.4      20.3140    0.0190000      54011.4      20.4890    0.0350000      54011.4      20.4600     0.104000
       54025.416      22.3370     0.363000      54025.4      20.5230    0.0320000      54025.4      20.2650    0.0310000      54025.4      20.4530    0.0510000      54025.4      20.3770     0.155000
       54346.410      22.1360     0.537000      54346.4      20.4270    0.0480000      54346.4      20.3210    0.0450000      54346.4      20.3060    0.0470000      54346.4      20.1720     0.124000
       54348.414      22.4550     0.432000      54348.4      20.4170    0.0310000      54348.4      20.2790    0.0330000      54348.4      20.3860    0.0420000      54348.4      20.4590     0.149000
       54355.424      22.3630     0.255000      54355.4      20.4620    0.0260000      54355.4      20.2660    0.0230000      54355.4      20.4770    0.0360000      54355.4      20.5030     0.116000
       54358.370      22.6770     0.472000      54358.4      20.4190    0.0240000      54358.4      20.2530    0.0270000      54358.4      20.3880    0.0390000      54358.4      20.1660     0.116000
       54365.403      22.7260     0.276000      54365.4      20.4200    0.0230000      54365.4      20.2390    0.0280000      54365.4      20.3750    0.0350000      54365.4      20.3110     0.110000
       54381.423      23.4600     0.645000      54381.4      20.3950    0.0350000      54381.4      20.2350    0.0250000      54381.4      20.4610    0.0320000      54381.4      20.2840    0.0960000
       54384.429      22.3380     0.289000      54384.4      20.4170    0.0270000      54384.4      20.2430    0.0280000      54384.4      20.4440    0.0370000      54384.4      20.5070     0.144000
       54386.415      22.1180     0.229000      54386.4      20.4330    0.0220000      54386.4      20.2310    0.0260000      54386.4      20.4090    0.0350000      54386.4      20.4140     0.115000
       54388.419      22.5190     0.345000      54388.4      20.4490    0.0240000      54388.4      20.2440    0.0260000      54388.4      20.4530    0.0380000      54388.4      20.4500     0.130000
       54392.417      23.2960      1.00400      54392.4      20.4890    0.0280000      54392.4      20.3080    0.0370000      54392.4      20.3380    0.0480000      54392.4      20.3140     0.170000
       54403.333     -99.9900     0.581000      54403.3      20.3310     0.120000      54403.3      20.2400     0.167000      54403.3      20.1050     0.308000      54403.3      19.3940     0.327000
       54404.391      21.8740      1.06600      54404.4      20.1520     0.122000      54404.4      20.5180     0.100000      54404.4     -99.9900     0.216000      54404.4      20.7270     0.735000
       54405.389      21.9290     0.316000      54405.4      20.4490    0.0350000      54405.4      20.2800    0.0290000      54405.4      20.4250    0.0400000      54405.4      20.0310     0.119000
       54406.327      22.4190     0.286000      54406.3      20.4370    0.0260000      54406.3      20.2750    0.0270000      54406.3      20.4150    0.0350000      54406.3      20.3310    0.0960000
       54412.353      22.9700     0.578000      54412.4      20.3850    0.0230000      54412.4      20.2510    0.0260000      54412.4      20.4400    0.0390000      54412.4      20.1490     0.109000
       52234.000       22.206000      0.24200000       52234.000       20.431000     0.027000000       52234.000       20.275000     0.034000000       52234.000       20.428000     0.042000000       52234.000       20.337000      0.11700000
       51075       22.549000      0.26800000       51075       20.399000     0.026000000       51075       20.172000     0.033000000       51075       20.377000     0.073000000       51075       20.177000      0.18700000
       51133       22.897000      0.34600000       51133       20.401000     0.033000000       51133       20.151000     0.038000000       51133       20.490000     0.066000000       51133       20.307000      0.23700000
       51134       22.096000      0.14200000       51134       20.365000     0.025000000       51134       20.211000     0.027000000       51134       20.388000     0.040000000       51134       20.266000      0.12000000
       51818       22.509000      0.24100000       51818       20.411000     0.027000000       51818       20.213000     0.031000000       51818       20.414000     0.062000000       51818       20.425000      0.17600000
       52170       22.401000      0.23000000       52170       20.379000     0.025000000       52170       20.181000     0.031000000       52170       20.362000     0.042000000       52170       20.373000      0.14200000
       52171       22.280000      0.63900000       52171       20.384000     0.029000000       52171       20.239000     0.046000000       52171       20.513000     0.062000000       52171       20.221000      0.18600000
       52173       22.561000      0.34300000       52173       20.441000     0.030000000       52173       20.178000     0.037000000       52173       20.383000     0.051000000       52173       20.830000      0.43100000
       52207       22.063000      0.19300000       52207       20.437000     0.027000000       52207       20.175000     0.026000000       52207       20.424000     0.041000000       52207       20.238000      0.12800000
       52224       22.410000      0.21800000       52224       20.446000     0.030000000       52224       20.196000     0.024000000       52224       20.321000     0.040000000       52224       20.376000      0.12300000
       52234       22.220000      0.22400000       52234       20.430000     0.026000000       52234       20.296000     0.031000000       52234       20.439000     0.040000000       52234       20.322000      0.11800000
       52261       22.506000      0.26200000       52261       20.464000     0.031000000       52261       20.219000     0.025000000       52261       20.419000     0.038000000       52261       20.105000      0.11500000
       52283       23.863000      0.94800000       52283       20.393000     0.035000000       52283       20.300000     0.044000000       52283       20.367000     0.078000000       52283       20.621000      0.39900000
       52287       22.277000      0.17700000       52287       20.429000     0.027000000       52287       20.198000     0.030000000       52287       20.405000     0.037000000       52287       20.463000      0.13600000
       52552       24.441000       1.3840000       52552       20.547000     0.039000000       52552       20.305000     0.040000000       52552       20.523000     0.063000000       52552       20.423000      0.23400000
       52557       23.664000      0.77100000       52557       20.483000     0.036000000       52557       20.271000     0.035000000       52557       20.478000     0.084000000       52557       19.987000      0.14800000
       52872       23.348000      0.69000000       52872       20.523000     0.034000000       52872       20.180000     0.031000000       52872       20.399000     0.038000000       52872       20.275000      0.11900000
       52908       23.282000      0.44800000       52908       20.477000     0.031000000       52908       20.248000     0.031000000       52908       20.551000     0.045000000       52908       20.467000      0.15100000
       52912       22.176000      0.22000000       52912       20.475000     0.028000000       52912       20.256000     0.027000000       52912       20.472000     0.048000000       52912       20.251000      0.11500000
       52934       22.320000      0.25200000       52934       20.513000     0.032000000       52934       20.329000     0.031000000       52934       20.415000     0.053000000       52934       20.324000      0.16600000
       52936       22.503000      0.22500000       52936       20.496000     0.028000000       52936       20.244000     0.028000000       52936       20.465000     0.039000000       52936       20.264000      0.12600000
       53270       22.361000      0.25900000       53270       20.541000     0.028000000       53270       20.309000     0.029000000       53270       20.575000     0.065000000       53270       20.206000      0.13600000
       53272       22.097000      0.22500000       53272       20.553000     0.033000000       53272       20.316000     0.029000000       53272       20.476000     0.050000000       53272       20.377000      0.14500000
       53286       22.746000      0.43200000       53286       20.487000     0.026000000       53286       20.316000     0.031000000       53286       20.472000     0.050000000       53286       20.472000      0.15000000
       53294       23.150000      0.52500000       53294       20.590000     0.032000000       53294       20.366000     0.037000000       53294       20.583000     0.064000000       53294       20.316000      0.15200000
       53298       24.011000       1.0620000       53298       20.540000     0.033000000       53298       20.313000     0.042000000       53298       20.474000     0.060000000       53298       20.541000      0.28500000
       53312       23.750000       1.8130000       53312       20.491000     0.051000000       53312       20.438000     0.058000000       53312       20.669000     0.082000000       53312       20.281000      0.22300000
       53314       22.757000      0.46800000       53314       20.539000     0.042000000       53314       20.344000     0.046000000       53314       20.521000     0.070000000       53314       20.792000      0.28200000
       53319       23.268000      0.81500000       53319       20.514000     0.034000000       53319       20.368000     0.046000000       53319       20.617000      0.11100000       53319       20.240000      0.19400000
