       51075.387      20.4090    0.0500000      51075.4      20.0910    0.0200000      51075.4      19.7680    0.0200000      51075.4      19.6870    0.0290000      51075.4      19.3840    0.0810000
       51818.357      20.3150    0.0470000      51818.4      20.0690    0.0190000      51818.4      19.7680    0.0180000      51818.4      19.7390    0.0250000      51818.4      19.6340    0.0750000
       52170.408      20.3900    0.0530000      52170.4      20.0290    0.0200000      52170.4      19.7150    0.0190000      52170.4      19.7470    0.0290000      52170.4      19.4960    0.0720000
       52173.321      20.2880    0.0650000      52173.3      20.0510    0.0240000      52173.3      19.7450    0.0220000      52173.3      19.7040    0.0320000      52173.3      19.5380     0.102000
       52207.373      20.4570    0.0580000      52207.4      20.0030    0.0190000      52207.4      19.7350    0.0180000      52207.4      19.6720    0.0230000      52207.4      19.6610    0.0820000
       52224.301      20.3320    0.0530000      52224.3      20.0250    0.0190000      52224.3      19.7280    0.0180000      52224.3      19.6960    0.0250000      52224.3      19.5310    0.0670000
       52231.287      20.3230    0.0540000      52231.3      20.0530    0.0190000      52231.3      19.7430    0.0170000      52231.3      19.6980    0.0230000      52231.3      19.5530    0.0700000
       52234.258      20.4490    0.0570000      52234.3      20.0750    0.0200000      52234.3      19.7490    0.0180000      52234.3      19.7010    0.0240000      52234.3      19.6010    0.0690000
       52261.221      20.4290    0.0590000      52261.2      20.0260    0.0210000      52261.2      19.7340    0.0180000      52261.2      19.7090    0.0260000      52261.2      19.6370    0.0710000
       52287.102      20.4020    0.0500000      52287.1      20.0650    0.0210000      52287.1      19.7180    0.0190000      52287.1      19.7750    0.0260000      52287.1      19.5100    0.0630000
       52552.420      20.3710    0.0670000      52552.4      20.0210    0.0240000      52552.4      19.7150    0.0220000      52552.4      19.7780    0.0300000      52552.4      19.6530     0.111000
       52557.395      20.4750    0.0620000      52557.4      20.1010    0.0220000      52557.4      19.7420    0.0180000      52557.4      19.6950    0.0260000      52557.4      19.6490    0.0930000
       52908.369      20.2910    0.0540000      52908.4      20.0280    0.0230000      52908.4      19.7050    0.0200000      52908.4      19.7020    0.0280000      52908.4      19.3480    0.0680000
       52912.349      20.3060    0.0640000      52912.4      20.0370    0.0220000      52912.3      19.7110    0.0200000      52912.3      19.7290    0.0300000      52912.3      19.6480    0.0840000
       52934.301      20.3490    0.0600000      52934.3      20.0100    0.0200000      52934.3      19.6940    0.0200000      52934.3      19.7320    0.0300000      52934.3      19.6250    0.0980000
       52936.297      20.3410    0.0490000      52936.3      20.0310    0.0180000      52936.3      19.7120    0.0180000      52936.3      19.6890    0.0240000      52936.3      19.5880    0.0720000
       53270.361      20.3290    0.0530000      53270.4      20.0080    0.0310000      53270.4      19.7230    0.0170000      53270.4      19.7210    0.0240000      53270.4      19.5760    0.0640000
       53272.411      20.3470    0.0660000      53272.4      19.9730    0.0240000      53272.4      19.7160    0.0190000      53272.4      19.6960    0.0280000      53272.4      19.5350    0.0810000
       53286.380      20.2660    0.0590000      53286.4      20.0360    0.0220000      53286.4      19.7370    0.0190000      53286.4      19.6490    0.0240000      53286.4      19.5370    0.0710000
       53288.338      20.2730    0.0490000      53288.3      20.0120    0.0180000      53288.3      19.7330    0.0180000      53288.3      19.7040    0.0230000      53288.3      19.6080    0.0700000
       53294.386      20.4370    0.0560000      53294.4      20.0230    0.0220000      53294.4      19.7260    0.0200000      53294.4      19.7250    0.0270000      53294.4      19.6670    0.0910000
       53296.333      20.2670    0.0520000      53296.3      20.0550    0.0250000      53296.3      19.7280    0.0250000      53296.3      19.7000    0.0320000      53296.3      19.6380    0.0890000
       53298.383      20.3900    0.0640000      53298.4      20.0070    0.0230000      53298.4      19.7200    0.0230000      53298.4      19.6870    0.0310000      53298.4      19.4160    0.0860000
       53302.334      20.2670    0.0830000      53302.3      20.0150    0.0350000      53302.3      19.7730    0.0260000      53302.3      19.6630    0.0280000      53302.3      19.5090    0.0720000
       53312.290      20.3290    0.0820000      53312.3      19.9910    0.0330000      53312.3      19.6610    0.0260000      53312.3      19.6810    0.0330000      53312.3      19.6590     0.105000
       53314.291      20.3100    0.0690000      53314.3      20.0210    0.0250000      53314.3      19.7340    0.0240000      53314.3      19.7230    0.0340000      53314.3      19.5020    0.0900000
       53319.278      20.4240    0.0970000      53319.3     -99.9900    0.0300000      53319.3      19.7950    0.0320000      53319.3      19.6890    0.0470000      53319.3      19.5310     0.120000
       53616.395      20.4150    0.0740000      53616.4      19.9690    0.0230000      53616.4      19.6940    0.0220000      53616.4      19.6500    0.0320000      53616.4      19.6150    0.0920000
       53626.371      20.2870    0.0920000      53626.4      19.9980    0.0210000      53626.4      19.6600    0.0190000      53626.4     -99.9900    0.0580000      53626.4     -99.9900    0.0760000
       53628.356      20.3290    0.0940000      53628.4      20.0340    0.0370000      53628.4      19.7270    0.0270000      53628.4      19.6830    0.0340000      53628.4      19.5810    0.0870000
       53637.358      20.4490     0.105000      53637.4      20.0180    0.0330000      53637.4      19.7330    0.0280000      53637.4      19.6790    0.0350000      53637.4      19.5290    0.0910000
       53639.403      20.3550    0.0620000      53639.4      20.0140    0.0210000      53639.4      19.7280    0.0180000      53639.4      19.7130    0.0240000      53639.4      19.5500    0.0630000
       53641.402      20.4590    0.0660000      53641.4      20.0230    0.0210000      53641.4      19.6970    0.0170000      53641.4      19.6640    0.0240000      53641.4      19.5350    0.0640000
       53657.361      20.2110     0.123000      53657.4      19.9170    0.0500000      53657.4      19.6830    0.0390000      53657.4      19.6670    0.0460000      53657.4      19.4690     0.110000
       53663.346      20.2480     0.135000      53663.3      19.9810    0.0370000      53663.3      19.6810    0.0270000      53663.3      19.6450    0.0300000      53663.3      19.5800    0.0790000
       53665.324      20.2510    0.0870000      53665.3      19.9910    0.0340000      53665.3     -99.9900    0.0470000      53665.3     -99.9900    0.0480000      53665.3      19.5170    0.0960000
       53666.416      20.2770     0.106000      53666.4      19.9750    0.0300000      53666.4      19.6750    0.0220000      53666.4      19.6850    0.0270000      53666.4      19.6240    0.0820000
       53668.336      20.2210    0.0760000      53668.3      19.9580    0.0290000      53668.3      19.6940    0.0230000      53668.3      19.6480    0.0290000      53668.3      19.7290     0.131000
       53669.423      20.2570     0.109000      53669.4      19.9220    0.0310000      53669.4      19.6740    0.0250000      53669.4      19.6500    0.0330000      53669.4      19.6590     0.116000
       53670.340      20.2340    0.0630000      53670.3      20.0000    0.0240000      53670.3      19.6360    0.0190000      53670.3      19.6720    0.0290000      53670.3      19.5400    0.0990000
       53673.308      20.3860    0.0530000      53673.3      19.9580    0.0180000      53673.3      19.6890    0.0170000      53673.3      19.6680    0.0210000      53673.3      19.6450    0.0640000
       53675.305      20.3670    0.0570000      53675.3      19.9340    0.0190000      53675.3      19.6310    0.0180000      53675.3      19.6820    0.0260000      53675.3      19.4740    0.0750000
       53677.326      20.2910    0.0530000      53677.3      19.9860    0.0190000      53677.3      19.7050    0.0170000      53677.3      19.6690    0.0200000      53677.3      19.4590    0.0530000
       53680.313      20.2210    0.0510000      53680.3      19.9720    0.0190000      53680.3      19.6730    0.0180000      53680.3      19.6710    0.0240000      53680.3      19.6160    0.0710000
       53683.371      20.2730    0.0700000      53683.4      19.9820    0.0220000      53683.4      19.6760    0.0240000      53683.4      19.7120    0.0330000      53683.4      19.5160     0.107000
       53686.312      20.1820     0.138000      53686.3      19.9530    0.0530000      53686.3      19.7290    0.0430000      53686.3      19.7720    0.0480000      53686.3      19.4510    0.0850000
       53693.315      20.3590     0.157000      53693.3      20.0060    0.0520000      53693.3      19.7040    0.0330000      53693.3      19.6840    0.0370000      53693.3      19.5390    0.0910000
       53698.312      20.3180    0.0650000      53698.3      19.9820    0.0250000      53698.3      19.7050    0.0200000      53698.3      19.6530    0.0260000      53698.3      19.5710    0.0790000
       53704.298      20.3810    0.0790000      53704.3      19.9450    0.0220000      53704.3      19.6620    0.0190000      53704.3      19.6430    0.0290000      53704.3      19.5270    0.0920000
       53989.394      20.3360     0.106000      53989.4      20.0370    0.0430000      53989.4      19.7070    0.0320000      53989.4      19.7680    0.0340000      53989.4      19.6850    0.0740000
       53995.433      20.3060    0.0460000      53995.4      19.9830    0.0320000      53995.4      19.7000    0.0170000      53995.4      19.6930    0.0220000      53995.4      19.5180    0.0550000
       54000.370      20.2680    0.0610000      54000.4      20.0350    0.0250000      54000.4     -99.9900    0.0320000      54000.4      19.6600    0.0320000      54000.4      19.5910    0.0780000
       54007.420      20.2860    0.0510000      54007.4      19.9770    0.0250000      54007.4      19.6680    0.0230000      54007.4      19.6840    0.0220000      54007.4      19.6220    0.0670000
       54009.344      20.3270    0.0440000      54009.3      19.9940    0.0320000      54009.3      19.6750    0.0180000      54009.3      19.6710    0.0250000      54009.3      19.5860    0.0560000
       54011.408      20.3640    0.0460000      54011.4      19.9750    0.0380000      54011.4      19.7150    0.0230000      54011.4      19.6910    0.0260000      54011.4      19.5830    0.0550000
       54025.407      20.2590    0.0590000      54025.4      19.9430    0.0270000      54025.4      19.7020    0.0220000      54025.4      19.6870    0.0260000      54025.4      19.7830    0.0920000
       54346.401      20.3520    0.0970000      54346.4      20.0440    0.0430000      54346.4      19.7120    0.0310000      54346.4      19.6910    0.0310000      54346.4      19.7270    0.0870000
       54348.405      20.3750    0.0640000      54348.4      20.0290    0.0270000      54348.4      19.7080    0.0290000      54348.4      19.6810    0.0300000      54348.4      19.6340    0.0750000
       54358.361      20.3100    0.0590000      54358.4      20.0450    0.0300000      54358.4      19.7010    0.0230000      54358.4      19.7520    0.0300000      54358.4      19.8770     0.111000
       54365.394      20.3100    0.0420000      54365.4      19.9970    0.0190000      54365.4      19.7140    0.0190000      54365.4      19.6860    0.0250000      54365.4      19.5850    0.0670000
       54381.413      20.3080    0.0540000      54381.4      19.9990    0.0270000      54381.4      19.7440    0.0200000      54381.4      19.6570    0.0280000      54381.4      19.6120    0.0710000
       54384.420      20.3590    0.0570000      54384.4      20.0420    0.0340000      54384.4      19.7530    0.0240000      54384.4      19.7060    0.0240000      54384.4      19.7350    0.0760000
       54386.406      20.3410    0.0540000      54386.4      20.0310    0.0300000      54386.4      19.6660    0.0210000      54386.4      19.7120    0.0240000      54386.4      19.4570    0.0620000
       54388.410      20.3290    0.0630000      54388.4      20.0550    0.0300000      54388.4      19.7270    0.0250000      54388.4      19.7110    0.0330000      54388.4      19.5520    0.0630000
       54392.407      20.3290    0.0750000      54392.4      20.0110    0.0300000      54392.4      19.6870    0.0270000      54392.4      19.6760    0.0330000      54392.4      19.5260    0.0820000
       54404.381      20.1620     0.217000      54404.4     -99.9900    0.0750000      54404.4      19.7680    0.0280000      54404.4      19.6760    0.0400000      54404.4     -99.9900     0.287000
       54405.379      20.5040    0.0990000      54405.4      20.0430    0.0350000      54405.4      19.7030    0.0280000      54405.4      19.7200    0.0280000      54405.4      19.4970    0.0810000
       54406.318      20.3640    0.0570000      54406.3      20.0190    0.0250000      54406.3      19.7160    0.0190000      54406.3      19.7420    0.0270000      54406.3      19.5670    0.0600000
       54412.343      20.3580    0.0800000      54412.3      20.0880    0.0260000      54412.3      19.7410    0.0240000      54412.3      19.7580    0.0330000      54412.3      19.4800    0.0840000
       52234.000       20.411000     0.055000000       52234.000       20.064000     0.028000000       52234.000       19.746000     0.024000000       52234.000       19.689000     0.025000000       52234.000       19.604000     0.074000000
       51075       20.382000     0.050000000       51075       20.096000     0.027000000       51075       19.758000     0.031000000       51075       19.695000     0.036000000       51075       19.356000     0.081000000
       51133       20.374000     0.049000000       51133       20.044000     0.030000000       51133       19.785000     0.034000000       51133       19.773000     0.036000000       51133       19.422000      0.10700000
       51134       20.410000     0.043000000       51134       20.079000     0.028000000       51134       19.812000     0.029000000       51134       19.720000     0.027000000       51134       19.804000     0.085000000
       51818       20.286000     0.042000000       51818       20.076000     0.033000000       51818       19.759000     0.020000000       51818       19.727000     0.027000000       51818       19.633000     0.074000000
       52170       20.342000     0.045000000       52170       20.052000     0.026000000       52170       19.734000     0.019000000       52170       19.824000     0.032000000       52170       19.476000     0.068000000
       52173       20.254000     0.066000000       52173       20.016000     0.036000000       52173       19.714000     0.040000000       52173       19.679000     0.036000000       52173       19.482000     0.097000000
       52207       20.439000     0.054000000       52207       20.007000     0.033000000       52207       19.717000     0.019000000       52207       19.682000     0.027000000       52207       19.653000     0.080000000
       52224       20.323000     0.048000000       52224       20.034000     0.026000000       52224       19.743000     0.025000000       52224       19.715000     0.027000000       52224       19.519000     0.065000000
       52231       20.344000     0.047000000       52231       20.057000     0.030000000       52231       19.742000     0.021000000       52231       19.666000     0.024000000       52231       19.544000     0.070000000
       52234       20.418000     0.051000000       52234       20.060000     0.027000000       52234       19.745000     0.024000000       52234       19.681000     0.026000000       52234       19.598000     0.073000000
       52261       20.404000     0.054000000       52261       20.038000     0.029000000       52261       19.725000     0.023000000       52261       19.701000     0.028000000       52261       19.637000     0.069000000
       52287       20.359000     0.044000000       52287       20.081000     0.025000000       52287       19.699000     0.027000000       52287       19.760000     0.025000000       52287       19.502000     0.063000000
       52552       20.404000     0.094000000       52552       20.001000     0.058000000       52552       19.753000     0.024000000       52552       19.798000     0.031000000       52552       19.671000      0.11000000
       52557       20.459000     0.056000000       52557       20.108000     0.028000000       52557       19.779000     0.022000000       52557       19.712000     0.029000000       52557       19.659000     0.091000000
       52872       20.283000     0.057000000       52872       19.980000     0.032000000       52872       19.755000     0.027000000       52872       19.691000     0.027000000       52872       19.571000     0.065000000
       52908       20.256000     0.052000000       52908       20.032000     0.030000000       52908       19.749000     0.026000000       52908       19.719000     0.034000000       52908       19.361000     0.067000000
       52912       20.279000     0.056000000       52912       20.066000     0.025000000       52912       19.675000     0.066000000       52912       19.737000     0.041000000       52912       19.608000     0.081000000
       52934       20.327000     0.066000000       52934       20.023000     0.030000000       52934       19.699000     0.026000000       52934       19.738000     0.031000000       52934       19.624000     0.096000000
       52936       20.322000     0.044000000       52936       20.058000     0.037000000       52936       19.730000     0.022000000       52936       19.715000     0.024000000       52936       19.629000     0.069000000
       53270       20.331000     0.053000000       53270       19.984000     0.031000000       53270       19.717000     0.019000000       53270       19.688000     0.026000000       53270       19.554000     0.070000000
       53272       20.334000     0.060000000       53272       20.040000     0.058000000       53272       19.732000     0.028000000       53272       19.732000     0.034000000       53272       19.509000     0.082000000
       53286       20.261000     0.055000000       53286       20.064000     0.027000000       53286       19.750000     0.028000000       53286       19.660000     0.027000000       53286       19.541000     0.073000000
       53294       20.282000     0.053000000       53294       20.015000     0.035000000       53294       19.693000     0.026000000       53294       19.700000     0.033000000       53294       19.672000     0.094000000
       53298       20.328000     0.057000000       53298       20.020000     0.030000000       53298       19.723000     0.025000000       53298       19.691000     0.030000000       53298       19.393000     0.083000000
       53312       20.304000     0.086000000       53312       19.964000     0.034000000       53312       19.647000     0.027000000       53312       19.654000     0.036000000       53312       19.638000      0.11400000
       53314       20.312000     0.063000000       53314       20.015000     0.028000000       53314       19.752000     0.026000000       53314       19.733000     0.034000000       53314       19.519000     0.090000000
       53319       20.406000     0.087000000       53319       19.960000     0.040000000       53319       19.858000     0.062000000       53319       19.626000     0.084000000       53319       19.511000      0.12700000
       53351       20.542000     0.082000000       53351       20.017000     0.031000000       53351       19.746000     0.029000000       53351       19.730000     0.050000000       53351       19.490000     0.072000000
       53641       20.301000     0.054000000       53641       20.039000     0.025000000       53641       19.703000     0.021000000       53641       19.704000     0.023000000       53641       19.495000     0.064000000
