       51075.396      22.0130     0.206000      51075.4      21.3890    0.0500000      51075.4      21.5540    0.0870000      51075.4      21.3000     0.124000      51075.4      22.1990     0.903000
       51818.366      22.6390     0.329000      51818.4      21.7960    0.0650000      51818.4      21.8870    0.0880000      51818.4      21.6120     0.110000      51818.4      22.8660     0.669000
       52170.417      22.2470     0.279000      52170.4      21.6740    0.0630000      52170.4      21.6170    0.0850000      52170.4      21.9520     0.173000      52170.4      21.3550     0.391000
       52173.330      22.9860     0.683000      52173.3      21.5800    0.0750000      52173.3      21.5070    0.0960000      52173.3      22.1650     0.293000      52173.3      21.4370     0.648000
       52224.310      22.3940     0.251000      52224.3      21.8260    0.0600000      52224.3      21.8740    0.0840000      52224.3      21.6920     0.101000      52224.3      21.6900     0.373000
       52261.230      22.0570     0.309000      52261.2      21.4840    0.0670000      52261.2      21.6680     0.109000      52261.2      21.5880     0.149000      52261.2      21.3540     0.477000
       52287.111      22.3110     0.251000      52287.1      21.7420    0.0720000      52287.1      21.8180     0.110000      52287.1      21.7520     0.129000      52287.1      20.8190     0.221000
       52552.429      21.0510     0.189000      52552.4      20.8700    0.0590000      52552.4      20.9010    0.0920000      52552.4      21.3800     0.221000      52552.4      20.5110     0.407000
       52557.404      21.8350     0.192000      52557.4      21.3400    0.0460000      52557.4      21.3740    0.0670000      52557.4      21.3990     0.104000      52557.4      20.9770     0.309000
       52908.378      22.1140     0.226000      52908.4      21.3100    0.0420000      52908.4      21.5000    0.0760000      52908.4      21.4040     0.111000      52908.4      21.0620     0.267000
       52912.358      22.0090     0.238000      52912.4      21.3130    0.0450000      52912.4      21.3490    0.0600000      52912.4      21.5660     0.104000      52912.4      20.5890     0.169000
       52934.310      21.6780     0.177000      52934.3      21.2670    0.0440000      52934.3      21.4440    0.0770000      52934.3      21.5170     0.115000      52934.3      21.0380     0.293000
       52936.306      21.8230     0.155000      52936.3      21.2680    0.0380000      52936.3      21.4090    0.0620000      52936.3      21.5610     0.100000      52936.3      20.8360     0.212000
       53270.370      22.0490     0.207000      53270.4      21.3890    0.0420000      53270.4      21.5610    0.0630000      53270.4      21.6830     0.110000      53270.4      21.0490     0.233000
       53272.420      22.0600     0.298000      53272.4      21.4360    0.0510000      53272.4      21.4970    0.0730000      53272.4      21.6020     0.129000      53272.4      21.4730     0.384000
       53286.389      22.4290     0.380000      53286.4      21.5660    0.0610000      53286.4      21.6780    0.0930000      53286.4      21.5300     0.107000      53286.4      20.6530     0.183000
       53288.347      22.4610     0.337000      53288.3      21.4970    0.0440000      53288.3      21.4710    0.0680000      53288.3      21.6860     0.121000      53288.3      20.8150     0.192000
       53294.395      22.5580     0.403000      53294.4      21.4440    0.0600000      53294.4      21.4980    0.0850000      53294.4      21.2010    0.0950000      53294.4      20.9350     0.255000
       53296.342      22.5830     0.371000      53296.3      21.3920    0.0520000      53296.3      21.6990     0.113000      53296.3      21.8120     0.154000      53296.3      20.9990     0.277000
       53298.392      22.1490     0.315000      53298.4      21.3850    0.0610000      53298.4      21.6310     0.133000      53298.4      21.7280     0.214000      53298.4      20.8810     0.386000
       53302.343      22.7780     0.730000      53302.3      21.3270    0.0970000      53302.3      21.5790     0.133000      53302.3      21.5200     0.140000      53302.3      21.3120     0.361000
       53312.299      21.5330     0.272000      53312.3      21.5080     0.109000      53312.3      21.4760     0.118000      53312.3      21.5890     0.174000      53312.3      22.9370      2.21500
       53314.300      22.3900     0.375000      53314.3      21.5150    0.0710000      53314.3      21.6360     0.103000      53314.3      21.9260     0.167000      53314.3      21.8850     0.666000
       53319.288      22.2770     0.395000      53319.3      21.4680    0.0750000      53319.3      21.6620     0.138000      53319.3      21.4090     0.142000      53319.3      20.8570     0.371000
       53616.404      22.4450     0.459000      53616.4      21.4870    0.0610000      53616.4      21.6750     0.107000      53616.4      21.4770     0.117000      53616.4      20.7650     0.250000
       53626.380     -99.9900     0.759000      53626.4      21.2520    0.0690000      53626.4      21.4790     0.143000      53626.4     -99.9900     0.163000      53626.4     -99.9900      1.06200
       53639.412      22.9970     0.689000      53639.4      21.4240    0.0650000      53639.4      21.5530    0.0870000      53639.4      21.4500     0.101000      53639.4      21.2790     0.325000
       53641.412      22.3010     0.334000      53641.4      21.4930    0.0540000      53641.4      21.6580    0.0850000      53641.4      21.5590     0.110000      53641.4      21.2980     0.317000
       53663.355      27.0270     0.708000      53663.4      21.7000     0.184000      53663.4      21.7740     0.182000      53663.4      21.8190     0.205000      53663.4      21.3170     0.392000
       53665.333      24.6720      3.14800      53665.3      21.2940     0.140000      53665.3      21.8600     0.217000      53665.3      21.4960     0.171000      53665.3      21.6880     0.820000
       53666.425      22.7060     0.975000      53666.4      21.6120     0.133000      53666.4      21.4990     0.119000      53666.4      21.3350     0.121000      53666.4      20.8240     0.284000
       53668.345      21.7990     0.367000      53668.3      21.3630    0.0970000      53668.3      21.5350     0.135000      53668.3      21.4880     0.183000      53668.3      21.2000     0.523000
       53669.432      21.9880     0.482000      53669.4      21.5060     0.118000      53669.4      21.5820     0.124000      53669.4      21.4280     0.141000      53669.4      22.7870      1.04100
       53673.317      22.1240     0.237000      53673.3      21.4920    0.0450000      53673.3      21.7210    0.0790000      53673.3      21.5410    0.0940000      53673.3      21.5830     0.343000
       53675.314      22.2350     0.357000      53675.3      21.3010    0.0530000      53675.3      21.4190     0.110000      53675.3      21.4400     0.148000      53675.3      21.1590     0.444000
       53677.335      22.6030     0.332000      53677.3      21.5120    0.0460000      53677.3      21.7360    0.0780000      53677.3      21.5510    0.0880000      53677.3      21.3070     0.245000
       53680.322      22.3700     0.283000      53680.3      21.5010    0.0520000      53680.3      21.8040    0.0950000      53680.3      21.8400     0.126000      53680.3      20.7710     0.206000
       53683.381      22.1420     0.347000      53683.4      21.5150    0.0620000      53683.4      21.8320     0.142000      53683.4      21.7600     0.207000      53683.4      23.1020     0.894000
       53698.321      22.3240     0.490000      53698.3      21.4600    0.0880000      53698.3      21.6730     0.120000      53698.3      21.6000     0.159000      53698.3      20.7160     0.247000
       53699.345      24.1890      1.36200      53699.3      21.7220    0.0860000      53699.3      21.8450     0.106000      53699.3      21.5400     0.108000      53699.3      21.0860     0.264000
       53704.307      22.3250     0.355000      53704.3      21.6530    0.0700000      53704.3      21.7900     0.106000      53704.3      21.6360     0.138000      53704.3      21.4130     0.442000
       53989.403      21.7650     0.401000      53989.4      21.4100     0.126000      53989.4      21.2440     0.102000      53989.4      21.7220     0.155000      53989.4      21.0280     0.222000
       53995.442      22.3090     0.230000      53995.4      21.5760    0.0490000      53995.4      21.6470    0.0570000      53995.4      21.6390    0.0800000      53995.4      21.1050     0.195000
       54000.379      22.3790     0.331000      54000.4      21.5270    0.0510000      54000.4      21.7480    0.0900000      54000.4      21.6620     0.134000      54000.4      20.8850     0.248000
       54007.429      22.1420     0.247000      54007.4      21.5620    0.0490000      54007.4      21.7030    0.0720000      54007.4      21.7570     0.110000      54007.4      21.1170     0.252000
       54009.353      22.9410     0.363000      54009.4      21.5560    0.0400000      54009.4      21.7720    0.0650000      54009.4      21.6940    0.0890000      54009.4      21.2640     0.220000
       54011.417     -99.9900     0.213000      54011.4      21.6230    0.0400000      54011.4      21.7940    0.0580000      54011.4      21.5460    0.0690000      54011.4      21.5050     0.263000
       54346.410      21.8500     0.426000      54346.4      21.3670     0.109000      54346.4      21.7330     0.155000      54346.4      21.4540     0.134000      54346.4      22.2710     0.734000
       54348.414      21.7250     0.221000      54348.4      21.4500    0.0680000      54348.4      21.5380    0.0920000      54348.4      21.4380     0.110000      54348.4      21.3130     0.318000
       54358.370      22.3280     0.319000      54358.4      21.4590    0.0490000      54358.4      21.7050    0.0860000      54358.4      21.3600    0.0930000      54358.4      21.5420     0.397000
       54365.403      21.8980     0.134000      54365.4      21.4760    0.0360000      54365.4      21.4780    0.0490000      54365.4      21.5810    0.0740000      54365.4      21.0480     0.177000
       54381.422      22.2200     0.213000      54381.4      21.3120    0.0380000      54381.4      21.4920    0.0550000      54381.4      21.5000    0.0730000      54381.4      20.8380     0.154000
       54384.429      22.1540     0.241000      54384.4      21.4930    0.0520000      54384.4      21.4880    0.0620000      54384.4      21.4820    0.0830000      54384.4      21.1720     0.250000
       54386.415      22.0930     0.214000      54386.4      21.4430    0.0460000      54386.4      21.4670    0.0770000      54386.4      21.5760    0.0980000      54386.4      21.0150     0.212000
       54388.419      21.7230     0.170000      54388.4      21.3810    0.0430000      54388.4      21.4810    0.0650000      54388.4      21.4560    0.0820000      54388.4      20.9090     0.191000
       54392.416      21.9540     0.300000      54392.4     -99.9900    0.0430000      54392.4      21.6290    0.0870000      54392.4      21.3570    0.0980000      54392.4      21.5490     0.528000
       54405.388      22.0860     0.346000      54405.4      21.2410    0.0620000      54405.4      21.6550    0.0880000      54405.4      21.2820    0.0820000      54405.4      21.1070     0.277000
       54406.327      21.6870     0.160000      54406.3      21.3350    0.0490000      54406.3      21.4280    0.0600000      54406.3      21.4380    0.0760000      54406.3      21.3980     0.241000
       52234.000       22.335000      0.27000000       52234.000       21.838000     0.072000000       52234.000       21.755000     0.082000000       52234.000       22.091000      0.14200000       52234.000       21.531000      0.31900000
       51075       22.014000      0.17500000       51075       21.428000     0.049000000       51075       21.600000     0.086000000       51075       21.288000      0.11800000       51075       22.626000      0.95400000
       51133       22.070000      0.17100000       51133       21.523000     0.059000000       51133       21.691000      0.10000000       51133       21.755000      0.15000000       51133       20.921000      0.33900000
       51134       22.204000      0.15700000       51134       21.614000     0.046000000       51134       21.573000     0.080000000       51134       21.841000      0.12100000       51134       22.589000      0.60400000
       51818       22.680000      0.25100000       51818       21.843000     0.063000000       51818       21.950000     0.089000000       51818       21.636000      0.11300000       51818       22.971000      0.62600000
       52170       22.207000      0.19600000       52170       21.853000     0.055000000       52170       21.851000     0.087000000       52170       22.063000      0.15100000       52170       21.438000      0.35500000
       52171       22.853000      0.54900000       52171       21.910000     0.090000000       52171       21.965000      0.15600000       52171       21.562000      0.16100000       52171       20.799000      0.30700000
       52173       23.486000      0.69500000       52173       21.730000     0.072000000       52173       21.726000     0.099000000       52173       22.930000      0.45900000       52173       21.780000      0.70900000
       52207       22.530000      0.28100000       52207       21.769000     0.058000000       52207       21.792000     0.088000000       52207       22.038000      0.14600000       52207       21.725000      0.46800000
       52224       22.260000      0.19300000       52224       21.875000     0.058000000       52224       21.845000     0.075000000       52224       21.664000     0.092000000       52224       21.745000      0.36600000
       52234       22.642000      0.32100000       52234       21.833000     0.070000000       52234       21.754000     0.082000000       52234       22.079000      0.13800000       52234       21.467000      0.31400000
       52261       22.307000      0.22500000       52261       21.845000     0.065000000       52261       22.215000      0.14300000       52261       21.882000      0.11700000       52261       21.638000      0.39100000
       52283       23.917000      0.92400000       52283       21.871000     0.094000000       52283       22.531000      0.25000000       52283       21.703000      0.19400000       52283       21.509000      0.65400000
       52287       22.626000      0.22600000       52287       21.893000     0.070000000       52287       21.994000      0.10700000       52287       21.923000      0.11900000       52287       20.905000      0.19800000
       52552       21.396000      0.15200000       52552       21.309000     0.060000000       52552       21.385000     0.091000000       52552       21.436000      0.14300000       52552       21.256000      0.47700000
       52557       21.898000      0.17000000       52557       21.362000     0.046000000       52557       21.391000     0.062000000       52557       21.385000     0.097000000       52557       21.003000      0.30800000
       52872       22.541000      0.36500000       52872       21.388000     0.062000000       52872       21.378000     0.070000000       52872       21.487000     0.091000000       52872       21.074000      0.23200000
       52908       22.102000      0.18300000       52908       21.387000     0.043000000       52908       21.577000     0.076000000       52908       21.317000     0.095000000       52908       21.168000      0.26200000
       52912       22.056000      0.20200000       52912       21.406000     0.047000000       52912       21.444000     0.059000000       52912       21.639000     0.097000000       52912       20.654000      0.16200000
       52934       21.652000      0.15100000       52934       21.296000     0.045000000       52934       21.428000     0.075000000       52934       21.515000      0.11100000       52934       20.988000      0.27500000
       52936       21.904000      0.13700000       52936       21.287000     0.041000000       52936       21.403000     0.061000000       52936       21.552000     0.094000000       52936       20.799000      0.19800000
       53270       22.111000      0.19800000       53270       21.412000     0.048000000       53270       21.579000     0.068000000       53270       21.258000     0.079000000       53270       21.025000      0.24100000
       53272       22.126000      0.25100000       53272       21.501000     0.055000000       53272       21.644000     0.074000000       53272       21.698000      0.12800000       53272       21.555000      0.37000000
       53286       22.284000      0.30800000       53286       21.605000     0.062000000       53286       21.670000     0.091000000       53286       21.516000     0.099000000       53286       20.342000      0.13600000
       53294       22.430000      0.27600000       53294       21.528000     0.068000000       53294       21.580000     0.080000000       53294       21.209000     0.090000000       53294       20.885000      0.22900000
       53298       22.149000      0.25400000       53298       21.465000     0.060000000       53298       21.679000      0.12400000       53298       21.792000      0.20100000       53298       20.888000      0.35900000
       53314       22.476000      0.36000000       53314       21.517000     0.071000000       53314       21.630000      0.10100000       53314       21.896000      0.15600000       53314       21.471000      0.48500000
       53319       22.567000      0.43200000       53319       21.517000     0.076000000       53319       21.695000      0.13300000       53319       21.446000      0.13300000       53319       20.915000      0.36700000
