       51464.191      20.3760    0.0510000      51464.2      20.3060    0.0220000      51464.2      20.0770    0.0240000      51464.2      19.8790    0.0310000      51464.2      19.9800     0.121000
       52197.217      20.7880    0.0750000      52197.2      20.7410    0.0290000      52197.2      20.4520    0.0280000      52197.2      20.1170    0.0300000      52197.2      20.2270     0.133000
       52231.103      21.0290    0.0790000      52231.1      20.8450    0.0280000      52231.1      20.5150    0.0300000      52231.1      20.2900    0.0350000      52231.1      20.2260     0.120000
       52557.211      21.2820     0.133000      52557.2      21.2250    0.0460000      52557.2      20.9070    0.0480000      52557.2      20.4330    0.0490000      52557.2      20.7250     0.246000
       52578.107      21.3470     0.114000      52578.1      21.1690    0.0360000      52578.1      20.8170    0.0410000      52578.1      20.4830    0.0440000      52578.1      20.2030     0.130000
       52929.137      21.0460    0.0990000      52929.1      20.8610    0.0300000      52929.1      20.6010    0.0340000      52929.1      20.4420    0.0440000      52929.1      20.5130     0.161000
       52934.117      21.0450     0.108000      52934.1      20.8730    0.0350000      52934.1      20.6470    0.0420000      52934.1      20.5070    0.0530000      52934.1      20.1290     0.139000
       52936.113      20.9210    0.0780000      52936.1      20.9190    0.0310000      52936.1      20.6050    0.0320000      52936.1      20.3260    0.0360000      52936.1      20.4250     0.151000
       53243.298      20.8530     0.126000      53243.3      20.9570    0.0660000      53243.3      20.6600    0.0490000      53243.3      20.4300    0.0470000      53243.3      20.4240     0.144000
       53270.177      21.2240     0.153000      53270.2      20.9720    0.0550000      53270.2      20.6760    0.0420000      53270.2      20.3630    0.0410000      53270.2      20.2320     0.135000
       53272.227      20.7760     0.162000      53272.2      20.9150    0.0830000      53272.2      20.8040    0.0790000      53272.2      20.4350    0.0530000      53272.2      20.4260     0.164000
       53288.154      21.0320    0.0960000      53288.2      20.9550    0.0340000      53288.2      20.6430    0.0330000      53288.2      20.3810    0.0350000      53288.2      20.4420     0.143000
       53302.150      20.9590     0.200000      53302.2      20.9110    0.0860000      53302.1      20.5120    0.0560000      53302.1      20.3240    0.0520000      53302.2      20.1080     0.138000
       53312.106      21.0210     0.121000      53312.1      20.8330    0.0390000      53312.1      20.4940    0.0500000      53312.1      20.4360    0.0550000      53312.1      21.0940     0.312000
       53623.201      21.3490     0.132000      53623.2      21.0080    0.0390000      53623.2      20.6450    0.0360000      53623.2      20.4760    0.0410000      53623.2      20.3670     0.150000
       53626.188      21.7330     0.280000      53626.2      21.1330    0.0750000      53626.2      20.5330    0.0470000      53626.2      20.4310    0.0510000      53626.2      20.1830     0.123000
       53628.172      21.0940     0.355000      53628.2      20.9780     0.155000      53628.2      20.6990     0.101000      53628.2      20.3680    0.0890000      53628.2      20.5930     0.314000
       53637.174      21.1500     0.167000      53637.2      21.0110    0.0490000      53637.2      20.5550    0.0470000      53637.2      20.3260    0.0580000      53637.2      20.3380     0.227000
       53644.166      21.0100    0.0790000      53644.2      21.0970    0.0300000      53644.2      20.6650    0.0290000      53644.2      20.4910    0.0370000      53644.2      20.3240     0.116000
       53654.201      21.2700     0.228000      53654.2      20.9440    0.0650000      53654.2      20.6810    0.0760000      53654.2      20.3970    0.0740000      53654.2      20.3970     0.229000
       53656.149      20.9480     0.295000      53656.1      21.1090     0.151000      53656.1      20.5540     0.100000      53656.1      20.4520    0.0980000      53656.1      20.9560     0.463000
       53665.140      20.9670     0.141000      53665.1      20.9510    0.0640000      53665.1      20.6870    0.0840000      53665.1      20.2520    0.0580000      53665.1      20.2490     0.217000
       53668.152      21.2810     0.167000      53668.2      20.9610    0.0380000      53668.1      20.5730    0.0460000      53668.2      20.5880    0.0750000      53668.2      22.0660     0.958000
       53670.156      21.0850    0.0980000      53670.2      20.9970    0.0320000      53670.2      20.6710    0.0360000      53670.2      20.4170    0.0430000      53670.2      20.4160     0.179000
       53673.124      20.9920    0.0980000      53673.1      20.9110    0.0320000      53673.1      20.5900    0.0370000      53673.1      20.2970    0.0430000      53673.1      20.4220     0.173000
       53675.121      21.0930    0.0980000      53675.1      21.0180    0.0330000      53675.1      20.5990    0.0390000      53675.1      20.4580    0.0480000      53675.1      20.5870     0.200000
       53677.142      21.0580     0.110000      53677.1     -99.9900    0.0400000      53677.1      20.6180    0.0400000      53677.1      20.3630    0.0430000      53677.1      20.3500     0.151000
       53680.129      21.0930     0.102000      53680.1      20.9870    0.0350000      53680.1      20.5730    0.0340000      53680.1      20.3990    0.0430000      53680.1      20.1870     0.123000
       53686.196      20.5110     0.364000      53686.2      20.7250     0.179000      53686.2      20.8320     0.160000      53686.2      20.1980    0.0990000      53686.2      20.2240     0.321000
       53702.127      20.8020     0.177000      53702.1      20.9790    0.0730000      53702.1      20.7240    0.0790000      53702.1      20.4240    0.0930000      53702.1      20.4650     0.383000
       53703.136      21.2910     0.199000      53703.1      20.9050    0.0480000      53703.1      20.5610    0.0530000      53703.1      20.3350    0.0560000      53703.1      20.8540     0.347000
       53704.114      21.2800     0.159000      53704.1      20.9200    0.0380000      53704.1      20.5290    0.0390000      53704.1      20.3490    0.0490000      53704.1      20.2340     0.158000
       53974.202      20.5220    0.0560000      53974.2      20.4390    0.0250000      53974.2      20.2300    0.0220000      53974.2      20.0940    0.0270000      53974.2      20.2600     0.105000
       53989.210      20.5260    0.0810000      53989.2      20.4770    0.0370000      53989.2      20.2290    0.0290000      53989.2      20.0690    0.0300000      53989.2      20.0620    0.0860000
       53995.200      20.4410    0.0620000      53995.2      20.4000    0.0220000      53995.2      20.1710    0.0270000      53995.2      20.1000    0.0330000      53995.2      20.0450     0.111000
       53997.178      20.5150    0.0600000      53997.2      20.3720    0.0250000      53997.2      20.2060    0.0220000      53997.2      20.0730    0.0280000      53997.2      19.9840     0.103000
       54005.150      20.5600    0.0600000      54005.2      20.4070    0.0220000      54005.1      20.1960    0.0260000      54005.1      20.1150    0.0290000      54005.2      20.0990    0.0880000
       54007.163      20.5230    0.0690000      54007.2      20.3820    0.0240000      54007.2      20.1890    0.0280000      54007.2      20.0870    0.0310000      54007.2      20.1340     0.119000
       54009.160      20.6300    0.0820000      54009.2      20.3780    0.0310000      54009.2      20.1780    0.0260000      54009.2      20.0090    0.0290000      54009.2      20.0740    0.0900000
       54011.224      20.3970    0.0890000      54011.2      20.3680    0.0430000      54011.2      20.1350    0.0320000      54011.2      20.0780    0.0370000      54011.2      20.1460     0.101000
       54019.174      20.6540    0.0810000      54019.2      20.3860    0.0280000      54019.2      20.1590    0.0230000      54019.2      20.0670    0.0260000      54019.2      20.1790     0.100000
       54025.223      20.4050    0.0710000      54025.2      20.4000    0.0250000      54025.2      20.1490    0.0280000      54025.2      19.9980    0.0340000      54025.2      19.9320     0.117000
       54029.153      20.4680    0.0560000      54029.2      20.3830    0.0230000      54029.2      20.1920    0.0220000      54029.2      20.1020    0.0310000      54029.2      20.0190    0.0940000
       54356.232      20.5100    0.0690000      54356.2      20.3970    0.0270000      54356.2      20.1820    0.0300000      54356.2      19.9770    0.0340000      54356.2      20.1050     0.125000
       54358.177      20.4690    0.0950000      54358.2     -99.9900    0.0620000      54358.2      20.1640    0.0330000      54358.2      20.0130    0.0420000      54358.2      20.4030     0.278000
       54359.121      20.4550    0.0860000      54359.1      20.3940    0.0280000      54359.1      20.1160    0.0320000      54359.1      20.0030    0.0370000      54359.1      19.8260     0.102000
       54373.209      20.2790    0.0910000      54373.2      20.4180    0.0470000      54373.2      20.1480    0.0330000      54373.2      19.9700    0.0330000      54373.2      20.1850     0.128000
       54381.221      20.5860    0.0930000      54381.2      20.2350    0.0300000      54381.2      20.1210    0.0320000      54381.2      19.9120    0.0410000      54381.2      20.1900     0.221000
       54382.219      20.4080    0.0880000      54382.2      20.3170    0.0300000      54382.2      20.1450    0.0340000      54382.2      20.0250    0.0350000      54382.2      19.7640     0.134000
       54383.225      20.5050     0.106000      54383.2      20.3450    0.0360000      54383.2      20.1460    0.0410000      54383.2      19.8990    0.0510000      54383.2      19.9870     0.170000
       54386.222      20.5570    0.0770000      54386.2      20.2660    0.0280000      54386.2      20.1400    0.0310000      54386.2      19.9950    0.0400000      54386.2      20.0630     0.118000
       54388.226      20.5640    0.0820000      54388.2      20.2920    0.0240000      54388.2      20.1480    0.0280000      54388.2      20.0470    0.0360000      54388.2      20.0000     0.116000
       54403.140      20.5970    0.0600000      54403.1      20.4010    0.0240000      54403.1      20.1740    0.0250000      54403.1      20.0420    0.0300000      54403.1      19.9400    0.0870000
       54406.133      20.4990    0.0590000      54406.1      20.4100    0.0230000      54406.1      20.2070    0.0260000      54406.1      20.0390    0.0350000      54406.1      20.0840     0.133000
       54412.136      20.6740    0.0710000      54412.1      20.3900    0.0230000      54412.1      20.1850    0.0220000      54412.1      20.0360    0.0290000      54412.1      20.2240     0.117000
       52197.000       20.817000     0.072000000       52197.000       20.765000     0.031000000       52197.000       20.463000     0.027000000       52197.000       20.173000     0.033000000       52197.000       20.190000      0.12300000
       51459       20.350000     0.074000000       51459       20.335000     0.032000000       51459       20.174000     0.044000000       51459       19.931000     0.037000000       51459       19.918000      0.17600000
       51464       20.406000     0.047000000       51464       20.342000     0.023000000       51464       20.124000     0.025000000       51464       19.925000     0.029000000       51464       20.025000      0.12000000
       52144       20.978000     0.069000000       52144       20.752000     0.029000000       52144       20.420000     0.028000000       52144       20.234000     0.033000000       52144       20.231000      0.10100000
       52197       20.818000     0.066000000       52197       20.752000     0.031000000       52197       20.460000     0.027000000       52197       20.174000     0.033000000       52197       20.200000      0.12500000
       52231       21.012000     0.066000000       52231       20.864000     0.031000000       52231       20.499000     0.029000000       52231       20.290000     0.035000000       52231       20.164000      0.10800000
       52457       21.695000      0.52700000       52457       21.065000      0.14800000       52457       20.835000      0.11300000       52457       20.510000     0.080000000       52457       20.375000      0.18200000
       52557       21.250000      0.11100000       52557       21.246000     0.047000000       52557       20.918000     0.047000000       52557       20.423000     0.048000000       52557       20.673000      0.23000000
       52578       21.310000     0.094000000       52578       21.240000     0.037000000       52578       20.793000     0.040000000       52578       20.514000     0.045000000       52578       20.190000      0.12300000
       52929       21.040000     0.085000000       52929       20.860000     0.030000000       52929       20.601000     0.034000000       52929       20.419000     0.042000000       52929       20.473000      0.15100000
       52934       21.072000     0.096000000       52934       20.900000     0.036000000       52934       20.663000     0.042000000       52934       20.506000     0.051000000       52934       20.152000      0.13500000
       53243       20.837000      0.11200000       53243       20.959000     0.065000000       53243       20.660000     0.048000000       53243       20.438000     0.045000000       53243       20.410000      0.13900000
       53260       21.046000     0.088000000       53260       21.021000     0.036000000       53260       20.596000     0.034000000       53260       20.505000     0.043000000       53260       20.390000      0.14000000
       53270       21.219000      0.15500000       53270       20.967000     0.060000000       53270       20.682000     0.046000000       53270       20.350000     0.044000000       53270       20.201000      0.14600000
       53272       20.746000      0.14900000       53272       20.887000     0.081000000       53272       20.769000     0.077000000       53272       20.421000     0.052000000       53272       20.419000      0.16200000
       53288       21.033000     0.083000000       53288       20.950000     0.034000000       53288       20.637000     0.033000000       53288       20.388000     0.038000000       53288       20.364000      0.13000000
       53312       21.226000      0.13800000       53312       20.930000     0.046000000       53312       20.571000     0.058000000       53312       20.320000     0.059000000       53312       21.529000      0.40800000
       53314       21.154000     0.086000000       53314       20.795000     0.033000000       53314       20.592000     0.037000000       53314       20.523000     0.051000000       53314       20.459000      0.19000000
