       51467.287      19.6240    0.0580000      51467.3      19.4910    0.0180000      51467.3      19.2250    0.0190000      51467.3      19.1220    0.0230000      51467.3      19.0050    0.0740000
       51819.263      19.7060    0.0410000      51819.3      19.5040    0.0140000      51819.3      19.2260    0.0140000      51819.3      19.1380    0.0190000      51819.3      19.2000    0.0620000
       52172.278      19.7270    0.0410000      52172.3      19.5540    0.0130000      52172.3      19.2590    0.0140000      52172.3      19.1550    0.0190000      52172.3      19.2050    0.0560000
       52558.228      19.8570    0.0450000      52558.2      19.6810    0.0160000      52558.2      19.3390    0.0150000      52558.2      19.1620    0.0180000      52558.2      19.0990    0.0560000
       52576.140      20.0240    0.0620000      52576.1      19.6760    0.0150000      52576.1      19.3120    0.0190000      52576.1      19.2480    0.0270000      52576.1      19.1610    0.0770000
       52577.116      19.9150    0.0460000      52577.1      19.6730    0.0140000      52577.1      19.3460    0.0170000      52577.1      19.2130    0.0240000      52577.1      19.2250    0.0840000
       52931.130      19.7920    0.0370000      52931.1      19.6240    0.0130000      52931.1      19.3210    0.0130000      52931.1      19.2120    0.0170000      52931.1      19.3240    0.0640000
       52935.127      19.7940    0.0470000      52935.1      19.6010    0.0150000      52935.1      19.3240    0.0160000      52935.1      19.2010    0.0220000      52935.1      19.1590    0.0680000
       53313.120      19.6260    0.0410000      53313.1      19.4840    0.0140000      53313.1      19.2150    0.0160000      53313.1      19.1070    0.0220000      53313.1      19.0880    0.0710000
       53622.229      19.7730    0.0590000      53622.2      19.5640    0.0170000      53622.2      19.2420    0.0180000      53622.2      19.1710    0.0240000      53622.2      19.1380    0.0830000
       53625.225      19.7780    0.0430000      53625.2      19.5600    0.0150000      53625.2      19.2540    0.0150000      53625.2      19.1200    0.0180000      53625.2      19.0460    0.0470000
       53634.179      19.6080     0.118000      53634.2      19.5330    0.0450000      53634.2      19.2390    0.0300000      53634.2      19.1410    0.0360000      53634.2     -99.9900     0.118000
       53636.184      19.7780    0.0470000      53636.2      19.5470    0.0160000      53636.2      19.2390    0.0160000      53636.2      19.0700    0.0190000      53636.2      18.8660    0.0460000
       53655.156      19.6900    0.0660000      53655.2      19.5420    0.0250000      53655.2      19.1890    0.0230000      53655.2      19.0570    0.0240000      53655.2      19.0900    0.0710000
       53664.181      19.7450    0.0660000      53664.2      19.5560    0.0240000      53664.2      19.2550    0.0200000      53664.2      19.1430    0.0220000      53664.2      19.0720    0.0630000
       53666.145      19.7760    0.0370000      53666.1      19.5690    0.0120000      53666.1      19.2660    0.0140000      53666.1      19.1640    0.0190000      53666.1      19.1970    0.0620000
       53669.140      19.7870    0.0380000      53669.1      19.5730    0.0120000      53669.1      19.2430    0.0170000      53669.1      19.1030    0.0180000      53669.1      19.0330    0.0490000
       53671.225      19.7110    0.0690000      53671.2      19.5580    0.0180000      53671.2      19.2240    0.0190000      53671.2      19.1720    0.0270000      53671.2      19.1730    0.0900000
       53674.125      19.7740    0.0420000      53674.1      19.5480    0.0140000      53674.1      19.2580    0.0150000      53674.1      19.1360    0.0190000      53674.1      19.0510    0.0550000
       53676.214      19.7080    0.0430000      53676.2      19.4890    0.0130000      53676.2      19.2810    0.0150000      53676.2      19.1230    0.0190000      53676.2      19.1400     0.101000
       53679.186      19.6050    0.0520000      53679.2      19.5180    0.0150000      53679.2      19.2210    0.0170000      53679.2      19.0800    0.0220000      53679.2      19.0680    0.0620000
       53681.178      19.7110    0.0700000      53681.2      19.4740    0.0260000      53681.2      19.2870    0.0480000      53681.2      19.0800    0.0310000      53681.2      19.1810    0.0880000
       53685.137      19.7080    0.0790000      53685.1      19.5450    0.0340000      53685.1      19.2210    0.0270000      53685.1      19.1030    0.0300000      53685.1      19.2010    0.0760000
       53687.175      19.7620     0.108000      53687.2      19.5430    0.0340000      53687.2      19.1970    0.0250000      53687.2      19.0600    0.0250000      53687.2      19.0100    0.0960000
       53694.150      19.7440     0.116000      53694.2      19.5630    0.0490000      53694.1      19.2680    0.0330000      53694.1      19.1230    0.0410000      53694.2      18.9560     0.115000
       53697.135      19.5190     0.268000      53697.1     -99.9900    0.0700000      53697.1      19.1630     0.106000      53697.1     -99.9900     0.116000      53697.1      18.9770     0.336000
       53700.133      19.7750    0.0470000      53700.1      19.5170    0.0140000      53700.1      19.2120    0.0150000      53700.1      19.1430    0.0210000      53700.1      18.9750    0.0570000
       53705.120      19.6940    0.0490000      53705.1      19.5420    0.0150000      53705.1      19.2330    0.0150000      53705.1      19.0660    0.0190000      53705.1      19.1220    0.0660000
       53975.205      19.8710    0.0440000      53975.2      19.6730    0.0180000      53975.2      19.3060    0.0150000      53975.2      19.2240    0.0230000      53975.2      19.1320    0.0580000
       53996.212      19.9150    0.0410000      53996.2      19.6560    0.0150000      53996.2      19.3380    0.0200000      53996.2      19.2440    0.0180000      53996.2      19.1490    0.0480000
       53998.181      19.8290    0.0400000      53998.2      19.6480    0.0190000      53998.2      19.3450    0.0160000      53998.2      19.2050    0.0180000      53998.2      19.1390    0.0690000
       54010.166      19.8440    0.0490000      54010.2      19.6630    0.0230000      54010.2      19.3270    0.0210000      54010.2      19.2750    0.0250000      54010.2      19.1980    0.0520000
       54012.159      19.9010    0.0890000      54012.2      19.6610    0.0380000      54012.2      19.3160    0.0300000      54012.2      19.2150    0.0330000      54012.2      19.1870    0.0920000
       54020.165      20.0420    0.0580000      54020.2      19.7070    0.0180000      54020.2      19.3440    0.0210000      54020.2      19.2300    0.0270000      54020.2      19.1550    0.0720000
       54022.214      19.8940    0.0870000      54022.2      19.7030    0.0280000      54022.2      19.3480    0.0220000      54022.2      19.1490    0.0280000      54022.2      18.9280    0.0790000
       54028.155      19.8540    0.0510000      54028.2      19.6930    0.0210000      54028.2      19.4050    0.0220000      54028.2      19.2220    0.0240000      54028.2      19.0910    0.0670000
       54030.158      20.0030    0.0460000      54030.2      19.7370    0.0160000      54030.2      19.3530    0.0160000      54030.2      19.3020    0.0210000      54030.2      19.0910    0.0470000
       54032.148      19.9080     0.130000      54032.1      19.7460    0.0590000      54032.1      19.3300    0.0300000      54032.1     -99.9900    0.0530000      54032.1     -99.9900     0.298000
       54034.218      19.9120    0.0900000      54034.2      19.6890    0.0180000      54034.2      19.3710    0.0230000      54034.2      19.2000    0.0350000      54034.2      19.1380    0.0800000
       54037.140      19.9040    0.0450000      54037.1      19.7340    0.0170000      54037.1      19.4080    0.0180000      54037.1     -99.9900    0.0230000      54037.1      19.1650    0.0870000
       54040.154      19.8450    0.0880000      54040.2      19.6590    0.0350000      54040.2      19.4370    0.0310000      54040.2      19.2320    0.0320000      54040.2      19.1130    0.0710000
       54050.139      19.9390    0.0490000      54050.1      19.6990    0.0240000      54050.1      19.3680    0.0220000      54050.1      19.2410    0.0240000      54050.1      19.3610    0.0800000
       54053.145      19.9340    0.0520000      54053.1      19.7240    0.0190000      54053.1      19.3360    0.0180000      54053.1      19.2330    0.0250000      54053.1      19.3010    0.0780000
       54056.147      19.8820    0.0990000      54056.1      19.7660    0.0410000      54056.1      19.3550    0.0320000      54056.1     -99.9900    0.0500000      54056.1     -99.9900     0.137000
       54057.115      19.9320    0.0460000      54057.1      19.7060    0.0210000      54057.1      19.3470    0.0200000      54057.1      19.2590    0.0230000      54057.1      19.1570    0.0590000
       54059.141      19.9530    0.0640000      54059.1      19.7130    0.0210000      54059.1      19.3250    0.0220000      54059.1      19.1830    0.0280000      54059.1      19.2720    0.0750000
       54061.152      19.9460    0.0600000      54061.2      19.7460    0.0280000      54061.1      19.3430    0.0200000      54061.2      19.2330    0.0260000      54061.2      19.2130    0.0690000
       54062.146      19.7810    0.0620000      54062.1      19.7450    0.0380000      54062.1      19.3440    0.0260000      54062.1      19.2180    0.0310000      54062.1      19.1520    0.0830000
       54068.136      19.6780     0.116000      54068.1      19.6360    0.0500000      54068.1      19.3090    0.0360000      54068.1      19.1980    0.0420000      54068.1      19.3360     0.116000
       54357.184      19.7000    0.0690000      54357.2      19.5400    0.0240000      54357.2      19.2380    0.0250000      54357.2      19.1730    0.0320000      54357.2      18.9330    0.0740000
       54365.182      19.6660    0.0610000      54365.2      19.5220    0.0270000      54365.2      19.2300    0.0240000      54365.2      19.1850    0.0310000      54365.2      19.1030    0.0610000
       54385.232      19.7540    0.0460000      54385.2      19.5520    0.0170000      54385.2      19.2740    0.0190000      54385.2      19.1810    0.0200000      54385.2      19.1730    0.0540000
       54387.232      19.7440    0.0510000      54387.2      19.5470    0.0160000      54387.2      19.2380    0.0170000      54387.2      19.1700    0.0210000      54387.2      19.0880    0.0560000
       54392.227      19.7550    0.0560000      54392.2      19.5640    0.0230000      54392.2      19.2620    0.0210000      54392.2      19.1450    0.0220000      54392.2      19.1570    0.0570000
       54402.226      19.6990    0.0890000      54402.2      19.5770    0.0300000      54402.2      19.2830    0.0260000      54402.2      19.1680    0.0260000      54402.2      19.1150    0.0600000
       52558.000       19.860000     0.044000000       52558.000       19.684000     0.018000000       52558.000       19.344000     0.019000000       52558.000       19.166000     0.023000000       52558.000       19.085000     0.065000000
       51467       19.600000     0.054000000       51467       19.482000     0.022000000       51467       19.233000     0.019000000       51467       19.118000     0.024000000       51467       18.992000     0.073000000
       51467       19.563000     0.043000000       51467       19.475000     0.018000000       51467       19.242000     0.018000000       51467       19.132000     0.025000000       51467       19.124000     0.069000000
       51819       19.722000     0.042000000       51819       19.510000     0.018000000       51819       19.226000     0.018000000       51819       19.119000     0.025000000       51819       19.185000     0.063000000
       52172       19.736000     0.039000000       52172       19.567000     0.018000000       52172       19.255000     0.018000000       52172       19.138000     0.022000000       52172       19.156000     0.055000000
       52516       19.810000     0.042000000       52516       19.653000     0.020000000       52516       19.340000     0.019000000       52516       19.229000     0.024000000       52516       19.078000     0.050000000
       52552       19.979000     0.055000000       52552       19.606000     0.021000000       52552       19.409000     0.029000000       52552       19.203000     0.032000000       52552       19.104000     0.060000000
       52558       19.875000     0.043000000       52558       19.687000     0.018000000       52558       19.343000     0.019000000       52558       19.158000     0.023000000       52558       19.079000     0.065000000
       52576       20.039000     0.058000000       52576       19.685000     0.023000000       52576       19.320000     0.033000000       52576       19.259000     0.030000000       52576       19.143000     0.077000000
       52577       19.881000     0.040000000       52577       19.683000     0.020000000       52577       19.335000     0.020000000       52577       19.215000     0.025000000       52577       19.191000     0.083000000
       52931       19.766000     0.035000000       52931       19.641000     0.017000000       52931       19.334000     0.017000000       52931       19.231000     0.021000000       52931       19.338000     0.073000000
       52935       19.761000     0.045000000       52935       19.605000     0.021000000       52935       19.314000     0.022000000       52935       19.215000     0.026000000       52935       19.168000     0.065000000
       53313       19.606000     0.039000000       53313       19.489000     0.022000000       53313       19.242000     0.022000000       53313       19.118000     0.028000000       53313       19.092000     0.069000000
       54741       20.094000     0.045000000       54741       19.954000     0.029000000       54741       19.541000     0.022000000       54741       19.469000     0.026000000       54741       19.499000     0.074000000
