       51467.291      21.2620     0.220000      51467.3      20.2360    0.0290000      51467.3      19.9040    0.0310000      51467.3      19.7230    0.0370000      51467.3      19.2460     0.109000
       51819.267      21.1940     0.117000      51819.3      20.2160    0.0200000      51819.3      19.9000    0.0200000      51819.3      19.6860    0.0230000      51819.3      19.5630    0.0900000
       52172.282      21.1340     0.110000      52172.3      20.0740    0.0180000      52172.3      19.7760    0.0180000      52172.3      19.6530    0.0220000      52172.3      19.4330    0.0750000
       52172.332      20.9690     0.120000      52172.3      20.0580    0.0190000      52172.3      19.7290    0.0200000      52172.3      19.5900    0.0250000      52172.3      19.5280     0.100000
       52558.232      21.1550     0.122000      52558.2      20.1680    0.0190000      52558.2      19.8330    0.0200000      52558.2      19.6380    0.0230000      52558.2      19.5490    0.0880000
       52576.144      21.3430     0.196000      52576.1      20.1680    0.0320000      52576.1      19.8330    0.0280000      52576.1      19.7580    0.0460000      52576.1      19.4690     0.120000
       52577.119      21.0820     0.109000      52577.1      20.1290    0.0180000      52577.1      19.7590    0.0210000      52577.1      19.6260    0.0270000      52577.1      19.5200     0.100000
       52586.123      21.5480     0.139000      52586.1      20.1810    0.0180000      52586.1      19.8020    0.0190000      52586.1      19.6370    0.0230000      52586.1      19.6620    0.0950000
       52931.134      20.9850    0.0860000      52931.1      19.9750    0.0160000      52931.1      19.6710    0.0160000      52931.1      19.5650    0.0190000      52931.1      19.4710    0.0730000
       52935.131      21.1190     0.118000      52935.1      19.9590    0.0170000      52935.1      19.7040    0.0190000      52935.1      19.5560    0.0230000      52935.1      19.4760    0.0850000
       53313.124      20.9660     0.128000      53313.1      20.0250    0.0180000      53313.1      19.7410    0.0220000      53313.1      19.5880    0.0280000      53313.1      19.3840    0.0940000
       53622.233      21.2360     0.193000      53622.2      20.1830    0.0250000      53622.2      19.8080    0.0260000      53622.2      19.6400    0.0330000      53622.2      19.7280     0.142000
       53625.229      21.3610     0.129000      53625.2      20.2060    0.0230000      53625.2      19.8280    0.0190000      53625.2      19.6380    0.0210000      53625.2      19.5660    0.0750000
       53634.182      20.7060     0.339000      53634.2     -99.9900    0.0680000      53634.2     -99.9900    0.0560000      53634.2     -99.9900    0.0580000      53634.2      19.4480     0.187000
       53636.188      21.3510     0.155000      53636.2      20.1570    0.0250000      53636.2      19.8240    0.0200000      53636.2      19.6460    0.0230000      53636.2      19.5950    0.0940000
       53655.160      21.1880     0.246000      53655.2      20.2420    0.0400000      53655.2      19.8000    0.0280000      53655.2      19.6380    0.0320000      53655.2      19.4660    0.0990000
       53664.185      20.9360     0.194000      53664.2      20.2140    0.0400000      53664.2      19.8650    0.0290000      53664.2      19.6310    0.0280000      53664.2      19.4620     0.102000
       53666.149      21.3380     0.113000      53666.1      20.1670    0.0170000      53666.1      19.8290    0.0180000      53666.1      19.6850    0.0220000      53666.1      19.6220    0.0890000
       53669.144      21.2340     0.105000      53669.1      20.1630    0.0170000      53669.1      19.8210    0.0180000      53669.1      19.6520    0.0210000      53669.1      19.5790    0.0790000
       53671.229      21.2700     0.291000      53671.2      20.1640    0.0290000      53671.2      19.8880    0.0350000      53671.2      19.5590    0.0360000      53671.2      19.9300     0.215000
       53674.128      21.1060     0.119000      53674.1      20.1940    0.0190000      53674.1      19.8510    0.0210000      53674.1      19.6870    0.0230000      53674.1      19.6970    0.0980000
       53676.218      21.3520     0.140000      53676.2      20.2050    0.0190000      53676.2      19.8210    0.0190000      53676.2      19.6320    0.0210000      53676.2      19.4920    0.0710000
       53679.190      21.2400     0.187000      53679.2      20.1930    0.0220000      53679.2      19.7840    0.0240000      53679.2      19.6460    0.0260000      53679.2      19.5380     0.102000
       53681.181      21.8060     0.359000      53681.2      20.1450    0.0200000      53681.2     -99.9900    0.0860000      53681.2      19.7330     0.203000      53681.2      19.5440    0.0930000
       53685.140      21.4090     0.349000      53685.1      20.2750    0.0590000      53685.1      19.8080    0.0380000      53685.1      19.6730    0.0330000      53685.1      19.2700    0.0770000
       53687.179      20.9880     0.282000      53687.2      20.2660    0.0580000      53687.2      19.8530    0.0370000      53687.2      19.6630    0.0310000      53687.2      19.5390    0.0870000
       53694.154      22.3180      1.48800      53694.2      20.1860    0.0860000      53694.2      19.7260    0.0640000      53694.2      19.4450    0.0570000      53694.2      19.6550     0.260000
       53700.137      21.2240     0.151000      53700.1      20.2070    0.0220000      53700.1      19.8300    0.0220000      53700.1      19.6440    0.0250000      53700.1      19.4930    0.0970000
       53705.124      21.3170     0.191000      53705.1      20.1870    0.0230000      53705.1      19.8880    0.0250000      53705.1      19.6870    0.0280000      53705.1      19.8010     0.158000
       53975.209      21.0980    0.0970000      53975.2      20.0520    0.0180000      53975.2      19.7070    0.0180000      53975.2      19.5480    0.0220000      53975.2      19.4780    0.0770000
       53996.216      21.0190    0.0900000      53996.2      19.9760    0.0210000      53996.2      19.6690    0.0150000      53996.2      19.5410    0.0210000      53996.2      19.3110    0.0540000
       53998.184      20.9650    0.0790000      53998.2      20.0130    0.0170000      53998.2      19.6720    0.0170000      53998.2      19.4990    0.0180000      53998.2      19.2810    0.0550000
       54010.170      21.0900     0.131000      54010.2      19.9590    0.0260000      54010.2      19.6580    0.0200000      54010.2      19.4980    0.0210000      54010.2      19.4430    0.0570000
       54012.163      21.3700     0.344000      54012.2      19.9680    0.0450000      54012.2      19.5970    0.0330000      54012.2      19.4700    0.0340000      54012.2      19.4800     0.102000
       54020.169      21.2390     0.117000      54020.2      20.0060    0.0170000      54020.2      19.6650    0.0200000      54020.2      19.5270    0.0220000      54020.2      19.5150    0.0830000
       54022.218      20.9280     0.110000      54022.2      20.0520    0.0240000      54022.2      19.6330    0.0400000      54022.2      19.5150    0.0270000      54022.2      19.4810    0.0880000
       54028.159      21.1580     0.167000      54028.2      19.9870    0.0210000      54028.2      19.6360    0.0220000      54028.2      19.5490    0.0290000      54028.2      19.3430    0.0840000
       54030.162      21.0640    0.0900000      54030.2      19.9780    0.0180000      54030.2      19.6450    0.0160000      54030.2      19.5480    0.0180000      54030.2      19.3420    0.0550000
       54032.152      20.8430     0.563000      54032.2     -99.9900     0.187000      54032.1     -99.9900    0.0790000      54032.2     -99.9900    0.0800000      54032.2     -99.9900      3.21100
       54035.238      21.0640     0.229000      54035.2      19.9600    0.0260000      54035.2      19.6590    0.0310000      54035.2      19.4820    0.0370000      54035.2      19.2520     0.104000
       54037.143      21.1690     0.126000      54037.1      20.0110    0.0250000      54037.1      19.6800    0.0190000      54037.1      19.5070    0.0210000      54037.1      19.2560    0.0640000
       54040.158      21.1220     0.263000      54040.2      20.0530    0.0440000      54040.2      19.6670    0.0320000      54040.2      19.5750    0.0330000      54040.2      19.4380    0.0850000
       54050.143      21.1030     0.141000      54050.1      19.9460    0.0210000      54050.1      19.6570    0.0220000      54050.1      19.4620    0.0260000      54050.1      19.2230    0.0840000
       54053.149      20.8950     0.112000      54053.1      19.9240    0.0210000      54053.1      19.6480    0.0200000      54053.1      19.5200    0.0240000      54053.1      19.5480     0.108000
       54056.150      20.9110     0.246000      54056.2      19.9970    0.0460000      54056.1      19.6150    0.0570000      54056.1      19.5830    0.0610000      54056.2      19.6970     0.204000
       54057.119      21.1690     0.115000      54057.1     -99.9900    0.0190000      54057.1     -99.9900    0.0190000      54057.1      19.4900    0.0210000      54057.1      19.4870    0.0850000
       54059.145      21.0420     0.135000      54059.1      19.9500    0.0290000      54059.1      19.6440    0.0210000      54059.1      19.5190    0.0230000      54059.1      19.5070    0.0970000
       54061.156      21.1340     0.149000      54061.2      20.0000    0.0230000      54061.2      19.6770    0.0240000      54061.2      19.5190    0.0350000      54061.2      19.2810    0.0820000
       54062.150      21.4450     0.245000      54062.2      19.9960    0.0230000      54062.1      19.5960    0.0250000      54062.1      19.4940    0.0300000      54062.2      19.3780     0.116000
       54068.140     -99.9900     0.444000      54068.1      20.1040    0.0800000      54068.1      19.6030    0.0660000      54068.1      19.5830    0.0630000      54068.1      19.5570     0.242000
       54357.188      21.4690     0.164000      54357.2      20.0660    0.0210000      54357.2      19.7570    0.0250000      54357.2      19.5320    0.0280000      54357.2      19.5970    0.0950000
       54365.186      21.3540     0.274000      54365.2      20.0640    0.0360000      54365.2      19.7160    0.0270000      54365.2      19.5440    0.0280000      54365.2      19.4710     0.102000
       54385.236      21.0540     0.130000      54385.2      20.1200    0.0220000      54385.2      19.7380    0.0180000      54385.2      19.5900    0.0240000      54385.2      19.5350    0.0780000
       54387.236      21.3650     0.184000      54387.2      20.0780    0.0200000      54387.2      19.7900    0.0240000      54387.2      19.5430    0.0230000      54387.2      19.6550     0.103000
       54392.231     -99.9900     0.253000      54392.2      20.1190    0.0320000      54392.2      19.7300    0.0300000      54392.2      19.5410    0.0420000      54392.2      19.3950     0.104000
       54402.229      20.9260     0.331000      54402.2      20.0060    0.0600000      54402.2      19.7180    0.0330000      54402.2      19.5870    0.0340000      54402.2      19.6810     0.138000
       52558.000       21.157000      0.11600000       52558.000       20.181000     0.022000000       52558.000       19.833000     0.023000000       52558.000       19.632000     0.027000000       52558.000       19.536000     0.084000000
       51467       21.215000      0.18300000       51467       20.182000     0.032000000       51467       19.878000     0.031000000       51467       19.688000     0.036000000       51467       19.216000     0.097000000
       51467       21.306000      0.14300000       51467       20.277000     0.027000000       51467       19.857000     0.027000000       51467       19.741000     0.034000000       51467       19.624000      0.11600000
       51819       21.230000      0.10000000       51819       20.230000     0.023000000       51819       19.895000     0.022000000       51819       19.679000     0.024000000       51819       19.545000     0.080000000
       52172       21.127000     0.092000000       52172       20.066000     0.023000000       52172       19.764000     0.020000000       52172       19.648000     0.025000000       52172       19.393000     0.063000000
       52172       21.004000      0.10100000       52172       20.068000     0.026000000       52172       19.736000     0.023000000       52172       19.593000     0.028000000       52172       19.515000     0.089000000
       52516       21.254000      0.11400000       52516       20.155000     0.024000000       52516       19.779000     0.022000000       52516       19.669000     0.028000000       52516       19.490000     0.067000000
       52552       21.332000      0.12800000       52552       20.156000     0.025000000       52552       19.877000     0.030000000       52552       19.667000     0.032000000       52552       19.444000     0.073000000
       52558       21.201000      0.10700000       52558       20.188000     0.023000000       52558       19.838000     0.023000000       52558       19.640000     0.027000000       52558       19.571000     0.080000000
       52576       21.282000      0.15900000       52576       20.129000     0.035000000       52576       19.810000     0.034000000       52576       19.803000     0.047000000       52576       19.479000      0.11400000
       52577       21.095000     0.089000000       52577       20.149000     0.024000000       52577       19.767000     0.022000000       52577       19.626000     0.028000000       52577       19.561000     0.094000000
       52586       21.495000      0.10800000       52586       20.189000     0.019000000       52586       19.786000     0.022000000       52586       19.621000     0.025000000       52586       19.635000     0.085000000
       52935       21.102000     0.098000000       52935       19.964000     0.022000000       52935       19.691000     0.023000000       52935       19.552000     0.025000000       52935       19.488000     0.079000000
       53313       21.001000      0.10700000       53313       20.038000     0.026000000       53313       19.757000     0.030000000       53313       19.600000     0.029000000       53313       19.389000     0.088000000
