       51467.287      19.1450    0.0370000      51467.3      18.8970    0.0120000      51467.3      18.6440    0.0110000      51467.3      18.6520    0.0140000      51467.3      18.5800    0.0550000
       51819.263      19.1990    0.0280000      51819.3      19.0520    0.0100000      51819.3      18.8060    0.0100000      51819.3      18.8440    0.0130000      51819.3      18.7300    0.0390000
       52172.278      19.0520    0.0240000      52172.3      18.8760   0.00900000      52172.3      18.6430   0.00900000      52172.3      18.6870    0.0120000      52172.3      18.5440    0.0320000
       52558.228      19.0750    0.0250000      52558.2      18.9710    0.0100000      52558.2      18.7100    0.0100000      52558.2      18.7410    0.0120000      52558.2      18.6490    0.0380000
       52576.140      19.1450    0.0300000      52576.1     -99.9900    0.0100000      52576.1      18.6950    0.0110000      52576.1     -99.9900    0.0160000      52576.1     -99.9900    0.0480000
       52577.116      19.1390    0.0250000      52577.1      18.9540   0.00900000      52577.1      18.7120    0.0100000      52577.1      18.7580    0.0140000      52577.1      18.6030    0.0460000
       52586.119     -99.9900    0.0260000      52586.1     -99.9900    0.0100000      52586.1     -99.9900    0.0120000      52586.1     -99.9900    0.0160000      52586.1     -99.9900    0.0460000
       52931.130      19.0590    0.0230000      52931.1      18.8840   0.00900000      52931.1      18.6860   0.00900000      52931.1      18.7240    0.0110000      52931.1      18.6850    0.0340000
       52935.127      19.0430    0.0260000      52935.1      18.8520   0.00900000      52935.1      18.6730    0.0100000      52935.1      18.7120    0.0130000      52935.1      18.6530    0.0400000
       53313.120      18.8520    0.0230000      53313.1      18.6670   0.00800000      53313.1      18.4650   0.00900000      53313.1      18.5220    0.0120000      53313.1      18.4060    0.0370000
       53622.229      18.6150    0.0240000      53622.2      18.5100   0.00800000      53622.2      18.3120   0.00900000      53622.2      18.3530    0.0120000      53622.2      18.2980    0.0400000
       53625.225      18.6930    0.0200000      53625.2      18.4990   0.00800000      53625.2      18.3060   0.00800000      53625.2      18.3640    0.0100000      53625.2      18.2970    0.0240000
       53634.179      18.6490    0.0480000      53634.2      18.4620    0.0180000      53634.2      18.3080    0.0130000      53634.2      18.3450    0.0170000      53634.2      18.3690    0.0660000
       53636.184      18.7190    0.0220000      53636.2      18.5120   0.00900000      53636.2      18.3170   0.00900000      53636.2      18.3720    0.0110000      53636.2      18.2650    0.0270000
       53655.156      18.6600    0.0280000      53655.2      18.4850    0.0110000      53655.2      18.2540    0.0100000      53655.2      18.3390    0.0110000      53655.2      18.2850    0.0310000
       53664.181      18.6290    0.0270000      53664.2      18.4820    0.0110000      53664.2      18.2980   0.00900000      53664.2      18.3580    0.0110000      53664.2      18.2390    0.0300000
       53666.145      18.6850    0.0190000      53666.1      18.4840   0.00800000      53666.1      18.2890   0.00800000      53666.1      18.3380    0.0100000      53666.1      18.2860    0.0260000
       53669.140      18.6880    0.0180000      53669.1      18.5000   0.00700000      53669.1      18.3040   0.00800000      53669.1      18.3250    0.0100000      53669.1      18.3880    0.0270000
       53671.225      18.6840    0.0290000      53671.2      18.4860   0.00900000      53671.2      18.2960   0.00900000      53671.2      18.3600    0.0130000      53671.2      18.2810    0.0420000
       53674.125      18.6350    0.0190000      53674.1      18.4650   0.00700000      53674.1      18.2840   0.00800000      53674.1      18.3400    0.0100000      53674.1      18.2380    0.0260000
       53676.214      18.6190    0.0210000      53676.2      18.4760   0.00800000      53676.2      18.2890   0.00800000      53676.2      18.3410    0.0100000      53676.2      18.2920    0.0250000
       53679.186      18.6210    0.0240000      53679.2      18.4600   0.00800000      53679.2      18.2710   0.00800000      53679.2      18.3530    0.0110000      53679.2      18.2730    0.0310000
       53681.178      18.6520    0.0320000      53681.2      18.4780    0.0160000      53681.2      18.2760    0.0100000      53681.2      18.3030    0.0150000      53681.2      18.4240    0.0470000
       53685.137      18.6390    0.0330000      53685.1      18.4650    0.0140000      53685.1      18.2590    0.0120000      53685.1      18.3220    0.0140000      53685.1      18.2960    0.0310000
       53687.175      18.6140    0.0400000      53687.2      18.4770    0.0140000      53687.2      18.2660    0.0110000      53687.2      18.3480    0.0120000      53687.2      18.2910    0.0280000
       53694.150      18.6300    0.0430000      53694.2      18.4840    0.0200000      53694.1      18.2740    0.0140000      53694.1      18.3460    0.0190000      53694.2      18.3440    0.0690000
       53697.135      18.5970     0.104000      53697.1      18.4630    0.0310000      53697.1      18.1760    0.0430000      53697.1      18.2920    0.0500000      53697.1      18.1730     0.150000
       53700.134      18.6580    0.0210000      53700.1      18.4630   0.00800000      53700.1      18.2660   0.00800000      53700.1      18.3120    0.0100000      53700.1      18.2250    0.0300000
       53705.120      18.6020    0.0220000      53705.1      18.4590   0.00800000      53705.1      18.2670   0.00800000      53705.1      18.3240    0.0100000      53705.1      18.2840    0.0330000
       53975.205      18.5710    0.0340000      53975.2      18.4000    0.0130000      53975.2      18.2090    0.0120000      53975.2      18.2510    0.0130000      53975.2      18.3900    0.0390000
       53996.212      18.4980    0.0230000      53996.2      18.3680    0.0120000      53996.2      18.1790    0.0110000      53996.2      18.2500    0.0100000      53996.2      18.1880    0.0230000
       53998.181      18.5270    0.0210000      53998.2      18.3580    0.0200000      53998.2      18.1910    0.0140000      53998.2      18.2410    0.0150000      53998.2      18.2140    0.0270000
       54010.166      18.4890    0.0250000      54010.2      18.3650    0.0150000      54010.2      18.1770    0.0140000      54010.2      18.3770    0.0170000      54010.2      18.1430    0.0250000
       54012.159      18.6090    0.0270000      54012.2      18.3800    0.0150000      54012.2      18.1660    0.0170000      54012.2      18.2740    0.0180000      54012.2      18.1630    0.0310000
       54020.165      18.4510    0.0210000      54020.2      18.3450    0.0120000      54020.2      18.1390    0.0150000      54020.2      18.2090    0.0170000      54020.2      18.1670    0.0300000
       54022.214      18.5430    0.0320000      54022.2     -99.9900    0.0190000      54022.2      18.1930    0.0130000      54022.2      18.2130    0.0180000      54022.2      18.4400    0.0660000
       54028.155      18.4840    0.0220000      54028.2      18.3280    0.0130000      54028.2      18.1670    0.0150000      54028.2      18.2100    0.0240000      54028.2      18.1600    0.0290000
       54030.158      18.5070    0.0270000      54030.2      18.3610    0.0130000      54030.2      18.1770    0.0100000      54030.2      18.2050    0.0130000      54030.2      18.1230    0.0230000
       54032.148      18.4810    0.0410000      54032.1     -99.9900    0.0230000      54032.1      18.1530    0.0160000      54032.1     -99.9900    0.0210000      54032.1     -99.9900    0.0890000
       54034.218      18.4970    0.0330000      54034.2     -99.9900    0.0100000      54034.2      18.1570    0.0120000      54034.2     -99.9900    0.0160000      54034.2     -99.9900    0.0360000
       54037.140      18.4980    0.0220000      54037.1      18.3550    0.0100000      54037.1      18.1760    0.0120000      54037.1      18.2170    0.0150000      54037.1      18.1800    0.0250000
       54040.154      18.4780    0.0390000      54040.2      18.3410    0.0160000      54040.2      18.1710    0.0150000      54040.2      18.2190    0.0160000      54040.2      18.0440    0.0300000
       54050.139      18.4160    0.0220000      54050.1      18.2970    0.0180000      54050.1      18.1080    0.0180000      54050.1      18.1710    0.0200000      54050.1      18.1140    0.0280000
       54053.145      18.3520    0.0230000      54053.1      18.2900    0.0110000      54053.1      18.1080    0.0110000      54053.1      18.1730    0.0130000      54053.1      18.1330    0.0300000
       54056.147      18.3720    0.0420000      54056.1      18.2840    0.0290000      54056.1      18.0800    0.0420000      54056.1     -99.9900    0.0530000      54056.1     -99.9900    0.0510000
       54057.115      18.3800    0.0260000      54057.1      18.2660    0.0160000      54057.1      18.0890    0.0180000      54057.1      18.2060    0.0200000      54057.1      18.1510    0.0320000
       54059.141      18.3710    0.0250000      54059.1      18.2620    0.0190000      54059.1      18.0940    0.0150000      54059.1      18.1290    0.0190000      54059.1      18.1170    0.0320000
       54061.152      18.4270    0.0230000      54061.2      18.2930    0.0170000      54061.1      18.1010    0.0130000      54061.2      18.1480    0.0200000      54061.2      18.1300    0.0290000
       54062.146      18.4200    0.0260000      54062.1      18.2730    0.0140000      54062.1      18.1080    0.0120000      54062.1      18.1710    0.0180000      54062.1      18.0970    0.0350000
       54068.136      18.4480    0.0440000      54068.1      18.3120    0.0290000      54068.1      18.1100    0.0200000      54068.1      18.1510    0.0160000      54068.1      18.1390    0.0410000
       54357.184      18.6480    0.0340000      54357.2      18.4700    0.0210000      54357.2      18.2630    0.0220000      54357.2      18.2900    0.0190000      54357.2     -99.9900    0.0390000
       54365.182      18.5930    0.0330000      54365.2      18.4900    0.0150000      54365.2      18.2780    0.0130000      54365.2      18.3150    0.0190000      54365.2      18.2470    0.0330000
       54385.232      18.5770    0.0270000      54385.2      18.4700    0.0150000      54385.2      18.2450    0.0160000      54385.2      18.3170    0.0170000      54385.2      18.2220    0.0270000
       54387.232      18.6430    0.0270000      54387.2      18.4730    0.0130000      54387.2      18.2430    0.0120000      54387.2      18.2700    0.0140000      54387.2      18.1860    0.0290000
       54392.227      18.6330    0.0270000      54392.2      18.4430    0.0190000      54392.2      18.2540    0.0140000      54392.2      18.2660    0.0140000      54392.2      18.2360    0.0300000
       54402.226      18.6480    0.0390000      54402.2      18.4470    0.0180000      54402.2      18.2500    0.0180000      54402.2      18.2800    0.0170000      54402.2      18.2740    0.0310000
       52558.000       19.074000     0.028000000       52558.000       18.977000     0.016000000       52558.000       18.682000     0.017000000       52558.000       18.718000     0.019000000       52558.000       18.617000     0.038000000
       51467       19.130000     0.034000000       51467       18.905000     0.016000000       51467       18.637000     0.015000000       51467       18.632000     0.018000000       51467       18.579000     0.057000000
       51467       19.071000     0.027000000       51467       18.903000     0.015000000       51467       18.612000     0.013000000       51467       18.670000     0.016000000       51467       18.539000     0.043000000
       51819       19.240000     0.027000000       51819       19.081000     0.016000000       51819       18.814000     0.016000000       51819       18.848000     0.017000000       51819       18.754000     0.041000000
       52172       19.059000     0.027000000       52172       18.898000     0.013000000       52172       18.636000     0.015000000       52172       18.679000     0.027000000       52172       18.531000     0.033000000
       52516       19.107000     0.032000000       52516       18.933000     0.016000000       52516       18.679000     0.018000000       52516       18.750000     0.017000000       52516       18.622000     0.034000000
       52552       19.205000     0.044000000       52552       18.932000     0.019000000       52552       18.831000     0.023000000       52552       18.736000     0.022000000       52552       18.574000     0.051000000
       52558       19.071000     0.028000000       52558       18.977000     0.015000000       52558       18.681000     0.016000000       52558       18.719000     0.019000000       52558       18.618000     0.038000000
       52576       19.162000     0.037000000       52576       18.960000     0.031000000       52576       18.894000     0.026000000       52576       18.726000     0.023000000       52576       18.588000     0.044000000
       52577       19.118000     0.030000000       52577       18.951000     0.018000000       52577       18.692000     0.014000000       52577       18.739000     0.018000000       52577       18.565000     0.045000000
       52931       19.049000     0.026000000       52931       18.888000     0.014000000       52931       18.672000     0.013000000       52931       18.724000     0.020000000       52931       18.653000     0.038000000
       52935       19.042000     0.027000000       52935       18.866000     0.017000000       52935       18.657000     0.015000000       52935       18.689000     0.024000000       52935       18.617000     0.038000000
       53313       18.845000     0.028000000       53313       18.677000     0.017000000       53313       18.476000     0.016000000       53313       18.508000     0.017000000       53313       18.396000     0.036000000
