       51464.203      20.8060    0.0860000      51464.2      20.4610    0.0240000      51464.2      20.2940    0.0270000      51464.2      20.2320    0.0390000      51464.2      19.9570     0.111000
       51819.270      20.7780    0.0820000      51819.3      20.2860    0.0210000      51819.3      20.0890    0.0230000      51819.3      20.0790    0.0300000      51819.3      19.8240     0.100000
       52172.286      20.6930    0.0730000      52172.3      20.2410    0.0210000      52172.3      20.0500    0.0210000      52172.3      20.0140    0.0280000      52172.3      19.7800    0.0910000
       52172.336      20.6280    0.0820000      52172.3      20.2450    0.0220000      52172.3      20.0430    0.0240000      52172.3      19.9620    0.0310000      52172.3      19.7690     0.108000
       52197.229      20.7170    0.0810000      52197.2      20.2370    0.0200000      52197.2      20.0860    0.0220000      52197.2      19.9790    0.0250000      52197.2      19.8900    0.0860000
       52231.115      20.6760    0.0710000      52231.1      20.2050    0.0180000      52231.1      20.0220    0.0210000      52231.1      19.9700    0.0240000      52231.1      19.8090    0.0790000
       52557.223      20.8270     0.116000      52557.2      20.4770    0.0270000      52557.2      20.2520    0.0300000      52557.2      20.1950    0.0400000      52557.2      20.0640     0.136000
       52558.236      21.0530     0.107000      52558.2      20.4260    0.0240000      52558.2      20.2820    0.0270000      52558.2      20.1780    0.0330000      52558.2      19.9770     0.109000
       52576.148      21.2250     0.122000      52576.1      20.5190    0.0550000      52576.1      20.3570    0.0740000      52576.1      20.1810    0.0490000      52576.1      19.8120     0.125000
       52577.123      20.9120    0.0880000      52577.1      20.4760    0.0250000      52577.1      20.3020    0.0320000      52577.1      20.2430    0.0470000      52577.1      19.7430     0.119000
       52578.119      20.9590    0.0990000      52578.1      20.4670    0.0240000      52578.1      20.3170    0.0300000      52578.1      20.2150    0.0340000      52578.1      20.0320     0.113000
       52586.127      20.8530    0.0780000      52586.1      20.5250    0.0230000      52586.1      20.3220    0.0290000      52586.1      20.2630    0.0380000      52586.1      19.9370     0.118000
       52929.149      20.9010     0.102000      52929.2      20.3530    0.0210000      52929.1      20.2160    0.0270000      52929.1      20.1940    0.0350000      52929.1      20.2870     0.147000
       52931.137      20.8290    0.0730000      52931.1      20.3610    0.0200000      52931.1      20.3020    0.0250000      52931.1      20.1750    0.0300000      52931.1      20.1380     0.111000
       52934.130      20.7330    0.0870000      52934.1      20.3880    0.0240000      52934.1      20.1990    0.0260000      52934.1      20.0900    0.0320000      52934.1      20.0370     0.124000
       52935.134      20.8710    0.0880000      52935.1      20.4280    0.0230000      52935.1      20.2720    0.0280000      52935.1      20.1440    0.0350000      52935.1      20.1530     0.132000
       52936.126      20.9530    0.0920000      52936.1      20.3650    0.0210000      52936.1      20.2620    0.0240000      52936.1      20.1400    0.0290000      52936.1      20.0130    0.0990000
       53243.311      20.8010     0.123000      53243.3      20.3530    0.0360000      53243.3      20.1400    0.0310000      53243.3      20.0320    0.0310000      53243.3      19.8280    0.0820000
       53270.190      20.7370     0.111000      53270.2      20.3550    0.0310000      53270.2      20.2260    0.0300000      53270.2      20.0550    0.0280000      53270.2      19.9160    0.0840000
       53272.240      20.6060     0.147000      53272.2      20.2680    0.0480000      53272.2      20.1280    0.0410000      53272.2      20.0450    0.0390000      53272.2      19.9640     0.104000
       53288.167      20.7780    0.0920000      53288.2      20.3320    0.0230000      53288.2      20.1600    0.0230000      53288.2      20.0880    0.0270000      53288.2      19.9650    0.0910000
       53294.194      20.9920     0.101000      53294.2      20.3680    0.0270000      53294.2      20.2430    0.0370000      53294.2      20.1440    0.0460000      53294.2      19.8590     0.108000
       53302.162      21.0640     0.224000      53302.2      20.2980    0.0490000      53302.2      20.2090    0.0410000      53302.2      20.0790    0.0370000      53302.2      19.7450    0.0890000
       53312.118      21.0750     0.154000      53312.1      20.4730    0.0320000      53312.1      20.3190    0.0480000      53312.1      20.1840    0.0520000      53312.1      20.4680     0.254000
       53313.128      20.8500     0.100000      53313.1      20.4280    0.0240000      53313.1      20.2640    0.0340000      53313.1      20.0780    0.0410000      53313.1      19.8620     0.126000
       53314.119      20.8810    0.0980000      53314.1      20.4630    0.0240000      53314.1      20.2730    0.0320000      53314.1      20.1060    0.0360000      53314.1      19.8410     0.117000
       53616.224      21.0180     0.573000      53616.2      20.5090    0.0740000      53616.2      20.3710    0.0380000      53616.2      20.2350    0.0800000      53616.2      20.3640     0.411000
       53622.237      20.9760     0.155000      53622.2      20.4020    0.0320000      53622.2      20.2200    0.0380000      53622.2      20.1240    0.0510000      53622.2      19.8280     0.159000
       53623.214      20.8310     0.119000      53623.2      20.5020    0.0280000      53623.2      20.3180    0.0290000      53623.2      20.1630    0.0360000      53623.2      20.0160     0.122000
       53625.233      21.1460     0.107000      53625.2      20.5160    0.0300000      53625.2      20.3520    0.0290000      53625.2      20.2380    0.0340000      53625.2      19.9270    0.0870000
       53626.200      20.8330     0.159000      53626.2      20.5090    0.0550000      53626.2      20.2550    0.0430000      53626.2      20.1830    0.0430000      53626.2      19.8220    0.0980000
       53628.185      20.6650     0.294000      53628.2      20.3860    0.0910000      53628.2      20.3850    0.0870000      53628.2      20.2070    0.0790000      53628.2     -99.9900     0.182000
       53636.192      21.0210     0.119000      53636.2      20.4790    0.0320000      53636.2      20.3270    0.0340000      53636.2      20.1930    0.0360000      53636.2      20.0740     0.119000
       53637.186      21.0530     0.156000      53637.2      20.4590    0.0310000      53637.2      20.3150    0.0350000      53637.2      20.2080    0.0430000      53637.2      19.8140     0.133000
       53644.179      20.9230    0.0790000      53644.2      20.4420    0.0240000      53644.2      20.3560    0.0250000      53644.2      20.1750    0.0260000      53644.2      20.1390    0.0900000
       53654.214      20.8750     0.139000      53654.2      20.4710    0.0420000      53654.2      20.3620    0.0400000      53654.2      20.1240    0.0400000      53654.2      20.1530     0.156000
       53655.164      21.0840     0.209000      53655.2      20.5230    0.0600000      53655.2      20.2690    0.0410000      53655.2      20.1220    0.0470000      53655.2      20.0110     0.142000
       53656.161      20.7930     0.274000      53656.2      20.4000    0.0830000      53656.2      20.3400    0.0690000      53656.2      20.1280    0.0600000      53656.2      19.8920     0.183000
       53664.189      20.8340     0.177000      53664.2      20.5590    0.0620000      53664.2      20.3540    0.0470000      53664.2      20.2100    0.0470000      53664.2      19.9490     0.148000
       53665.152      21.8360     0.709000      53665.2      20.3130     0.126000      53665.2      20.3660    0.0880000      53665.2      20.2410     0.124000      53665.2      20.6140     0.536000
       53666.152      20.9090    0.0770000      53666.2      20.4670    0.0200000      53666.2      20.3090    0.0250000      53666.2      20.2590    0.0340000      53666.2      20.1790     0.128000
       53668.164      20.7460     0.114000      53668.2      20.4280    0.0260000      53668.2      20.3060    0.0360000      53668.2      20.1900    0.0470000      53668.2      19.9090     0.152000
       53669.148      20.8730    0.0800000      53669.1      20.4390    0.0210000      53669.1      20.2880    0.0240000      53669.1      20.2470    0.0340000      53669.1      19.9530     0.102000
       53670.169      20.9990     0.118000      53670.2      20.4660    0.0250000      53670.2      20.3220    0.0300000      53670.2      20.2420    0.0430000      53670.2      19.9600     0.132000
       53671.233      21.0490     0.205000      53671.2      20.4960    0.0330000      53671.2      20.2400    0.0430000      53671.2      20.1830    0.0570000      53671.2      19.9580     0.145000
       53673.137      20.9210     0.106000      53673.1      20.4610    0.0240000      53673.1      20.2550    0.0300000      53673.1      20.0790    0.0350000      53673.1      19.9060     0.104000
       53674.132      20.8230    0.0810000      53674.1      20.4670    0.0240000      53674.1      20.2320    0.0280000      53674.1      20.1940    0.0360000      53674.1      20.1480     0.122000
       53675.134      20.9330     0.101000      53675.1      20.4710    0.0260000      53675.1      20.2840    0.0300000      53675.1      20.2470    0.0380000      53675.1      20.0750     0.133000
       53676.222      20.7800    0.0830000      53676.2      20.4670    0.0230000      53676.2      20.2600    0.0260000      53676.2      20.2200    0.0330000      53676.2      20.0120     0.102000
       53677.155      20.9860     0.111000      53677.2      20.4670    0.0230000      53677.2      20.3130    0.0290000      53677.2      20.2040    0.0330000      53677.2      20.1190     0.101000
       53679.194      20.7740     0.119000      53679.2      20.5540    0.0320000      53679.2      20.3220    0.0340000      53679.2      20.1770    0.0420000      53679.2      19.9900     0.133000
       53680.141      20.8190    0.0950000      53680.1      20.4970    0.0260000      53680.1      20.2960    0.0270000      53680.1      20.1700    0.0310000      53680.1      19.9260    0.0960000
       53681.185      20.8450    0.0940000      53681.2      20.5000    0.0250000      53681.2      20.3040    0.0270000      53681.2      20.2850    0.0370000      53681.2      20.0940     0.116000
       53685.144      20.6520     0.201000      53685.1      20.4690    0.0770000      53685.1      20.1860    0.0680000      53685.1      20.1990    0.0690000      53685.1      19.6720     0.143000
       53686.208     -99.9900      1.20800      53686.2      20.4010     0.116000      53686.2      20.1950    0.0850000      53686.2      20.3110    0.0890000      53686.2      20.1150     0.244000
       53687.183      20.7980     0.266000      53687.2      20.3870    0.0700000      53687.2      20.3270    0.0550000      53687.2      20.1820    0.0520000      53687.2      19.8270     0.119000
       53700.141      20.8660    0.0980000      53700.1      20.4790    0.0240000      53700.1      20.2880    0.0300000      53700.1      20.2040    0.0380000      53700.1      20.0630     0.131000
       53703.148      20.8470     0.122000      53703.1      20.5310    0.0420000      53703.1      20.3560    0.0510000      53703.1      20.1020    0.0590000      53703.1      20.0020     0.162000
       53704.127      20.9010     0.117000      53704.1      20.4960    0.0280000      53704.1      20.3130    0.0290000      53704.1      20.1440    0.0330000      53704.1      19.9660     0.108000
       53705.128      20.9160     0.117000      53705.1      20.4780    0.0280000      53705.1      20.3030    0.0350000      53705.1      20.1850    0.0480000      53705.1      20.2380     0.150000
       53975.213      20.5080    0.0570000      53975.2      20.2530    0.0200000      53975.2      20.0920    0.0200000      53975.2      20.0490    0.0290000      53975.2      19.8810    0.0850000
       53989.223      20.3890     0.112000      53989.2      20.0980    0.0330000      53989.2      20.0720    0.0280000      53989.2      19.9680    0.0290000      53989.2      19.8620    0.0800000
       53993.281      20.4460    0.0690000      53993.3      20.1580    0.0270000      53993.3     -99.9900    0.0530000      53993.3      19.9700    0.0260000      53993.3      19.9060    0.0920000
       53995.212      20.6080    0.0710000      53995.2      20.2000    0.0230000      53995.2      20.1060    0.0220000      53995.2      19.9600    0.0250000      53995.2      19.7910    0.0670000
       53996.219      20.5850    0.0570000      53996.2      20.1770    0.0200000      53996.2      20.0350    0.0190000      53996.2      20.0220    0.0230000      53996.2      19.7480    0.0650000
       53997.190      20.4610    0.0670000      53997.2      20.1370    0.0250000      53997.2      20.0390    0.0250000      53997.2      19.9900    0.0310000      53997.2      19.8050    0.0900000
       53998.188      20.5530    0.0550000      53998.2      20.1280    0.0240000      53998.2      20.0190    0.0190000      53998.2      20.0290    0.0250000      53998.2      19.7500    0.0640000
       54000.198      20.6430    0.0890000      54000.2      20.1710    0.0250000      54000.2      20.0030    0.0220000      54000.2      19.9870    0.0320000      54000.2      20.0550     0.141000
       54007.175      20.7410    0.0900000      54007.2      20.2190    0.0260000      54007.2      20.0700    0.0250000      54007.2      20.0120    0.0300000      54007.2      20.0540     0.101000
       54009.172      20.7310    0.0880000      54009.2      20.2660    0.0280000      54009.2      20.1190    0.0240000      54009.2      20.0220    0.0250000      54009.2      19.9660    0.0750000
       54010.174      20.6770    0.0950000      54010.2      20.2360    0.0320000      54010.2      20.0960    0.0270000      54010.2      20.1410    0.0300000      54010.2      19.8850    0.0700000
       54011.237      20.7740     0.145000      54011.2      20.2380    0.0400000      54011.2      20.1240    0.0320000      54011.2      20.0940    0.0330000      54011.2      19.8780    0.0750000
       54012.166      21.0080     0.237000      54012.2      20.2680    0.0580000      54012.2      19.9890    0.0470000      54012.2      20.0100    0.0560000      54012.2      19.8140     0.110000
       54019.187      20.7710     0.103000      54019.2      20.3020    0.0280000      54019.2      20.1010    0.0240000      54019.2      20.0660    0.0240000      54019.2      19.9120    0.0680000
       54020.172      20.6510    0.0800000      54020.2      20.2940    0.0220000      54020.2      20.1200    0.0340000      54020.2      20.0970    0.0310000      54020.2      19.8870     0.102000
       54022.222      20.5270     0.114000      54022.2     -99.9900    0.0320000      54022.2      20.1410    0.0400000      54022.2      20.1250    0.0530000      54022.2      19.8630     0.152000
       54025.236      20.7390     0.100000      54025.2      20.2740    0.0220000      54025.2      20.1470    0.0340000      54025.2      20.0740    0.0410000      54025.2      19.9150     0.120000
       54028.163      21.0320     0.120000      54028.2     -99.9900    0.0270000      54028.2      20.0790    0.0260000      54028.2      20.1300    0.0360000      54028.2      19.8980     0.125000
       54029.166      20.6840    0.0730000      54029.2      20.3100    0.0230000      54029.2      20.1660    0.0230000      54029.2      20.0390    0.0250000      54029.2      19.7900    0.0750000
       54030.166      20.7820    0.0690000      54030.2      20.2830    0.0200000      54030.2      20.0810    0.0190000      54030.2      20.0260    0.0250000      54030.2      20.0160    0.0830000
       54032.155      21.4990      1.28200      54032.2     -99.9900     0.142000      54032.2      20.4220     0.365000      54032.2     -99.9900     0.218000      54032.2     -99.9900      99.9990
       54035.242      21.0260     0.197000      54035.2      20.3050    0.0320000      54035.2      20.1480    0.0380000      54035.2      20.0500    0.0510000      54035.2      19.8160     0.173000
       54037.147      20.8070     0.110000      54037.1      20.2940    0.0360000      54037.1      20.1400    0.0340000      54037.1      20.0370    0.0430000      54037.1      19.8250     0.111000
       54040.162      20.7730     0.189000      54040.2      20.2740    0.0530000      54040.2      20.1660    0.0470000      54040.2      19.9430    0.0440000      54040.2      20.0490     0.142000
       54050.146      20.6720    0.0850000      54050.1      20.2440    0.0310000      54050.1      20.1890    0.0280000      54050.1      20.1160    0.0400000      54050.1      19.7390     0.112000
       54051.143      21.0910     0.308000      54051.1      20.2120    0.0630000      54051.1      20.2320     0.121000      54051.1      20.0260     0.101000      54051.1      19.7580     0.280000
       54053.152      20.8620    0.0940000      54053.2      20.3470    0.0270000      54053.2      20.1110    0.0320000      54053.2      20.0330    0.0370000      54053.2      19.7160     0.103000
       54056.154      20.6780     0.143000      54056.2     -99.9900    0.0680000      54056.2      20.0410    0.0640000      54056.2      20.0920    0.0670000      54056.2      20.0020     0.261000
       54057.123      20.6540    0.0790000      54057.1      20.3770    0.0240000      54057.1      20.1170    0.0250000      54057.1      20.1160    0.0340000      54057.1      19.8230     0.107000
       54059.148      20.6320     0.105000      54059.1      20.3910    0.0260000      54059.1      20.1640    0.0350000      54059.1      20.0750    0.0500000      54059.1      19.7090     0.106000
       54062.153      20.5390     0.100000      54062.2      20.3840    0.0300000      54062.2      20.2220    0.0380000      54062.2      20.2740    0.0670000      54062.2      19.8650     0.164000
       54068.143      21.1520     0.500000      54068.1      20.3830     0.100000      54068.1      20.3120    0.0880000      54068.1      20.1070    0.0810000      54068.1      19.7960     0.230000
       54356.244      20.8670    0.0990000      54356.2      20.3700    0.0260000      54356.2      20.1760    0.0250000      54356.2      20.1580    0.0340000      54356.2      19.8580    0.0900000
       54357.192      20.5810    0.0780000      54357.2      20.4180    0.0270000      54357.2      20.1160    0.0250000      54357.2      20.2070    0.0420000      54357.2      19.9250    0.0990000
       54358.189     -99.9900     0.245000      54358.2      20.4340    0.0380000      54358.2     -99.9900     0.291000      54358.2     -99.9900    0.0810000      54358.2     -99.9900     0.240000
       54365.189      20.8330     0.167000      54365.2      20.4440    0.0520000      54365.2      20.1930    0.0480000      54365.2      20.2350    0.0580000      54365.2      19.7750     0.106000
       54373.296      21.2210     0.430000      54373.3      20.5990    0.0990000      54373.3      20.3610    0.0490000      54373.3      20.1130    0.0500000      54373.3      20.1950     0.163000
       54381.234      21.3010     0.173000      54381.2      20.4930    0.0380000      54381.2      20.2210    0.0470000      54381.2      20.3370    0.0630000      54381.2      19.8860     0.172000
       54382.231      21.0090     0.123000      54382.2      20.4960    0.0370000      54382.2      20.3090    0.0330000      54382.2      20.1580    0.0450000      54382.2      19.8410     0.135000
       54385.239      20.8230     0.134000      54385.2      20.4650    0.0280000      54385.2      20.2630    0.0320000      54385.2      20.2440    0.0450000      54385.2      19.8290     0.110000
       54386.234      20.9380     0.117000      54386.2      20.4960    0.0260000      54386.2      20.3760    0.0270000      54386.2      20.1720    0.0300000      54386.2      20.0180    0.0850000
       54387.240      20.9870     0.121000      54387.2      20.5010    0.0290000      54387.2      20.2760    0.0300000      54387.2      20.2370    0.0370000      54387.2      19.9290     0.110000
       54388.238      21.2690     0.130000      54388.2      20.4800    0.0320000      54388.2      20.3400    0.0330000      54388.2      20.2170    0.0370000      54388.2      19.9810     0.116000
       54392.235      20.9620     0.140000      54392.2      20.5110    0.0420000      54392.2      20.3940    0.0510000      54392.2      20.2300    0.0460000      54392.2      20.0860     0.172000
       54402.233      20.9260     0.282000      54402.2      20.5170    0.0670000      54402.2      20.2400    0.0680000      54402.2      20.1930    0.0620000      54402.2      20.4930     0.200000
       54403.152      20.8400    0.0880000      54403.2      20.3540    0.0290000      54403.2      20.2830    0.0270000      54403.2      20.1440    0.0300000      54403.2      20.0230    0.0910000
       54406.146      20.9080    0.0890000      54406.1      20.3770    0.0270000      54406.1      20.2280    0.0300000      54406.1      20.1370    0.0330000      54406.1      19.9650     0.110000
       54412.149      20.8470    0.0950000      54412.2      20.3020    0.0240000      54412.1      20.2060    0.0250000      54412.1      20.1140    0.0270000      54412.1      19.9700    0.0910000
       52197.000       20.755000     0.076000000       52197.000       20.251000     0.027000000       52197.000       20.084000     0.023000000       52197.000       19.986000     0.027000000       52197.000       19.823000     0.080000000
       51459       20.583000      0.12200000       51459       20.436000     0.039000000       51459       20.276000     0.056000000       51459       20.218000     0.075000000       51459       19.949000      0.19100000
       51464       20.820000     0.069000000       51464       20.467000     0.030000000       51464       20.312000     0.028000000       51464       20.253000     0.038000000       51464       19.952000      0.10800000
       51467       20.940000      0.19600000       51467       20.578000     0.045000000       51467       20.383000     0.042000000       51467       20.226000     0.051000000       51467       20.188000      0.20000000
       51467       20.838000     0.095000000       51467       20.502000     0.035000000       51467       20.248000     0.034000000       51467       20.233000     0.046000000       51467       20.274000      0.19800000
       51819       20.779000     0.069000000       51819       20.301000     0.025000000       51819       20.104000     0.024000000       51819       20.086000     0.032000000       51819       19.803000     0.096000000
       52197       20.753000     0.067000000       52197       20.244000     0.030000000       52197       20.080000     0.023000000       52197       19.986000     0.028000000       52197       19.831000     0.082000000
       52231       20.690000     0.057000000       52231       20.221000     0.029000000       52231       20.047000     0.030000000       52231       19.994000     0.033000000       52231       19.801000     0.076000000
       52516       20.754000     0.072000000       52516       20.387000     0.029000000       52516       20.225000     0.027000000       52516       20.047000     0.031000000       52516       19.861000     0.085000000
       52558       21.023000     0.088000000       52558       20.396000     0.028000000       52558       20.256000     0.028000000       52558       20.157000     0.038000000       52558       19.930000      0.10600000
       52576       21.160000     0.099000000       52576       20.710000     0.054000000       52576       20.324000     0.072000000       52576       20.185000     0.052000000       52576       19.840000      0.11900000
       52577       20.919000     0.075000000       52577       20.509000     0.026000000       52577       20.361000     0.032000000       52577       20.312000     0.047000000       52577       19.849000      0.12800000
       52586       20.865000     0.067000000       52586       20.531000     0.025000000       52586       20.338000     0.029000000       52586       20.264000     0.037000000       52586       19.931000      0.11400000
       52929       20.935000     0.077000000       52929       20.386000     0.026000000       52929       20.229000     0.029000000       52929       20.209000     0.039000000       52929       20.240000      0.14000000
       52935       20.850000     0.074000000       52935       20.428000     0.026000000       52935       20.274000     0.029000000       52935       20.149000     0.036000000       52935       20.103000      0.12300000
       53243       20.860000      0.10200000       53243       20.383000     0.039000000       53243       20.191000     0.034000000       53243       20.068000     0.033000000       53243       19.860000     0.081000000
       53270       20.732000      0.10700000       53270       20.364000     0.034000000       53270       20.211000     0.033000000       53270       20.036000     0.034000000       53270       19.887000     0.093000000
       53272       20.635000      0.13600000       53272       20.307000     0.051000000       53272       20.183000     0.041000000       53272       20.081000     0.043000000       53272       19.943000     0.098000000
       53288       20.774000     0.073000000       53288       20.375000     0.030000000       53288       20.205000     0.025000000       53288       20.113000     0.034000000       53288       19.985000     0.090000000
       53294       20.916000     0.087000000       53294       20.373000     0.031000000       53294       20.290000     0.042000000       53294       20.147000     0.060000000       53294       19.799000      0.11700000
       53312       21.117000      0.11000000       53312       20.508000     0.036000000       53312       20.363000     0.056000000       53312       20.211000     0.067000000       53312       20.541000      0.29200000
       53313       20.875000     0.086000000       53313       20.432000     0.027000000       53313       20.277000     0.037000000       53313       20.092000     0.046000000       53313       19.867000      0.12200000
