       51464.193      20.3560    0.0520000      51464.2      20.1410    0.0210000      51464.2      20.1880    0.0260000      51464.2      19.9730    0.0320000      51464.2      19.9810     0.140000
       52197.218      20.6830    0.0760000      52197.2      20.4820    0.0230000      52197.2      20.4100    0.0280000      52197.2      20.1490    0.0330000      52197.2      20.3100     0.179000
       52231.104      20.7330    0.0690000      52231.1      20.5070    0.0220000      52231.1      20.4050    0.0280000      52231.1      20.1760    0.0320000      52231.1      20.0300     0.120000
       52557.212      20.5480    0.0810000      52557.2      20.3690    0.0240000      52557.2      20.3330    0.0330000      52557.2      20.0870    0.0370000      52557.2      20.0410     0.161000
       52578.108      20.4910    0.0610000      52578.1      20.3350    0.0200000      52578.1      20.3130    0.0290000      52578.1      20.1000    0.0320000      52578.1      20.0330     0.127000
       52929.139      20.4560    0.0650000      52929.1      20.3240    0.0210000      52929.1      20.3350    0.0290000      52929.1      20.0690    0.0300000      52929.1      19.7510     0.104000
       52934.119      20.5090    0.0740000      52934.1      20.3760    0.0230000      52934.1      20.3320    0.0310000      52934.1      20.1630    0.0380000      52934.1      19.9840     0.138000
       52936.115      20.5310    0.0630000      52936.1      20.3790    0.0200000      52936.1      20.3490    0.0270000      52936.1      20.0630    0.0300000      52936.1      20.1300     0.125000
       53243.300      20.4710    0.0910000      53243.3      20.2870    0.0390000      53243.3      20.2110    0.0330000      53243.3      19.9970    0.0330000      53243.3      19.9940     0.122000
       53270.179      20.5510    0.0890000      53270.2      20.3770    0.0340000      53270.2      20.2730    0.0300000      53270.2      20.0760    0.0360000      53270.2      19.9680     0.127000
       53272.229      20.6360     0.150000      53272.2      20.2960    0.0470000      53272.2      20.2260    0.0430000      53272.2      20.0350    0.0420000      53272.2      19.6420     0.102000
       53288.156      20.4890    0.0720000      53288.2      20.2600    0.0210000      53288.2      20.2110    0.0240000      53288.2      20.0110    0.0290000      53288.2      20.0310     0.126000
       53302.152      20.6680     0.149000      53302.2      20.2170    0.0420000      53302.1      20.2410    0.0420000      53302.2      20.0700    0.0400000      53302.2      19.7720     0.105000
       53312.107      20.5020    0.0880000      53312.1     -99.9900    0.0400000      53312.1      20.2140    0.0360000      53312.1      20.0020    0.0430000      53312.1      20.2000     0.247000
       53314.108      20.4590    0.0710000      53314.1      20.2520    0.0210000      53314.1      20.1760    0.0260000      53314.1      19.9680    0.0330000      53314.1      19.9740     0.166000
       53623.203      20.4890    0.0730000      53623.2      20.4150    0.0240000      53623.2      20.2580    0.0260000      53623.2      20.1170    0.0320000      53623.2      19.9770     0.134000
       53626.189      20.3920    0.0900000      53626.2      20.3980    0.0420000      53626.2      20.2640    0.0380000      53626.2      20.1210    0.0380000      53626.2      19.8280     0.109000
       53628.174      20.1740     0.175000      53628.2      20.2740    0.0810000      53628.2      20.2760    0.0820000      53628.2      20.0210    0.0700000      53628.2      19.9850     0.219000
       53637.176      20.7550     0.128000      53637.2      20.3730    0.0260000      53637.2      20.3350    0.0370000      53637.2      20.1060    0.0430000      53637.2      20.0680     0.190000
       53644.168      20.4470    0.0530000      53644.2      20.3800    0.0190000      53644.2      20.3100    0.0230000      53644.2      20.1090    0.0270000      53644.2      19.9790    0.0950000
       53654.203      20.4940     0.110000      53654.2      20.3040    0.0390000      53654.2      20.3020    0.0530000      53654.2      20.0480    0.0490000      53654.2      19.9780     0.176000
       53656.150      20.1910     0.142000      53656.2      20.2880    0.0700000      53656.1      20.3990    0.0760000      53656.1      20.1340    0.0700000      53656.2      20.5860     0.380000
       53665.142      20.5290     0.117000      53665.1      20.3880    0.0450000      53665.1      20.3460    0.0420000      53665.1      20.1420    0.0490000      53665.1      19.8480     0.194000
       53668.153      20.5600    0.0910000      53668.2      20.2780    0.0240000      53668.2      20.3280    0.0420000      53668.2      20.0590    0.0490000      53668.2      19.8760     0.170000
       53670.158      20.5230    0.0700000      53670.2      20.3950    0.0220000      53670.2      20.2590    0.0270000      53670.2      20.1120    0.0360000      53670.2      20.0000     0.138000
       53673.126      20.5480    0.0760000      53673.1      20.3970    0.0220000      53673.1      20.3250    0.0290000      53673.1      20.1090    0.0340000      53673.1      20.1660     0.150000
       53675.123      20.5010    0.0680000      53675.1      20.3750    0.0220000      53675.1      20.3150    0.0300000      53675.1      20.1560    0.0370000      53675.1      19.8850     0.120000
       53677.144      20.6590    0.0970000      53677.1      20.3710    0.0230000      53677.1      20.2850    0.0320000      53677.1      20.0680    0.0350000      53677.1      19.8970     0.125000
       53680.131      20.6000    0.0800000      53680.1      20.3940    0.0220000      53680.1      20.3480    0.0290000      53680.1      20.0990    0.0320000      53680.1      20.2350     0.157000
       53686.197      20.3950     0.355000      53686.2      20.5440     0.154000      53686.2      20.3780     0.104000      53686.2      20.0190    0.0810000      53686.2      19.7480     0.259000
       53693.132      20.4700     0.127000      53693.1      20.3900    0.0520000      53693.1      20.3080    0.0480000      53693.1      20.2040    0.0520000      53693.1      19.8010     0.125000
       53702.128      20.6450     0.180000      53702.1      20.4220    0.0420000      53702.1      20.3180    0.0640000      53702.1      20.1720    0.0790000      53702.1      20.2230     0.397000
       53703.137      20.5300     0.110000      53703.1      20.4160    0.0330000      53703.1      20.3950    0.0460000      53703.1      20.2120    0.0510000      53703.1      21.1090     0.574000
       53704.116      20.6310     0.100000      53704.1      20.4410    0.0250000      53704.1      20.4010    0.0380000      53704.1      20.0890    0.0380000      53704.1      20.0350     0.143000
       53989.212      20.6740     0.101000      53989.2      20.4970    0.0390000      53989.2      20.4450    0.0300000      53989.2      20.2370    0.0330000      53989.2      20.0650     0.105000
       53995.201      20.6090    0.0710000      53995.2      20.5300    0.0250000      53995.2      20.4480    0.0300000      53995.2      20.1660    0.0350000      53995.2      20.0340     0.118000
       53997.179      20.6870    0.0770000      53997.2      20.4740    0.0250000      53997.2      20.4310    0.0270000      53997.2      20.1830    0.0330000      53997.2      20.1370     0.131000
       54005.151      20.7150    0.0760000      54005.2      20.5260    0.0230000      54005.1      20.4290    0.0270000      54005.2      20.2050    0.0270000      54005.2      20.1440     0.111000
       54007.164      20.5830    0.0760000      54007.2      20.5090    0.0270000      54007.2      20.4490    0.0310000      54007.2      20.2710    0.0370000      54007.2      20.0320     0.124000
       54009.161      20.5990    0.0840000      54009.2      20.5400    0.0350000      54009.2      20.4340    0.0310000      54009.2      20.1830    0.0290000      54009.2      20.2760     0.136000
       54011.226      20.8650     0.143000      54011.2      20.4850    0.0440000      54011.2      20.4490    0.0420000      54011.2      20.1710    0.0370000      54011.2      19.9680    0.0940000
       54019.176      20.6580    0.0820000      54019.2      20.4610    0.0280000      54019.2      20.4300    0.0310000      54019.2      20.1520    0.0300000      54019.2      20.1130     0.103000
       54025.225      20.6600    0.0960000      54025.2      20.4700    0.0250000      54025.2      20.4000    0.0340000      54025.2      20.2200    0.0390000      54025.2      20.3640     0.195000
       54029.155      20.7020    0.0770000      54029.2      20.4820    0.0240000      54029.2      20.3750    0.0260000      54029.2      20.1710    0.0330000      54029.2      19.9290    0.0980000
       54356.233      20.3740    0.0730000      54356.2      20.4520    0.0240000      54356.2      20.3840    0.0290000      54356.2      20.1210    0.0350000      54356.2      19.9150     0.122000
       54358.178     -99.9900     0.161000      54358.2      20.4320    0.0310000      54358.2      20.3860    0.0380000      54358.2      20.0510    0.0510000      54358.2      20.2970     0.277000
       54373.210      20.5540     0.125000      54373.2     -99.9900    0.0710000      54373.2      20.3550    0.0360000      54373.2      20.0690    0.0360000      54373.2      20.1550     0.154000
       54381.223      20.3740    0.0860000      54381.2      20.3750    0.0330000      54381.2      20.3380    0.0390000      54381.2      20.1400    0.0530000      54381.2      20.2150     0.229000
       54382.220      20.2280    0.0970000      54382.2      20.3660    0.0240000      54382.2      20.3270    0.0360000      54382.2      20.2080    0.0510000      54382.2      19.8710     0.169000
       54383.226      20.3270     0.105000      54383.2      20.4250    0.0370000      54383.2      20.3270    0.0470000      54383.2      20.1230    0.0490000      54383.2      20.1760     0.273000
       54386.223      20.3500    0.0830000      54386.2      20.3690    0.0270000      54386.2      20.3700    0.0290000      54386.2      20.1080    0.0350000      54386.2      19.9680     0.143000
       54388.227      20.4590    0.0830000      54388.2      20.3580    0.0290000      54388.2      20.3150    0.0320000      54388.2      20.1070    0.0340000      54388.2      19.7990     0.123000
       54403.141      20.5460    0.0670000      54403.1      20.4070    0.0230000      54403.1      20.3330    0.0260000      54403.1      20.0960    0.0340000      54403.1      19.9410     0.106000
       54406.135      20.4780    0.0640000      54406.1      20.3770    0.0240000      54406.1      20.3170    0.0290000      54406.1      20.0270    0.0320000      54406.1      20.0920     0.138000
       54412.138      20.3930    0.0620000      54412.1      20.4120    0.0220000      54412.1      20.3540    0.0270000      54412.1      20.1440    0.0320000      54412.1      20.0340     0.108000
       52197.000       20.665000     0.071000000       52197.000       20.505000     0.028000000       52197.000       20.415000     0.029000000       52197.000       20.149000     0.031000000       52197.000       20.251000      0.16400000
       51459       20.328000     0.075000000       51459       20.177000     0.028000000       51459       20.205000     0.044000000       51459       19.952000     0.044000000       51459       19.662000      0.15700000
       51464       20.379000     0.046000000       51464       20.174000     0.023000000       51464       20.222000     0.028000000       51464       20.010000     0.032000000       51464       20.043000      0.12700000
       52144       20.582000     0.053000000       52144       20.446000     0.028000000       52144       20.403000     0.027000000       52144       20.072000     0.028000000       52144       20.040000     0.095000000
       52197       20.651000     0.064000000       52197       20.508000     0.028000000       52197       20.419000     0.029000000       52197       20.150000     0.030000000       52197       20.251000      0.15300000
       52231       20.736000     0.057000000       52231       20.542000     0.025000000       52231       20.419000     0.028000000       52231       20.200000     0.031000000       52231       20.041000      0.10600000
       52457       20.568000      0.18900000       52457       20.391000     0.076000000       52457       20.459000     0.085000000       52457       20.162000     0.062000000       52457       19.962000      0.13800000
       52557       20.548000     0.068000000       52557       20.374000     0.026000000       52557       20.339000     0.032000000       52557       20.092000     0.038000000       52557       20.028000      0.14300000
       52578       20.488000     0.052000000       52578       20.339000     0.025000000       52578       20.309000     0.032000000       52578       20.100000     0.030000000       52578       19.999000      0.11000000
       52929       20.482000     0.057000000       52929       20.345000     0.029000000       52929       20.340000     0.028000000       52929       20.092000     0.028000000       52929       19.728000     0.089000000
       52934       20.508000     0.063000000       52934       20.372000     0.024000000       52934       20.303000     0.031000000       52934       20.149000     0.036000000       52934       19.965000      0.12200000
       53243       20.454000     0.081000000       53243       20.288000     0.039000000       53243       20.223000     0.032000000       53243       20.001000     0.031000000       53243       19.989000      0.10300000
       53270       20.523000     0.088000000       53270       20.355000     0.037000000       53270       20.268000     0.033000000       53270       20.057000     0.038000000       53270       19.941000      0.12400000
       53272       20.626000      0.13700000       53272       20.313000     0.048000000       53272       20.254000     0.044000000       53272       20.075000     0.043000000       53272       19.626000     0.089000000
       53288       20.477000     0.060000000       53288       20.271000     0.023000000       53288       20.233000     0.024000000       53288       20.020000     0.029000000       53288       20.022000      0.10900000
       53312       20.566000     0.088000000       53312       20.457000     0.059000000       53312       20.262000     0.046000000       53312       20.041000     0.049000000       53312       20.456000      0.37900000
       53314       20.469000     0.062000000       53314       20.265000     0.022000000       53314       20.188000     0.026000000       53314       19.961000     0.032000000       53314       19.928000      0.14700000
