       51081.391      25.0480      1.09100      51081.4      21.4980    0.0600000      51081.4      20.2640    0.0280000      51081.4      20.1190    0.0330000      51081.4      20.4500     0.169000
       51819.462      22.9160     0.663000      51819.5      20.8080    0.0410000      51819.5      19.9220    0.0300000      51819.5      19.8150    0.0340000      51819.5      20.0160     0.147000
       51875.206      23.2270     0.558000      51875.2      20.8340    0.0330000      51875.2      19.7590    0.0190000      51875.2      19.7350    0.0260000      51875.2      19.8720     0.117000
       52225.287      22.5520     0.347000      52225.3      20.8760    0.0310000      52225.3      19.8640    0.0190000      52225.3      19.8830    0.0260000      52225.3      20.1200     0.105000
       52288.121      23.0310     0.475000      52288.1      20.9080    0.0340000      52288.1      19.9210    0.0230000      52288.1      19.8490    0.0260000      52288.1      19.9480     0.100000
       52551.394      24.4430      1.07400      52551.4      21.2160    0.0440000      52551.4      20.1090    0.0240000      52551.4      19.9600    0.0300000      52551.4      20.1070     0.115000
       52558.427      23.5670     0.705000      52558.4      21.2930    0.0400000      52558.4      20.1120    0.0210000      52558.4      19.9910    0.0270000      52558.4      20.0050     0.100000
       52578.299      22.8270     0.385000      52578.3      21.2120    0.0380000      52578.3      20.0230    0.0240000      52578.3      19.9340    0.0280000      52578.3      19.9810    0.0960000
       52585.262      23.3640     0.497000      52585.3      21.2660    0.0380000      52585.3      20.1160    0.0230000      52585.3      20.0000    0.0310000      52585.3      20.2180     0.144000
       52909.428      23.2030     0.475000      52909.4      20.9680    0.0330000      52909.4      19.9030    0.0190000      52909.4      19.8030    0.0220000      52909.4      20.0430    0.0910000
       52910.399      25.1780      1.06900      52910.4      20.9220    0.0430000      52910.4      19.9310    0.0210000      52910.4      19.8150    0.0250000      52910.4      20.0380     0.120000
       52935.326      23.8010      1.01000      52935.3      20.9800    0.0390000      52935.3      19.8910    0.0250000      52935.3      19.8100    0.0320000      52935.3      19.9490     0.137000
       52963.249      23.1860     0.394000      52963.2      21.0010    0.0310000      52963.2      19.9130    0.0180000      52963.2      19.8140    0.0210000      52963.2      20.1390    0.0920000
       52971.240      23.4050     0.881000      52971.2      21.0230    0.0420000      52971.2      19.9100    0.0280000      52971.2      19.7780    0.0310000      52971.2      19.7340    0.0910000
       53351.171      22.2610     0.247000      53351.2      20.7800    0.0310000      53351.2      19.7370    0.0200000      53351.2      19.7070    0.0270000      53351.2      19.8330     0.100000
       53622.428      22.6510     0.317000      53622.4      20.6630    0.0260000      53622.4      19.6940    0.0170000      53622.4      19.6160    0.0210000      53622.4      19.6570    0.0740000
       53634.378      25.1480      3.28300      53634.4      20.6370    0.0810000      53634.4      19.6490    0.0320000      53634.4      19.6530    0.0370000      53634.4      19.9100     0.108000
       53638.419      23.3390     0.788000      53638.4      20.6110    0.0330000      53638.4      19.6270    0.0180000      53638.4      19.5530    0.0210000      53638.4      19.7530    0.0800000
       53640.383      24.0140      1.14600      53640.4      20.5910    0.0310000      53640.4      19.6150    0.0170000      53640.4      19.5880    0.0210000      53640.4      19.7480    0.0900000
       53646.444      22.5820     0.665000      53646.4      20.6540    0.0410000      53646.4      19.6690    0.0320000      53646.4      19.6010    0.0370000      53646.4      19.8570     0.161000
       53655.355      25.6580     0.771000      53655.4      20.6030    0.0250000      53655.4      19.6480    0.0180000      53655.4      19.5910    0.0220000      53655.4      19.8070    0.0920000
       53663.445      23.8920      3.73700      53663.4      20.7270     0.100000      53663.4      19.6090    0.0310000      53663.4      19.5400    0.0300000      53663.4      19.7000     0.106000
       53664.380      23.4320      1.73800      53664.4      20.6880    0.0670000      53664.4      19.6530    0.0340000      53664.4      19.6140    0.0370000      53664.4      19.7950     0.115000
       53665.445      25.0990      2.73300      53665.4      20.5840    0.0550000      53665.4      19.7030    0.0260000      53665.4      19.6480    0.0300000      53665.4      19.7610     0.124000
       53668.433      25.7960      2.04500      53668.4      20.7110    0.0620000      53668.4      19.6920    0.0270000      53668.4      19.5750    0.0330000      53668.4      19.8660     0.154000
       53669.339      23.4400      1.87400      53669.3      20.6520    0.0440000      53669.3     -99.9900    0.0320000      53669.3      19.5830    0.0490000      53669.3     -99.9900     0.116000
       53670.439      22.8320     0.911000      53670.4      20.6420    0.0430000      53670.4      19.6630    0.0240000      53670.4      19.5900    0.0270000      53670.4      19.6640     0.100000
       53671.424     -99.9900     0.418000      53671.4      20.6050    0.0330000      53671.4      19.6840    0.0260000      53671.4      19.5580    0.0270000      53671.4      19.9090     0.109000
       53674.324      23.6960      1.15500      53674.3      20.6410    0.0310000      53674.3      19.6480    0.0220000      53674.3      19.6400    0.0300000      53674.3      19.6060    0.0940000
       53676.413      24.0590      1.07300      53676.4      20.7060    0.0320000      53676.4      19.6860    0.0220000      53676.4      19.6540    0.0240000      53676.4      19.8700    0.0930000
       53679.385      23.3820     0.918000      53679.4      20.7220    0.0340000      53679.4      19.6980    0.0230000      53679.4      19.5830    0.0290000      53679.4      19.6350     0.117000
       53681.377      23.2530     0.847000      53681.4      20.7220    0.0290000      53681.4      19.6660    0.0230000      53681.4      19.5960    0.0260000      53681.4      19.8480    0.0890000
       53687.279      22.6460      1.64800      53687.3      20.6860     0.115000      53687.3      19.6290    0.0420000      53687.3      19.6280    0.0470000      53687.3      19.7460     0.136000
       53694.349      22.0490     0.641000      53694.4      20.7140    0.0720000      53694.3      19.6990    0.0340000      53694.3      19.6560    0.0320000      53694.4      19.7070    0.0990000
       53697.334      22.7700     0.615000      53697.3      20.7000    0.0400000      53697.3      19.6920    0.0200000      53697.3      19.6500    0.0230000      53697.3      19.8530    0.0950000
       53700.333      22.2360     0.381000      53700.3      20.7350    0.0320000      53700.3      19.6720    0.0210000      53700.3      19.6350    0.0270000      53700.3      19.6720     0.107000
       53705.319      22.5760     0.475000      53705.3      20.7560    0.0380000      53705.3      19.7330    0.0230000      53705.3      19.6720    0.0280000      53705.3      19.9720     0.142000
       53975.404      23.2670     0.666000      53975.4      20.8000    0.0330000      53975.4      19.8010    0.0270000      53975.4      19.7330    0.0260000      53975.4      20.0500     0.101000
       53993.417     -99.9900      99.9990      53993.4      20.8010    0.0680000      53993.4     -99.9900      99.9990      53993.4     -99.9900     0.200000      53993.4     -99.9900     0.416000
       53994.427      99.9890      99.9990      53994.4      20.8750    0.0350000      53994.4      19.8000    0.0180000      53994.4      19.7810    0.0220000      53994.4      19.9300    0.0860000
       53996.411      22.4960     0.338000      53996.4      20.8440    0.0280000      53996.4      19.8050    0.0240000      53996.4      19.7100    0.0330000      53996.4      19.9260    0.0900000
       54005.424      27.7300      99.9990      54005.4      20.9170    0.0280000      54005.4      19.8480    0.0200000      54005.4      19.7490    0.0230000      54005.4      19.9300    0.0780000
       54009.438      25.9920      7.21600      54009.4      20.8930    0.0320000      54009.4      19.7920    0.0210000      54009.4      19.7420    0.0240000      54009.4      19.9910    0.0820000
       54010.365      23.5110      1.00000      54010.4      20.9540    0.0280000      54010.4      19.8340    0.0210000      54010.4      19.7740    0.0250000      54010.4      20.0120    0.0640000
       54012.358      99.9810      99.9990      54012.4      20.8910    0.0610000      54012.4      19.8430    0.0280000      54012.4      19.7770    0.0280000      54012.4      19.9570    0.0990000
       54020.364      21.4870     0.380000      54020.4      20.6870    0.0760000      54020.4      19.8240    0.0330000      54020.4      19.6800    0.0510000      54020.4      19.8050     0.133000
       54024.445      22.9390     0.715000      54024.4      20.8510    0.0490000      54024.4      19.8130    0.0220000      54024.4      19.7050    0.0240000      54024.4      19.8360     0.113000
       54028.434      22.6060     0.545000      54028.4      20.8280    0.0530000      54028.4      19.7880    0.0250000      54028.4      19.7010    0.0340000      54028.4      19.7740     0.125000
       54030.389      23.5490     0.730000      54030.4      20.9010    0.0320000      54030.4      19.8250    0.0220000      54030.4      19.7550    0.0230000      54030.4      20.0910    0.0990000
       54035.433      24.7630      3.89300      54035.4      20.7710    0.0400000      54035.4      19.8120    0.0320000      54035.4      19.6910    0.0320000      54035.4      19.7540     0.121000
       54037.339      23.1920     0.496000      54037.3      20.9260    0.0260000      54037.3      19.8380    0.0190000      54037.3      19.7210    0.0190000      54037.3      19.8720    0.0620000
       54040.353      24.1370      1.70700      54040.4      20.7850    0.0410000      54040.4      19.8010    0.0230000      54040.4      19.7450    0.0260000      54040.4      19.8350    0.0900000
       54049.380      22.6230     0.905000      54049.4      20.9250    0.0680000      54049.4      19.8190    0.0300000      54049.4      19.7460    0.0310000      54049.4      19.6670    0.0910000
       54053.359      23.1900     0.954000      54053.4     -99.9900    0.0370000      54053.4      19.7850    0.0240000      54053.4     -99.9900    0.0310000      54053.4     -99.9900     0.132000
       54056.346      100.005      99.9990      54056.3      20.8970    0.0350000      54056.3      19.8560    0.0220000      54056.3      19.6890    0.0320000      54056.3      19.6020    0.0860000
       54059.340      22.4260     0.368000      54059.3      20.8910    0.0370000      54059.3      19.7750    0.0330000      54059.3      19.7310    0.0270000      54059.3      20.1290     0.139000
       54062.345      24.6880      2.74900      54062.3      20.9120    0.0300000      54062.3      19.7910    0.0220000      54062.3      19.7770    0.0270000      54062.3      20.0550     0.119000
       54064.341      23.0260      1.00100      54064.3      20.9520    0.0390000      54064.3      19.8180    0.0200000      54064.3      19.7670    0.0320000      54064.3      19.7580    0.0880000
       54068.325     -99.9900      99.9990      54068.3      20.7790     0.100000      54068.3      19.8140    0.0350000      54068.3      19.7640    0.0410000      54068.3      20.5390     0.424000
       54357.383      23.4730     0.550000      54357.4      20.7690    0.0220000      54357.4      19.7720    0.0200000      54357.4      19.5770    0.0240000      54357.4      19.8160    0.0570000
       54362.433      22.7740     0.315000      54362.4      20.8170    0.0270000      54362.4      19.7450    0.0230000      54362.4      19.6890    0.0250000      54362.4      19.8540    0.0710000
       54376.428      24.6450      2.90100      54376.4      20.7630    0.0350000      54376.4      19.7410    0.0210000      54376.4      19.6770    0.0210000      54376.4      19.6940    0.0680000
       54382.413      22.6920     0.492000      54382.4      20.7770    0.0340000      54382.4      19.7490    0.0250000      54382.4      19.6350    0.0360000      54382.4      19.6520     0.104000
       54385.431      22.6010     0.325000      54385.4      20.7790    0.0310000      54385.4      19.7610    0.0170000      54385.4      19.7080    0.0220000      54385.4      19.7700    0.0660000
       54387.431      99.9890      99.9990      54387.4      20.8070    0.0440000      54387.4      19.7690    0.0410000      54387.4      19.6640    0.0350000      54387.4      19.6330     0.102000
       54390.424     -99.9900     0.511000      54390.4      20.9110    0.0540000      54390.4     -99.9900     0.128000      54390.4     -99.9900      4.34200      54390.4     -99.9900     0.161000
       54402.425      99.9940      99.9990      54402.4      20.6450    0.0830000      54402.4      19.7390    0.0340000      54402.4      19.7160    0.0360000      54402.4      19.9630     0.115000
       52522.000       23.980000      0.84600000       52522.000       21.227000     0.039000000       52522.000       20.164000     0.025000000       52522.000       19.956000     0.027000000       52522.000       20.158000     0.099000000
       51078       24.532000      0.60300000       51078       21.531000     0.044000000       51078       20.305000     0.026000000       51078       20.122000     0.027000000       51078       20.299000     0.095000000
       51081       24.737000       1.0020000       51081       21.496000     0.060000000       51081       20.277000     0.029000000       51081       20.128000     0.034000000       51081       20.399000      0.15400000
       51136       22.731000       1.0230000       51136       21.409000     0.049000000       51136       20.246000     0.028000000       51136       20.141000     0.035000000       51136       20.535000      0.19600000
       51138       23.581000      0.66300000       51138       21.463000     0.059000000       51138       20.225000     0.029000000       51138       20.102000     0.042000000       51138       20.089000      0.16000000
       51819       22.793000      0.51100000       51819       20.818000     0.044000000       51819       19.920000     0.036000000       51819       19.803000     0.039000000       51819       20.018000      0.14500000
       51875       22.449000      0.24100000       51875       20.855000     0.033000000       51875       19.821000     0.022000000       51875       19.770000     0.026000000       51875       19.923000      0.11800000
       52225       22.490000      0.27900000       52225       20.876000     0.036000000       52225       19.879000     0.026000000       52225       19.895000     0.038000000       52225       20.117000     0.098000000
       52288       22.772000      0.31000000       52288       20.913000     0.036000000       52288       19.950000     0.024000000       52288       19.883000     0.027000000       52288       19.947000     0.095000000
       52522       23.910000      0.68100000       52522       21.233000     0.039000000       52522       20.162000     0.026000000       52522       19.962000     0.026000000       52522       20.161000     0.099000000
       52551       23.936000      0.73300000       52551       21.248000     0.045000000       52551       20.167000     0.028000000       52551       20.000000     0.034000000       52551       20.154000      0.10900000
       52558       23.300000      0.47700000       52558       21.287000     0.041000000       52558       20.144000     0.023000000       52558       19.990000     0.032000000       52558       19.979000     0.091000000
       52578       22.917000      0.33800000       52578       21.242000     0.037000000       52578       20.058000     0.028000000       52578       19.995000     0.035000000       52578       20.098000     0.093000000
       52585       23.231000      0.36800000       52585       21.289000     0.038000000       52585       20.139000     0.022000000       52585       20.000000     0.033000000       52585       20.216000      0.13300000
       52640       23.758000      0.76900000       52640       21.177000     0.047000000       52640       20.096000     0.030000000       52640       19.908000     0.035000000       52640       20.418000      0.18400000
       52909       22.740000      0.26400000       52909       20.990000     0.033000000       52909       19.919000     0.018000000       52909       19.805000     0.029000000       52909       20.043000     0.086000000
       52910       25.139000      0.90900000       52910       20.927000     0.047000000       52910       19.961000     0.021000000       52910       19.839000     0.026000000       52910       20.016000      0.11400000
       52935       23.627000      0.75700000       52935       21.022000     0.044000000       52935       19.938000     0.031000000       52935       19.838000     0.035000000       52935       19.975000      0.13200000
       52971       23.447000      0.77200000       52971       20.989000     0.042000000       52971       19.878000     0.040000000       52971       19.769000     0.049000000       52971       19.661000     0.086000000
       53351       22.242000      0.20100000       53351       20.779000     0.038000000       53351       19.730000     0.022000000       53351       19.693000     0.030000000       53351       19.815000     0.097000000
       54424       26.292000      0.88600000       54424       20.785000     0.061000000       54424       19.718000     0.031000000       54424       19.617000     0.036000000       54424       19.893000     0.083000000
