       51081.383      21.9140     0.225000      51081.4      21.5930    0.0660000      51081.4      21.3420    0.0750000      51081.4      21.6320     0.135000      51081.4      21.1000     0.299000
       51819.454      21.7560     0.310000      51819.5      21.5020    0.0920000      51819.5      21.3080     0.104000      51819.5     -99.9900     0.143000      51819.5      20.7410     0.362000
       51875.198      22.1880     0.226000      51875.2      21.7240    0.0640000      51875.2      21.4490    0.0750000      51875.2      21.7690     0.152000      51875.2      21.3010     0.377000
       52225.279      22.2270     0.230000      52225.3      21.6100    0.0510000      52225.3      21.3690    0.0590000      52225.3      21.5240    0.0900000      52225.3      21.1330     0.237000
       52288.113      22.3330     0.277000      52288.1      21.5380    0.0580000      52288.1      21.4620    0.0780000      52288.1      21.5320     0.120000      52288.1      21.4200     0.404000
       52551.386      22.5430     0.315000      52551.4      21.6830    0.0570000      52551.4      21.4310    0.0670000      52551.4      21.7460     0.121000      52551.4      22.3300     0.577000
       52558.419      22.2370     0.225000      52558.4      21.6130    0.0510000      52558.4      21.5300    0.0630000      52558.4      21.7760     0.103000      52558.4      21.3030     0.288000
       52576.252      23.8730     0.937000      52576.3      21.7860    0.0690000      52576.2      21.4190    0.0840000      52576.2      21.4680     0.122000      52576.3      21.8930     0.536000
       52578.291      23.6370     0.919000      52578.3      21.7020    0.0710000      52578.3      21.2660    0.0740000      52578.3      21.7420     0.162000      52578.3      21.2470     0.349000
       52585.254      22.4510     0.284000      52585.3      21.7310    0.0550000      52585.3      21.6400    0.0960000      52585.3      21.6230     0.147000      52585.3      21.5820     0.537000
       52909.420      22.5970     0.298000      52909.4      22.0210    0.0690000      52909.4      21.8750    0.0810000      52909.4      21.8620     0.111000      52909.4      21.4760     0.291000
       52910.391      23.2730     0.766000      52910.4      21.9890    0.0910000      52910.4      21.9030     0.105000      52910.4      21.7460     0.148000      52910.4      21.0780     0.301000
       52935.318      22.9670     0.525000      52935.3      21.9480    0.0820000      52935.3      21.8410     0.122000      52935.3      21.9080     0.180000      52935.3      22.0240     0.672000
       52963.241      23.0020     0.370000      52963.2      21.9460    0.0630000      52963.2      21.8700    0.0770000      52963.2      21.6250    0.0880000      52963.2      21.6850     0.340000
       52971.232      22.8080     0.560000      52971.2     -99.9900     0.126000      52971.2      21.8630     0.125000      52971.2      21.6040     0.141000      52971.2      21.6470     0.538000
       53351.163      23.0770     0.596000      53351.2     -99.9900    0.0650000      53351.2      21.6200    0.0960000      53351.2      21.5450     0.137000      53351.2      21.8090     0.648000
       53622.420      23.2180     0.503000      53622.4      22.1230    0.0760000      53622.4      21.8060    0.0840000      53622.4      22.0430     0.150000      53622.4      21.3840     0.304000
       53638.411      24.3270      1.28400      53638.4      22.0960     0.109000      53638.4      21.8390    0.0920000      53638.4      21.8710     0.123000      53638.4      21.2360     0.257000
       53646.437      23.2040     0.779000      53646.4      21.9530     0.105000      53646.4      21.6460    0.0960000      53646.4      21.7260     0.147000      53646.4      21.3170     0.400000
       53663.437      27.2720     0.831000      53663.4      21.4520     0.202000      53663.4      21.4600     0.158000      53663.4      21.7180     0.202000      53663.4      22.4770     0.850000
       53670.431      21.6760     0.436000      53670.4      21.8380     0.150000      53670.4      21.5160     0.156000      53670.4      21.7350     0.259000      53670.4      21.7620     0.814000
       53671.416      22.4710     0.488000      53671.4      21.9240     0.106000      53671.4      21.8510     0.121000      53671.4      21.8010     0.150000      53671.4      21.6860     0.491000
       53674.316      22.8680     0.754000      53674.3      21.7550    0.0960000      53674.3      21.5370     0.121000      53674.3      21.4720     0.164000      53674.3      21.6820     0.712000
       53676.405      22.6600      1.04000      53676.4      22.0820     0.165000      53676.4      21.8160     0.157000      53676.4     -99.9900     0.274000      53676.4      20.8010     0.386000
       53679.377      22.9800     0.748000      53679.4      21.9340    0.0930000      53679.4      21.7670     0.138000      53679.4      21.6320     0.167000      53679.4      21.0570     0.377000
       53681.369      22.3510     0.354000      53681.4      21.9800    0.0950000      53681.4      21.6920    0.0860000      53681.4      21.7800     0.129000      53681.4      21.0930     0.319000
       53697.326      22.6810     0.717000      53697.3      21.6190     0.104000      53697.3      21.3190    0.0970000      53697.3      21.4690     0.144000      53697.3      21.4150     0.437000
       53700.325      23.1480     0.959000      53700.3      21.8360    0.0830000      53700.3      21.7020     0.123000      53700.3      21.4840     0.167000      53700.3      23.7270     0.722000
       53705.311      23.3150     0.969000      53705.3      21.7750    0.0800000      53705.3      21.8880     0.140000      53705.3     -99.9900     0.155000      53705.3      21.8360     0.662000
       53975.396      21.9240     0.196000      53975.4      21.7280    0.0680000      53975.4      21.6010    0.0870000      53975.4      21.9390     0.167000      53975.4      20.9410     0.224000
       53993.408      22.3430     0.308000      53993.4     -99.9900    0.0730000      53993.4      21.7310    0.0880000      53993.4      21.6590    0.0930000      53993.4      21.4360     0.282000
       53994.419      22.8030     0.438000      53994.4      21.7370    0.0640000      53994.4      21.5280    0.0680000      53994.4      21.6040    0.0980000      53994.4      21.5490     0.357000
       53996.403      21.7630     0.151000      53996.4      21.7030    0.0510000      53996.4      21.6470    0.0670000      53996.4      21.5000    0.0890000      53996.4      21.5090     0.359000
       54005.416      22.1930     0.218000      54005.4      21.6110    0.0440000      54005.4      21.5230    0.0470000      54005.4      21.6560    0.0820000      54005.4      22.5870     0.794000
       54010.357     -99.9900     0.202000      54010.4      21.7200    0.0440000      54010.4      21.4320    0.0420000      54010.4      21.5110    0.0620000      54010.4      21.8990     0.315000
       54012.350      21.9960     0.349000      54012.4      21.4840     0.100000      54012.3      21.4680     0.103000      54012.3      21.6130     0.137000      54012.4      22.1720     0.756000
       54020.356      22.8090     0.881000      54020.4      21.6980     0.111000      54020.4      21.6140     0.107000      54020.4      21.8100     0.170000      54020.4      22.7770      1.48100
       54024.437      23.2190     0.914000      54024.4      21.7650    0.0820000      54024.4      21.6740    0.0990000      54024.4      21.6880     0.129000      54024.4      21.1800     0.345000
       54028.426      22.2490     0.365000      54028.4      21.7710     0.109000      54028.4      21.3770    0.0770000      54028.4      21.6700     0.159000      54028.4     -99.9900      3.93000
       54030.381      22.3590     0.238000      54030.4      21.6850    0.0470000      54030.4      21.6450    0.0690000      54030.4      21.5540    0.0880000      54030.4      22.1480     0.586000
       54035.425      22.8520     0.706000      54035.4      21.7170    0.0850000      54035.4      21.6120     0.133000      54035.4      21.3620     0.130000      54035.4      21.7120     0.702000
       54037.331      22.6030     0.274000      54037.3      21.7110    0.0490000      54037.3      21.5730    0.0540000      54037.3      21.7320    0.0870000      54037.3      21.5200     0.244000
       54040.345      22.4290     0.412000      54040.3      21.7120     0.103000      54040.3      21.6130     0.116000      54040.3      21.6240     0.146000      54040.3      21.3460     0.390000
       54056.338      22.5090     0.390000      54056.3     -99.9900    0.0740000      54056.3      21.6510    0.0920000      54056.3      21.4880     0.114000      54056.3      21.7340     0.602000
       54059.332     -99.9900     0.247000      54059.3      21.7210    0.0710000      54059.3      21.5900    0.0850000      54059.3      21.7490     0.146000      54059.3      20.7670     0.264000
       54062.337      22.6980     0.418000      54062.3      21.7140    0.0550000      54062.3      21.7340    0.0890000      54062.3      21.5840     0.109000      54062.3      20.9330     0.274000
       54064.333      21.7790     0.213000      54064.3      21.6720    0.0600000      54064.3      21.5370    0.0790000      54064.3      21.6360     0.120000      54064.3      21.8030     0.543000
       54357.375      22.3650     0.259000      54357.4      21.6640    0.0570000      54357.4      21.5420    0.0490000      54357.4      21.5840    0.0800000      54357.4      21.6640     0.361000
       54362.425      22.1020     0.195000      54362.4      21.6120    0.0480000      54362.4      21.4290    0.0530000      54362.4      21.5750    0.0840000      54362.4      21.5050     0.321000
       54376.420      22.1010     0.296000      54376.4      21.6580    0.0710000      54376.4      21.5520    0.0720000      54376.4      21.6390     0.103000      54376.4      21.6740     0.418000
       54382.405      22.7790     0.525000      54382.4      21.5550    0.0590000      54382.4      21.7100     0.100000      54382.4      21.6170     0.142000      54382.4      21.8630     0.752000
       54385.423      22.3570     0.293000      54385.4      21.7280    0.0570000      54385.4      21.5630    0.0680000      54385.4      21.6860     0.106000      54385.4      21.4100     0.316000
       54387.423      21.9180     0.336000      54387.4      21.6460    0.0970000      54387.4      21.4470     0.106000      54387.4      21.4620     0.145000      54387.4      21.4090     0.533000
       54390.416      22.3700     0.516000      54390.4     -99.9900     0.135000      54390.4      21.8000     0.154000      54390.4      21.4880     0.172000      54390.4      100.003      99.9990
       54391.424      21.9910     0.546000      54391.4      21.9690     0.161000      54391.4      21.6220     0.229000      54391.4      21.6200     0.276000      54391.4      25.3630      99.9990
       52522.000       22.390000      0.25100000       52522.000       21.685000     0.052000000       52522.000       21.504000     0.058000000       52522.000       21.580000     0.091000000       52522.000       20.930000      0.19400000
       51081       21.855000      0.18000000       51081       21.643000     0.064000000       51081       21.420000     0.075000000       51081       21.667000      0.12500000       51081       21.085000      0.27300000
       51132       22.030000      0.18200000       51132       21.551000     0.069000000       51132       21.452000     0.093000000       51132       21.487000      0.16100000       51132       21.467000      0.56400000
       51136       22.682000      0.23900000       51136       21.622000     0.058000000       51136       21.411000     0.066000000       51136       21.494000      0.11000000       51136       21.286000      0.39000000
       51819       21.895000      0.24600000       51819       21.592000     0.084000000       51819       21.571000      0.10800000       51819       21.441000      0.12400000       51819       20.911000      0.34800000
       51875       22.091000      0.17900000       51875       21.715000     0.063000000       51875       21.435000     0.073000000       51875       21.736000      0.19800000       51875       21.164000      0.33700000
       52225       22.280000      0.19500000       52225       21.630000     0.051000000       52225       21.425000     0.056000000       52225       21.552000     0.082000000       52225       21.010000      0.19900000
       52288       22.302000      0.22300000       52288       21.537000     0.056000000       52288       21.465000     0.075000000       52288       21.529000      0.11400000       52288       21.335000      0.37700000
       52522       22.419000      0.22300000       52522       21.676000     0.050000000       52522       21.513000     0.057000000       52522       21.581000     0.089000000       52522       20.905000      0.19400000
       52551       22.568000      0.27200000       52551       21.675000     0.056000000       52551       21.422000     0.065000000       52551       21.712000      0.11000000       52551       22.221000      0.53200000
       52558       22.240000      0.18200000       52558       21.632000     0.053000000       52558       21.610000     0.061000000       52558       21.793000     0.091000000       52558       21.542000      0.30800000
       52576       23.409000      0.54900000       52576       21.891000     0.068000000       52576       21.532000     0.083000000       52576       21.541000      0.11400000       52576       21.890000      0.45700000
       52578       23.755000      0.72700000       52578       21.816000     0.067000000       52578       21.432000     0.073000000       52578       21.816000      0.13800000       52578       21.421000      0.31200000
       52585       22.487000      0.23500000       52585       21.787000     0.054000000       52585       21.660000     0.093000000       52585       21.594000      0.13000000       52585       21.552000      0.48000000
       52640       22.264000      0.25500000       52640       21.911000     0.085000000       52640       21.642000      0.10000000       52640       21.645000      0.16000000       52640       21.266000      0.38700000
       52909       22.598000      0.24000000       52909       22.045000     0.067000000       52909       21.874000     0.076000000       52909       21.898000      0.10200000       52909       21.471000      0.27500000
       52910       23.296000      0.61600000       52910       22.038000     0.091000000       52910       22.027000      0.10500000       52910       21.802000      0.13500000       52910       21.088000      0.27300000
       52935       23.043000      0.47500000       52935       21.962000     0.079000000       52935       21.823000      0.11700000       52935       21.927000      0.17500000       52935       22.071000      0.67800000
       52971       22.895000      0.45700000       52971       22.039000      0.11800000       52971       22.011000      0.12200000       52971       21.727000      0.12900000       52971       21.634000      0.46800000
       53351       23.141000      0.46600000       53351       21.854000     0.066000000       53351       21.762000     0.095000000       53351       21.645000      0.12700000       53351       21.972000      0.62300000
       54424       22.704000      0.83400000       54424       21.610000      0.12000000       54424       21.475000      0.10400000       54424       21.629000      0.12800000       54424       21.390000      0.31300000
