       51081.393      20.0960    0.0550000      51081.4      19.8680    0.0200000      51081.4      19.8870    0.0230000      51081.4      19.5110    0.0250000      51081.4      19.3430    0.0710000
       53668.435      19.9900     0.111000      53668.4      19.8520    0.0320000      53668.4      19.8670    0.0350000      53668.4      19.4620    0.0300000      53668.4      19.4990     0.108000
       53684.340     -99.9900     0.200000      53684.3      19.8450    0.0280000      53684.3      19.9650     0.116000      53684.3      19.5300    0.0680000      53684.3      19.3630     0.155000
       54391.434      20.6110     0.149000      54391.4      20.2420    0.0350000      54391.4      20.1210    0.0520000      54391.4      19.6760    0.0430000      54391.4      19.3480     0.118000
       52522.000       21.123000      0.11200000       52522.000       20.714000     0.035000000       52522.000       20.561000     0.032000000       52522.000       20.117000     0.028000000       52522.000       19.948000     0.083000000
       51078       20.194000     0.040000000       51078       20.041000     0.025000000       51078       20.052000     0.021000000       51078       19.802000     0.022000000       51078       19.577000     0.053000000
       51081       20.139000     0.047000000       51081       19.978000     0.032000000       51081       20.026000     0.028000000       51081       19.663000     0.028000000       51081       19.472000     0.073000000
       51136       20.388000     0.052000000       51136       20.094000     0.021000000       51136       20.107000     0.027000000       51136       19.749000     0.030000000       51136       19.587000     0.085000000
       51138       20.383000     0.061000000       51138       20.031000     0.024000000       51138       20.136000     0.032000000       51138       19.700000     0.032000000       51138       19.443000     0.094000000
       51819       20.299000     0.072000000       51819       20.053000     0.026000000       51819       20.068000     0.033000000       51819       19.770000     0.037000000       51819       19.424000     0.089000000
       51875       20.949000     0.079000000       51875       20.435000     0.033000000       51875       20.401000     0.033000000       51875       19.966000     0.034000000       51875       19.768000     0.098000000
       52225       20.718000     0.068000000       52225       20.433000     0.027000000       52225       20.491000     0.036000000       52225       20.048000     0.029000000       52225       19.748000     0.084000000
       52288       20.707000     0.062000000       52288       20.406000     0.039000000       52288       20.339000     0.031000000       52288       20.005000     0.029000000       52288       19.612000     0.076000000
       52522       21.095000     0.087000000       52522       20.712000     0.033000000       52522       20.565000     0.033000000       52522       20.135000     0.030000000       52522       19.980000     0.084000000
       52551       21.023000     0.090000000       52551       20.611000     0.036000000       52551       20.499000     0.034000000       52551       20.056000     0.031000000       52551       19.792000     0.085000000
       52558       21.190000      0.10000000       52558       20.664000     0.033000000       52558       20.622000     0.032000000       52558       20.252000     0.033000000       52558       20.033000     0.090000000
       52578       21.099000     0.080000000       52578       20.662000     0.048000000       52578       20.541000     0.035000000       52578       20.186000     0.036000000       52578       19.786000     0.074000000
       52585       21.032000     0.070000000       52585       20.658000     0.028000000       52585       20.610000     0.034000000       52585       20.178000     0.037000000       52585       19.654000     0.084000000
       52640       21.019000     0.094000000       52640       20.547000     0.035000000       52640       20.420000     0.039000000       52640       19.895000     0.036000000       52640       19.520000     0.091000000
       52909       21.037000     0.079000000       52909       20.677000     0.036000000       52909       20.542000     0.040000000       52909       20.182000     0.030000000       52909       19.931000     0.078000000
       52910       20.968000      0.11700000       52910       20.594000     0.038000000       52910       20.456000     0.039000000       52910       19.967000     0.035000000       52910       19.643000     0.084000000
       52935       20.840000     0.082000000       52935       20.489000     0.031000000       52935       20.374000     0.037000000       52935       19.939000     0.037000000       52935       19.778000      0.10600000
       52971       20.703000     0.086000000       52971       20.532000     0.032000000       52971       20.411000     0.042000000       52971       19.905000     0.034000000       52971       19.457000     0.066000000
       53351       21.003000     0.090000000       53351       20.453000     0.041000000       53351       20.313000     0.032000000       53351       19.871000     0.035000000       53351       19.694000     0.086000000
       54424       20.617000      0.11600000       54424       20.278000     0.043000000       54424       20.364000     0.041000000       54424       19.945000     0.038000000       54424       19.743000     0.074000000
