       51081.384      21.3460     0.133000      51081.4     -99.9900    0.0450000      51081.4      21.0050    0.0570000      51081.4      21.0790    0.0800000      51081.4      20.9350     0.286000
       51819.455      21.7200     0.264000      51819.5     -99.9900    0.0520000      51819.5      21.3100    0.0810000      51819.5      21.0020    0.0930000      51819.5      21.0080     0.384000
       51875.199      21.6330     0.143000      51875.2      21.3080    0.0490000      51875.2      21.2280    0.0630000      51875.2      21.0450    0.0760000      51875.2      21.2560     0.360000
       52225.280      21.3800     0.109000      52225.3      20.9240    0.0320000      52225.3      20.9750    0.0420000      52225.3      20.8980    0.0510000      52225.3      20.6130     0.151000
       52288.114      21.2870     0.129000      52288.1      21.0430    0.0420000      52288.1      20.9870    0.0620000      52288.1      20.9020    0.0720000      52288.1      20.4130     0.166000
       52551.388      21.3120     0.114000      52551.4      21.1690    0.0390000      52551.4      20.9870    0.0460000      52551.4      20.9910    0.0620000      52551.4      21.1120     0.274000
       52558.420      21.3500     0.110000      52558.4      21.1370    0.0350000      52558.4      21.0460    0.0410000      52558.4      20.9930    0.0530000      52558.4      20.4420     0.146000
       52576.253      21.2720     0.113000      52576.3      21.0780    0.0370000      52576.2      21.0400    0.0530000      52576.3      20.9020    0.0610000      52576.3      20.1970     0.134000
       52578.292      21.4920     0.149000      52578.3      21.0840    0.0390000      52578.3      20.8430    0.0470000      52578.3      20.8850    0.0640000      52578.3      20.9800     0.286000
       52585.255      21.3940     0.112000      52585.3      21.0880    0.0340000      52585.3      21.0050    0.0500000      52585.3      20.8090    0.0690000      52585.3      20.6730     0.247000
       52909.422      21.4440     0.115000      52909.4      21.0160    0.0320000      52909.4      20.8880    0.0370000      52909.4      20.8300    0.0470000      52909.4      20.6160     0.146000
       52910.392      21.4030     0.148000      52910.4      21.0260    0.0400000      52910.4      20.9970    0.0520000      52910.4      20.8020    0.0610000      52910.4      20.8030     0.221000
       52935.319      21.1640     0.121000      52935.3      20.9220    0.0350000      52935.3      20.9330    0.0530000      52935.3      20.9570    0.0760000      52935.3      20.6590     0.229000
       52963.242      21.1980    0.0840000      52963.2      20.9670    0.0300000      52963.2      20.8850    0.0340000      52963.2      20.8980    0.0480000      52963.2      20.5470     0.127000
       52971.233      21.3450     0.166000      52971.2     -99.9900    0.0510000      52971.2      20.8320    0.0480000      52971.2      20.8610    0.0700000      52971.2      19.9440     0.148000
       53351.164      21.2640     0.127000      53351.2      20.9140    0.0320000      53351.2      20.8460    0.0450000      53351.2      20.7080    0.0610000      53351.2      20.6060     0.208000
       53622.421      21.0510    0.0880000      53622.4      20.7430    0.0280000      53622.4      20.7620    0.0340000      53622.4      20.7360    0.0470000      53622.4      20.3340     0.124000
       53634.371      20.8480     0.258000      53634.4      20.6190    0.0970000      53634.4      20.7420    0.0950000      53634.4      20.6240     0.120000      53634.4      20.5640     0.241000
       53638.412      21.0910     0.123000      53638.4      20.7680    0.0370000      53638.4      20.7990    0.0400000      53638.4      20.8060    0.0530000      53638.4      20.3870     0.143000
       53640.376      21.3760     0.148000      53640.4      20.8530    0.0380000      53640.4      20.8170    0.0440000      53640.4      20.8460    0.0580000      53640.4      21.0420     0.258000
       53646.438      21.2700     0.163000      53646.4      20.8250    0.0510000      53646.4      20.8100    0.0430000      53646.4      20.7500    0.0590000      53646.4      20.1250     0.172000
       53655.349      21.3120     0.138000      53655.4      20.8850    0.0310000      53655.3      20.7790    0.0400000      53655.3      20.6950    0.0520000      53655.3      20.3230     0.140000
       53663.438      21.8260     0.677000      53663.4      21.1020     0.144000      53663.4      20.7820    0.0790000      53663.4      20.8960    0.0930000      53663.4      20.3770     0.186000
       53664.373      21.4330     0.415000      53664.4      20.8700     0.123000      53664.4      20.8670     0.131000      53664.4      20.7910     0.147000      53664.4      20.5300     0.333000
       53665.438      21.1170     0.244000      53665.4      20.8440    0.0660000      53665.4      20.7230    0.0610000      53665.4      20.6680    0.0680000      53665.4      20.1700     0.162000
       53669.333     -99.9900     0.321000      53669.3      20.9130    0.0950000      53669.3     -99.9900     0.123000      53669.3      20.7370     0.105000      53669.3     -99.9900     0.699000
       53670.433      21.0020     0.190000      53670.4      20.8640    0.0520000      53670.4      20.9070    0.0740000      53670.4      20.6680    0.0720000      53670.4      20.5110     0.214000
       53671.417      21.0000     0.137000      53671.4      20.7650    0.0410000      53671.4      20.7870    0.0470000      53671.4      20.7630    0.0640000      53671.4      20.5020     0.192000
       53674.317      20.9820     0.142000      53674.3      20.6550    0.0380000      53674.3      20.6140    0.0510000      53674.3      20.6670    0.0820000      53674.3      20.3460     0.237000
       53679.378      20.9190     0.129000      53679.4      20.7430    0.0380000      53679.4      20.8170    0.0610000      53679.4      20.6530    0.0760000      53679.4      20.4580     0.249000
       53681.370      21.3010     0.172000      53681.4      20.8450    0.0350000      53681.4      20.7020    0.0380000      53681.4      20.8200    0.0570000      53681.4      20.5230     0.176000
       53687.273      21.1020     0.409000      53687.3      20.7740     0.137000      53687.3      20.7530     0.134000      53687.3      19.9530     0.118000      53687.3      20.6370     0.298000
       53697.327      21.2510     0.172000      53697.3      20.7290    0.0420000      53697.3      20.6810    0.0460000      53697.3      20.6790    0.0530000      53697.3      20.3000     0.140000
       53700.326      21.0750     0.141000      53700.3      20.7820    0.0340000      53700.3      20.7770    0.0540000      53700.3      20.6580    0.0760000      53700.3      19.9110     0.133000
       53705.312      21.0380     0.126000      53705.3      20.7950    0.0340000      53705.3      20.8110    0.0480000      53705.3      20.8260    0.0670000      53705.3      20.5540     0.193000
       53975.398      21.4090     0.132000      53975.4      21.1060    0.0460000      53975.4      21.0690    0.0510000      53975.4      20.9550    0.0660000      53975.4      20.7250     0.230000
       53993.410      21.2540     0.119000      53993.4     -99.9900    0.0780000      53993.4      21.0420    0.0410000      53993.4      20.9830    0.0510000      53993.4      20.9720     0.288000
       53994.421      21.4550     0.135000      53994.4      21.0530    0.0470000      53994.4      21.0290    0.0430000      53994.4      20.9470    0.0570000      53994.4      20.9470     0.212000
       53996.404      21.2600    0.0960000      53996.4      21.0520    0.0430000      53996.4      21.0810    0.0420000      53996.4      20.8730    0.0530000      53996.4      20.5170     0.162000
       54005.417      21.3930     0.109000      54005.4      21.0290    0.0330000      54005.4      20.9890    0.0360000      54005.4      20.8890    0.0470000      54005.4      20.8520     0.161000
       54010.358      21.3860    0.0920000      54010.4      21.0870    0.0320000      54010.4      21.0400    0.0320000      54010.4      20.9760    0.0480000      54010.4      20.8310     0.129000
       54012.351      21.7050     0.289000      54012.4      21.2210    0.0820000      54012.3      21.0220    0.0660000      54012.4      20.8450    0.0680000      54012.4      20.3950     0.149000
       54024.439      20.9210     0.128000      54024.4      21.1170    0.0480000      54024.4      21.0270    0.0620000      54024.4      21.0840    0.0800000      54024.4      21.0660     0.287000
       54030.382      21.4400     0.112000      54030.4      21.1290    0.0380000      54030.4      21.0590    0.0410000      54030.4      20.9050    0.0510000      54030.4      20.5440     0.156000
       54035.426      21.2170     0.187000      54035.4      21.1060    0.0510000      54035.4      21.2180    0.0840000      54035.4      20.9230    0.0860000      54035.4      20.9400     0.345000
       54037.332      21.4720     0.112000      54037.3      21.1390    0.0340000      54037.3      21.1310    0.0400000      54037.3      20.9060    0.0410000      54037.3      20.5550     0.114000
       54040.346      21.1940     0.134000      54040.3      21.1210    0.0650000      54040.3      21.2690    0.0830000      54040.3      20.9100    0.0780000      54040.3      20.4720     0.175000
       54047.377      20.9140     0.566000      54047.4      20.7310     0.180000      54047.4      21.4820     0.290000      54047.4      20.8010     0.157000      54047.4      20.4030     0.341000
       54049.373      21.3690     0.354000      54049.4      21.2600    0.0920000      54049.4      21.0020    0.0700000      54049.4      21.0440    0.0870000      54049.4      20.5620     0.208000
       54056.339      21.3430     0.147000      54056.3      21.1280    0.0460000      54056.3      21.0720    0.0570000      54056.3      21.0160    0.0710000      54056.3      21.1210     0.372000
       54059.333      21.2920     0.156000      54059.3      21.1340    0.0450000      54059.3      21.0540    0.0570000      54059.3      20.8790    0.0750000      54059.3      21.3920     0.535000
       54061.344      21.7510     0.391000      54061.3      21.2120    0.0650000      54061.3      21.2660    0.0890000      54061.3      21.1420     0.148000      54061.3      19.9080     0.185000
       54062.338      21.5230     0.149000      54062.3      21.2230    0.0390000      54062.3      21.1040    0.0490000      54062.3      21.0200    0.0840000      54062.3      20.5400     0.185000
       54064.335      21.6310     0.191000      54064.3      21.1420    0.0400000      54064.3      21.0900    0.0610000      54064.3      21.0020    0.0670000      54064.3      20.7210     0.213000
       54357.376      21.1710     0.103000      54357.4      20.7620    0.0260000      54357.4      20.8110    0.0440000      54357.4      20.7910    0.0510000      54357.4      20.2830     0.102000
       54362.426      21.0310    0.0830000      54362.4      20.8440    0.0290000      54362.4      20.8560    0.0400000      54362.4      20.7980    0.0490000      54362.4      20.6100     0.152000
       54376.421      21.2000     0.131000      54376.4      20.8210    0.0400000      54376.4      20.8120    0.0400000      54376.4      20.7420    0.0530000      54376.4      20.5300     0.144000
       54382.406      21.1090     0.125000      54382.4      20.7490    0.0340000      54382.4      20.8270    0.0530000      54382.4      20.7940    0.0750000      54382.4      21.0340     0.340000
       54385.424     -99.9900     0.100000      54385.4      20.7960    0.0310000      54385.4      20.7490    0.0390000      54385.4      20.7560    0.0440000      54385.4      20.3250     0.118000
       54390.417      21.0240     0.259000      54390.4      20.7330    0.0400000      54390.4      20.7020    0.0660000      54390.4      20.7860     0.100000      54390.4     -99.9900      2.42800
       54391.426      21.2210     0.314000      54391.4      20.6290    0.0570000      54391.4      20.8650    0.0820000      54391.4      20.5820     0.110000      54391.4      20.3000     0.361000
       52522.000       21.735000      0.14800000       52522.000       21.115000     0.039000000       52522.000       21.022000     0.041000000       52522.000       20.978000     0.054000000       52522.000       20.559000      0.14400000
       51078       21.458000     0.084000000       51078       21.159000     0.037000000       51078       21.121000     0.059000000       51078       21.149000     0.058000000       51078       20.736000      0.14300000
       51081       21.454000      0.12300000       51081       21.192000     0.049000000       51081       21.072000     0.058000000       51081       21.117000     0.073000000       51081       21.124000      0.29900000
       51132       21.691000      0.14500000       51132       21.300000     0.052000000       51132       21.219000     0.080000000       51132       21.034000     0.097000000       51132       20.774000      0.32300000
       51136       21.585000      0.11000000       51136       21.346000     0.047000000       51136       21.200000     0.056000000       51136       21.145000     0.083000000       51136       20.496000      0.19600000
       51819       21.716000      0.21600000       51819       21.116000     0.056000000       51819       21.268000     0.078000000       51819       20.970000     0.089000000       51819       20.917000      0.35900000
       51875       21.633000      0.12700000       51875       21.337000     0.051000000       51875       21.213000     0.062000000       51875       21.024000     0.071000000       51875       21.208000      0.34400000
       52225       21.439000     0.097000000       52225       20.970000     0.032000000       52225       20.989000     0.040000000       52225       20.891000     0.047000000       52225       20.549000      0.13600000
       52288       21.399000      0.11200000       52288       21.137000     0.059000000       52288       21.099000     0.062000000       52288       20.965000     0.069000000       52288       20.476000      0.15600000
       52522       21.747000      0.13200000       52522       21.121000     0.039000000       52522       21.040000     0.042000000       52522       20.978000     0.054000000       52522       20.545000      0.14400000
       52551       21.380000      0.10100000       52551       21.143000     0.039000000       52551       20.981000     0.046000000       52551       20.967000     0.086000000       52551       21.114000      0.26300000
       52558       21.368000     0.094000000       52558       21.167000     0.040000000       52558       21.046000     0.042000000       52558       20.982000     0.051000000       52558       20.460000      0.13900000
       52576       21.254000     0.095000000       52576       21.095000     0.044000000       52576       21.066000     0.052000000       52576       20.919000     0.059000000       52576       20.168000      0.12700000
       52578       21.649000      0.13300000       52578       21.145000     0.040000000       52578       20.948000     0.049000000       52578       20.918000     0.060000000       52578       21.044000      0.26600000
       52585       21.444000     0.097000000       52585       21.096000     0.033000000       52585       21.003000     0.051000000       52585       20.799000     0.065000000       52585       20.627000      0.22900000
       52640       21.259000      0.10600000       52640       21.007000     0.043000000       52640       20.946000     0.074000000       52640       20.912000     0.080000000       52640       20.814000      0.24200000
       52909       21.476000     0.096000000       52909       21.042000     0.036000000       52909       20.886000     0.035000000       52909       20.816000     0.044000000       52909       20.563000      0.13300000
       52910       21.387000      0.12400000       52910       21.023000     0.048000000       52910       21.012000     0.053000000       52910       20.820000     0.059000000       52910       20.757000      0.20800000
       52935       21.108000      0.10300000       52935       20.958000     0.041000000       52935       20.911000     0.052000000       52935       20.925000     0.073000000       52935       20.630000      0.21900000
       52971       21.331000      0.13700000       52971       20.919000     0.076000000       52971       20.882000     0.049000000       52971       20.880000     0.066000000       52971       19.985000      0.14700000
       53351       21.290000      0.10300000       53351       20.952000     0.036000000       53351       20.850000     0.046000000       53351       20.712000     0.059000000       53351       20.614000      0.19900000
       54424       21.641000      0.29700000       54424       20.715000     0.056000000       54424       20.812000     0.065000000       54424       20.743000     0.065000000       54424       20.474000      0.13800000
