       51075.410      20.1090    0.0460000      51075.4      19.4360    0.0130000      51075.4      19.3660    0.0140000      51075.4      19.2790    0.0190000      51075.4      18.9970    0.0540000
       51818.379      20.2170    0.0540000      51818.4      19.5460    0.0140000      51818.4      19.5390    0.0160000      51818.4      19.3930    0.0170000      51818.4      19.0940    0.0490000
       51819.465      20.2420    0.0740000      51819.5      19.5050    0.0170000      51819.5      19.5200    0.0200000      51819.5      19.3910    0.0240000      51819.5      19.1290    0.0730000
       51875.209      20.2060    0.0500000      51875.2      19.5050    0.0130000      51875.2      19.4800    0.0170000      51875.2      19.3650    0.0200000      51875.2      19.1440    0.0580000
       52171.368      20.0090    0.0500000      52171.4      19.4160    0.0120000      52171.4      19.4620    0.0160000      52171.4      19.3380    0.0160000      52171.4      19.0360    0.0460000
       52173.344      19.9900    0.0550000      52173.3      19.4120    0.0130000      52173.3      19.4550    0.0170000      52173.3      19.3590    0.0220000      52173.3      19.1210    0.0580000
       52224.324      19.9750    0.0470000      52224.3      19.4350    0.0120000      52224.3      19.4170    0.0140000      52224.3      19.3100    0.0160000      52224.3      19.1640    0.0470000
       52225.289      20.0440    0.0490000      52225.3      19.4240    0.0130000      52225.3      19.4120    0.0140000      52225.3      19.3260    0.0170000      52225.3      18.9550    0.0420000
       52234.280     -99.9900    0.0530000      52234.3      19.4310    0.0140000      52234.3      19.4470    0.0170000      52234.3      19.3340    0.0170000      52234.3      19.0870    0.0460000
       52261.244      20.0610    0.0500000      52261.2      19.4770    0.0120000      52261.2      19.4240    0.0150000      52261.2      19.2990    0.0150000      52261.2      19.0020    0.0370000
       52283.111      20.1040    0.0660000      52283.1      19.4750    0.0140000      52283.1      19.4800    0.0210000      52283.1      19.3970    0.0250000      52283.1     -99.9900    0.0760000
       52287.124      20.1120    0.0500000      52287.1      19.5130    0.0120000      52287.1      19.4740    0.0150000      52287.1      19.3820    0.0180000      52287.1      19.0530    0.0430000
       52288.124      20.2000    0.0520000      52288.1      19.4740    0.0130000      52288.1      19.4670    0.0160000      52288.1      19.3570    0.0190000      52288.1      19.0400    0.0460000
       52551.397      20.1780    0.0500000      52551.4      19.4980    0.0130000      52551.4      19.4580    0.0150000      52551.4      19.3620    0.0180000      52551.4      19.0480    0.0490000
       52552.443      20.0970    0.0650000      52552.4      19.4620    0.0140000      52552.4      19.4910    0.0170000      52552.4      19.3050    0.0200000      52552.4      19.1920    0.0640000
       52557.417      20.1110    0.0560000      52557.4      19.4830    0.0130000      52557.4      19.4560    0.0160000      52557.4      19.3320    0.0180000      52557.4      19.0470    0.0540000
       52558.430      20.1990    0.0470000      52558.4      19.4980    0.0120000      52558.4      19.4440    0.0150000      52558.4      19.3590    0.0170000      52558.4      19.0860    0.0460000
       52578.301     -99.9900    0.0440000      52578.3      19.4950    0.0130000      52578.3      19.4620    0.0140000      52578.3      19.3610    0.0170000      52578.3      19.0610    0.0440000
       52585.264      20.1410    0.0430000      52585.3      19.4820    0.0120000      52585.3      19.4390    0.0150000      52585.3      19.3440    0.0190000      52585.3      19.0700    0.0550000
       52908.392      20.2360    0.0590000      52908.4      19.4960    0.0130000      52908.4      19.4930    0.0160000      52908.4      19.3630    0.0180000      52908.4      19.0410    0.0490000
       52909.431      20.3040    0.0510000      52909.4      19.5020    0.0120000      52909.4      19.4770    0.0140000      52909.4      19.3740    0.0170000      52909.4      19.1030    0.0450000
       52910.401      20.3700    0.0700000      52910.4      19.5170    0.0150000      52910.4      19.4860    0.0160000      52910.4      19.3750    0.0230000      52910.4      19.1120    0.0520000
       52912.371      20.2620    0.0620000      52912.4      19.5190    0.0130000      52912.4      19.4850    0.0150000      52912.4      19.3800    0.0170000      52912.4      19.0790    0.0440000
       52934.324      20.2320    0.0640000      52934.3      19.5530    0.0140000      52934.3      19.5060    0.0170000      52934.3      19.3610    0.0190000      52934.3      19.0410    0.0550000
       52935.328      20.3080    0.0610000      52935.3      19.6450    0.0150000      52935.3      19.5230    0.0190000      52935.3      19.4160    0.0220000      52935.3      19.1360    0.0650000
       52936.320      20.2640    0.0540000      52936.3      19.5430    0.0130000      52936.3      19.5020    0.0160000      52936.3      19.3440    0.0170000      52936.3      19.0850    0.0470000
       52963.252      20.2600    0.0460000      52963.3      19.5700    0.0130000      52963.2      19.5000    0.0140000      52963.2      19.4200    0.0160000      52963.3      19.0740    0.0420000
       52971.242      20.2660    0.0630000      52971.2      19.5470    0.0150000      52971.2      19.5180    0.0180000      52971.2      19.3960    0.0200000      52971.2      19.0860    0.0530000
       53270.384     -99.9900    0.0500000      53270.4      19.5740    0.0230000      53270.4      19.5100    0.0170000      53270.4      19.4020    0.0170000      53270.4      19.0840    0.0390000
       53272.434      20.1730    0.0600000      53272.4      19.5310    0.0130000      53272.4      19.5090    0.0160000      53272.4      19.3420    0.0170000      53272.4      19.1900    0.0510000
       53286.402      20.3290    0.0730000      53286.4      19.5820    0.0150000      53286.4      19.5260    0.0170000      53286.4      19.3730    0.0180000      53286.4      19.1230    0.0470000
       53288.361      20.2240    0.0590000      53288.4      19.5350    0.0130000      53288.4      19.5670    0.0160000      53288.4      19.4080    0.0170000      53288.4      19.1240    0.0480000
       53294.409      20.2690     0.144000      53294.4     -99.9900    0.0960000      53294.4      19.5170    0.0190000      53294.4      19.4020    0.0360000      53294.4     -99.9900     0.164000
       53296.356      20.4480    0.0650000      53296.4      19.5940    0.0200000      53296.4      19.5320    0.0190000      53296.4      19.4150    0.0220000      53296.4      19.1960    0.0550000
       53298.405      20.2270    0.0610000      53298.4      19.5670    0.0130000      53298.4      19.5030    0.0170000      53298.4      19.3990    0.0200000      53298.4      19.1280    0.0550000
       53302.357     -99.9900    0.0770000      53302.4      19.6110    0.0220000      53302.4      19.5460    0.0200000      53302.4      19.4440    0.0200000      53302.4      19.1110    0.0450000
       53312.312      20.3490    0.0930000      53312.3      19.5590    0.0230000      53312.3      19.6090    0.0240000      53312.3      19.4230    0.0240000      53312.3      19.1020    0.0570000
       53314.313      20.2040    0.0670000      53314.3      19.6030    0.0170000      53314.3      19.5110    0.0190000      53314.3      19.4240    0.0200000      53314.3      19.1280    0.0520000
       53319.301      20.3400    0.0750000      53319.3      19.5950    0.0160000      53319.3      19.5800    0.0200000      53319.3      19.4320    0.0230000      53319.3      19.1060    0.0540000
       53351.174      20.2710    0.0540000      53351.2      19.5780    0.0140000      53351.2      19.5330    0.0160000      53351.2      19.4270    0.0240000      53351.2      19.0950    0.0630000
       53616.418      20.3560    0.0890000      53616.4      19.6450    0.0160000      53616.4      19.5670    0.0200000      53616.4      19.4310    0.0220000      53616.4      19.2820    0.0660000
       53622.431      20.4520    0.0570000      53622.4      19.6410    0.0140000      53622.4      19.6120    0.0160000      53622.4      19.4670    0.0190000      53622.4      19.1090    0.0450000
       53626.394      20.3180    0.0990000      53626.4     -99.9900    0.0180000      53626.4      19.5850    0.0240000      53626.4      19.5320    0.0250000      53626.4      19.0920    0.0700000
       53628.379      20.4460     0.102000      53628.4     -99.9900    0.0250000      53628.4      19.5480    0.0240000      53628.4      19.4320    0.0230000      53628.4      19.1110    0.0580000
       53634.380      20.4570     0.166000      53634.4      19.6630    0.0340000      53634.4      19.5180    0.0290000      53634.4      19.4930    0.0310000      53634.4      19.1870    0.0630000
       53638.422      20.3210    0.0640000      53638.4      19.6530    0.0160000      53638.4      19.6100    0.0170000      53638.4      19.4420    0.0190000      53638.4      19.1480    0.0480000
       53639.426      20.2070    0.0680000      53639.4      19.6140    0.0160000      53639.4      19.6280    0.0170000      53639.4      19.4630    0.0180000      53639.4      19.1090    0.0430000
       53640.386      20.6170    0.0780000      53640.4      19.7130    0.0160000      53640.4      19.6030    0.0180000      53640.4      19.5020    0.0210000      53640.4      19.1180    0.0530000
       53641.425      20.4110    0.0780000      53641.4      19.6720    0.0160000      53641.4      19.6010    0.0170000      53641.4      19.4780    0.0190000      53641.4      19.1170    0.0480000
       53646.447      20.3970    0.0940000      53646.4      19.7270    0.0260000      53646.4      19.6520    0.0270000      53646.4      19.4930    0.0290000      53646.4      19.0870    0.0940000
       53655.358      20.4420    0.0620000      53655.4      19.6850    0.0140000      53655.4      19.6440    0.0180000      53655.4      19.4870    0.0200000      53655.4      19.1160    0.0520000
       53657.266      19.9160     0.185000      53657.3      19.5680    0.0530000      53657.3      19.5750    0.0540000      53657.3      19.5070    0.0590000      53657.3      19.1200     0.114000
       53657.384      20.4240     0.150000      53657.4      19.6530    0.0330000      53657.4      19.6380    0.0360000      53657.4      19.5320    0.0330000      53657.4      19.2390    0.0850000
       53663.369      20.7250     0.199000      53663.4      19.6700    0.0300000      53663.4      19.6610    0.0260000      53663.4      19.5580    0.0250000      53663.4      19.2280    0.0610000
       53663.448      20.7450     0.272000      53663.4      19.6920    0.0400000      53663.4      19.6190    0.0320000      53663.4      19.4450    0.0290000      53663.4      19.2780    0.0730000
       53664.383      20.3040     0.108000      53664.4      19.7040    0.0260000      53664.4      19.6360    0.0270000      53664.4      19.5420    0.0280000      53664.4      19.2170    0.0670000
       53665.347      20.3970     0.122000      53665.3      19.7080    0.0230000      53665.3      19.6120    0.0310000      53665.3      19.5070    0.0260000      53665.3      19.2000    0.0540000
       53665.448      20.5990     0.156000      53665.4      19.7050    0.0280000      53665.4      19.6290    0.0260000      53665.4      19.4870    0.0280000      53665.4      19.0710    0.0670000
       53668.358      20.3560     0.102000      53668.4      19.6470    0.0210000      53668.4      19.6270    0.0220000      53668.4      19.3880    0.0220000      53668.4      19.1540    0.0640000
       53668.436      20.1970     0.115000      53668.4      19.6900    0.0280000      53668.4      19.6520    0.0280000      53668.4      19.5370    0.0320000      53668.4      19.1590    0.0890000
       53669.342      20.3260    0.0860000      53669.3     -99.9900    0.0250000      53669.3      19.6240    0.0230000      53669.3      19.5210    0.0300000      53669.3      19.0810    0.0710000
       53669.446      20.4730     0.148000      53669.4      19.7350    0.0240000      53669.4      19.6080    0.0250000      53669.4      19.4790    0.0250000      53669.4      19.1360    0.0680000
       53670.363      20.5080    0.0980000      53670.4      19.7080    0.0170000      53670.4      19.6490    0.0210000      53670.4      19.5430    0.0240000      53670.4      19.1660    0.0520000
       53670.442      20.4850     0.110000      53670.4      19.7240    0.0220000      53670.4      19.6310    0.0220000      53670.4      19.5190    0.0260000      53670.4      19.2430    0.0740000
       53671.427      20.3420    0.0740000      53671.4      19.7140    0.0170000      53671.4      19.6410    0.0200000      53671.4      19.5090    0.0220000      53671.4      19.1470    0.0590000
       53673.331      20.3350    0.0610000      53673.3      19.6710    0.0140000      53673.3      19.6730    0.0160000      53673.3      19.4850    0.0160000      53673.3      19.1420    0.0410000
       53674.326      20.5610    0.0820000      53674.3      19.6880    0.0150000      53674.3      19.6480    0.0200000      53674.3      19.5050    0.0240000      53674.3      19.2480    0.0660000
       53675.328      20.3800    0.0660000      53675.3      19.6820    0.0140000      53675.3      19.6570    0.0180000      53675.3      19.4890    0.0190000      53675.3      19.2690    0.0590000
       53676.416     -99.9900    0.0770000      53676.4      19.7080    0.0160000      53676.4      19.6390    0.0190000      53676.4      19.5310    0.0210000      53676.4      19.1970    0.0560000
       53677.349      20.3220    0.0650000      53677.4      19.6870    0.0140000      53677.3      19.6390    0.0160000      53677.3      19.4980    0.0170000      53677.4      19.2240    0.0430000
       53679.388      20.4210    0.0810000      53679.4      19.7340    0.0170000      53679.4      19.6790    0.0240000      53679.4      19.5550    0.0290000      53679.4      19.1630    0.0730000
       53680.336      20.3550    0.0680000      53680.3      19.6690    0.0150000      53680.3      19.6510    0.0180000      53680.3      19.5170    0.0200000      53680.3      19.2320    0.0510000
       53681.379      20.4720    0.0680000      53681.4      19.6880    0.0150000      53681.4      19.6460    0.0190000      53681.4      19.4880    0.0190000      53681.4      19.2280    0.0480000
       53683.394      20.4180    0.0850000      53683.4      19.6690    0.0180000      53683.4      19.6340    0.0210000      53683.4      19.5530    0.0250000      53683.4      19.1510    0.0700000
       53684.341      20.6020     0.161000      53684.3      19.6330    0.0230000      53684.3      19.6000    0.0590000      53684.3      19.5780    0.0750000      53684.3      19.0690     0.109000
       53686.335      20.6370     0.195000      53686.3      19.6440    0.0360000      53686.3      19.6730    0.0330000      53686.3      19.4570    0.0270000      53686.3      19.1610    0.0630000
       53687.392     -99.9900     0.532000      53687.4      19.5600    0.0980000      53687.4      19.5870    0.0910000      53687.4     -99.9900    0.0740000      53687.4     -99.9900     0.140000
       53693.337     -99.9900     0.276000      53693.3      19.6740    0.0390000      53693.3      19.6410    0.0360000      53693.3      19.4680    0.0340000      53693.3      19.2160    0.0750000
       53694.352      20.3150     0.141000      53694.4      19.7110    0.0330000      53694.4      19.6280    0.0260000      53694.4      19.4640    0.0270000      53694.4      19.2370    0.0700000
       53697.336      20.3470    0.0820000      53697.3      19.6610    0.0190000      53697.3      19.6060    0.0190000      53697.3      19.5080    0.0210000      53697.3      19.1760    0.0560000
       53699.358      20.4340    0.0960000      53699.4      19.7740    0.0200000      53699.4      19.6410    0.0200000      53699.4      19.5320    0.0200000      53699.4      19.2100    0.0500000
       53700.335      20.4040    0.0760000      53700.3      19.6810    0.0160000      53700.3      19.6420    0.0210000      53700.3      19.5830    0.0270000      53700.3      19.1400    0.0700000
       53704.321      20.3820    0.0930000      53704.3      19.6380    0.0150000      53704.3      19.6090    0.0190000      53704.3      19.5330    0.0270000      53704.3      19.1600    0.0670000
       53705.322     -99.9900    0.0980000      53705.3      19.6890    0.0160000      53705.3      19.6190    0.0200000      53705.3      19.5110    0.0270000      53705.3      19.2160    0.0690000
       53975.407      20.3330    0.0540000      53975.4      19.6350    0.0180000      53975.4      19.5980    0.0190000      53975.4      19.4860    0.0260000      53975.4      19.2830    0.0600000
       53989.417      20.4100     0.120000      53989.4      19.6690    0.0290000      53989.4      19.6600    0.0260000      53989.4      19.4740    0.0240000      53989.4      19.2760    0.0460000
       53994.430      20.2100    0.0480000      53994.4      19.6020    0.0200000      53994.4      19.5970    0.0170000      53994.4      19.5100    0.0240000      53994.4      19.2470    0.0470000
       53995.456      20.4020    0.0540000      53995.5      19.6800    0.0200000      53995.5      19.6120    0.0180000      53995.5      19.5200    0.0180000      53995.5      19.2570    0.0400000
       53996.414      20.3330    0.0490000      53996.4      19.6620    0.0220000      53996.4      19.5940    0.0220000      53996.4      19.4940    0.0200000      53996.4      19.1660    0.0430000
       53997.440      20.2910    0.0490000      53997.4      19.6450    0.0220000      53997.4      19.6230    0.0230000      53997.4      19.4940    0.0190000      53997.4      19.2360    0.0380000
       54000.392      20.2780    0.0610000      54000.4      19.6280    0.0180000      54000.4      19.6290    0.0260000      54000.4      19.4900    0.0210000      54000.4      19.1570    0.0500000
       54005.427      20.2550    0.0440000      54005.4      19.6050    0.0190000      54005.4      19.5530    0.0160000      54005.4      19.4720    0.0250000      54005.4      19.1400    0.0430000
       54007.442      20.2610    0.0800000      54007.4      19.6180    0.0240000      54007.4      19.6560    0.0230000      54007.4      19.5560    0.0330000      54007.4      19.1470    0.0480000
       54009.366      20.1100    0.0460000      54009.4      19.6560    0.0200000      54009.4      19.6070    0.0160000      54009.4      19.4540    0.0180000      54009.4      19.2690    0.0380000
       54009.441      20.2930    0.0490000      54009.4      19.6060    0.0270000      54009.4      19.5700    0.0170000      54009.4      19.4900    0.0210000      54009.4      19.2040    0.0450000
       54010.368      20.2620    0.0430000      54010.4      19.6220    0.0160000      54010.4      19.5390    0.0150000      54010.4      19.5090    0.0170000      54010.4      19.2640    0.0380000
       54011.431      20.0580    0.0500000      54011.4      19.6090    0.0210000      54011.4      19.6090    0.0210000      54011.4      19.4800    0.0210000      54011.4      19.2280    0.0420000
       54012.361     -99.9900    0.0790000      54012.4      19.6070    0.0230000      54012.4      19.5580    0.0260000      54012.4      19.4790    0.0240000      54012.4      19.1780    0.0460000
       54012.444      20.2480    0.0580000      54012.4      19.5730    0.0230000      54012.4      19.5550    0.0210000      54012.4      19.4630    0.0190000      54012.4      19.2490    0.0510000
       54020.367      20.1670    0.0820000      54020.4      19.6220    0.0240000      54020.4      19.5330    0.0370000      54020.4      19.4600    0.0360000      54020.4      19.0570    0.0510000
       54020.399      20.2820    0.0890000      54020.4      19.5780    0.0260000      54020.4      19.5250    0.0280000      54020.4      19.4990    0.0260000      54020.4      19.2160    0.0620000
       54024.448      20.2370    0.0720000      54024.4      19.5890    0.0200000      54024.4      19.5140    0.0220000      54024.4      19.4520    0.0260000      54024.4      19.1620    0.0590000
       54025.430      20.0880    0.0650000      54025.4      19.6150    0.0200000      54025.4      19.5740    0.0210000      54025.4      19.4640    0.0240000      54025.4      19.2520    0.0580000
       54028.436     -99.9900    0.0950000      54028.4      19.5820    0.0230000      54028.4      19.5330    0.0260000      54028.4     -99.9900    0.0580000      54028.4      19.0470    0.0580000
       54030.392     -99.9900    0.0570000      54030.4      19.6070    0.0230000      54030.4      19.5540    0.0150000      54030.4      19.4660    0.0190000      54030.4      19.1890    0.0490000
       54035.436      20.2470    0.0750000      54035.4      19.6180    0.0200000      54035.4      19.5170    0.0270000      54035.4      19.4120    0.0270000      54035.4      18.9570    0.0580000
       54037.341      20.2320    0.0440000      54037.3      19.5930    0.0190000      54037.3      19.5640    0.0190000      54037.3      19.4430    0.0170000      54037.3      19.2000    0.0360000
       54040.356      20.2700    0.0550000      54040.4      19.6450    0.0180000      54040.4      19.5700    0.0210000      54040.4      19.4420    0.0190000      54040.4      19.1980    0.0530000
       54041.391      20.1910    0.0750000      54041.4      19.6470    0.0330000      54041.4      19.5520    0.0240000      54041.4      19.5020    0.0240000      54041.4      19.1210    0.0530000
       54047.386     -99.9900     0.330000      54047.4      19.6760    0.0530000      54047.4      19.4960    0.0520000      54047.4     -99.9900    0.0650000      54047.4      19.1440     0.107000
       54049.382      20.2070    0.0980000      54049.4      19.6530    0.0280000      54049.4      19.5390    0.0220000      54049.4      19.4430    0.0240000      54049.4      19.1550    0.0620000
       54053.362      20.2310    0.0620000      54053.4     -99.9900    0.0260000      54053.4      19.5300    0.0210000      54053.4     -99.9900    0.0230000      54053.4     -99.9900    0.0600000
       54056.348      20.2760    0.0660000      54056.4      19.6050    0.0170000      54056.3      19.5180    0.0210000      54056.3      19.4210    0.0240000      54056.3      19.2270    0.0670000
       54059.343     -99.9900    0.0620000      54059.3      19.6040    0.0200000      54059.3      19.5800    0.0330000      54059.3      19.4960    0.0250000      54059.3      19.2580    0.0770000
       54061.354      20.1140     0.100000      54061.4      19.5850    0.0270000      54061.4      19.5320    0.0320000      54061.4      19.4170    0.0370000      54061.4      19.1900     0.100000
       54062.348      20.2300    0.0520000      54062.3      19.6660    0.0250000      54062.3      19.5490    0.0210000      54062.3      19.4570    0.0220000      54062.3      19.1770    0.0520000
       54064.344      20.2740    0.0610000      54064.3      19.6210    0.0180000      54064.3      19.5800    0.0210000      54064.3      19.4640    0.0210000      54064.3      19.2890    0.0580000
       54068.328      20.2820     0.130000      54068.3      19.6000    0.0250000      54068.3      19.4980    0.0500000      54068.3     -99.9900     0.123000      54068.3      19.1140    0.0990000
       54346.423      20.2850    0.0960000      54346.4      19.5600    0.0280000      54346.4      19.5070    0.0240000      54346.4      19.4130    0.0230000      54346.4      19.1300    0.0440000
       54348.427      20.1700    0.0680000      54348.4      19.5350    0.0230000      54348.4      19.4920    0.0230000      54348.4      19.3930    0.0200000      54348.4      19.0860    0.0440000
       54357.386      20.1790    0.0440000      54357.4      19.5510    0.0220000      54357.4      19.4740    0.0150000      54357.4      19.3990    0.0270000      54357.4      19.1060    0.0370000
       54358.383      20.2100    0.0810000      54358.4      19.5370    0.0270000      54358.4      19.5110    0.0230000      54358.4      19.3900    0.0220000      54358.4      19.0550    0.0610000
       54362.436      20.1890    0.0470000      54362.4      19.5780    0.0240000      54362.4      19.5000    0.0190000      54362.4      19.3910    0.0200000      54362.4      19.1570    0.0410000
       54365.416      20.2770    0.0500000      54365.4      19.5410    0.0260000      54365.4      19.5270    0.0180000      54365.4      19.4180    0.0180000      54365.4      19.1950    0.0430000
       54376.431      20.1660    0.0540000      54376.4      19.5890    0.0170000      54376.4      19.5050    0.0180000      54376.4      19.4030    0.0200000      54376.4      19.1420    0.0480000
       54381.436      20.1730    0.0490000      54381.4      19.5910    0.0200000      54381.4      19.4880    0.0170000      54381.4      19.4100    0.0210000      54381.4      19.1680    0.0410000
       54382.416      20.1320    0.0660000      54382.4      19.5570    0.0270000      54382.4      19.4930    0.0230000      54382.4      19.3980    0.0290000      54382.4      19.0920    0.0610000
       54384.443      20.2000    0.0630000      54384.4      19.5440    0.0230000      54384.4      19.5310    0.0200000      54384.4      19.4240    0.0210000      54384.4      19.0450    0.0450000
       54385.434      20.1720    0.0550000      54385.4      19.5830    0.0220000      54385.4      19.4950    0.0180000      54385.4      19.3760    0.0180000      54385.4      19.2100    0.0440000
       54386.428      20.0960    0.0560000      54386.4      19.5220    0.0190000      54386.4      19.5020    0.0180000      54386.4      19.4100    0.0180000      54386.4      19.3130    0.0610000
       54387.434     -99.9900     0.116000      54387.4      19.5170    0.0220000      54387.4      19.5070    0.0220000      54387.4      19.4150    0.0260000      54387.4      19.1520    0.0840000
       54388.432      20.1340    0.0570000      54388.4      19.5640    0.0190000      54388.4      19.4870    0.0190000      54388.4      19.3850    0.0160000      54388.4      19.0900    0.0410000
       54390.427      20.0120    0.0720000      54390.4      19.4960    0.0250000      54390.4      19.4900    0.0260000      54390.4      19.4430    0.0360000      54390.4      19.0470    0.0880000
       54391.435      19.9880    0.0820000      54391.4      19.5060    0.0250000      54391.4      19.4990    0.0270000      54391.4      19.4470    0.0360000      54391.4      19.1520     0.105000
       54402.427      19.9530     0.123000      54402.4      19.5950    0.0410000      54402.4      19.4630    0.0300000      54402.4      19.4220    0.0270000      54402.4      19.0190    0.0550000
       54403.346      20.1680     0.111000      54403.3      19.5680    0.0230000      54403.3      19.4470    0.0430000      54403.3      19.3870    0.0290000      54403.3      19.1310    0.0500000
       54406.340      20.1330    0.0610000      54406.3      19.5360    0.0200000      54406.3      19.5060    0.0190000      54406.3      19.4110    0.0170000      54406.3      19.1680    0.0390000
       54412.366      20.1100    0.0500000      54412.4      19.5320    0.0170000      54412.4      19.5340    0.0220000      54412.4      19.3840    0.0190000      54412.4      19.1360    0.0430000
       52522.000       20.195000     0.056000000       52522.000       19.509000     0.030000000       52522.000       19.442000     0.018000000       52522.000       19.367000     0.018000000       52522.000       19.050000     0.047000000
       51075       20.091000     0.040000000       51075       19.449000     0.028000000       51075       19.363000     0.016000000       51075       19.281000     0.022000000       51075       18.981000     0.056000000
       51133       19.977000     0.037000000       51133       19.401000     0.023000000       51133       19.366000     0.018000000       51133       19.241000     0.023000000       51133       18.875000     0.061000000
       51134       20.015000     0.033000000       51134       19.448000     0.019000000       51134       19.374000     0.018000000       51134       19.272000     0.020000000       51134       18.893000     0.040000000
       51819       20.293000     0.065000000       51819       19.550000     0.021000000       51819       19.558000     0.024000000       51819       19.394000     0.025000000       51819       19.144000     0.073000000
       51875       20.246000     0.045000000       51875       19.507000     0.027000000       51875       19.503000     0.024000000       51875       19.375000     0.022000000       51875       19.163000     0.059000000
       52225       20.102000     0.053000000       52225       19.442000     0.020000000       52225       19.396000     0.017000000       52225       19.322000     0.026000000       52225       18.967000     0.041000000
       52261       20.116000     0.045000000       52261       19.521000     0.028000000       52261       19.428000     0.017000000       52261       19.291000     0.022000000       52261       18.991000     0.036000000
       52283       20.152000     0.058000000       52283       19.452000     0.036000000       52283       19.481000     0.027000000       52283       19.408000     0.041000000       52283       19.095000     0.086000000
       52288       20.184000     0.049000000       52288       19.488000     0.020000000       52288       19.464000     0.020000000       52288       19.363000     0.021000000       52288       19.042000     0.048000000
       52522       20.234000     0.050000000       52522       19.499000     0.020000000       52522       19.444000     0.018000000       52522       19.375000     0.018000000       52522       19.071000     0.046000000
       52551       20.154000     0.045000000       52551       19.489000     0.018000000       52551       19.448000     0.021000000       52551       19.345000     0.024000000       52551       19.064000     0.051000000
       52558       20.181000     0.045000000       52558       19.522000     0.022000000       52558       19.461000     0.023000000       52558       19.347000     0.024000000       52558       19.087000     0.045000000
       52578       20.184000     0.041000000       52578       19.481000     0.021000000       52578       19.449000     0.019000000       52578       19.344000     0.016000000       52578       19.050000     0.046000000
       52584       20.152000     0.066000000       52584       19.487000     0.021000000       52584       19.466000     0.042000000       52584       19.334000     0.032000000       52584       19.167000     0.077000000
       52585       20.154000     0.041000000       52585       19.498000     0.024000000       52585       19.455000     0.017000000       52585       19.326000     0.026000000       52585       19.048000     0.053000000
       52640       20.152000     0.047000000       52640       19.466000     0.024000000       52640       19.487000     0.028000000       52640       19.372000     0.026000000       52640       18.942000     0.058000000
       52910       20.339000     0.060000000       52910       19.538000     0.017000000       52910       19.480000     0.026000000       52910       19.380000     0.036000000       52910       19.136000     0.060000000
       52912       20.270000     0.053000000       52912       19.525000     0.025000000       52912       19.469000     0.018000000       52912       19.358000     0.022000000       52912       18.979000     0.045000000
       52935       20.322000     0.054000000       52935       19.625000     0.022000000       52935       19.512000     0.027000000       52935       19.396000     0.026000000       52935       19.159000     0.065000000
       52971       20.304000     0.055000000       52971       19.561000     0.020000000       52971       19.518000     0.024000000       52971       19.392000     0.027000000       52971       19.139000     0.055000000
       53319       20.348000     0.063000000       53319       19.612000     0.022000000       53319       19.550000     0.022000000       53319       19.395000     0.028000000       53319       19.088000     0.054000000
       53351       20.288000     0.049000000       53351       19.648000     0.031000000       53351       19.549000     0.023000000       53351       19.430000     0.034000000       53351       19.125000     0.062000000
       54424       20.195000     0.078000000       54424       19.528000     0.024000000       54424       19.411000     0.025000000       54424       19.348000     0.024000000       54424       19.122000     0.049000000
