       51075.407      20.5800    0.0610000      51075.4      20.1390    0.0190000      51075.4      20.1220    0.0280000      51075.4      20.2190    0.0440000      51075.4      20.0350     0.138000
       51818.377      20.4750    0.0560000      51818.4      19.9360    0.0170000      51818.4      20.0000    0.0210000      51818.4      19.9870    0.0340000      51818.4      19.7280    0.0900000
       52170.428      20.6730    0.0660000      52170.4      20.0440    0.0180000      52170.4      20.0970    0.0230000      52170.4      20.0660    0.0330000      52170.4      19.7190    0.0790000
       52171.365      20.7480    0.0750000      52171.4      20.0510    0.0180000      52171.4      20.0800    0.0230000      52171.4      20.1330    0.0390000      52171.4      19.9240    0.0950000
       52173.341      20.7140    0.0800000      52173.3      20.0950    0.0210000      52173.3      20.0850    0.0260000      52173.3      20.1320    0.0390000      52173.3      19.6960    0.0970000
       52224.321     -99.9900    0.0580000      52224.3      20.0410    0.0170000      52224.3      20.0840    0.0220000      52224.3      20.0820    0.0320000      52224.3      19.7330    0.0730000
       52234.278      20.6420    0.0740000      52234.3      20.0730    0.0190000      52234.3      20.0530    0.0230000      52234.3      20.0560    0.0330000      52234.3      19.7420    0.0800000
       52261.241      20.6190    0.0610000      52261.2      20.0320    0.0170000      52261.2      20.0430    0.0200000      52261.2      20.0430    0.0310000      52261.2      19.8720    0.0790000
       52283.109      20.5610    0.0770000      52283.1      20.0120    0.0220000      52283.1      20.0420    0.0290000      52283.1      19.9900    0.0400000      52283.1      19.7470     0.128000
       52287.122      20.5480    0.0580000      52287.1      19.9810    0.0180000      52287.1      20.0290    0.0220000      52287.1      20.0430    0.0310000      52287.1      19.8170    0.0790000
       52552.440      20.5040    0.0760000      52552.4      20.0450    0.0200000      52552.4      20.0350    0.0270000      52552.4      20.0180    0.0410000      52552.4      19.9560     0.124000
       52557.415      20.3560    0.0560000      52557.4      19.9910    0.0180000      52557.4      20.0670    0.0250000      52557.4      20.0040    0.0380000      52557.4      19.6930     0.130000
       52908.389      21.0190    0.0870000      52908.4      20.3200    0.0220000      52908.4      20.3630    0.0290000      52908.4      20.3740    0.0430000      52908.4      20.0120     0.110000
       52912.369      21.1130    0.0960000      52912.4      20.3290    0.0220000      52912.4      20.4080    0.0280000      52912.4      20.3800    0.0410000      52912.4      19.7690    0.0780000
       52934.321      20.9890    0.0940000      52934.3      20.3060    0.0230000      52934.3      20.3700    0.0310000      52934.3      20.3310    0.0470000      52934.3      19.9060     0.112000
       52936.317      21.0160    0.0810000      52936.3      20.3070    0.0200000      52936.3      20.3340    0.0280000      52936.3      20.2900    0.0400000      52936.3      19.8510    0.0920000
       53270.381      20.6470    0.0600000      53270.4      20.1600    0.0260000      53270.4      20.1860    0.0250000      53270.4      20.1500    0.0330000      53270.4      19.9870    0.0840000
       53272.431      20.7640    0.0800000      53272.4      20.1260    0.0200000      53272.4      20.1300    0.0260000      53272.4      20.1710    0.0420000      53272.4      20.0250     0.113000
       53286.400     -99.9900    0.0840000      53286.4      20.1170    0.0230000      53286.4      20.0970    0.0270000      53286.4      20.1880    0.0420000      53286.4      19.7940    0.0900000
       53288.358      20.5710    0.0640000      53288.4      20.1220    0.0180000      53288.4      20.1240    0.0240000      53288.4      20.1210    0.0330000      53288.4      19.9710    0.0930000
       53294.406     -99.9900     0.126000      53294.4     -99.9900    0.0330000      53294.4      20.1650    0.0260000      53294.4      20.1460    0.0470000      53294.4     -99.9900     0.136000
       53296.353     -99.9900    0.0670000      53296.4      20.1680    0.0240000      53296.4      20.1430    0.0360000      53296.4      20.1620    0.0410000      53296.4      20.0570     0.107000
       53298.403      20.6560    0.0670000      53298.4      20.1190    0.0190000      53298.4      20.1110    0.0280000      53298.4      20.2160    0.0440000      53298.4      19.8270    0.0960000
       53302.354     -99.9900     0.102000      53302.4      20.1500    0.0330000      53302.4      20.1650    0.0350000      53302.4      20.1840    0.0430000      53302.4      20.0030     0.100000
       53312.310      21.1040     0.184000      53312.3      20.1480    0.0400000      53312.3      20.1500    0.0390000      53312.3      20.2490    0.0560000      53312.3      19.8050     0.115000
       53314.311      20.7720    0.0950000      53314.3      20.1260    0.0250000      53314.3      20.1130    0.0300000      53314.3      20.1480    0.0470000      53314.3      19.7160    0.0990000
       53319.299      20.6770    0.0850000      53319.3      20.1070    0.0230000      53319.3      20.2030    0.0360000      53319.3      20.1580    0.0530000      53319.3      19.9810     0.123000
       53616.415      20.6590    0.0920000      53616.4      20.1180    0.0210000      53616.4      20.1260    0.0270000      53616.4      20.1460    0.0450000      53616.4      19.9100     0.121000
       53628.376      20.5300     0.104000      53628.4      20.1540    0.0360000      53628.4      20.1410    0.0390000      53628.4      20.2050    0.0530000      53628.4      19.8580     0.116000
       53639.423      20.7460    0.0850000      53639.4      20.1360    0.0240000      53639.4      20.1610    0.0270000      53639.4      20.2080    0.0370000      53639.4      19.8180    0.0720000
       53641.423      20.6010    0.0780000      53641.4      20.1150    0.0210000      53641.4      20.1340    0.0240000      53641.4      20.1130    0.0370000      53641.4      19.7170    0.0730000
       53657.381      20.7580     0.178000      53657.4      20.0200    0.0450000      53657.4      20.1800    0.0550000      53657.4      20.1240    0.0710000      53657.4      19.7190     0.144000
       53663.366      20.4410     0.132000      53663.4      20.0790    0.0430000      53663.4      20.0750    0.0390000      53663.4      20.1140    0.0480000      53663.4      19.7650    0.0930000
       53666.436     -99.9900     0.147000      53666.4      20.1610    0.0350000      53666.4      20.2250    0.0410000      53666.4      20.1380    0.0490000      53666.4      19.8690     0.107000
       53668.356      20.6630     0.107000      53668.4      20.1210    0.0270000      53668.4      20.1410    0.0330000      53668.4      20.1420    0.0480000      53668.4      19.9130     0.116000
       53669.443      20.5380     0.140000      53669.4      20.1590    0.0310000      53669.4      20.1960    0.0400000      53669.4      20.1660    0.0520000      53669.4      19.7960     0.117000
       53670.360      20.6300    0.0930000      53670.4      20.1570    0.0250000      53670.4      20.1620    0.0300000      53670.4      20.1590    0.0460000      53670.4      19.8460    0.0970000
       53673.328      20.6690    0.0650000      53673.3      20.1190    0.0180000      53673.3      20.1300    0.0230000      53673.3      20.1330    0.0300000      53673.3      20.0800    0.0800000
       53675.325      20.7970    0.0750000      53675.3      20.1340    0.0200000      53675.3      20.0680    0.0260000      53675.3      20.0880    0.0370000      53675.3      20.0360     0.101000
       53677.346      20.6950    0.0760000      53677.3      20.1220    0.0180000      53677.3      20.1450    0.0230000      53677.3      20.1180    0.0330000      53677.3      19.9060    0.0720000
       53680.333      20.6980    0.0730000      53680.3      20.1130    0.0190000      53680.3      20.1060    0.0260000      53680.3      20.1340    0.0370000      53680.3      19.9840    0.0940000
       53683.392      20.5470    0.0760000      53683.4      20.1320    0.0220000      53683.4      20.1520    0.0290000      53683.4      20.1330    0.0450000      53683.4      19.6920     0.107000
       53686.332      20.5030     0.168000      53686.3      20.1590    0.0510000      53686.3      20.1550    0.0480000      53686.3      20.1210    0.0550000      53686.3      19.8050    0.0980000
       53687.390     -99.9900      1.30600      53687.4     -99.9900     0.159000      53687.4     -99.9900     0.141000      53687.4     -99.9900     0.204000      53687.4      20.2110     0.327000
       53693.335      20.9740     0.341000      53693.3      20.0420    0.0650000      53693.3      20.1080    0.0620000      53693.3      20.0980    0.0710000      53693.3      19.6770     0.123000
       53699.356      20.5130    0.0820000      53699.4      20.0770    0.0250000      53699.4      20.0820    0.0270000      53699.4      20.1250    0.0370000      53699.4      19.9060    0.0870000
       53704.318      20.5180    0.0720000      53704.3      20.0230    0.0230000      53704.3      20.0900    0.0260000      53704.3      20.1560    0.0450000      53704.3      19.7900    0.0990000
       53989.414      19.9400    0.0680000      53989.4      19.8080    0.0330000      53989.4      19.8300    0.0300000      53989.4      19.8470    0.0340000      53989.4      19.7130    0.0700000
       53995.453      20.1790    0.0440000      53995.5      19.8020    0.0190000      53995.5      19.8490    0.0230000      53995.5      19.8660    0.0260000      53995.5      19.6600    0.0520000
       53997.438      20.2170    0.0400000      53997.4      19.7780    0.0250000      53997.4      19.8180    0.0200000      53997.4      19.8750    0.0240000      53997.4      19.7150    0.0540000
       54000.390      20.2060    0.0520000      54000.4      19.8070    0.0280000      54000.4      19.8330    0.0220000      54000.4      19.9410    0.0340000      54000.4      19.5970    0.0770000
       54007.440      20.2480    0.0520000      54007.4      19.8340    0.0250000      54007.4      19.8950    0.0290000      54007.4      19.8700    0.0310000      54007.4      19.7080    0.0730000
       54009.364      20.1960    0.0390000      54009.4      19.8110    0.0200000      54009.4      19.8440    0.0170000      54009.4      19.9100    0.0250000      54009.4      19.7060    0.0550000
       54011.428      20.1790    0.0380000      54011.4      19.8240    0.0220000      54011.4      19.8250    0.0160000      54011.4      19.9090    0.0260000      54011.4      19.7300    0.0540000
       54012.441      20.2470    0.0510000      54012.4      19.7920    0.0210000      54012.4      19.8540    0.0260000      54012.4      19.8820    0.0360000      54012.4      19.5970    0.0680000
       54025.427      20.1780    0.0500000      54025.4      19.8120    0.0300000      54025.4      19.8370    0.0260000      54025.4      19.9070    0.0320000      54025.4      19.6650    0.0780000
       54346.421     -99.9900     0.131000      54346.4      20.2630    0.0420000      54346.4      20.2310    0.0480000      54346.4      20.2630    0.0610000      54346.4      20.1250     0.102000
       54348.425      20.8000    0.0980000      54348.4      20.2030    0.0300000      54348.4      20.2340    0.0350000      54348.4      20.2520    0.0460000      54348.4      19.9410    0.0870000
       54358.381      20.7370    0.0800000      54358.4      20.2070    0.0290000      54358.4      20.2370    0.0330000      54358.4      20.2840    0.0620000      54358.4      19.9620    0.0880000
       54365.414      20.8450    0.0650000      54365.4      20.2360    0.0230000      54365.4      20.3080    0.0260000      54365.4      20.2870    0.0350000      54365.4      19.9910    0.0780000
       54381.433      20.8080    0.0650000      54381.4      20.3240    0.0240000      54381.4      20.3340    0.0230000      54381.4      20.3380    0.0320000      54381.4      19.9660    0.0650000
       54384.440     -99.9900    0.0850000      54384.4      20.2650    0.0350000      54384.4      20.3140    0.0320000      54384.4      20.3420    0.0450000      54384.4      20.2010     0.104000
       54386.426      21.0900    0.0980000      54386.4      20.2800    0.0260000      54386.4      20.3940    0.0320000      54386.4      20.2870    0.0440000      54386.4      19.9160    0.0820000
       54388.430      20.9280    0.0820000      54388.4      20.3260    0.0220000      54388.4      20.3600    0.0290000      54388.4      20.3790    0.0430000      54388.4      20.0810    0.0790000
       54392.428      20.7610    0.0760000      54392.4      20.3120    0.0270000      54392.4      20.3310    0.0330000      54392.4      20.2920    0.0440000      54392.4     -99.9900     0.150000
       54404.401     -99.9900      99.9990      54404.4      20.4600    0.0460000      54404.4      20.4020    0.0690000      54404.4     -99.9900     0.307000      54404.4     -99.9900     0.387000
       54405.399     -99.9900     0.119000      54405.4      20.3230    0.0460000      54405.4      20.3790    0.0460000      54405.4      20.3920    0.0640000      54405.4      20.0290     0.126000
       54406.338      20.8550    0.0780000      54406.3      20.3590    0.0280000      54406.3      20.4050    0.0300000      54406.3      20.3980    0.0380000      54406.3      19.9900    0.0710000
       54412.363      20.7200    0.0710000      54412.4      20.3650    0.0290000      54412.4      20.3930    0.0290000      54412.4      20.3900    0.0420000      54412.4      20.1700    0.0940000
       52234.000       20.595000     0.071000000       52234.000       20.069000     0.025000000       52234.000       20.033000     0.031000000       52234.000       20.042000     0.038000000       52234.000       19.740000     0.083000000
       51075       20.622000     0.054000000       51075       20.140000     0.022000000       51075       20.114000     0.026000000       51075       20.212000     0.043000000       51075       19.959000      0.12800000
       51133       20.620000     0.052000000       51133       20.133000     0.021000000       51133       20.186000     0.030000000       51133       20.139000     0.044000000       51133       19.833000      0.10500000
       51134       20.522000     0.046000000       51134       20.068000     0.025000000       51134       20.147000     0.030000000       51134       20.062000     0.031000000       51134       19.885000     0.079000000
       51818       20.534000     0.051000000       51818       19.967000     0.018000000       51818       20.016000     0.024000000       51818       19.979000     0.034000000       51818       19.697000     0.086000000
       51874       20.418000     0.052000000       51874       19.896000     0.022000000       51874       19.936000     0.030000000       51874       19.961000     0.037000000       51874       19.641000     0.088000000
       52170       20.651000     0.060000000       52170       20.037000     0.024000000       52170       20.074000     0.026000000       52170       20.052000     0.033000000       52170       19.663000     0.075000000
       52171       20.762000     0.069000000       52171       20.087000     0.025000000       52171       20.058000     0.029000000       52171       20.103000     0.038000000       52171       19.882000     0.091000000
       52173       20.690000     0.069000000       52173       20.115000     0.030000000       52173       20.085000     0.029000000       52173       20.102000     0.039000000       52173       19.677000     0.093000000
       52224       20.580000     0.059000000       52224       20.058000     0.029000000       52224       20.064000     0.029000000       52224       20.086000     0.032000000       52224       19.702000     0.070000000
       52234       20.634000     0.067000000       52234       20.069000     0.026000000       52234       20.030000     0.032000000       52234       20.038000     0.036000000       52234       19.730000     0.084000000
       52283       20.632000     0.085000000       52283       20.010000     0.025000000       52283       20.022000     0.031000000       52283       19.969000     0.045000000       52283       19.732000      0.12400000
       52287       20.559000     0.049000000       52287       19.969000     0.026000000       52287       20.014000     0.029000000       52287       20.032000     0.031000000       52287       19.791000     0.076000000
       52552       20.555000     0.067000000       52552       20.094000     0.025000000       52552       20.080000     0.033000000       52552       20.023000     0.042000000       52552       19.985000      0.12100000
       52557       20.374000     0.050000000       52557       20.065000     0.022000000       52557       20.092000     0.027000000       52557       20.029000     0.039000000       52557       19.659000     0.088000000
       52872       21.078000      0.10800000       52872       20.360000     0.035000000       52872       20.454000     0.038000000       52872       20.414000     0.046000000       52872       19.932000     0.086000000
       52908       21.055000     0.075000000       52908       20.324000     0.029000000       52908       20.369000     0.036000000       52908       20.360000     0.040000000       52908       19.968000      0.10300000
       52912       21.132000     0.080000000       52912       20.353000     0.031000000       52912       20.426000     0.030000000       52912       20.391000     0.039000000       52912       19.778000     0.077000000
       52934       21.032000     0.081000000       52934       20.304000     0.032000000       52934       20.376000     0.038000000       52934       20.331000     0.047000000       52934       19.897000      0.10900000
       52936       21.089000     0.071000000       52936       20.335000     0.032000000       52936       20.359000     0.030000000       52936       20.312000     0.039000000       52936       19.833000     0.088000000
       53270       20.689000     0.060000000       53270       20.164000     0.022000000       53270       20.192000     0.025000000       53270       20.130000     0.034000000       53270       19.975000     0.090000000
       53272       20.769000     0.068000000       53272       20.135000     0.026000000       53272       20.143000     0.026000000       53272       20.194000     0.040000000       53272       20.017000      0.10800000
       53286       20.670000     0.073000000       53286       20.185000     0.031000000       53286       20.155000     0.029000000       53286       20.232000     0.041000000       53286       19.838000     0.086000000
       53288       20.655000     0.057000000       53288       20.169000     0.026000000       53288       20.154000     0.035000000       53288       20.143000     0.032000000       53288       19.967000     0.088000000
       53294       20.551000      0.10400000       53294       20.223000     0.043000000       53294       20.162000     0.029000000       53294       20.095000     0.045000000       53294       20.000000      0.13200000
       53298       20.661000     0.057000000       53298       20.150000     0.023000000       53298       20.121000     0.029000000       53298       20.199000     0.042000000       53298       19.803000     0.093000000
       53312       21.106000      0.19000000       53312       20.125000     0.044000000       53312       20.146000     0.042000000       53312       20.242000     0.060000000       53312       19.773000      0.12400000
       53314       20.775000     0.084000000       53314       20.171000     0.030000000       53314       20.122000     0.039000000       53314       20.149000     0.051000000       53314       19.710000     0.096000000
       53319       20.723000     0.076000000       53319       20.128000     0.029000000       53319       20.200000     0.037000000       53319       20.158000     0.051000000       53319       19.933000      0.11700000
