       51075.403      20.1890    0.0460000      51075.4      20.2290    0.0210000      51075.4      20.0910    0.0240000      51075.4      20.1250    0.0370000      51075.4      20.1040     0.143000
       51081.386      20.0220    0.0490000      51081.4      20.1180    0.0220000      51081.4      19.9820    0.0260000      51081.4      20.0200    0.0340000      51081.4      19.9930     0.114000
       51818.372      20.1900    0.0530000      51818.4      20.2560    0.0210000      51818.4      20.1090    0.0240000      51818.4      20.1550    0.0310000      51818.4      20.1610     0.115000
       52170.423      20.5020    0.0730000      52170.4      20.6540    0.0270000      52170.4      20.3570    0.0280000      52170.4      20.3290    0.0370000      52170.4      20.0980     0.107000
       52173.337      20.6960    0.0960000      52173.3      20.7000    0.0310000      52173.3      20.3560    0.0330000      52173.3      20.3400    0.0450000      52173.3      20.5520     0.212000
       52224.317      20.4760    0.0680000      52224.3      20.7140    0.0270000      52224.3      20.4190    0.0290000      52224.3      20.4030    0.0340000      52224.3      20.2260     0.112000
       52234.273      20.6380    0.0870000      52234.3     -99.9900    0.0350000      52234.3      20.3880    0.0320000      52234.3      20.3000    0.0350000      52234.3      20.7060     0.184000
       52261.237      20.5230    0.0700000      52261.2      20.6660    0.0260000      52261.2      20.3240    0.0260000      52261.2      20.3630    0.0330000      52261.2      20.4040     0.120000
       52283.104      20.7150    0.0950000      52283.1      20.6370    0.0320000      52283.1      20.2950    0.0380000      52283.1      20.3520    0.0510000      52283.1      20.5630     0.240000
       52287.117      20.5950    0.0720000      52287.1      20.6600    0.0280000      52287.1      20.3650    0.0300000      52287.1      20.3820    0.0370000      52287.1      20.5030     0.150000
       52552.436      20.6760     0.119000      52552.4      20.8690    0.0400000      52552.4      20.5090    0.0420000      52552.4      20.4010    0.0570000      52552.4      20.7370     0.279000
       52557.410      20.7700    0.0880000      52557.4      20.8350    0.0320000      52557.4      20.5560    0.0350000      52557.4      20.5110    0.0420000      52557.4      21.0590     0.305000
       52908.385      20.6760    0.0820000      52908.4      20.7400    0.0300000      52908.4      20.4460    0.0320000      52908.4      20.4430    0.0410000      52908.4      20.5690     0.181000
       52912.364      20.7020    0.0850000      52912.4      20.6670    0.0270000      52912.4      20.4370    0.0290000      52912.4      20.3700    0.0350000      52912.4      20.4690     0.140000
       52934.317      20.6530    0.0870000      52934.3      20.6650    0.0290000      52934.3      20.4470    0.0340000      52934.3      20.4600    0.0460000      52934.3      20.4960     0.182000
       52936.313      20.6050    0.0670000      52936.3      20.6970    0.0260000      52936.3      20.4720    0.0300000      52936.3      20.4360    0.0380000      52936.3      20.4840     0.151000
       53270.377      20.7490    0.0750000      53270.4      20.7870    0.0270000      53270.4      20.5080    0.0280000      53270.4      20.5770    0.0360000      53270.4      20.7030     0.144000
       53272.427      20.5300    0.0770000      53272.4      20.8240    0.0320000      53272.4      20.5520    0.0310000      53272.4      20.3960    0.0370000      53272.4      21.1530     0.271000
       53286.395      20.7530    0.0930000      53286.4      20.7000    0.0320000      53286.4      20.4400    0.0310000      53286.4      20.4720    0.0380000      53286.4      20.3530     0.131000
       53288.354      20.5830    0.0750000      53288.4      20.7370    0.0260000      53288.4      20.4130    0.0270000      53288.4      20.4680    0.0360000      53288.4      20.4160     0.130000
       53294.402      20.7300    0.0950000      53294.4      20.6600    0.0280000      53294.4      20.3790    0.0320000      53294.4      20.3830    0.0390000      53294.4      20.5680     0.160000
       53296.349      20.9830     0.125000      53296.4      20.6200    0.0440000      53296.3      20.5050    0.0430000      53296.3      20.4310    0.0570000      53296.3      20.5290     0.184000
       53298.398      20.5890    0.0830000      53298.4      20.8070    0.0320000      53298.4      20.4430    0.0400000      53298.4      20.3600    0.0440000      53298.4      20.3420     0.173000
       53302.350      20.5840     0.111000      53302.4      20.5930    0.0500000      53302.3      20.3300    0.0390000      53302.3      20.3670    0.0410000      53302.4      20.2750     0.125000
       53312.305      20.6790     0.133000      53312.3      20.7010    0.0570000      53312.3      20.4030    0.0500000      53312.3      20.4680    0.0650000      53312.3      20.7020     0.265000
       53314.306      20.6980    0.0970000      53314.3      20.7170    0.0370000      53314.3      20.4130    0.0380000      53314.3      20.3230    0.0450000      53314.3      20.5350     0.184000
       53616.411      20.5160    0.0970000      53616.4      20.5120    0.0280000      53616.4      20.3090    0.0330000      53616.4      20.2150    0.0390000      53616.4      20.3990     0.169000
       53628.372      20.3920     0.109000      53628.4      20.6170    0.0590000      53628.4      20.3240    0.0490000      53628.4      20.2290    0.0460000      53628.4      20.4110     0.194000
       53639.419      20.6290    0.0920000      53639.4      20.6160    0.0320000      53639.4      20.3330    0.0290000      53639.4      20.2900    0.0320000      53639.4      20.2840     0.119000
       53641.418      20.4690    0.0720000      53641.4      20.5710    0.0280000      53641.4      20.2990    0.0300000      53641.4      20.3260    0.0350000      53641.4      20.3290     0.122000
       53657.377      20.9010     0.235000      53657.4      20.5820    0.0790000      53657.4      20.2860    0.0600000      53657.4      20.2240    0.0600000      53657.4      19.9680     0.152000
       53663.362      20.3890     0.132000      53663.4      20.4810    0.0580000      53663.4      20.2720    0.0450000      53663.4      20.2980    0.0440000      53663.4      20.5070     0.166000
       53665.340     -99.9900     0.287000      53665.3     -99.9900     0.420000      53665.3      20.3330    0.0820000      53665.3      20.7020     0.141000      53665.3     -99.9900      1.23300
       53668.351      20.4970     0.109000      53668.4      20.4930    0.0370000      53668.3      20.2550    0.0360000      53668.4      20.2090    0.0430000      53668.4      19.9790     0.137000
       53669.439      20.3600     0.130000      53669.4      20.5770    0.0470000      53669.4      20.3060    0.0400000      53669.4      20.2250    0.0510000      53669.4      20.1080     0.147000
       53670.356      20.4710    0.0970000      53670.4      20.4660    0.0310000      53670.4      20.2550    0.0370000      53670.4      20.2350    0.0440000      53670.4      20.3800     0.175000
       53673.324      20.4610    0.0680000      53673.3      20.5620    0.0230000      53673.3      20.2880    0.0260000      53673.3      20.2350    0.0280000      53673.3      20.4220     0.110000
       53675.321      20.4280    0.0710000      53675.3      20.4820    0.0240000      53675.3      20.3400    0.0320000      53675.3      20.2840    0.0360000      53675.3      20.2950     0.136000
       53677.342      20.3730    0.0670000      53677.3      20.4730    0.0240000      53677.3      20.2660    0.0240000      53677.3      20.2630    0.0270000      53677.3      20.3660     0.117000
       53680.329      20.4290    0.0730000      53680.3      20.5340    0.0260000      53680.3      20.2960    0.0300000      53680.3      20.2950    0.0380000      53680.3      20.3070     0.137000
       53683.387      20.3100    0.0800000      53683.4      20.5390    0.0290000      53683.4      20.2340    0.0320000      53683.4      20.1900    0.0420000      53683.4      21.0170     0.382000
       53686.328      20.6540     0.210000      53686.3      20.4530    0.0710000      53686.3      20.3470    0.0640000      53686.3      20.3110    0.0570000      53686.3      20.2190     0.154000
       53693.331      20.4630     0.249000      53693.3      20.5510    0.0970000      53693.3      20.1320    0.0600000      53693.3      20.2310    0.0700000      53693.3      20.6020     0.261000
       53698.328     -99.9900      2.14200      53698.3     -99.9900      1.25300      53698.3     -99.9900    0.0830000      53698.3     -99.9900     0.259000      53698.3     -99.9900     0.854000
       53699.351      20.5160    0.0970000      53699.4      20.5530    0.0340000      53699.4      20.2740    0.0310000      53699.4      20.3560    0.0380000      53699.4      20.2030     0.123000
       53704.314      20.5380     0.100000      53704.3      20.5690    0.0310000      53704.3      20.2960    0.0310000      53704.3      20.3500    0.0450000      53704.3      20.6120     0.230000
       53989.410      20.5380     0.138000      53989.4      20.9090    0.0780000      53989.4      20.4740    0.0490000      53989.4      20.3790    0.0460000      53989.4      20.3960     0.116000
       53995.449      20.6620    0.0690000      53995.4      20.7380    0.0280000      53995.4      20.3890    0.0240000      53995.4      20.3910    0.0320000      53995.4      20.7080     0.146000
       54000.385      20.6460    0.0860000      54000.4      20.7500    0.0330000      54000.4      20.3710    0.0340000      54000.4      20.4850    0.0510000      54000.4      20.6380     0.149000
       54007.435      20.7210    0.0790000      54007.4     -99.9900    0.0320000      54007.4      20.3910    0.0270000      54007.4      20.4120    0.0340000      54007.4      20.4370     0.127000
       54009.359      20.5890    0.0640000      54009.4      20.6890    0.0240000      54009.4      20.4460    0.0250000      54009.4      20.3740    0.0300000      54009.4      20.4020     0.100000
       54011.424      20.5740    0.0580000      54011.4      20.7150    0.0300000      54011.4      20.4220    0.0280000      54011.4      20.4430    0.0330000      54011.4      20.5580     0.113000
       54012.437      20.6570    0.0840000      54012.4      20.6120    0.0350000      54012.4      20.4330    0.0330000      54012.4      20.4030    0.0360000      54012.4      20.3860     0.149000
       54025.423      20.5800     0.103000      54025.4      20.6400    0.0320000      54025.4      20.3240    0.0360000      54025.4      20.4360    0.0480000      54025.4      20.1010     0.119000
       54346.416      20.6180     0.138000      54346.4      20.6260    0.0610000      54346.4      20.3970    0.0510000      54346.4      20.2800    0.0440000      54346.4      20.6590     0.153000
       54348.420      20.7500     0.122000      54348.4      20.6070    0.0490000      54348.4      20.3860    0.0350000      54348.4      20.2840    0.0400000      54348.4      20.3590     0.148000
       54355.431      20.5810    0.0660000      54355.4      20.5940    0.0300000      54355.4      20.3480    0.0260000      54355.4      20.3890    0.0340000      54355.4      20.4790     0.120000
       54358.376      20.6780    0.0970000      54358.4     -99.9900    0.0730000      54358.4      20.3250    0.0360000      54358.4      20.2290    0.0440000      54358.4      20.4780     0.157000
       54365.409      20.5720    0.0610000      54365.4      20.5490    0.0240000      54365.4      20.3100    0.0240000      54365.4      20.3100    0.0350000      54365.4      20.3830     0.111000
       54381.429      20.5320    0.0630000      54381.4      20.5040    0.0250000      54381.4      20.2420    0.0230000      54381.4      20.2720    0.0270000      54381.4      20.4070     0.103000
       54384.436      20.3530    0.0650000      54384.4      20.4610    0.0300000      54384.4      20.2530    0.0280000      54384.4      20.2490    0.0340000      54384.4      20.6650     0.162000
       54386.421      20.4790    0.0710000      54386.4      20.4200    0.0310000      54386.4      20.2840    0.0270000      54386.4      20.2670    0.0320000      54386.4      20.3810     0.136000
       54388.426     -99.9900    0.0670000      54388.4      20.4850    0.0300000      54388.4      20.2620    0.0280000      54388.4      20.2410    0.0320000      54388.4      20.3990     0.126000
       54392.423      20.3870    0.0860000      54392.4      20.4320    0.0300000      54392.4      20.2070    0.0310000      54392.4      20.2390    0.0390000      54392.4      20.2610     0.134000
       54405.395      20.4520     0.114000      54405.4      20.4140    0.0560000      54405.4      20.2930    0.0370000      54405.4      20.3120    0.0410000      54405.4      20.2710     0.173000
       54406.333      20.4280    0.0760000      54406.3      20.5460    0.0340000      54406.3      20.3030    0.0270000      54406.3      20.2330    0.0340000      54406.3      20.3570     0.104000
       54412.359      20.5920    0.0740000      54412.4      20.4950    0.0260000      54412.4      20.2660    0.0250000      54412.4      20.2550    0.0280000      54412.4      20.0350    0.0930000
       52234.000       20.653000     0.084000000       52234.000       20.785000     0.039000000       52234.000       20.453000     0.045000000       52234.000       20.307000     0.036000000       52234.000       20.665000      0.16500000
       51078       20.113000     0.037000000       51078       20.150000     0.021000000       51078       20.100000     0.026000000       51078       20.018000     0.026000000       51078       20.056000     0.081000000
       51081       20.053000     0.050000000       51081       20.133000     0.026000000       51081       20.046000     0.029000000       51081       20.077000     0.035000000       51081       19.987000      0.10700000
       51134       20.249000     0.040000000       51134       20.361000     0.026000000       51134       20.112000     0.025000000       51134       20.173000     0.030000000       51134       20.049000      0.10300000
       51138       20.298000     0.059000000       51138       20.297000     0.026000000       51138       20.158000     0.034000000       51138       20.208000     0.047000000       51138       20.052000      0.15200000
       51818       20.143000     0.041000000       51818       20.246000     0.028000000       51818       20.107000     0.025000000       51818       20.150000     0.033000000       51818       20.160000      0.11000000
       51874       20.083000     0.071000000       51874       20.225000     0.026000000       51874       20.128000     0.035000000       51874       20.083000     0.049000000       51874       20.104000      0.14300000
       52170       20.429000     0.056000000       52170       20.581000     0.031000000       52170       20.351000     0.034000000       52170       20.309000     0.038000000       52170       20.093000      0.10600000
       52171       20.466000     0.060000000       52171       20.645000     0.034000000       52171       20.374000     0.041000000       52171       20.291000     0.042000000       52171       20.447000      0.14500000
       52173       20.702000     0.078000000       52173       20.703000     0.038000000       52173       20.350000     0.034000000       52173       20.351000     0.059000000       52173       20.531000      0.20500000
       52207       20.665000     0.066000000       52207       20.798000     0.032000000       52207       20.539000     0.037000000       52207       20.348000     0.036000000       52207       20.370000      0.13700000
       52234       20.659000     0.071000000       52234       20.763000     0.039000000       52234       20.420000     0.034000000       52234       20.303000     0.038000000       52234       20.699000      0.17300000
       52261       20.489000     0.059000000       52261       20.652000     0.028000000       52261       20.308000     0.026000000       52261       20.347000     0.034000000       52261       20.387000      0.11500000
       52283       20.578000     0.071000000       52283       20.592000     0.036000000       52283       20.310000     0.039000000       52283       20.376000     0.058000000       52283       20.605000      0.24100000
       52287       20.522000     0.056000000       52287       20.643000     0.030000000       52287       20.390000     0.030000000       52287       20.383000     0.039000000       52287       20.469000      0.14200000
       52552       20.688000     0.078000000       52552       20.879000     0.043000000       52552       20.566000     0.059000000       52552       20.399000     0.059000000       52552       20.732000      0.24400000
       52557       20.735000     0.068000000       52557       20.814000     0.036000000       52557       20.542000     0.036000000       52557       20.505000     0.044000000       52557       21.043000      0.29700000
       52872       20.723000     0.091000000       52872       20.773000     0.045000000       52872       20.518000     0.039000000       52872       20.446000     0.047000000       52872       20.499000      0.13300000
       52908       20.612000     0.061000000       52908       20.742000     0.032000000       52908       20.420000     0.039000000       52908       20.414000     0.045000000       52908       20.525000      0.17500000
       52912       20.693000     0.065000000       52912       20.668000     0.032000000       52912       20.427000     0.032000000       52912       20.375000     0.039000000       52912       20.492000      0.13800000
       52934       20.606000     0.069000000       52934       20.662000     0.066000000       52934       20.436000     0.034000000       52934       20.439000     0.050000000       52934       20.451000      0.17600000
       52936       20.555000     0.055000000       52936       20.745000     0.033000000       52936       20.453000     0.040000000       52936       20.431000     0.040000000       52936       20.463000      0.14500000
       53270       20.733000     0.066000000       53270       20.775000     0.031000000       53270       20.495000     0.031000000       53270       20.563000     0.040000000       53270       20.651000      0.15200000
       53272       20.491000     0.061000000       53272       20.805000     0.035000000       53272       20.567000     0.036000000       53272       20.426000     0.041000000       53272       21.079000      0.24900000
       53286       20.739000     0.076000000       53286       20.687000     0.034000000       53286       20.424000     0.034000000       53286       20.464000     0.040000000       53286       20.323000      0.12600000
       53288       20.582000     0.058000000       53288       20.752000     0.036000000       53288       20.398000     0.029000000       53288       20.435000     0.039000000       53288       20.399000      0.12400000
       53294       20.684000     0.069000000       53294       20.686000     0.039000000       53294       20.399000     0.035000000       53294       20.402000     0.041000000       53294       20.563000      0.15400000
       53298       20.544000     0.062000000       53298       20.801000     0.033000000       53298       20.426000     0.042000000       53298       20.343000     0.045000000       53298       20.332000      0.16800000
       53312       20.626000      0.12500000       53312       20.653000     0.063000000       53312       20.376000     0.052000000       53312       20.479000     0.073000000       53312       20.658000      0.27600000
       53314       20.673000     0.078000000       53314       20.664000     0.043000000       53314       20.394000     0.044000000       53314       20.282000     0.050000000       53314       20.465000      0.17600000
       53319       20.492000     0.079000000       53319       20.663000     0.042000000       53319       20.389000     0.045000000       53319       20.346000     0.069000000       53319       19.997000      0.15500000
