       51081.383      20.0860    0.0460000      51081.4      20.0060    0.0210000      51081.4      19.8400    0.0220000      51081.4     -99.9900    0.0270000      51081.4      19.4020    0.0700000
       51819.455      19.9850    0.0590000      51819.5     -99.9900    0.0240000      51819.5      19.7560    0.0240000      51819.5      19.5380    0.0300000      51819.5      19.2710    0.0850000
       51875.198      20.0770    0.0390000      51875.2      19.9300    0.0190000      51875.2      19.8080    0.0220000      51875.2      19.6520    0.0280000      51875.2      19.6000    0.0860000
       52225.279      20.0990    0.0410000      52225.3      19.9310    0.0170000      52225.3      19.8730    0.0190000      52225.3      19.6780    0.0230000      52225.3      19.5650    0.0650000
       52288.114      20.2000    0.0490000      52288.1      20.0370    0.0210000      52288.1      19.9010    0.0230000      52288.1      19.7610    0.0280000      52288.1      19.7740    0.0900000
       52551.387      20.3560    0.0520000      52551.4      20.2850    0.0240000      52551.4      20.1110    0.0240000      52551.4      19.8660    0.0270000      52551.4      19.7220    0.0770000
       52558.420      20.3550    0.0510000      52558.4      20.2780    0.0230000      52558.4      20.1740    0.0220000      52558.4      19.8610    0.0240000      52558.4      19.6930    0.0750000
       52576.253      20.3510    0.0510000      52576.3      20.2520    0.0260000      52576.2      20.1270    0.0270000      52576.3      19.8810    0.0310000      52576.3      19.6730    0.0790000
       52578.291      20.3450    0.0530000      52578.3      20.2560    0.0240000      52578.3      20.1310    0.0260000      52578.3      19.8250    0.0300000      52578.3      19.7380    0.0900000
       52585.254      20.3890    0.0510000      52585.3      20.2630    0.0210000      52585.3      20.1810    0.0270000      52585.3      19.8150    0.0330000      52585.3      19.6940     0.106000
       52909.421      20.2110    0.0460000      52909.4      20.0830    0.0190000      52909.4      20.0070    0.0200000      52909.4      19.7680    0.0240000      52909.4      19.7110    0.0660000
       52910.391      20.2590    0.0570000      52910.4      20.0610    0.0230000      52910.4      19.9630    0.0230000      52910.4      19.7190    0.0270000      52910.4      19.5850    0.0740000
       52935.318      20.1140    0.0500000      52935.3      20.0000    0.0210000      52935.3      19.9670    0.0260000      52935.3      19.8000    0.0330000      52935.3      19.8700     0.122000
       52963.242      20.1470    0.0410000      52963.2      19.9530    0.0170000      52963.2      19.9120    0.0180000      52963.2      19.7050    0.0220000      52963.2      19.5590    0.0590000
       52971.232      20.2260    0.0580000      52971.2      19.9810    0.0280000      52971.2      19.9760    0.0240000      52971.2      19.7690    0.0290000      52971.2      19.9390     0.115000
       53351.164      20.1400    0.0480000      53351.2      19.9920    0.0190000      53351.2      19.9610    0.0230000      53351.2      19.8140    0.0310000      53351.2      19.6230    0.0910000
       53622.421      20.1190    0.0450000      53622.4      19.9610    0.0180000      53622.4      19.8230    0.0180000      53622.4      19.6810    0.0230000      53622.4      19.5160    0.0610000
       53634.370      20.1920     0.124000      53634.4      19.9310    0.0530000      53634.4      19.8960    0.0430000      53634.4      19.6490    0.0380000      53634.4      19.5930    0.0890000
       53638.412      20.1970    0.0580000      53638.4      19.9720    0.0220000      53638.4      19.9030    0.0210000      53638.4      19.7300    0.0240000      53638.4      19.5600    0.0720000
       53640.376      20.1820    0.0590000      53640.4      19.9880    0.0220000      53640.4      19.8920    0.0210000      53640.4      19.6990    0.0260000      53640.4      19.5130    0.0670000
       53646.437      20.2980    0.0700000      53646.4      20.0540    0.0300000      53646.4      19.8890    0.0230000      53646.4      19.7350    0.0270000      53646.4      19.5420    0.0890000
       53655.348      20.0620    0.0670000      53655.3      20.0670    0.0190000      53655.3      19.9390    0.0220000      53655.3      19.6900    0.0250000      53655.3      19.5060    0.0780000
       53663.438      20.0970     0.140000      53663.4      19.9640    0.0530000      53663.4      19.9410    0.0370000      53663.4      19.6650    0.0330000      53663.4      19.4890    0.0850000
       53664.373      20.0480     0.130000      53664.4      20.0030    0.0560000      53664.4      19.8140    0.0590000      53664.4      19.6260    0.0580000      53664.4      19.3790     0.127000
       53665.437     -99.9900    0.0980000      53665.4      20.0170    0.0340000      53665.4      19.9240    0.0310000      53665.4     -99.9900    0.0320000      53665.4      19.5660    0.0940000
       53668.426      20.0210     0.100000      53668.4      19.9640    0.0340000      53668.4      19.9110    0.0330000      53668.4      19.7760    0.0440000      53668.4      19.6420     0.129000
       53669.332     -99.9900    0.0760000      53669.3      20.0960    0.0440000      53669.3     -99.9900     0.186000      53669.3     -99.9900    0.0400000      53669.3     -99.9900     0.300000
       53670.432      20.2310     0.102000      53670.4      19.9850    0.0290000      53670.4      19.9390    0.0330000      53670.4      19.7760    0.0370000      53670.4      19.6400     0.104000
       53671.417      20.2200    0.0740000      53671.4      20.0460    0.0260000      53671.4      19.9280    0.0250000      53671.4      19.7460    0.0290000      53671.4      19.5120    0.0810000
       53674.316      20.0730    0.0610000      53674.3     -99.9900    0.0230000      53674.3      19.9010    0.0260000      53674.3      19.6950    0.0320000      53674.3      19.4780    0.0910000
       53676.406      20.0000    0.0820000      53676.4     -99.9900    0.0290000      53676.4      20.0010    0.0310000      53676.4     -99.9900    0.0480000      53676.4      19.7000     0.147000
       53679.378      20.0590    0.0570000      53679.4      19.9900    0.0230000      53679.4      19.8750    0.0270000      53679.4      19.7760    0.0350000      53679.4      19.4640    0.0940000
       53681.369      20.0840    0.0600000      53681.4      19.9860    0.0210000      53681.4      19.8610    0.0210000      53681.4      19.6750    0.0250000      53681.4      19.6300    0.0810000
       53684.331     -99.9900     0.389000      53684.3      20.2420     0.129000      53684.3      20.0500     0.140000      53684.3     -99.9900     0.180000      53684.3     -99.9900     0.704000
       53687.272      19.9390     0.158000      53687.3      19.8910    0.0530000      53687.3      19.9270    0.0510000      53687.3      19.8230     0.110000      53687.3      19.3660     0.139000
       53694.342      20.0540     0.155000      53694.3      20.0350    0.0520000      53694.3     -99.9900    0.0480000      53694.3      19.6880    0.0440000      53694.3      19.5530     0.109000
       53697.326      20.0390    0.0620000      53697.3      20.0480    0.0260000      53697.3      19.8470    0.0240000      53697.3      19.6790    0.0250000      53697.3      19.4980    0.0690000
       53700.325      20.0680    0.0590000      53700.3      19.9840    0.0220000      53700.3      19.9120    0.0270000      53700.3      19.7320    0.0330000      53700.3      19.5190    0.0940000
       53705.312      20.0480    0.0560000      53705.3      19.9670    0.0210000      53705.3      19.8160    0.0230000      53705.3      19.6320    0.0280000      53705.3      19.5890    0.0900000
       53975.397      20.2850    0.0600000      53975.4      20.1430    0.0320000      53975.4      20.0540    0.0350000      53975.4      19.7640    0.0340000      53975.4      19.4850    0.0690000
       53993.409      20.2930    0.0550000      53993.4      20.1140    0.0340000      53993.4      20.0640    0.0210000      53993.4      19.8160    0.0240000      53993.4      19.6100    0.0610000
       53994.420      20.1910    0.0500000      53994.4      20.1720    0.0260000      53994.4      20.0320    0.0250000      53994.4      19.7720    0.0250000      53994.4      19.6930    0.0720000
       53996.404      20.3520    0.0490000      53996.4      20.0940    0.0230000      53996.4      19.9790    0.0250000      53996.4      19.8000    0.0250000      53996.4      19.8410    0.0800000
       54005.417      20.2350    0.0440000      54005.4      20.1290    0.0240000      54005.4      19.9880    0.0210000      54005.4      19.7450    0.0230000      54005.4      19.5650    0.0580000
       54010.358      20.2690    0.0410000      54010.4      20.1260    0.0250000      54010.4      19.9760    0.0200000      54010.4      19.7620    0.0310000      54010.4      19.6860    0.0540000
       54012.351      20.1650    0.0740000      54012.4      20.0890    0.0370000      54012.3      20.0700    0.0330000      54012.4      19.7680    0.0310000      54012.4      19.5660    0.0780000
       54020.357      20.2860    0.0870000      54020.4      20.2030    0.0390000      54020.4      20.0020    0.0310000      54020.4      19.7450    0.0370000      54020.4      19.7930    0.0980000
       54024.438      20.2460    0.0680000      54024.4      20.1400    0.0290000      54024.4      20.0090    0.0250000      54024.4      19.7900    0.0270000      54024.4      19.5880    0.0820000
       54028.426      20.3050    0.0740000      54028.4      20.1590    0.0400000      54028.4      19.9700    0.0290000      54028.4      19.7700    0.0330000      54028.4      19.7040     0.165000
       54030.382      20.2660    0.0480000      54030.4      20.1230    0.0260000      54030.4      20.0100    0.0210000      54030.4      19.7590    0.0260000      54030.4      19.6800    0.0720000
       54035.426      20.2560    0.0730000      54035.4      20.0750    0.0370000      54035.4      20.0580    0.0350000      54035.4      19.7980    0.0360000      54035.4      19.4960     0.101000
       54037.331      20.2680    0.0460000      54037.3      20.1060    0.0220000      54037.3      19.9690    0.0270000      54037.3      19.7760    0.0230000      54037.3      19.6280    0.0530000
       54040.346      20.1620    0.0600000      54040.3      20.0650    0.0330000      54040.3      19.9440    0.0270000      54040.3      19.7650    0.0300000      54040.3      19.7480    0.0940000
       54047.376      20.2430     0.445000      54047.4      19.8620    0.0790000      54047.4      19.8870    0.0780000      54047.4      19.8420    0.0780000      54047.4      19.6780     0.165000
       54049.372      20.3620     0.117000      54049.4      20.1340    0.0430000      54049.4      19.9190    0.0310000      54049.4      19.7210    0.0320000      54049.4      19.5990    0.0870000
       54053.352      20.1760    0.0650000      54053.4      20.1300    0.0290000      54053.4      19.9440    0.0350000      54053.4      19.8260    0.0430000      54053.4     -99.9900     0.115000
       54056.338      20.3460    0.0710000      54056.3      20.1080    0.0340000      54056.3      20.0790    0.0280000      54056.3      19.7820    0.0360000      54056.3      19.7150    0.0960000
       54059.333      20.1960    0.0730000      54059.3      20.0500    0.0280000      54059.3      19.9810    0.0260000      54059.3      19.8120    0.0310000      54059.3      19.5620    0.0940000
       54062.338      20.2610    0.0610000      54062.3      20.1490    0.0270000      54062.3      20.0310    0.0240000      54062.3      19.8100    0.0300000      54062.3      19.6330    0.0820000
       54064.334      20.1190    0.0570000      54064.3      20.1800    0.0260000      54064.3      20.0140    0.0260000      54064.3      19.7520    0.0270000      54064.3      19.4480    0.0680000
       54068.318     -99.9900     0.115000      54068.3      20.0540    0.0500000      54068.3     -99.9900    0.0440000      54068.3      19.7790    0.0460000      54068.3      19.5730     0.151000
       54357.376      20.2140    0.0450000      54357.4      20.0220    0.0270000      54357.4      19.9680    0.0250000      54357.4      19.7840    0.0330000      54357.4      19.6480    0.0660000
       54362.426      20.1510    0.0440000      54362.4      20.0670    0.0210000      54362.4      19.9770    0.0240000      54362.4      19.7430    0.0230000      54362.4      19.7540    0.0800000
       54376.421      20.1200    0.0550000      54376.4      20.0640    0.0260000      54376.4      19.9920    0.0240000      54376.4      19.7750    0.0250000      54376.4      19.7870    0.0810000
       54382.406      20.2740    0.0600000      54382.4      20.0400    0.0250000      54382.4      20.0080    0.0320000      54382.4      19.8030    0.0350000      54382.4      19.5040    0.0870000
       54385.424      20.1290    0.0480000      54385.4      20.0560    0.0250000      54385.4      20.0300    0.0250000      54385.4      19.7760    0.0270000      54385.4      19.7060    0.0770000
       54387.424     -99.9900    0.0720000      54387.4      20.0590    0.0620000      54387.4      19.9830    0.0320000      54387.4      19.8280    0.0440000      54387.4      19.5320    0.0950000
       54390.416      20.1700    0.0810000      54390.4     -99.9900    0.0420000      54390.4      19.9850    0.0300000      54390.4      19.7680    0.0420000      54390.4      19.4730     0.182000
       54402.417      20.3900     0.175000      54402.4      20.0630    0.0500000      54402.4      19.9910    0.0390000      54402.4      19.7940    0.0360000      54402.4      19.6790    0.0830000
       52522.000       20.353000     0.052000000       52522.000       20.221000     0.025000000       52522.000       20.122000     0.025000000       52522.000       19.812000     0.032000000       52522.000       19.570000     0.064000000
       51081       20.040000     0.062000000       51081       19.960000     0.029000000       51081       19.832000     0.031000000       51081       19.611000     0.034000000       51081       19.358000     0.068000000
       51132       20.107000     0.045000000       51132       19.945000     0.029000000       51132       19.869000     0.029000000       51132       19.670000     0.036000000       51132       19.390000      0.10400000
       51136       20.127000     0.039000000       51136       19.942000     0.022000000       51136       19.831000     0.024000000       51136       19.614000     0.027000000       51136       19.456000     0.086000000
       51819       19.907000     0.061000000       51819       19.879000     0.029000000       51819       19.812000     0.029000000       51819       19.599000     0.033000000       51819       19.260000     0.084000000
       51875       20.022000     0.036000000       51875       19.892000     0.026000000       51875       19.797000     0.024000000       51875       19.636000     0.028000000       51875       19.596000     0.079000000
       52225       20.083000     0.037000000       52225       19.934000     0.026000000       52225       19.869000     0.023000000       52225       19.672000     0.028000000       52225       19.531000     0.065000000
       52288       20.142000     0.045000000       52288       20.027000     0.027000000       52288       19.849000     0.023000000       52288       19.729000     0.032000000       52288       19.742000     0.087000000
       52522       20.371000     0.047000000       52522       20.222000     0.026000000       52522       20.106000     0.025000000       52522       19.804000     0.026000000       52522       19.583000     0.066000000
       52551       20.324000     0.050000000       52551       20.286000     0.033000000       52551       20.094000     0.026000000       52551       19.869000     0.028000000       52551       19.692000     0.075000000
       52558       20.347000     0.047000000       52558       20.262000     0.026000000       52558       20.174000     0.030000000       52558       19.864000     0.026000000       52558       19.700000     0.073000000
       52576       20.290000     0.047000000       52576       20.215000     0.028000000       52576       20.110000     0.035000000       52576       19.873000     0.034000000       52576       19.632000     0.077000000
       52578       20.330000     0.053000000       52578       20.244000     0.028000000       52578       20.140000     0.026000000       52578       19.825000     0.031000000       52578       19.754000     0.089000000
       52585       20.346000     0.046000000       52585       20.267000     0.033000000       52585       20.206000     0.030000000       52585       19.816000     0.033000000       52585       19.695000      0.10400000
       52640       20.230000     0.047000000       52640       20.217000     0.026000000       52640       20.080000     0.034000000       52640       19.879000     0.060000000       52640       19.679000     0.099000000
       52909       20.164000     0.041000000       52909       20.085000     0.026000000       52909       20.014000     0.024000000       52909       19.775000     0.033000000       52909       19.665000     0.063000000
       52910       20.231000     0.054000000       52910       20.057000     0.039000000       52910       19.957000     0.025000000       52910       19.700000     0.028000000       52910       19.577000     0.074000000
       52935       20.054000     0.048000000       52935       20.001000     0.032000000       52935       19.980000     0.032000000       52935       19.803000     0.035000000       52935       19.842000      0.11500000
       52971       20.177000     0.050000000       52971       19.988000     0.028000000       52971       19.926000     0.022000000       52971       19.764000     0.032000000       52971       19.894000      0.11400000
       53351       20.140000     0.049000000       53351       19.942000     0.033000000       53351       19.938000     0.030000000       53351       19.825000     0.038000000       53351       19.595000     0.089000000
       54424       20.376000      0.10800000       54424       20.094000     0.037000000       54424       19.978000     0.033000000       54424       19.775000     0.036000000       54424       19.693000     0.082000000
       54770       20.277000     0.053000000       54770       20.230000     0.025000000       54770       20.052000     0.029000000       54770       19.858000     0.032000000       54770       19.591000     0.070000000
