       51075.400      20.6450    0.0690000      51075.4      20.5560    0.0280000      51075.4      20.1720    0.0260000      51075.4      19.9840    0.0340000      51075.4      20.1510     0.148000
       51818.370      20.9680    0.0980000      51818.4      20.7400    0.0300000      51818.4      20.2990    0.0260000      51818.4      20.1310    0.0300000      51818.4      20.1750     0.109000
       51819.455      20.9100     0.130000      51819.5      20.7100    0.0400000      51819.5      20.2480    0.0320000      51819.5      20.1650    0.0460000      51819.5      20.0020     0.159000
       52170.421      20.5670    0.0750000      52170.4      20.6050    0.0270000      52170.4      20.2540    0.0250000      52170.4      20.1790    0.0310000      52170.4      20.2840     0.130000
       52173.334      20.6760    0.0980000      52173.3      20.5340    0.0270000      52173.3      20.2240    0.0300000      52173.3      20.1420    0.0380000      52173.3      20.3300     0.177000
       52224.314      20.6150    0.0750000      52224.3      20.6520    0.0260000      52224.3      20.2310    0.0240000      52224.3      20.1010    0.0260000      52224.3      20.3490     0.121000
       52234.271      20.8720     0.104000      52234.3     -99.9900    0.0270000      52234.3      20.2290    0.0260000      52234.3      20.0730    0.0270000      52234.3      20.2390     0.121000
       52261.234      20.6140    0.0820000      52261.2      20.5490    0.0250000      52261.2      20.1950    0.0250000      52261.2      20.0600    0.0270000      52261.2      20.2120     0.110000
       52283.101      20.5490    0.0850000      52283.1      20.5080    0.0300000      52283.1      20.1780    0.0370000      52283.1      20.0130    0.0370000      52283.1      20.0740     0.160000
       52287.114      20.5920    0.0720000      52287.1      20.5200    0.0260000      52287.1      20.2350    0.0280000      52287.1      20.0380    0.0270000      52287.1      20.1540     0.108000
       52552.433      21.0120     0.142000      52552.4      20.6840    0.0350000      52552.4      20.3230    0.0390000      52552.4      20.2540    0.0460000      52552.4      20.0700     0.143000
       52557.407      20.7820    0.0960000      52557.4      20.7090    0.0280000      52557.4      20.3020    0.0290000      52557.4      20.2220    0.0370000      52557.4      20.0860     0.124000
       52908.382      20.6140    0.0800000      52908.4      20.4530    0.0240000      52908.4      20.1330    0.0230000      52908.4      19.9700    0.0270000      52908.4      20.0620     0.111000
       52912.361      20.4780    0.0750000      52912.4      20.4180    0.0240000      52912.4      20.1200    0.0220000      52912.4      19.9800    0.0250000      52912.4      20.0010    0.0940000
       52934.314      20.5740    0.0830000      52934.3      20.4790    0.0260000      52934.3      20.1060    0.0260000      52934.3      19.9470    0.0310000      52934.3      20.2130     0.148000
       52936.310      20.5960    0.0690000      52936.3      20.4630    0.0240000      52936.3      20.1460    0.0230000      52936.3      19.9380    0.0260000      52936.3      19.8610    0.0850000
       53270.374      20.4970    0.0630000      53270.4      20.4370    0.0220000      53270.4      20.0460    0.0220000      53270.4      19.8670    0.0290000      53270.4      19.8030    0.0660000
       53272.424      20.5790    0.0790000      53272.4      20.4140    0.0220000      53272.4      20.0980    0.0230000      53272.4      19.9120    0.0240000      53272.4      20.1250     0.103000
       53286.393      20.5830    0.0880000      53286.4      20.3890    0.0260000      53286.4      20.0450    0.0230000      53286.4      19.9060    0.0250000      53286.4      19.9730    0.0920000
       53288.351      20.5150    0.0680000      53288.4      20.3910    0.0220000      53288.3      19.9920    0.0200000      53288.4      19.8400    0.0210000      53288.4      19.9470    0.0830000
       53294.399      20.3810    0.0750000      53294.4      20.3110    0.0230000      53294.4      20.0830    0.0280000      53294.4      19.8940    0.0300000      53294.4      19.9340    0.0960000
       53296.346      20.3010    0.0690000      53296.3      20.3190    0.0250000      53296.3      20.0450    0.0290000      53296.3      19.8620    0.0340000      53296.3      19.9640     0.109000
       53298.396      20.2830    0.0700000      53298.4      20.2900    0.0230000      53298.4      19.9210    0.0290000      53298.4      19.8140    0.0340000      53298.4      19.9420     0.133000
       53302.347      20.2950    0.0880000      53302.3      20.3030    0.0380000      53302.3      19.9710    0.0290000      53302.3      19.8480    0.0260000      53302.3      20.0320    0.0980000
       53312.302      20.5600     0.150000      53312.3      20.2000    0.0380000      53312.3      20.0010    0.0350000      53312.3      19.8150    0.0400000      53312.3      20.0450     0.158000
       53314.303      20.2480    0.0720000      53314.3      20.2440    0.0290000      53314.3      19.9480    0.0260000      53314.3      19.8410    0.0290000      53314.3      19.7720     0.100000
       53319.291      20.3570    0.0790000      53319.3      20.1990    0.0260000      53319.3      19.9520    0.0280000      53319.3      19.8060    0.0320000      53319.3      19.7350     0.111000
       53616.408      20.7720     0.123000      53616.4      20.5320    0.0280000      53616.4      20.1400    0.0290000      53616.4      20.0790    0.0360000      53616.4      20.0700     0.133000
       53626.384      20.6820     0.129000      53626.4     -99.9900    0.0500000      53626.4      20.1420    0.0300000      53626.4      19.9750    0.0420000      53626.4      19.8980     0.183000
       53628.369      20.6940     0.138000      53628.4      20.4570    0.0510000      53628.4      20.1500    0.0370000      53628.4      19.9170    0.0340000      53628.4      20.3890     0.182000
       53637.371      20.4000     0.124000      53637.4     -99.9900    0.0860000      53637.4      20.0330    0.0390000      53637.4      19.8850    0.0390000      53637.4      19.8190     0.139000
       53639.416      20.6830    0.0960000      53639.4      20.3660    0.0270000      53639.4      20.0330    0.0220000      53639.4      19.8980    0.0230000      53639.4      19.9470    0.0880000
       53641.415      20.4080    0.0750000      53641.4      20.4010    0.0250000      53641.4      20.0550    0.0210000      53641.4      19.9220    0.0240000      53641.4      19.8970     0.100000
       53657.374      20.4450     0.169000      53657.4      20.2520    0.0560000      53657.4      20.0250    0.0510000      53657.4      19.8150    0.0400000      53657.4      20.4450     0.243000
       53663.359      20.2700     0.144000      53663.4      20.2840    0.0490000      53663.4      20.0000    0.0360000      53663.4      19.9170    0.0380000      53663.4      19.8530    0.0940000
       53665.337      20.5440     0.141000      53665.3      20.1940    0.0640000      53665.3      19.9330    0.0320000      53665.3      19.8410    0.0320000      53665.3      19.7180     0.120000
       53666.429      20.3690     0.132000      53666.4     -99.9900    0.0780000      53666.4      19.9920    0.0320000      53666.4      19.8140    0.0290000      53666.4     -99.9900     0.127000
       53668.348      20.2780    0.0940000      53668.4      20.2360    0.0300000      53668.3      19.9320    0.0290000      53668.3      19.7870    0.0330000      53668.3      19.8070     0.110000
       53669.436      20.2050     0.124000      53669.4      20.3120    0.0420000      53669.4      19.9690    0.0360000      53669.4      19.7810    0.0340000      53669.4      19.5300    0.0980000
       53670.353      20.3860    0.0890000      53670.4      20.2690    0.0280000      53670.4      19.9010    0.0260000      53670.4      19.7400    0.0300000      53670.4      20.0260     0.138000
       53673.321      20.4560    0.0700000      53673.3      20.3150    0.0200000      53673.3      19.9250    0.0200000      53673.3      19.8440    0.0210000      53673.3      19.9300    0.0780000
       53675.318      20.3530    0.0670000      53675.3      20.3070    0.0210000      53675.3      20.0160    0.0240000      53675.3      19.7860    0.0250000      53675.3      19.9160    0.0970000
       53677.339      20.3760    0.0650000      53677.3      20.2920    0.0200000      53677.3      20.0030    0.0200000      53677.3      19.8220    0.0200000      53677.3      19.9330    0.0730000
       53680.326      20.4390    0.0740000      53680.3      20.2840    0.0220000      53680.3      19.9520    0.0230000      53680.3      19.8370    0.0260000      53680.3      19.7770    0.0830000
       53683.384      20.5090    0.0910000      53683.4      20.2870    0.0230000      53683.4      20.0140    0.0300000      53683.4      19.7930    0.0300000      53683.4      19.9180     0.135000
       53686.325      20.5270     0.202000      53686.3      20.2380    0.0640000      53686.3      19.9010    0.0520000      53686.3      19.7820    0.0400000      53686.3      19.7810     0.120000
       53693.328     -99.9900     0.210000      53693.3      20.1900    0.0770000      53693.3      20.0360    0.0490000      53693.3      19.8150    0.0410000      53693.3      19.4700     0.101000
       53698.325      20.2940     0.118000      53698.3     -99.9900     0.119000      53698.3      19.9290    0.0270000      53698.3      19.9030    0.0330000      53698.3      19.8880     0.259000
       53699.348      20.3430    0.0890000      53699.4      20.2380    0.0270000      53699.3      19.9600    0.0240000      53699.3      19.8050    0.0250000      53699.3      19.8610    0.0890000
       53704.311      20.4620    0.0850000      53704.3      20.2310    0.0240000      53704.3      19.9220    0.0250000      53704.3      19.8010    0.0320000      53704.3      19.7880     0.115000
       53989.407      20.5910     0.144000      53989.4      20.5010    0.0570000      53989.4      20.1080    0.0410000      53989.4      19.9350    0.0360000      53989.4      19.9390    0.0830000
       53995.446      20.6230    0.0650000      53995.4      20.5380    0.0300000      53995.4      20.0980    0.0230000      53995.4      19.9050    0.0230000      53995.4      19.8470    0.0650000
       54000.382      20.4560    0.0810000      54000.4      20.5070    0.0280000      54000.4      20.0760    0.0310000      54000.4      19.8710    0.0330000      54000.4      19.8730     0.107000
       54007.433     -99.9900    0.0880000      54007.4      20.5300    0.0330000      54007.4      20.0930    0.0250000      54007.4      19.9600    0.0290000      54007.4      19.8390    0.0820000
       54009.356      20.6560    0.0660000      54009.4      20.4860    0.0220000      54009.4      20.1060    0.0260000      54009.4      19.9700    0.0230000      54009.4      19.8280    0.0620000
       54011.421      20.5970    0.0600000      54011.4      20.4730    0.0290000      54011.4      20.0760    0.0220000      54011.4      19.9290    0.0280000      54011.4      19.7440    0.0570000
       54025.420      20.5340    0.0890000      54025.4      20.3750    0.0320000      54025.4      20.1060    0.0280000      54025.4      19.9340    0.0300000      54025.4      19.8970     0.102000
       54346.414      20.5120     0.128000      54346.4      20.4650    0.0530000      54346.4      20.0490    0.0360000      54346.4      19.8560    0.0320000      54346.4      19.8600    0.0780000
       54348.418      20.5760     0.106000      54348.4      20.3170    0.0340000      54348.4      20.0440    0.0270000      54348.4      19.9200    0.0410000      54348.4      20.4000     0.145000
       54355.428      20.5070    0.0660000      54355.4      20.3900    0.0250000      54355.4      20.0660    0.0270000      54355.4      19.8990    0.0270000      54355.4      19.9560    0.0820000
       54358.373      20.5920    0.0960000      54358.4      20.3790    0.0260000      54358.4      20.0940    0.0310000      54358.4      19.8820    0.0310000      54358.4      19.9360     0.114000
       54365.407      20.4880    0.0580000      54365.4      20.4200    0.0220000      54365.4      20.0640    0.0200000      54365.4      19.9530    0.0300000      54365.4      19.9720    0.0780000
       54381.426      20.5650    0.0680000      54381.4      20.4930    0.0320000      54381.4      20.0880    0.0240000      54381.4      19.9410    0.0250000      54381.4      19.8720    0.0690000
       54384.433      20.6280    0.0860000      54384.4      20.5270    0.0280000      54384.4      20.1490    0.0300000      54384.4      19.9220    0.0310000      54384.4      19.9710    0.0890000
       54386.418      20.5490    0.0750000      54386.4      20.4890    0.0270000      54386.4      20.1370    0.0240000      54386.4      19.9630    0.0260000      54386.4      19.8930    0.0750000
       54388.423      20.5660    0.0790000      54388.4      20.5120    0.0310000      54388.4      20.0990    0.0250000      54388.4      19.9980    0.0250000      54388.4      19.9200    0.0890000
       54392.420      20.6130     0.103000      54392.4      20.5220    0.0370000      54392.4      20.1040    0.0330000      54392.4      19.9870    0.0390000      54392.4      20.1190     0.134000
       54403.336      20.9480     0.349000      54403.3      20.4320    0.0830000      54403.3      20.0000     0.101000      54403.3      19.8580     0.129000      54403.3      20.6800     0.391000
       54404.394      20.6710     0.229000      54404.4     -99.9900     0.352000      54404.4     -99.9900     0.114000      54404.4      20.0160    0.0540000      54404.4      20.9650      1.36400
       54405.392      21.0380     0.166000      54405.4      20.5490    0.0470000      54405.4      20.1620    0.0290000      54405.4      19.9510    0.0300000      54405.4      20.0950     0.116000
       54406.330      20.8280    0.0900000      54406.3      20.5430    0.0330000      54406.3      20.1340    0.0280000      54406.3      20.0090    0.0270000      54406.3      19.9860    0.0740000
       54412.356      20.6380    0.0800000      54412.4      20.5300    0.0240000      54412.4      20.1340    0.0280000      54412.4      20.0150    0.0310000      54412.4      19.9560    0.0800000
       52234.000       20.815000     0.097000000       52234.000       20.586000     0.036000000       52234.000       20.181000     0.029000000       52234.000       20.044000     0.029000000       52234.000       20.214000      0.11800000
       51075       20.646000     0.060000000       51075       20.542000     0.031000000       51075       20.148000     0.029000000       51075       19.968000     0.035000000       51075       20.201000      0.15400000
       51133       20.487000     0.049000000       51133       20.460000     0.032000000       51133       20.127000     0.038000000       51133       19.951000     0.037000000       51133       20.132000      0.15200000
       51134       20.413000     0.056000000       51134       20.357000     0.041000000       51134       20.067000     0.028000000       51134       19.920000     0.027000000       51134       19.928000     0.084000000
       51818       20.958000     0.073000000       51818       20.732000     0.033000000       51818       20.271000     0.029000000       51818       20.123000     0.034000000       51818       20.170000      0.10600000
       51819       20.907000      0.11100000       51819       20.700000     0.043000000       51819       20.259000     0.034000000       51819       20.163000     0.044000000       51819       19.994000      0.15800000
       52170       20.536000     0.058000000       52170       20.574000     0.027000000       52170       20.225000     0.026000000       52170       20.171000     0.033000000       52170       20.269000      0.12700000
       52171       20.710000     0.076000000       52171       20.626000     0.034000000       52171       20.286000     0.034000000       52171       20.029000     0.040000000       52171       20.199000      0.12200000
       52173       20.649000     0.076000000       52173       20.514000     0.030000000       52173       20.223000     0.031000000       52173       20.129000     0.038000000       52173       20.273000      0.16200000
       52234       20.818000     0.082000000       52234       20.528000     0.036000000       52234       20.179000     0.030000000       52234       20.055000     0.030000000       52234       20.227000      0.11900000
       52261       20.685000     0.066000000       52261       20.567000     0.030000000       52261       20.218000     0.027000000       52261       20.062000     0.032000000       52261       20.205000      0.10700000
       52283       20.532000     0.064000000       52283       20.541000     0.041000000       52283       20.254000     0.048000000       52283       20.050000     0.044000000       52283       20.036000      0.14800000
       52287       20.601000     0.057000000       52287       20.524000     0.026000000       52287       20.221000     0.029000000       52287       20.017000     0.029000000       52287       20.124000      0.10400000
       52552       20.943000      0.11900000       52552       20.691000     0.037000000       52552       20.349000     0.039000000       52552       20.258000     0.059000000       52552       20.033000      0.13700000
       52557       20.782000     0.078000000       52557       20.745000     0.040000000       52557       20.306000     0.030000000       52557       20.199000     0.042000000       52557       20.035000      0.11600000
       52872       20.390000     0.068000000       52872       20.341000     0.034000000       52872       19.961000     0.031000000       52872       19.940000     0.038000000       52872       19.868000     0.083000000
       52908       20.633000     0.062000000       52908       20.445000     0.025000000       52908       20.092000     0.026000000       52908       19.959000     0.029000000       52908       20.009000      0.10700000
       52912       20.522000     0.063000000       52912       20.407000     0.031000000       52912       20.115000     0.027000000       52912       19.990000     0.031000000       52912       19.976000     0.097000000
       52934       20.600000     0.069000000       52934       20.460000     0.030000000       52934       20.075000     0.031000000       52934       19.926000     0.037000000       52934       20.152000      0.14100000
       52936       20.586000     0.057000000       52936       20.478000     0.026000000       52936       20.118000     0.025000000       52936       19.920000     0.031000000       52936       19.802000     0.080000000
       53270       20.477000     0.056000000       53270       20.406000     0.023000000       53270       20.030000     0.024000000       53270       19.864000     0.028000000       53270       19.770000     0.071000000
       53272       20.547000     0.063000000       53272       20.434000     0.027000000       53272       20.065000     0.026000000       53272       19.883000     0.033000000       53272       20.088000     0.099000000
       53286       20.541000     0.071000000       53286       20.393000     0.027000000       53286       20.000000     0.023000000       53286       19.898000     0.028000000       53286       19.926000     0.089000000
       53288       20.527000     0.056000000       53288       20.385000     0.030000000       53288       19.984000     0.021000000       53288       19.808000     0.030000000       53288       19.935000     0.083000000
       53294       20.360000     0.062000000       53294       20.348000     0.033000000       53294       20.116000     0.048000000       53294       19.921000     0.035000000       53294       19.956000     0.094000000
       53298       20.259000     0.055000000       53298       20.291000     0.034000000       53298       19.935000     0.031000000       53298       19.808000     0.038000000       53298       19.905000      0.12500000
       53312       20.522000      0.14000000       53312       20.165000     0.041000000       53312       19.982000     0.038000000       53312       19.856000     0.046000000       53312       19.973000      0.16600000
       53314       20.228000     0.065000000       53314       20.237000     0.027000000       53314       19.948000     0.031000000       53314       19.827000     0.032000000       53314       19.742000     0.097000000
       53319       20.264000     0.064000000       53319       20.179000     0.031000000       53319       19.908000     0.028000000       53319       19.776000     0.035000000       53319       19.647000      0.10600000
