       51075.400      20.9150    0.0790000      51075.4      20.2770    0.0210000      51075.4      20.1920    0.0270000      51075.4      20.2480    0.0480000      51075.4      19.9130     0.127000
       51818.370      21.0640    0.0830000      51818.4      20.4150    0.0230000      51818.4      20.2830    0.0260000      51818.4      20.2150    0.0380000      51818.4      20.1340     0.115000
       52170.421      20.6890    0.0680000      52170.4      20.0720    0.0190000      52170.4      20.0460    0.0230000      52170.4      20.1140    0.0360000      52170.4      19.7670    0.0840000
       52173.334      20.6800    0.0770000      52173.3      20.1250    0.0200000      52173.3      20.0370    0.0240000      52173.3      20.0190    0.0360000      52173.3      20.0920     0.138000
       52224.314      20.6190    0.0620000      52224.3      19.9860    0.0170000      52224.3      19.9670    0.0190000      52224.3      19.9580    0.0270000      52224.3      19.7700    0.0750000
       52234.271      20.4780    0.0630000      52234.3      19.9490    0.0180000      52234.3      19.9430    0.0210000      52234.3      19.9340    0.0290000      52234.3      19.7850    0.0800000
       52261.234     -99.9900    0.0630000      52261.2      19.9890    0.0170000      52261.2      19.9290    0.0190000      52261.2      19.8890    0.0280000      52261.2      19.7230    0.0710000
       52283.101      20.7890    0.0820000      52283.1      20.0750    0.0210000      52283.1      19.9730    0.0290000      52283.1      19.9590    0.0390000      52283.1      19.9010     0.129000
       52287.115      20.7030    0.0630000      52287.1      20.0560    0.0180000      52287.1      19.9670    0.0240000      52287.1      19.9800    0.0310000      52287.1      19.8180    0.0780000
       52552.433      20.4830    0.0760000      52552.4      19.8520    0.0190000      52552.4      19.8440    0.0250000      52552.4      19.8480    0.0370000      52552.4      19.6850    0.0970000
       52557.408      20.4480    0.0580000      52557.4      19.8970    0.0160000      52557.4      19.8570    0.0210000      52557.4      19.8090    0.0320000      52557.4      19.8400    0.0960000
       52908.382      20.6350    0.0650000      52908.4      20.0410    0.0180000      52908.4      19.9600    0.0200000      52908.4      20.0010    0.0330000      52908.4      19.8890    0.0980000
       52912.362      20.5980    0.0660000      52912.4      20.0700    0.0180000      52912.4      19.9800    0.0200000      52912.4      19.9760    0.0300000      52912.4      19.8560    0.0850000
       52934.314      20.4200    0.0620000      52934.3      19.9770    0.0180000      52934.3      19.9430    0.0230000      52934.3      20.0210    0.0380000      52934.3      19.9000     0.116000
       52936.310      20.5820    0.0580000      52936.3      19.9550    0.0160000      52936.3      19.8890    0.0200000      52936.3      19.9710    0.0320000      52936.3      19.7460    0.0830000
       53270.374      21.0750    0.0790000      53270.4      20.3620    0.0220000      53270.4      20.2850    0.0270000      53270.4      20.2170    0.0340000      53270.4      20.0400    0.0850000
       53272.424      20.9970    0.0950000      53272.4      20.3520    0.0220000      53272.4      20.2900    0.0280000      53272.4      20.2370    0.0400000      53272.4      20.1130     0.111000
       53286.393      21.0070     0.104000      53286.4      20.3630    0.0240000      53286.4      20.2830    0.0270000      53286.4      20.2380    0.0390000      53286.4      20.0490    0.0990000
       53288.351      21.1440    0.0880000      53288.4      20.3550    0.0210000      53288.3      20.2550    0.0240000      53288.4      20.2660    0.0350000      53288.4      19.9640    0.0870000
       53294.399      21.3110     0.126000      53294.4      20.4540    0.0250000      53294.4      20.3000    0.0340000      53294.4      20.2390    0.0480000      53294.4      20.0770     0.109000
       53296.346      20.9450    0.0900000      53296.3      20.4310    0.0300000      53296.3      20.2480    0.0330000      53296.3      20.2760    0.0480000      53296.3      19.9720     0.110000
       53298.396      21.1290     0.109000      53298.4      20.4090    0.0250000      53298.4      20.2480    0.0380000      53298.4      20.2750    0.0580000      53298.4      20.0880     0.151000
       53302.347      21.0130     0.137000      53302.3      20.3680    0.0390000      53302.3      20.2550    0.0380000      53302.3      20.2010    0.0440000      53302.3      20.1350     0.107000
       53312.302      21.4830     0.296000      53312.3      20.4270    0.0470000      53312.3      20.3280    0.0450000      53312.3      20.2820    0.0690000      53312.3      19.9190     0.131000
       53314.304      21.2000     0.133000      53314.3      20.4200    0.0320000      53314.3      20.3410    0.0360000      53314.3      20.2660    0.0480000      53314.3      19.8950     0.110000
       53319.291      21.1770     0.137000      53319.3      20.4220    0.0320000      53319.3      20.2750    0.0370000      53319.3      20.3060    0.0560000      53319.3      19.9320     0.129000
       53616.408      21.0210     0.124000      53616.4      20.4220    0.0270000      53616.4      20.3710    0.0340000      53616.4      20.2390    0.0490000      53616.4      20.1590     0.146000
       53626.384      21.2910     0.198000      53626.4     -99.9900    0.0580000      53626.4      20.3480    0.0350000      53626.4      20.3390    0.0710000      53626.4      20.0100     0.188000
       53628.369      21.1210     0.198000      53628.4      20.3750    0.0510000      53628.4      20.2740    0.0450000      53628.4      20.1810    0.0550000      53628.4      19.9010     0.134000
       53637.371      20.9400     0.163000      53637.4      20.3700    0.0850000      53637.4      20.3280    0.0460000      53637.4      20.3080    0.0620000      53637.4      20.2330     0.192000
       53639.416      20.9110    0.0970000      53639.4      20.4030    0.0260000      53639.4      20.2850    0.0260000      53639.4      20.2940    0.0370000      53639.4      20.2620     0.108000
       53641.415      20.9480    0.0960000      53641.4      20.3710    0.0240000      53641.4      20.3270    0.0260000      53641.4      20.3540    0.0410000      53641.4      20.0140     0.107000
       53657.374      21.2990     0.325000      53657.4      20.4610    0.0660000      53657.4      20.3140    0.0640000      53657.4      20.3120    0.0730000      53657.4      20.1680     0.183000
       53663.359      21.2500     0.303000      53663.4      20.2250    0.0450000      53663.4      20.3300    0.0520000      53663.4      20.2830    0.0670000      53663.4      20.0230     0.114000
       53665.337      20.8620     0.164000      53665.3      20.2910    0.0740000      53665.3      20.3620    0.0460000      53665.3      20.3140    0.0590000      53665.3      20.5860     0.289000
       53666.429      21.1970     0.229000      53666.4     -99.9900    0.0700000      53666.4      20.3200    0.0400000      53666.4      20.3130    0.0500000      53666.4      20.3330     0.202000
       53668.348      20.9070     0.132000      53668.4      20.3680    0.0310000      53668.3      20.4380    0.0420000      53668.3      20.2810    0.0560000      53668.3      20.0810     0.127000
       53669.436      20.6430     0.142000      53669.4     -99.9900    0.0440000      53669.4      20.3360    0.0470000      53669.4      20.2360    0.0550000      53669.4      20.1350     0.139000
       53670.353      21.1760     0.144000      53670.4      20.4650    0.0320000      53670.4      20.2870    0.0330000      53670.4      20.3580    0.0570000      53670.4      20.1580     0.145000
       53673.321      20.9390    0.0840000      53673.3      20.3680    0.0210000      53673.3      20.3160    0.0250000      53673.3      20.2870    0.0350000      53673.3      20.1030    0.0900000
       53675.318      20.8660    0.0850000      53675.3      20.3430    0.0230000      53675.3      20.3210    0.0320000      53675.3      20.2230    0.0460000      53675.3      20.1030     0.115000
       53677.339      20.9330    0.0810000      53677.3      20.3530    0.0210000      53677.3      20.3260    0.0250000      53677.3      20.2580    0.0340000      53677.3      20.1820    0.0870000
       53680.326      21.0960    0.0980000      53680.3      20.3500    0.0230000      53680.3      20.3330    0.0300000      53680.3      20.2150    0.0400000      53680.3      20.1930     0.113000
       53683.384      20.9090     0.107000      53683.4      20.3090    0.0220000      53683.4      20.2770    0.0370000      53683.4      20.1800    0.0520000      53683.4      19.9830     0.134000
       53686.325      21.4770     0.419000      53686.3      20.4190    0.0730000      53686.3      20.3570    0.0740000      53686.3      20.3380    0.0740000      53686.3     -99.9900     0.144000
       53693.328      20.8120     0.310000      53693.3      20.3120    0.0820000      53693.3      20.4590    0.0700000      53693.3      20.2880    0.0730000      53693.3      19.9630     0.150000
       53698.325      20.9720     0.178000      53698.3      20.4570     0.116000      53698.3      20.3000    0.0380000      53698.3      20.3060    0.0550000      53698.3      20.3910     0.355000
       53699.349      20.9100     0.112000      53699.4      20.3720    0.0280000      53699.3      20.3330    0.0310000      53699.3      20.2370    0.0430000      53699.3      20.4060     0.131000
       53704.311      20.9500     0.103000      53704.3      20.3280    0.0240000      53704.3      20.3020    0.0330000      53704.3      20.3000    0.0560000      53704.3      20.0570     0.139000
       53989.407      20.7800     0.154000      53989.4      20.6010    0.0650000      53989.4      20.4090    0.0530000      53989.4      20.3530    0.0570000      53989.4      20.0480    0.0990000
       53995.446      21.0910    0.0790000      53995.4      20.4980    0.0260000      53995.4      20.4540    0.0290000      53995.4      20.3690    0.0390000      53995.4      20.1750    0.0830000
       54000.383      21.6130     0.167000      54000.4      20.4940    0.0260000      54000.4      20.5040    0.0340000      54000.4      20.3520    0.0500000      54000.4      20.2810     0.155000
       54007.433     -99.9900    0.0870000      54007.4      20.5660    0.0260000      54007.4      20.4550    0.0320000      54007.4      20.5450    0.0550000      54007.4      20.3150     0.111000
       54009.357      21.3680    0.0930000      54009.4      20.5100    0.0210000      54009.4      20.5200    0.0280000      54009.4      20.4190    0.0370000      54009.4      20.2470    0.0930000
       54011.421      21.1110    0.0700000      54011.4      20.5590    0.0270000      54011.4      20.4150    0.0250000      54011.4      20.4060    0.0390000      54011.4      20.0370    0.0710000
       54025.420      21.1450     0.125000      54025.4      20.4910    0.0300000      54025.4      20.5870    0.0420000      54025.4      20.4570    0.0550000      54025.4      20.2210     0.133000
       54346.414      21.0110     0.174000      54346.4      20.4340    0.0470000      54346.4      20.3340    0.0480000      54346.4      20.4010    0.0560000      54346.4      20.2610     0.113000
       54348.418      20.9750     0.126000      54348.4      20.3740    0.0300000      54348.4      20.3510    0.0320000      54348.4      20.3590    0.0470000      54348.4      20.3020     0.136000
       54355.428      20.9390    0.0710000      54355.4      20.3860    0.0230000      54355.4      20.3030    0.0280000      54355.4      20.3920    0.0380000      54355.4      20.1580    0.0890000
       54358.374     -99.9900     0.126000      54358.4      20.3430    0.0380000      54358.4      20.3500    0.0330000      54358.4      20.3600    0.0530000      54358.4      20.3010     0.157000
       54365.407      21.0020    0.0720000      54365.4      20.3800    0.0240000      54365.4      20.3430    0.0260000      54365.4      20.3120    0.0440000      54365.4      20.0120    0.0770000
       54381.426     -99.9900    0.0670000      54381.4      20.3850    0.0220000      54381.4      20.2850    0.0240000      54381.4      20.3090    0.0360000      54381.4      20.1800    0.0800000
       54384.433      20.8950    0.0800000      54384.4      20.3860    0.0260000      54384.4      20.3180    0.0330000      54384.4      20.2720    0.0350000      54384.4      20.3740     0.113000
       54386.418      20.8730    0.0780000      54386.4      20.3990    0.0280000      54386.4      20.3290    0.0280000      54386.4      20.3370    0.0400000      54386.4      20.0690    0.0840000
       54388.423      20.8860    0.0820000      54388.4      20.3610    0.0240000      54388.4      20.3070    0.0270000      54388.4      20.3110    0.0420000      54388.4      20.1100    0.0910000
       54392.420      20.9120     0.101000      54392.4      20.3580    0.0320000      54392.4      20.4050    0.0360000      54392.4      20.3080    0.0560000      54392.4      20.3200     0.147000
       54403.337      20.9210     0.353000      54403.3      20.3840    0.0780000      54403.3      20.3070     0.145000      54403.3      20.3230     0.256000      54403.3      19.8810     0.173000
       54404.394      20.6180     0.189000      54404.4     -99.9900     0.202000      54404.4      20.1760     0.155000      54404.4      20.2900    0.0760000      54404.4      19.9690     0.535000
       54405.392      20.9970     0.136000      54405.4      20.3290    0.0360000      54405.4      20.2440    0.0320000      54405.4      20.3200    0.0470000      54405.4      20.2120     0.115000
       54406.330      20.9190    0.0740000      54406.3      20.3600    0.0350000      54406.3      20.2780    0.0320000      54406.3      20.4110    0.0450000      54406.3      20.2350    0.0870000
       54412.356      20.7640    0.0720000      54412.4      20.3740    0.0270000      54412.4      20.2940    0.0280000      54412.4      20.3590    0.0410000      54412.4      20.0710      1.00000
       52234.000       20.527000     0.061000000       52234.000       19.963000     0.028000000       52234.000       19.931000     0.023000000       52234.000       19.945000     0.031000000       52234.000       19.783000     0.079000000
       51075       20.926000     0.071000000       51075       20.324000     0.024000000       51075       20.231000     0.030000000       51075       20.250000     0.046000000       51075       19.884000      0.12200000
       51133       20.798000     0.062000000       51133       20.214000     0.030000000       51133       20.156000     0.034000000       51133       20.217000     0.046000000       51133       19.834000      0.10800000
       51134       20.732000     0.050000000       51134       20.212000     0.026000000       51134       20.130000     0.025000000       51134       20.171000     0.034000000       51134       19.988000     0.085000000
       51818       21.051000     0.070000000       51818       20.416000     0.030000000       51818       20.273000     0.030000000       51818       20.215000     0.037000000       51818       20.071000      0.10600000
       52170       20.721000     0.060000000       52170       20.095000     0.026000000       52170       20.057000     0.027000000       52170       20.114000     0.035000000       52170       19.752000     0.080000000
       52171       20.673000     0.064000000       52171       20.135000     0.028000000       52171       20.027000     0.029000000       52171       20.084000     0.035000000       52171       19.987000      0.10200000
       52173       20.710000     0.066000000       52173       20.146000     0.023000000       52173       20.030000     0.030000000       52173       19.968000     0.041000000       52173       20.055000      0.13100000
       52207       20.596000     0.059000000       52207       20.017000     0.026000000       52207       19.953000     0.026000000       52207       19.910000     0.032000000       52207       19.877000     0.085000000
       52224       20.649000     0.054000000       52224       20.007000     0.030000000       52224       19.963000     0.022000000       52224       19.955000     0.034000000       52224       19.753000     0.071000000
       52234       20.527000     0.059000000       52234       19.958000     0.026000000       52234       19.930000     0.024000000       52234       19.940000     0.030000000       52234       19.783000     0.079000000
       52283       20.720000     0.071000000       52283       20.082000     0.032000000       52283       19.980000     0.036000000       52283       19.952000     0.047000000       52283       19.893000      0.12500000
       52287       20.700000     0.054000000       52287       20.069000     0.023000000       52287       19.954000     0.023000000       52287       19.949000     0.031000000       52287       19.810000     0.077000000
       52552       20.499000      0.11500000       52552       19.886000     0.027000000       52552       19.832000     0.028000000       52552       19.810000     0.040000000       52552       19.663000      0.10000000
       52557       20.451000     0.050000000       52557       19.928000     0.031000000       52557       19.848000     0.023000000       52557       19.793000     0.031000000       52557       19.819000     0.091000000
       52872       20.814000      0.10000000       52872       20.041000     0.024000000       52872       19.966000     0.027000000       52872       19.958000     0.034000000       52872       19.866000     0.080000000
       52908       20.623000     0.055000000       52908       20.074000     0.028000000       52908       19.983000     0.023000000       52908       20.014000     0.033000000       52908       19.894000     0.096000000
       52912       20.642000     0.059000000       52912       20.079000     0.024000000       52912       19.970000     0.022000000       52912       19.957000     0.030000000       52912       19.832000     0.082000000
       52934       20.453000     0.061000000       52934       20.006000     0.033000000       52934       19.968000     0.026000000       52934       20.033000     0.040000000       52934       19.905000      0.11300000
       52936       20.606000     0.051000000       52936       19.999000     0.024000000       52936       19.947000     0.023000000       52936       20.004000     0.033000000       52936       19.739000     0.079000000
       53270       21.085000     0.079000000       53270       20.375000     0.023000000       53270       20.291000     0.032000000       53270       20.215000     0.036000000       53270       20.007000     0.091000000
       53272       21.078000     0.082000000       53272       20.419000     0.027000000       53272       20.320000     0.032000000       53272       20.261000     0.040000000       53272       20.124000      0.10400000
       53286       21.033000     0.091000000       53286       20.381000     0.027000000       53286       20.286000     0.032000000       53286       20.218000     0.038000000       53286       19.984000     0.093000000
       53288       21.156000     0.077000000       53288       20.408000     0.034000000       53288       20.294000     0.027000000       53288       20.293000     0.035000000       53288       19.949000     0.083000000
       53298       21.182000     0.098000000       53298       20.462000     0.028000000       53298       20.260000     0.037000000       53298       20.294000     0.055000000       53298       20.056000      0.14000000
       53294       21.288000      0.10500000       53294       20.455000     0.028000000       53294       20.303000     0.037000000       53294       20.258000     0.049000000       53294       20.053000      0.10500000
       53312       21.532000      0.32500000       53312       20.429000     0.051000000       53312       20.335000     0.050000000       53312       20.287000     0.074000000       53312       19.899000      0.14200000
       53314       21.123000      0.11100000       53314       20.409000     0.035000000       53314       20.344000     0.048000000       53314       20.247000     0.048000000       53314       19.857000      0.10700000
       53319       21.220000      0.12100000       53319       20.437000     0.038000000       53319       20.255000     0.038000000       53319       20.292000     0.055000000       53319       19.884000      0.12300000
