       51075.404      20.4590    0.0540000      51075.4      20.3530    0.0210000      51075.4      20.3930    0.0280000      51075.4      20.2330    0.0390000      51075.4      20.1930     0.198000
       51818.374      20.4910    0.0570000      51818.4      20.3420    0.0220000      51818.4      20.4190    0.0260000      51818.4      20.1990    0.0330000      51818.4      20.1090     0.141000
       52170.425      20.1970    0.0520000      52170.4      20.0540    0.0180000      52170.4      20.1010    0.0240000      52170.4      19.9750    0.0290000      52170.4      20.2090     0.160000
       52171.362      20.2030    0.0530000      52171.4      20.0510    0.0190000      52171.4      20.1370    0.0240000      52171.4      20.0040    0.0310000      52171.4      20.0680     0.132000
       52173.338      20.1950    0.0600000      52173.3      20.0530    0.0190000      52173.3      20.1050    0.0250000      52173.3      20.0040    0.0360000      52173.3      20.1810     0.189000
       52224.319      20.2200    0.0520000      52224.3      20.0830    0.0180000      52224.3      20.1210    0.0220000      52224.3      19.9830    0.0260000      52224.3      20.2300     0.133000
       52234.275      20.2930    0.0640000      52234.3      20.1530    0.0210000      52234.3      20.1880    0.0250000      52234.3      20.0830    0.0300000      52234.3      20.1330     0.128000
       52261.238      20.4660    0.0620000      52261.2      20.1940    0.0190000      52261.2      20.2090    0.0240000      52261.2      20.1080    0.0290000      52261.2      19.9630     0.107000
       52283.106      20.3990    0.0750000      52283.1      20.1440    0.0220000      52283.1      20.2270    0.0320000      52283.1      20.0300    0.0400000      52283.1      19.9370     0.166000
       52287.119     -99.9900    0.0590000      52287.1      20.1520    0.0180000      52287.1      20.2160    0.0260000      52287.1      20.1050    0.0310000      52287.1      19.9430     0.112000
       52552.438      20.5470    0.0900000      52552.4     -99.9900    0.0250000      52552.4      20.3200    0.0380000      52552.4      20.1040    0.0430000      52552.4      20.0940     0.190000
       52557.412      20.6990    0.0800000      52557.4      20.4050    0.0220000      52557.4      20.3910    0.0310000      52557.4      20.1560    0.0360000      52557.4      20.3310     0.190000
       52908.386      20.3450    0.0640000      52908.4      20.0480    0.0170000      52908.4      20.1810    0.0250000      52908.4      20.0200    0.0330000      52908.4      20.0880     0.142000
       52912.366      20.2350    0.0540000      52912.4      20.0660    0.0180000      52912.4      20.1400    0.0230000      52912.4      20.0390    0.0290000      52912.4      19.9980     0.116000
       52934.318      20.2480    0.0580000      52934.3      20.0640    0.0180000      52934.3      20.1030    0.0270000      52934.3      19.9290    0.0320000      52934.3      20.1270     0.157000
       52936.314      20.2650    0.0510000      52936.3      20.0780    0.0170000      52936.3      20.1570    0.0230000      52936.3      20.0290    0.0280000      52936.3      20.1670     0.136000
       53270.378      20.5690    0.0600000      53270.4      20.3560    0.0250000      53270.4      20.3440    0.0240000      53270.4      20.2130    0.0320000      53270.4      20.5730     0.171000
       53272.428      20.5640    0.0780000      53272.4      20.3670    0.0230000      53272.4      20.3040    0.0270000      53272.4      20.1810    0.0330000      53272.4      20.7350     0.252000
       53286.397      20.6040    0.0810000      53286.4      20.3890    0.0250000      53286.4      20.3340    0.0280000      53286.4      20.2260    0.0340000      53286.4      20.0040     0.123000
       53288.356      20.5680    0.0660000      53288.4      20.4200    0.0210000      53288.4      20.3790    0.0270000      53288.4      20.2040    0.0310000      53288.4      20.3500     0.150000
       53294.403      20.6470    0.0790000      53294.4      20.4460    0.0250000      53294.4      20.3760    0.0320000      53294.4      20.1690    0.0330000      53294.4      20.3210     0.169000
       53296.350      20.7040    0.0880000      53296.4      20.4530    0.0310000      53296.3      20.5080    0.0440000      53296.3      20.1990    0.0430000      53296.4      20.0350     0.134000
       53298.400      20.6970    0.0810000      53298.4      20.4290    0.0220000      53298.4      20.4450    0.0380000      53298.4      20.2010    0.0430000      53298.4      20.0980     0.144000
       53302.351      20.5370    0.0970000      53302.4      20.3830    0.0370000      53302.3      20.5390    0.0450000      53302.4      20.1900    0.0380000      53302.4      20.4260     0.169000
       53312.307      20.5530     0.119000      53312.3      20.4980    0.0460000      53312.3      20.4680    0.0440000      53312.3      20.2050    0.0510000      53312.3      20.3420     0.242000
       53314.308      20.6840     0.100000      53314.3      20.4380    0.0340000      53314.3      20.3630    0.0340000      53314.3      20.1810    0.0410000      53314.3      19.9280     0.145000
       53319.296      20.6400     0.115000      53319.3      20.5100    0.0340000      53319.3      20.3890    0.0480000      53319.3      20.2370    0.0570000      53319.3      20.0630     0.193000
       53616.412      20.5280    0.0880000      53616.4      20.2360    0.0230000      53616.4      20.2480    0.0310000      53616.4      20.1760    0.0390000      53616.4      20.5730     0.242000
       53628.374      20.2300    0.0910000      53628.4      20.1660    0.0350000      53628.4      20.2430    0.0400000      53628.4      20.0680    0.0450000      53628.4      20.7600     0.333000
       53639.421      20.3430    0.0700000      53639.4      20.1400    0.0220000      53639.4      20.2550    0.0270000      53639.4      20.0970    0.0310000      53639.4      20.0200     0.118000
       53641.420      20.2830    0.0630000      53641.4      20.2190    0.0220000      53641.4      20.1590    0.0240000      53641.4      20.0440    0.0290000      53641.4      20.0890     0.130000
       53657.379      20.4890     0.162000      53657.4      20.2110    0.0540000      53657.4      20.2020    0.0580000      53657.4      20.0820    0.0600000      53657.4      20.1860     0.247000
       53663.363      20.5990     0.147000      53663.4      20.1000    0.0380000      53663.4      20.2350    0.0410000      53663.4      20.1240    0.0410000      53663.4      20.3960     0.172000
       53666.433      20.2170     0.129000      53666.4      20.1330    0.0430000      53666.4      20.1790    0.0450000      53666.4      20.1160    0.0480000      53666.4      20.6630     0.352000
       53668.353      20.3060    0.0880000      53668.4      20.1720    0.0280000      53668.4      20.2280    0.0360000      53668.4      20.0180    0.0410000      53668.4      20.3000     0.210000
       53669.440      20.4140     0.137000      53669.4      20.1680    0.0340000      53669.4      20.1580    0.0400000      53669.4      20.0390    0.0440000      53669.4      19.8230     0.170000
       53670.358      20.4010    0.0860000      53670.4      20.1780    0.0230000      53670.4      20.1220    0.0310000      53670.4      20.0460    0.0390000      53670.4      20.1080     0.169000
       53673.326      20.4500    0.0610000      53673.3      20.2330    0.0190000      53673.3      20.1970    0.0230000      53673.3      20.0680    0.0260000      53673.3      20.2580     0.122000
       53675.322      20.4200    0.0670000      53675.3      20.2190    0.0190000      53675.3      20.1360    0.0260000      53675.3      20.0050    0.0310000      53675.3      20.2920     0.182000
       53677.344      20.4980    0.0740000      53677.3      20.2320    0.0200000      53677.3      20.2350    0.0250000      53677.3      20.0740    0.0280000      53677.3      20.1080     0.108000
       53680.330      20.4350    0.0720000      53680.3      20.2320    0.0210000      53680.3      20.1940    0.0270000      53680.3      20.1850    0.0350000      53680.3      20.1310     0.132000
       53683.389      20.5230    0.0920000      53683.4      20.2930    0.0210000      53683.4      20.2280    0.0300000      53683.4      20.1440    0.0450000      53683.4      20.4300     0.226000
       53686.330      20.3130     0.153000      53686.3      20.3060    0.0580000      53686.3      20.2380    0.0550000      53686.3      20.0820    0.0500000      53686.3      19.8020     0.123000
       53693.332      20.3860     0.227000      53693.3     -99.9900    0.0750000      53693.3      20.1720    0.0640000      53693.3      19.9520    0.0530000      53693.3      21.5060     0.826000
       53699.353      20.3950    0.0890000      53699.4      20.2630    0.0250000      53699.4      20.2780    0.0300000      53699.4      20.0560    0.0320000      53699.4      19.9410     0.119000
       53704.315      20.4960     0.100000      53704.3      20.2320    0.0220000      53704.3      20.2420    0.0330000      53704.3      20.1410    0.0420000      53704.3      20.1400     0.182000
       53989.412      20.5900     0.123000      53989.4      20.4420    0.0490000      53989.4      20.3660    0.0450000      53989.4      20.2110    0.0400000      53989.4      20.3720     0.134000
       53995.450     -99.9900    0.0630000      53995.5      20.4140    0.0290000      53995.4      20.3020    0.0230000      53995.4      20.1820    0.0300000      53995.5      20.2770     0.122000
       54000.387      20.8000    0.0910000      54000.4      20.3610    0.0230000      54000.4      20.2660    0.0270000      54000.4      20.1740    0.0380000      54000.4      20.3830     0.174000
       54007.437      20.6580    0.0800000      54007.4      20.3640    0.0240000      54007.4      20.2660    0.0290000      54007.4      20.1810    0.0320000      54007.4      20.5160     0.164000
       54009.361      20.6300    0.0610000      54009.4      20.3730    0.0190000      54009.4      20.3550    0.0230000      54009.4      20.1630    0.0260000      54009.4      20.2260     0.104000
       54011.425     -99.9900    0.0540000      54011.4      20.3640    0.0230000      54011.4      20.3600    0.0260000      54011.4      20.1870    0.0260000      54011.4      20.0720    0.0910000
       54012.438      20.5450    0.0720000      54012.4      20.3330    0.0350000      54012.4      20.2990    0.0320000      54012.4      20.1560    0.0350000      54012.4      20.0830     0.132000
       54025.424      20.4280    0.0810000      54025.4      20.2650    0.0270000      54025.4      20.2320    0.0350000      54025.4      20.0500    0.0350000      54025.4      20.2070     0.154000
       54346.418      20.6270     0.131000      54346.4      20.4120    0.0620000      54346.4      20.3510    0.0430000      54346.4      20.2360    0.0400000      54346.4      20.3540     0.172000
       54348.422      20.6630     0.102000      54348.4      20.3800    0.0310000      54348.4      20.2990    0.0360000      54348.4      20.0920    0.0370000      54348.4      20.3950     0.182000
       54355.432      20.4390    0.0550000      54355.4      20.3220    0.0220000      54355.4      20.3110    0.0260000      54355.4      20.1360    0.0320000      54355.4      20.0580     0.104000
       54358.378      20.4650     0.114000      54358.4      20.3520    0.0310000      54358.4      20.3480    0.0340000      54358.4      20.1520    0.0380000      54358.4      20.1310     0.150000
       54365.411      20.5120    0.0570000      54365.4      20.3180    0.0290000      54365.4      20.2710    0.0230000      54365.4      20.0890    0.0270000      54365.4      20.0510     0.101000
       54381.430      20.4530    0.0560000      54381.4      20.2790    0.0290000      54381.4      20.2340    0.0290000      54381.4      20.1370    0.0310000      54381.4      20.0440    0.0890000
       54384.437      20.4340    0.0680000      54384.4      20.2600    0.0290000      54384.4      20.2660    0.0260000      54384.4      20.1390    0.0330000      54384.4      20.2700     0.145000
       54386.423      20.3320    0.0600000      54386.4      20.2620    0.0300000      54386.4      20.2210    0.0280000      54386.4      20.1780    0.0350000      54386.4      20.1170     0.135000
       54388.427      20.4640    0.0720000      54388.4      20.2220    0.0260000      54388.4      20.2490    0.0260000      54388.4      20.0900    0.0320000      54388.4      20.4610     0.157000
       54392.425      20.3550    0.0700000      54392.4      20.3110    0.0280000      54392.4      20.2250    0.0320000      54392.4      20.0800    0.0350000      54392.4      20.1310     0.139000
       54404.399     -99.9900     0.256000      54404.4      20.3050     0.117000      54404.4      20.3000    0.0540000      54404.4      20.0780    0.0430000      54404.4      19.9790     0.160000
       54405.396      20.3860     0.126000      54405.4      20.2280    0.0380000      54405.4      20.3100    0.0380000      54405.4      20.1410    0.0430000      54405.4      20.1220     0.156000
       54406.335      20.4320    0.0690000      54406.3      20.2650    0.0300000      54406.3     -99.9900    0.0300000      54406.3      20.0970    0.0280000      54406.3      19.9770    0.0850000
       54412.360      20.4230    0.0700000      54412.4      20.2560    0.0340000      54412.4      20.2780    0.0240000      54412.4      20.1450    0.0280000      54412.4      20.0260     0.103000
       52234.000       20.289000     0.062000000       52234.000       20.186000     0.035000000       52234.000       20.180000     0.028000000       52234.000       20.083000     0.044000000       52234.000       20.107000      0.12300000
       51075       20.466000     0.048000000       51075       20.331000     0.024000000       51075       20.395000     0.030000000       51075       20.229000     0.039000000       51075       20.100000      0.16700000
       51133       20.402000     0.048000000       51133       20.237000     0.043000000       51133       20.316000     0.038000000       51133       20.163000     0.054000000       51133       20.077000      0.15800000
       51134       20.377000     0.044000000       51134       20.284000     0.028000000       51134       20.343000     0.027000000       51134       20.140000     0.032000000       51134       20.510000      0.17800000
       51818       20.493000     0.048000000       51818       20.342000     0.025000000       51818       20.372000     0.028000000       51818       20.191000     0.033000000       51818       20.096000      0.12200000
       51874       20.411000     0.061000000       51874       20.191000     0.025000000       51874       20.276000     0.046000000       51874       20.010000     0.034000000       51874       20.058000      0.15600000
       52170       20.236000     0.050000000       52170       20.091000     0.023000000       52170       20.152000     0.025000000       52170       20.015000     0.029000000       52170       20.159000      0.12800000
       52171       20.219000     0.057000000       52171       20.061000     0.025000000       52171       20.149000     0.024000000       52171       19.999000     0.033000000       52171       20.104000      0.11600000
       52173       20.199000     0.052000000       52173       20.069000     0.025000000       52173       20.128000     0.031000000       52173       20.032000     0.037000000       52173       20.238000      0.17400000
       52207       20.197000     0.049000000       52207       20.102000     0.030000000       52207       20.120000     0.026000000       52207       19.982000     0.029000000       52207       19.940000      0.10700000
       52234       20.312000     0.058000000       52234       20.167000     0.029000000       52234       20.175000     0.027000000       52234       20.081000     0.035000000       52234       20.091000      0.11200000
       52261       20.440000     0.053000000       52261       20.207000     0.025000000       52261       20.204000     0.023000000       52261       20.097000     0.030000000       52261       19.985000     0.094000000
       52283       20.384000     0.059000000       52283       20.144000     0.028000000       52283       20.240000     0.032000000       52283       20.024000     0.039000000       52283       19.924000      0.14700000
       52287       20.435000     0.050000000       52287       20.181000     0.041000000       52287       20.234000     0.029000000       52287       20.108000     0.030000000       52287       19.888000     0.093000000
       52552       20.611000     0.078000000       52552       20.396000     0.037000000       52552       20.349000     0.043000000       52552       20.130000     0.044000000       52552       20.066000      0.16400000
       52557       20.723000     0.071000000       52557       20.438000     0.036000000       52557       20.414000     0.034000000       52557       20.173000     0.037000000       52557       20.288000      0.16300000
       52872       20.165000     0.058000000       52872       20.028000     0.026000000       52872       20.128000     0.029000000       52872       20.060000     0.032000000       52872       20.126000      0.12200000
       52908       20.324000     0.072000000       52908       20.056000     0.035000000       52908       20.166000     0.028000000       52908       20.025000     0.033000000       52908       20.059000      0.12500000
       52912       20.187000     0.058000000       52912       20.091000     0.023000000       52912       20.128000     0.024000000       52912       20.041000     0.028000000       52912       19.978000     0.098000000
       52934       20.278000     0.053000000       52934       20.094000     0.030000000       52934       20.137000     0.035000000       52934       19.937000     0.031000000       52934       20.086000      0.13400000
       52936       20.283000     0.045000000       52936       20.122000     0.024000000       52936       20.151000     0.027000000       52936       19.999000     0.035000000       52936       20.169000      0.12100000
       53270       20.552000     0.055000000       53270       20.359000     0.027000000       53270       20.336000     0.026000000       53270       20.222000     0.035000000       53270       20.549000      0.16200000
       53272       20.608000     0.063000000       53272       20.387000     0.030000000       53272       20.332000     0.032000000       53272       20.205000     0.036000000       53272       20.745000      0.22200000
       53286       20.619000     0.068000000       53286       20.388000     0.033000000       53286       20.338000     0.030000000       53286       20.222000     0.032000000       53286       19.950000      0.10600000
       53294       20.710000     0.068000000       53294       20.491000     0.032000000       53294       20.409000     0.034000000       53294       20.190000     0.032000000       53294       20.267000      0.13500000
       53298       20.731000     0.067000000       53298       20.430000     0.032000000       53298       20.447000     0.040000000       53298       20.186000     0.043000000       53298       20.055000      0.12700000
       53312       20.550000      0.12200000       53312       20.489000     0.053000000       53312       20.454000     0.048000000       53312       20.199000     0.054000000       53312       20.297000      0.23500000
       53314       20.667000     0.086000000       53314       20.507000     0.047000000       53314       20.441000     0.035000000       53314       20.233000     0.039000000       53314       19.993000      0.13200000
       53319       20.651000     0.095000000       53319       20.520000     0.044000000       53319       20.411000     0.051000000       53319       20.262000     0.055000000       53319       20.059000      0.16700000
