       51081.391      20.0010    0.0430000      51081.4      19.9270    0.0180000      51081.4      19.8420    0.0200000      51081.4      19.7960    0.0280000      51081.4      19.8060    0.0870000
       51819.462      19.9880    0.0570000      51819.5      19.8930    0.0210000      51819.5      19.8390    0.0280000      51819.5      19.8080    0.0390000      51819.5      19.7520     0.106000
       51875.206      19.9930    0.0400000      51875.2      19.8530    0.0170000      51875.2      19.8070    0.0190000      51875.2      19.7790    0.0310000      51875.2      19.7820     0.102000
       52225.286      19.8700    0.0400000      52225.3      19.7970    0.0160000      52225.3      19.7770    0.0180000      52225.3      19.7820    0.0270000      52225.3      19.7890    0.0730000
       52288.121      19.8320    0.0370000      52288.1      19.7120    0.0150000      52288.1      19.6920    0.0180000      52288.1      19.6620    0.0240000      52288.1      19.7030    0.0710000
       52551.394      19.8110    0.0360000      52551.4      19.7490    0.0150000      52551.4      19.7220    0.0180000      52551.4      19.6590    0.0260000      52551.4      19.7350    0.0770000
       52558.427      19.8520    0.0400000      52558.4      19.7160    0.0140000      52558.4      19.7570    0.0170000      52558.4      19.6530    0.0220000      52558.4      19.6790    0.0710000
       52578.299      19.9330    0.0380000      52578.3      19.8250    0.0150000      52578.3      19.7380    0.0180000      52578.3      19.7370    0.0260000      52578.3      19.7470    0.0720000
       52585.262      19.9320    0.0350000      52585.3      19.8290    0.0150000      52585.3      19.7940    0.0180000      52585.3      19.7250    0.0270000      52585.3      19.6810    0.0880000
       52909.428      19.9260    0.0380000      52909.4      19.8980    0.0160000      52909.4      19.8580    0.0180000      52909.4      19.7520    0.0230000      52909.4      19.8650    0.0760000
       52910.399      20.0390    0.0470000      52910.4      19.9170    0.0200000      52910.4      19.8470    0.0190000      52910.4      19.7860    0.0260000      52910.4      19.8180    0.0910000
       52935.326      19.9610    0.0460000      52935.3      19.9070    0.0180000      52935.3      19.8690    0.0240000      52935.3      19.7800    0.0340000      52935.3      19.6320    0.0960000
       52963.249      19.8260    0.0340000      52963.2      19.8340    0.0150000      52963.2      19.7430    0.0160000      52963.2      19.7450    0.0230000      52963.2      19.8660    0.0710000
       52971.240      19.8450    0.0450000      52971.2      19.7650    0.0180000      52971.2      19.7750    0.0240000      52971.2      19.7240    0.0320000      52971.2      19.7050    0.0820000
       53351.171      20.0520    0.0440000      53351.2      19.9970    0.0190000      53351.2      19.9160    0.0220000      53351.2      19.8980    0.0320000      53351.2      19.8620    0.0960000
       53622.428      20.1340    0.0460000      53622.4      19.9210    0.0170000      53622.4      19.8240    0.0180000      53622.4      19.8400    0.0280000      53622.4      19.8840    0.0850000
       53634.378      20.1480     0.111000      53634.4      19.9850    0.0460000      53634.4      19.8020    0.0340000      53634.4      19.8090    0.0450000      53634.4      19.8710    0.0980000
       53638.419      20.0350    0.0500000      53638.4      19.9180    0.0200000      53638.4      19.8420    0.0200000      53638.4      19.7920    0.0260000      53638.4      19.7830    0.0730000
       53640.383      19.9960    0.0500000      53640.4      19.9210    0.0200000      53640.4      19.8080    0.0200000      53640.4      19.7630    0.0270000      53640.4      19.7630    0.0850000
       53646.444     -99.9900    0.0790000      53646.4      19.9660    0.0260000      53646.4      19.8710    0.0360000      53646.4      19.9360    0.0570000      53646.4      19.5620     0.111000
       53655.355      20.0210    0.0460000      53655.4      19.8940    0.0160000      53655.4      19.8290    0.0200000      53655.4      19.7550    0.0280000      53655.4      19.7700    0.0820000
       53663.445      19.8690     0.114000      53663.4      19.8760    0.0470000      53663.4      19.8050    0.0360000      53663.4      19.7200    0.0380000      53663.4      19.4610    0.0780000
       53664.380      19.9160    0.0850000      53664.4      19.8980    0.0350000      53664.4      19.8240    0.0400000      53664.4      19.7970    0.0500000      53664.4      19.8340     0.112000
       53665.445      19.8670    0.0780000      53665.4      19.9840    0.0330000      53665.4      19.8030    0.0280000      53665.4      19.7690    0.0360000      53665.4      19.8260     0.116000
       53668.433      19.9580    0.0940000      53668.4      19.9240    0.0320000      53668.4      19.7990    0.0290000      53668.4      19.8210    0.0440000      53668.4      19.6880     0.117000
       53669.339      20.0850     0.146000      53669.3      19.9170    0.0240000      53669.3      19.8480    0.0300000      53669.3      19.7680    0.0640000      53669.3     -99.9900     0.142000
       53670.439      19.9750    0.0770000      53670.4      19.9100    0.0250000      53670.4      19.8020    0.0270000      53670.4      19.8090    0.0360000      53670.4      19.7330    0.0950000
       53671.424      20.0410    0.0660000      53671.4      19.9110    0.0200000      53671.4      19.8580    0.0280000      53671.4      19.7950    0.0340000      53671.4      19.8520    0.0960000
       53674.324      19.9790    0.0530000      53674.3      19.9430    0.0190000      53674.3      19.8570    0.0250000      53674.3      19.7820    0.0360000      53674.3      19.8350     0.103000
       53676.413      19.9850    0.0520000      53676.4      19.9650    0.0190000      53676.4      19.8000    0.0230000      53676.4      19.6930    0.0270000      53676.4      19.9740    0.0920000
       53679.385      20.0710    0.0590000      53679.4      19.9450    0.0200000      53679.4      19.8340    0.0260000      53679.4      19.8100    0.0380000      53679.4      19.8040     0.125000
       53681.376      19.9740    0.0600000      53681.4      19.9410    0.0180000      53681.4      19.8210    0.0260000      53681.4      19.7470    0.0320000      53681.4      19.6910    0.0720000
       53684.338      19.8050     0.149000      53684.3      19.9060    0.0440000      53684.3      19.9580     0.136000      53684.3     -99.9900     0.255000      53684.3      20.0480     0.358000
       53687.279      19.8880     0.137000      53687.3      19.9750    0.0610000      53687.3      19.8220    0.0490000      53687.3      19.7480    0.0540000      53687.3      19.8740     0.133000
       53694.349      19.8680    0.0900000      53694.4      19.9720    0.0380000      53694.3      19.8650    0.0400000      53694.3      19.8890    0.0430000      53694.4      19.9170     0.107000
       53697.333      20.0510    0.0600000      53697.3      19.9600    0.0230000      53697.3      19.8450    0.0220000      53697.3      19.8130    0.0300000      53697.3      19.8150    0.0800000
       53700.332      19.9940    0.0560000      53700.3      19.9710    0.0190000      53700.3      19.8840    0.0250000      53700.3      19.7630    0.0330000      53700.3      19.7750     0.114000
       53705.319      20.0630    0.0580000      53705.3      19.9850    0.0220000      53705.3      19.9510    0.0250000      53705.3      19.7750    0.0350000      53705.3      19.7300     0.103000
       53975.404      19.9760    0.0450000      53975.4      19.8880    0.0240000      53975.4      19.7750    0.0250000      53975.4      19.7990    0.0320000      53975.4      19.8370    0.0820000
       53994.427      19.9990    0.0390000      53994.4      19.9280    0.0230000      53994.4      19.8430    0.0170000      53994.4      19.7790    0.0270000      53994.4      19.8110    0.0740000
       53996.411      19.9610    0.0430000      53996.4      19.9320    0.0250000      53996.4      19.8710    0.0230000      53996.4      19.7900    0.0320000      53996.4      19.7140    0.0690000
       54005.424      20.0700    0.0390000      54005.4      19.9980    0.0270000      54005.4      19.8790    0.0190000      54005.4      19.8170    0.0240000      54005.4      19.8500    0.0690000
       54009.438      20.0380    0.0410000      54009.4      20.0110    0.0220000      54009.4      19.8350    0.0210000      54009.4      19.8210    0.0260000      54009.4      19.8760    0.0720000
       54010.365      20.1060    0.0360000      54010.4      19.9550    0.0200000      54010.4      19.8540    0.0190000      54010.4      19.8040    0.0210000      54010.4      19.8830    0.0570000
       54012.358      20.1340    0.0690000      54012.4      19.9170    0.0280000      54012.4      19.8380    0.0260000      54012.4      19.7990    0.0310000      54012.4      19.7530    0.0840000
       54020.364      19.7500    0.0950000      54020.4      20.1060    0.0470000      54020.4      19.8870    0.0350000      54020.4      19.8950    0.0640000      54020.4      19.7520     0.118000
       54024.445      20.0980    0.0600000      54024.4      20.0530    0.0260000      54024.4      19.8920    0.0240000      54024.4      19.8570    0.0310000      54024.4      19.8960    0.0980000
       54028.434      20.0120    0.0640000      54028.4     -99.9900    0.0750000      54028.4      19.9290    0.0310000      54028.4      19.8700    0.0410000      54028.4      19.6840     0.108000
       54030.389      20.0690    0.0400000      54030.4      20.0210    0.0210000      54030.4      19.9070    0.0200000      54030.4      19.8590    0.0280000      54030.4      19.9210    0.0800000
       54035.433      20.1570    0.0640000      54035.4      20.0630    0.0320000      54035.4      19.9070    0.0340000      54035.4      19.9230    0.0420000      54035.4      19.7650     0.107000
       54037.339      20.2810    0.0450000      54037.3      20.0120    0.0170000      54037.3      19.8890    0.0190000      54037.3      19.8400    0.0270000      54037.3      19.8520    0.0570000
       54040.353      20.2060    0.0540000      54040.4      20.0530    0.0250000      54040.4      19.9130    0.0240000      54040.4      19.9130    0.0340000      54040.4      19.9010    0.0900000
       54047.384      20.5060     0.345000      54047.4      19.8760    0.0790000      54047.4      19.9050    0.0770000      54047.4      19.9070    0.0790000      54047.4      19.9230     0.217000
       54049.380      20.0880    0.0880000      54049.4      19.9960    0.0350000      54049.4      19.8440    0.0320000      54049.4      19.8500    0.0390000      54049.4      19.8840    0.0980000
       54053.359      20.1500    0.0670000      54053.4     -99.9900    0.0280000      54053.4     -99.9900    0.0260000      54053.4      19.9200    0.0420000      54053.4     -99.9900     0.116000
       54056.346      19.9970    0.0740000      54056.3      20.0080    0.0330000      54056.3      19.8850    0.0250000      54056.3      19.9340    0.0340000      54056.3      19.8590     0.104000
       54059.340      19.9730    0.0500000      54059.3      20.0320    0.0240000      54059.3      19.8810    0.0300000      54059.3      19.8870    0.0380000      54059.3      19.9260     0.106000
       54061.351      19.9970     0.103000      54061.4      19.9470    0.0310000      54061.3      19.9290    0.0340000      54061.4      19.7690    0.0410000      54061.4      20.0350     0.184000
       54062.345      20.0830    0.0480000      54062.3      20.0100    0.0220000      54062.3      19.8710    0.0210000      54062.3      19.8320    0.0330000      54062.3      19.9730     0.101000
       54064.341      19.9990    0.0510000      54064.3      20.0050    0.0220000      54064.3      19.8890    0.0220000      54064.3      19.8500    0.0290000      54064.3      19.8980    0.0880000
       54068.325     -99.9900    0.0710000      54068.3     -99.9900    0.0410000      54068.3     -99.9900    0.0780000      54068.3      19.8940    0.0520000      54068.3     -99.9900     0.131000
       54357.383      20.1700    0.0440000      54357.4      19.9510    0.0180000      54357.4      19.9610    0.0270000      54357.4      19.8820    0.0270000      54357.4      19.9810    0.0620000
       54362.433      19.9530    0.0360000      54362.4      19.9140    0.0170000      54362.4      19.8550    0.0230000      54362.4      19.8340    0.0270000      54362.4      19.8170    0.0680000
       54376.428      20.0760    0.0500000      54376.4      19.9760    0.0260000      54376.4      19.8870    0.0270000      54376.4      19.8280    0.0300000      54376.4      19.9180    0.0780000
       54382.413      19.9750    0.0480000      54382.4      20.0210    0.0310000      54382.4      19.8720    0.0260000      54382.4      19.8520    0.0360000      54382.4      19.8010     0.106000
       54385.431      20.0580    0.0440000      54385.4      20.0400    0.0200000      54385.4      19.8920    0.0230000      54385.4      19.8510    0.0240000      54385.4      19.8730    0.0710000
       54387.431      20.1920    0.0810000      54387.4      20.0880    0.0300000      54387.4      19.9460    0.0410000      54387.4      19.9720    0.0430000      54387.4      19.9960     0.129000
       54391.432      20.1280    0.0910000      54391.4      20.0520    0.0320000      54391.4      19.8490    0.0410000      54391.4      19.8750    0.0610000      54391.4      19.9990     0.209000
       54402.425      20.0550     0.126000      54402.4      19.9800    0.0470000      54402.4      19.9520    0.0380000      54402.4      19.9950    0.0470000      54402.4      19.8420    0.0960000
       52522.000       19.829000     0.036000000       52522.000       19.728000     0.021000000       52522.000       19.697000     0.023000000       52522.000       19.659000     0.024000000       52522.000       19.698000     0.069000000
       51078       20.017000     0.033000000       51078       19.947000     0.023000000       51078       19.834000     0.022000000       51078       19.793000     0.022000000       51078       19.727000     0.064000000
       51081       20.010000     0.041000000       51081       19.929000     0.025000000       51081       19.805000     0.022000000       51081       19.788000     0.026000000       51081       19.756000     0.084000000
       51136       19.931000     0.035000000       51136       19.896000     0.028000000       51136       19.822000     0.022000000       51136       19.846000     0.033000000       51136       19.801000      0.14000000
       51819       20.036000     0.052000000       51819       19.947000     0.032000000       51819       19.865000     0.040000000       51819       19.809000     0.039000000       51819       19.755000      0.10300000
       51875       20.033000     0.043000000       51875       19.839000     0.037000000       51875       19.793000     0.023000000       51875       19.765000     0.028000000       51875       19.792000      0.10300000
       52225       19.878000     0.038000000       52225       19.814000     0.025000000       52225       19.764000     0.022000000       52225       19.771000     0.031000000       52225       19.774000     0.071000000
       52288       19.849000     0.037000000       52288       19.722000     0.024000000       52288       19.687000     0.026000000       52288       19.650000     0.026000000       52288       19.674000     0.068000000
       52522       19.817000     0.032000000       52522       19.734000     0.024000000       52522       19.696000     0.021000000       52522       19.655000     0.024000000       52522       19.672000     0.070000000
       52551       19.861000     0.041000000       52551       19.801000     0.030000000       52551       19.760000     0.020000000       52551       19.699000     0.028000000       52551       19.752000     0.075000000
       52558       19.896000     0.034000000       52558       19.734000     0.021000000       52558       19.778000     0.021000000       52558       19.649000     0.024000000       52558       19.680000     0.067000000
       52578       19.950000     0.034000000       52578       19.825000     0.021000000       52578       19.726000     0.022000000       52578       19.727000     0.030000000       52578       19.702000     0.067000000
       52585       19.950000     0.033000000       52585       19.855000     0.021000000       52585       19.783000     0.021000000       52585       19.708000     0.026000000       52585       19.679000     0.086000000
       52640       19.902000     0.040000000       52640       19.857000     0.025000000       52640       19.805000     0.031000000       52640       19.729000     0.035000000       52640       19.825000      0.10100000
       52909       19.996000     0.036000000       52909       19.922000     0.019000000       52909       19.852000     0.020000000       52909       19.743000     0.026000000       52909       19.866000     0.073000000
       52910       20.100000     0.047000000       52910       19.930000     0.036000000       52910       19.831000     0.023000000       52910       19.784000     0.027000000       52910       19.800000     0.088000000
       52935       19.965000     0.046000000       52935       19.937000     0.023000000       52935       19.875000     0.030000000       52935       19.785000     0.037000000       52935       19.603000     0.091000000
       52971       19.902000     0.048000000       52971       19.809000     0.045000000       52971       19.753000     0.028000000       52971       19.675000     0.037000000       52971       19.669000     0.078000000
       53351       20.082000     0.047000000       53351       20.018000     0.031000000       53351       19.893000     0.024000000       53351       19.900000     0.033000000       53351       19.827000     0.093000000
       54424       20.174000     0.078000000       54424       20.069000     0.035000000       54424       19.901000     0.032000000       54424       19.928000     0.032000000       54424       19.828000     0.079000000
