       51075.398      19.5880    0.0330000      51075.4     -99.9900    0.0120000      51075.4      19.2060    0.0140000      51075.4      19.3410    0.0210000      51075.4      19.0850    0.0650000
       51818.368      19.2090    0.0280000      51818.4      19.0410    0.0100000      51818.4      18.9790    0.0110000      51818.4      19.0730    0.0140000      51818.4      19.0310    0.0460000
       52170.419      19.2100    0.0290000      52170.4      19.1370    0.0100000      52170.4      19.0550    0.0120000      52170.4      19.0710    0.0140000      52170.4      18.9900    0.0460000
       52173.332      19.2300    0.0340000      52173.3      19.0670    0.0110000      52173.3      18.9990    0.0130000      52173.3      19.0710    0.0190000      52173.3      18.9800    0.0580000
       52224.313      19.4000    0.0320000      52224.3      19.1940    0.0110000      52224.3      19.1070    0.0120000      52224.3      19.2210    0.0150000      52224.3      19.0840    0.0440000
       52234.269      19.3720    0.0330000      52234.3      19.1780    0.0110000      52234.3      19.1110    0.0130000      52234.3      19.1800    0.0150000      52234.3      19.0490    0.0450000
       52261.232      19.3150    0.0310000      52261.2      19.1200    0.0100000      52261.2      19.0680    0.0120000      52261.2      19.1540    0.0150000      52261.2      19.0130    0.0440000
       52283.100      19.1740    0.0330000      52283.1      19.0510    0.0110000      52283.1      18.9860    0.0150000      52283.1      19.0540    0.0200000      52283.1     -99.9900    0.0540000
       52287.113      19.2020    0.0280000      52287.1      19.0760    0.0100000      52287.1      19.0110    0.0110000      52287.1      19.0770    0.0140000      52287.1      18.9190    0.0400000
       52552.432      19.3950    0.0430000      52552.4      19.2320    0.0130000      52552.4      19.1490    0.0160000      52552.4     -99.9900    0.0210000      52552.4      18.9850    0.0620000
       52557.406      19.4550    0.0360000      52557.4      19.2810    0.0110000      52557.4      19.1810    0.0140000      52557.4      19.3190    0.0180000      52557.4      19.0850    0.0560000
       52908.381      19.3550    0.0320000      52908.4      19.2380    0.0110000      52908.4      19.1360    0.0120000      52908.4      19.2620    0.0160000      52908.4      19.1040    0.0490000
       52912.360      19.4010    0.0330000      52912.4      19.2580    0.0110000      52912.4      19.1780    0.0130000      52912.4      19.3260    0.0160000      52912.4      19.1960    0.0460000
       52934.312      19.3110    0.0330000      52934.3      19.1950    0.0110000      52934.3      19.1440    0.0130000      52934.3      19.2390    0.0180000      52934.3      19.1200    0.0600000
       52936.308      19.3700    0.0300000      52936.3      19.2250    0.0100000      52936.3      19.1520    0.0130000      52936.3      19.3000    0.0170000      52936.3      19.2020    0.0520000
       53270.372      19.7160    0.0410000      53270.4      19.5290    0.0240000      53270.4      19.4330    0.0180000      53270.4      19.5160    0.0240000      53270.4      19.4290    0.0500000
       53272.422      19.7280    0.0450000      53272.4      19.4430    0.0130000      53272.4      19.3370    0.0140000      53272.4      19.4560    0.0200000      53272.4      19.2720    0.0570000
       53286.391      19.7720    0.0480000      53286.4      19.4690    0.0140000      53286.4      19.3860    0.0160000      53286.4      19.4860    0.0190000      53286.4      19.3360    0.0580000
       53288.350      19.7490    0.0410000      53288.4      19.4870    0.0120000      53288.3      19.4260    0.0140000      53288.3      19.4460    0.0180000      53288.4      19.3200    0.0530000
       53296.344      19.8720    0.0490000      53296.3      19.5110    0.0280000      53296.3      19.4430    0.0200000      53296.3      19.5530    0.0260000      53296.3      19.3340    0.0590000
       53298.394      19.7860    0.0520000      53298.4      19.5110    0.0140000      53298.4      19.3850    0.0210000      53298.4      19.4680    0.0270000      53298.4      19.4850    0.0950000
       53302.345      19.6790    0.0570000      53302.3      19.5050    0.0210000      53302.3      19.3900    0.0200000      53302.3      19.5470    0.0230000      53302.3      19.5500    0.0700000
       53312.301      19.7580    0.0850000      53312.3      19.5110    0.0330000      53312.3      19.3970    0.0260000      53312.3      19.4670    0.0300000      53312.3      19.2450    0.0900000
       53314.302      19.7260    0.0510000      53314.3      19.4790    0.0160000      53314.3      19.3970    0.0180000      53314.3      19.3970    0.0210000      53314.3      19.2250    0.0640000
       53637.369      19.6950    0.0710000      53637.4      19.4480    0.0220000      53637.4      19.3480    0.0200000      53637.4      19.3490    0.0250000      53637.4      19.3820    0.0840000
       53639.415      19.6410    0.0410000      53639.4      19.4160    0.0140000      53639.4      19.3260    0.0140000      53639.4      19.3690    0.0170000      53639.4      19.2580    0.0480000
       53641.414      19.5030    0.0380000      53641.4      19.3280    0.0130000      53641.4      19.2280    0.0140000      53641.4      19.3170    0.0170000      53641.4      19.1600    0.0520000
       53663.357      19.4720    0.0670000      53663.4      19.3650    0.0240000      53663.4      19.3130    0.0190000      53663.4      19.3260    0.0210000      53663.4      19.0770    0.0670000
       53665.335      19.5310    0.0610000      53665.3      19.3200    0.0190000      53665.3      19.3200    0.0250000      53665.3      19.3050    0.0280000      53665.3      19.2700    0.0640000
       53666.427      19.5780    0.0730000      53666.4      19.2910    0.0200000      53666.4      19.1730    0.0180000      53666.4      19.2040    0.0200000      53666.4      19.0840    0.0590000
       53668.347      19.4500    0.0490000      53668.3      19.3210    0.0160000      53668.3      19.2230    0.0170000      53668.3      19.2750    0.0210000      53668.3      19.1110    0.0650000
       53669.434      19.4600    0.0740000      53669.4      19.2800    0.0190000      53669.4      19.1450    0.0200000      53669.4      19.1660    0.0220000      53669.4      19.0280    0.0690000
       53670.352      19.4640    0.0470000      53670.4      19.2920    0.0140000      53670.4      19.1140    0.0220000      53670.4      19.1860    0.0200000      53670.4      19.1380    0.0690000
       53673.320      19.5180    0.0350000      53673.3      19.3560    0.0110000      53673.3      19.2780    0.0130000      53673.3      19.3730    0.0160000      53673.3      19.1900    0.0430000
       53675.317      19.4760    0.0350000      53675.3      19.3670    0.0120000      53675.3      19.2270    0.0150000      53675.3      19.3300    0.0180000      53675.3      19.2280    0.0610000
       53677.338      19.5540    0.0370000      53677.3      19.3450    0.0110000      53677.3      19.2810    0.0130000      53677.3      19.3840    0.0150000      53677.3      19.2400    0.0440000
       53680.324      19.4810    0.0390000      53680.3      19.3080    0.0120000      53680.3      19.1760    0.0140000      53680.3      19.2320    0.0170000      53680.3      19.1100    0.0520000
       53683.383      19.4630    0.0460000      53683.4      19.3700    0.0130000      53683.4      19.2490    0.0180000      53683.4      19.3080    0.0240000      53683.4      19.2370    0.0780000
       53686.324      19.5090    0.0910000      53686.3      19.3140    0.0300000      53686.3     -99.9900    0.0330000      53686.3      19.2060    0.0300000      53686.3     -99.9900    0.0710000
       53687.381      19.6320     0.332000      53687.4      19.5190     0.100000      53687.4      19.4020     0.102000      53687.4      19.0000    0.0720000      53687.4      19.6960     0.382000
       53693.326      19.6690     0.115000      53693.3      19.3300    0.0340000      53693.3      19.1860    0.0260000      53693.3      19.2450    0.0260000      53693.3      19.1570    0.0790000
       53698.324      19.4880    0.0530000      53698.3      19.3520    0.0270000      53698.3      19.1980    0.0160000      53698.3      19.2520    0.0200000      53698.3      19.1470    0.0650000
       53699.347      19.5510    0.0480000      53699.3     -99.9900    0.0170000      53699.3      19.2770    0.0200000      53699.3      19.3350    0.0230000      53699.3      19.2470    0.0580000
       53704.310      19.5300    0.0460000      53704.3      19.3700    0.0140000      53704.3      19.2780    0.0170000      53704.3      19.3190    0.0220000      53704.3      19.1980    0.0700000
       53989.406      19.5690    0.0630000      53989.4      19.3920    0.0260000      53989.4      19.3200    0.0230000      53989.4      19.4280    0.0270000      53989.4      19.2870    0.0490000
       53995.444      19.5780    0.0370000      53995.4      19.3490    0.0250000      53995.4      19.3250    0.0210000      53995.4      19.4440    0.0240000      53995.4      19.2640    0.0420000
       54000.381      19.5780    0.0480000      54000.4      19.3420    0.0150000      54000.4      19.2720    0.0220000      54000.4      19.3640    0.0230000      54000.4      19.2590    0.0630000
       54007.431      19.5710    0.0350000      54007.4      19.3550    0.0190000      54007.4      19.2980    0.0180000      54007.4      19.4260    0.0210000      54007.4      19.1470    0.0500000
       54009.355      19.5330    0.0310000      54009.4      19.3790    0.0190000      54009.4      19.3010    0.0220000      54009.4      19.4040    0.0210000      54009.4      19.2550    0.0440000
       54011.419      19.5090    0.0280000      54011.4      19.3950    0.0270000      54011.4      19.3070    0.0310000      54011.4      19.4070    0.0340000      54011.4      19.2780    0.0410000
       54025.418      19.5560    0.0460000      54025.4      19.3140    0.0230000      54025.4      19.2600    0.0220000      54025.4      19.3220    0.0260000      54025.4      19.2230    0.0580000
       54346.412      19.5330    0.0560000      54346.4     -99.9900    0.0250000      54346.4      19.2960    0.0230000      54346.4      19.3690    0.0250000      54346.4      19.2730    0.0550000
       54348.416      19.5980    0.0500000      54348.4      19.3600    0.0200000      54348.4      19.3380    0.0220000      54348.4      19.4030    0.0260000      54348.4      19.2300    0.0520000
       54355.426      19.5620    0.0450000      54355.4      19.3880    0.0280000      54355.4      19.3550    0.0210000      54355.4      19.4180    0.0230000      54355.4      19.2790    0.0470000
       54358.372      19.5790    0.0510000      54358.4      19.4090    0.0320000      54358.4      19.3480    0.0200000      54358.4      19.4190    0.0270000      54358.4      19.1930    0.0600000
       54365.405      19.5590    0.0320000      54365.4      19.4620    0.0190000      54365.4      19.3730    0.0220000      54365.4      19.4880    0.0220000      54365.4      19.3080    0.0480000
       54381.425      19.6910    0.0370000      54381.4      19.4890    0.0270000      54381.4      19.3880    0.0260000      54381.4      19.4570    0.0230000      54381.4      19.4090    0.0490000
       54384.431      19.6920    0.0420000      54384.4      19.4700    0.0240000      54384.4      19.3750    0.0180000      54384.4      19.4430    0.0230000      54384.4      19.2480    0.0480000
       54386.417      19.6720    0.0450000      54386.4      19.4750    0.0210000      54386.4      19.4340    0.0230000      54386.4      19.4540    0.0230000      54386.4      19.2460    0.0480000
       54388.421      19.7040    0.0410000      54388.4     -99.9900    0.0310000      54388.4      19.3950    0.0200000      54388.4      19.4890    0.0240000      54388.4      19.3420    0.0500000
       54392.419      19.7170    0.0510000      54392.4      19.4780    0.0210000      54392.4      19.3550    0.0210000      54392.4     -99.9900    0.0340000      54392.4      19.2330    0.0660000
       54403.335      19.5800     0.126000      54403.3      19.4620    0.0460000      54403.3      19.2520    0.0660000      54403.3      19.5340    0.0790000      54403.3      19.5040     0.278000
       54404.393      19.7540     0.205000      54404.4      19.4710    0.0380000      54404.4      19.4300    0.0450000      54404.4      19.4860    0.0530000      54404.4      19.4570     0.100000
       54405.390      19.6980    0.0530000      54405.4      19.5140    0.0260000      54405.4      19.3780    0.0170000      54405.4      19.4730    0.0230000      54405.4      19.3230    0.0590000
       54406.329      19.7400    0.0480000      54406.3      19.5320    0.0210000      54406.3      19.3970    0.0230000      54406.3      19.4600    0.0290000      54406.3      19.2800    0.0500000
       54412.355      19.7130    0.0440000      54412.4      19.4620    0.0320000      54412.4      19.3880    0.0260000      54412.4      19.5100    0.0230000      54412.4      19.4450    0.0580000
       52234.000       19.362000     0.035000000       52234.000       19.197000     0.048000000       52234.000       19.157000     0.031000000       52234.000       19.223000     0.020000000       52234.000       19.061000     0.046000000
       51075       19.632000     0.028000000       51075       19.421000     0.023000000       51075       19.252000     0.019000000       51075       19.377000     0.025000000       51075       19.113000     0.067000000
       51133       19.455000     0.027000000       51133       19.232000     0.029000000       51133       19.189000     0.019000000       51133       19.286000     0.039000000       51133       19.144000     0.069000000
       51134       19.486000     0.027000000       51134       19.280000     0.020000000       51134       19.244000     0.030000000       51134       19.319000     0.023000000       51134       19.241000     0.051000000
       51818       19.206000     0.025000000       51818       19.076000     0.019000000       51818       19.005000     0.021000000       51818       19.142000     0.022000000       51818       19.025000     0.047000000
       52170       19.216000     0.028000000       52170       19.178000     0.028000000       52170       19.097000     0.021000000       52170       19.141000     0.023000000       52170       19.035000     0.048000000
       52171       19.284000     0.031000000       52171       19.109000     0.035000000       52171       19.107000     0.047000000       52171       19.138000     0.025000000       52171       19.093000     0.056000000
       52173       19.235000     0.029000000       52173       19.106000     0.038000000       52173       19.085000     0.023000000       52173       19.148000     0.028000000       52173       19.111000     0.058000000
       52207       19.346000     0.028000000       52207       19.210000     0.024000000       52207       19.109000     0.024000000       52207       19.265000     0.021000000       52207       19.040000     0.045000000
       52234       19.364000     0.035000000       52234       19.199000     0.030000000       52234       19.153000     0.024000000       52234       19.225000     0.019000000       52234       19.062000     0.043000000
       52261       19.323000     0.028000000       52261       19.160000     0.025000000       52261       19.105000     0.024000000       52261       19.220000     0.022000000       52261       19.070000     0.048000000
       52283       19.214000     0.053000000       52283       19.058000     0.027000000       52283       18.977000     0.036000000       52283       19.108000     0.031000000       52283       18.910000     0.052000000
       52287       19.188000     0.030000000       52287       19.113000     0.030000000       52287       19.068000     0.020000000       52287       19.122000     0.035000000       52287       18.973000     0.041000000
       52552       19.476000     0.055000000       52552       19.334000     0.042000000       52552       19.187000     0.028000000       52552       19.236000     0.033000000       52552       19.031000     0.066000000
       52557       19.408000     0.034000000       52557       19.312000     0.017000000       52557       19.202000     0.017000000       52557       19.362000     0.027000000       52557       19.064000     0.054000000
       52872       19.327000     0.036000000       52872       19.234000     0.023000000       52872       19.165000     0.019000000       52872       19.320000     0.025000000       52872       19.056000     0.050000000
       52908       19.332000     0.034000000       52908       19.304000     0.019000000       52908       19.183000     0.021000000       52908       19.340000     0.028000000       52908       19.151000     0.049000000
       52912       19.410000     0.031000000       52912       19.259000     0.030000000       52912       19.122000     0.022000000       52912       19.343000     0.023000000       52912       19.188000     0.048000000
       52934       19.302000     0.034000000       52934       19.224000     0.027000000       52934       19.195000     0.025000000       52934       19.309000     0.026000000       52934       19.175000     0.060000000
       52936       19.402000     0.031000000       52936       19.272000     0.030000000       52936       19.193000     0.017000000       52936       19.338000     0.024000000       52936       19.259000     0.053000000
       53270       19.751000     0.036000000       53270       19.481000     0.029000000       53270       19.426000     0.025000000       53270       19.500000     0.027000000       53270       19.414000     0.055000000
       53272       19.784000     0.042000000       53272       19.534000     0.020000000       53272       19.405000     0.050000000       53272       19.585000     0.033000000       53272       19.389000     0.059000000
       53286       19.809000     0.046000000       53286       19.565000     0.031000000       53286       19.481000     0.027000000       53286       19.612000     0.026000000       53286       19.406000     0.058000000
       53288       19.810000     0.038000000       53288       19.557000     0.025000000       53288       19.500000     0.026000000       53288       19.590000     0.022000000       53288       19.434000     0.053000000
       53294       19.661000     0.041000000       53294       19.543000     0.030000000       53294       19.445000     0.024000000       53294       19.495000     0.030000000       53294       19.316000     0.069000000
       53298       19.814000     0.047000000       53298       19.513000     0.034000000       53298       19.382000     0.026000000       53298       19.519000     0.034000000       53298       19.534000     0.098000000
       53312       19.737000     0.080000000       53312       19.512000     0.041000000       53312       19.386000     0.028000000       53312       19.446000     0.034000000       53312       19.249000     0.098000000
       53314       19.742000     0.050000000       53314       19.527000     0.035000000       53314       19.471000     0.035000000       53314       19.455000     0.031000000       53314       19.300000     0.064000000
       53319       19.782000     0.050000000       53319       19.473000     0.035000000       53319       19.596000     0.040000000       53319       19.428000     0.031000000       53319       19.294000     0.076000000
