       51075.402      20.4340    0.0530000      51075.4      20.5510    0.0260000      51075.4      20.2560    0.0290000      51075.4      20.2790    0.0470000      51075.4      19.7910     0.111000
       51818.372      20.6470    0.0610000      51818.4      20.6130    0.0260000      51818.4      20.3380    0.0260000      51818.4      20.3660    0.0430000      51818.4      20.5190     0.156000
       52170.423      20.8450    0.0770000      52170.4      20.7440    0.0280000      52170.4      20.5210    0.0330000      52170.4      20.4830    0.0470000      52170.4      20.5720     0.166000
       52173.336      20.7920    0.0830000      52173.3      20.7610    0.0320000      52173.3      20.4540    0.0320000      52173.3      20.4540    0.0540000      52173.3      20.4200     0.190000
       52224.316      20.9920    0.0810000      52224.3      20.8680    0.0300000      52224.3      20.4850    0.0300000      52224.3      20.5350    0.0460000      52224.3      20.5460     0.148000
       52234.273      20.9100    0.0880000      52234.3      20.8870    0.0350000      52234.3      20.5590    0.0350000      52234.3      20.4920    0.0500000      52234.3      21.0560     0.233000
       52261.236      21.0410    0.0850000      52261.2      21.0060    0.0330000      52261.2      20.5470    0.0300000      52261.2      20.6070    0.0470000      52261.2      20.3880     0.125000
       52283.103      21.3870     0.137000      52283.1      20.9390    0.0420000      52283.1      20.6500    0.0450000      52283.1      20.5760    0.0690000      52283.1      20.5920     0.229000
       52287.116      21.1170    0.0900000      52287.1      20.9950    0.0360000      52287.1      20.6590    0.0360000      52287.1      20.6520    0.0530000      52287.1      20.6310     0.156000
       52552.435      20.6070    0.0840000      52552.4      20.7440    0.0340000      52552.4      20.4660    0.0410000      52552.4      20.3970    0.0590000      52552.4      20.2910     0.191000
       52557.410      20.8240    0.0770000      52557.4      20.8430    0.0320000      52557.4      20.4380    0.0320000      52557.4      20.4540    0.0500000      52557.4      20.2580     0.140000
       52908.384      20.3790    0.0550000      52908.4      20.3860    0.0240000      52908.4      20.1430    0.0240000      52908.4      20.2700    0.0410000      52908.4      20.2840     0.141000
       52912.364      20.4110    0.0570000      52912.4      20.4340    0.0240000      52912.4      20.2230    0.0250000      52912.4      20.2070    0.0360000      52912.4      20.3190     0.126000
       52934.316      20.4340    0.0620000      52934.3      20.4770    0.0250000      52934.3      20.2070    0.0280000      52934.3      20.2300    0.0460000      52934.3      20.0560     0.134000
       52936.312      20.4100    0.0510000      52936.3      20.4510    0.0230000      52936.3      20.1680    0.0260000      52936.3      20.2220    0.0380000      52936.3      20.2880     0.134000
       53270.376      20.6060    0.0540000      53270.4      20.6020    0.0270000      53270.4      20.3680    0.0270000      53270.4      20.3320    0.0370000      53270.4      20.4730     0.130000
       53272.426      20.5880    0.0690000      53272.4      20.6200    0.0540000      53272.4      20.2740    0.0260000      53272.4      20.3640    0.0430000      53272.4      20.7760     0.210000
       53286.395      20.5350    0.0690000      53286.4      20.5730    0.0290000      53286.4      20.3050    0.0290000      53286.4      20.3600    0.0440000      53286.4      20.4250     0.133000
       53288.353      20.5870    0.0620000      53288.4      20.6240    0.0250000      53288.4      20.2860    0.0250000      53288.4      20.3280    0.0380000      53288.4      20.2840     0.121000
       53294.401      20.6000    0.0690000      53294.4      20.5970    0.0260000      53294.4      20.2710    0.0300000      53294.4      20.3900    0.0480000      53294.4      20.5110     0.154000
       53296.348      20.5030    0.0710000      53296.3      20.5870    0.0330000      53296.3      20.3450    0.0370000      53296.3      20.2690    0.0500000      53296.3      20.1970     0.139000
       53298.398      20.6390    0.0700000      53298.4      20.6530    0.0280000      53298.4      20.3370    0.0380000      53298.4      20.3730    0.0590000      53298.4      20.1790     0.151000
       53302.349      20.7090     0.102000      53302.4      20.6250    0.0510000      53302.3      20.3390    0.0390000      53302.3      20.3960    0.0510000      53302.4      20.2660     0.127000
       53314.306      20.7530    0.0960000      53314.3      20.5680    0.0350000      53314.3      20.2820    0.0340000      53314.3      20.3150    0.0520000      53314.3      20.8740     0.241000
       53319.293      20.4510    0.0770000      53319.3     -99.9900    0.0380000      53319.3      20.3790    0.0430000      53319.3      20.3150    0.0600000      53319.3      20.3600     0.206000
       53616.410      20.6810    0.0890000      53616.4      20.5720    0.0290000      53616.4      20.2700    0.0310000      53616.4      20.3660    0.0540000      53616.4      20.0840     0.133000
       53626.386     -99.9900     0.279000      53626.4     -99.9900    0.0630000      53626.4      20.3110    0.0450000      53626.4      20.2150    0.0790000      53626.4     -99.9900     0.322000
       53628.371      20.5280     0.112000      53628.4      20.6070    0.0590000      53628.4      20.2720    0.0420000      53628.4      20.3470    0.0640000      53628.4      20.2040     0.155000
       53639.418      20.6360    0.0760000      53639.4      20.5740    0.0320000      53639.4      20.3490    0.0300000      53639.4      20.2520    0.0380000      53639.4      20.2940     0.116000
       53641.417      20.5890    0.0740000      53641.4      20.5720    0.0280000      53641.4      20.2280    0.0260000      53641.4      20.3810    0.0470000      53641.4      20.1850     0.104000
       53657.376      20.5760     0.158000      53657.4      20.6870    0.0870000      53657.4      20.3160    0.0670000      53657.4      20.2010    0.0730000      53657.4      20.0900     0.180000
       53663.361      20.6210     0.143000      53663.4      20.5580    0.0620000      53663.4      20.2300    0.0430000      53663.4      20.3770    0.0590000      53663.4      20.3530     0.144000
       53665.339      20.3820     0.153000      53665.3     -99.9900      1.64000      53665.3      20.3840    0.0450000      53665.3      20.2770     0.115000      53665.3      20.2180     0.426000
       53668.350      20.6560     0.104000      53668.4      20.5690    0.0400000      53668.3      20.2710    0.0350000      53668.3      20.2760    0.0520000      53668.4      20.3530     0.172000
       53669.438      20.5050     0.141000      53669.4      20.5150    0.0430000      53669.4      20.2850    0.0420000      53669.4      20.2240    0.0510000      53669.4      20.1570     0.149000
       53670.355      20.5400    0.0890000      53670.4      20.6030    0.0340000      53670.4      20.2860    0.0330000      53670.4      20.3370    0.0590000      53670.4      20.2640     0.150000
       53673.323      20.4370    0.0570000      53673.3      20.5130    0.0230000      53673.3      20.2610    0.0260000      53673.3      20.2800    0.0370000      53673.3      20.2100     0.100000
       53675.320      20.4690    0.0600000      53675.3      20.5120    0.0260000      53675.3      20.2650    0.0290000      53675.3      20.3110    0.0450000      53675.3      20.1300     0.118000
       53677.341      20.5050    0.0620000      53677.3      20.5210    0.0250000      53677.3      20.2510    0.0250000      53677.3      20.3280    0.0370000      53677.3      20.3730     0.113000
       53680.328      20.4590    0.0640000      53680.3      20.5460    0.0260000      53680.3      20.2550    0.0270000      53680.3      20.3520    0.0440000      53680.3      20.1580     0.106000
       53683.386      20.5560    0.0790000      53683.4      20.4860    0.0270000      53683.4      20.1930    0.0310000      53683.4      20.2880    0.0530000      53683.4      20.3830     0.181000
       53686.327      20.2350     0.143000      53686.3     -99.9900    0.0720000      53686.3      20.1290    0.0570000      53686.3      20.1120    0.0680000      53686.3      20.3440     0.190000
       53698.327     -99.9900     0.335000      53698.3     -99.9900     0.784000      53698.3      20.1770    0.0500000      53698.3     -99.9900     0.137000      53698.3     -99.9900     0.621000
       53699.351      20.5460    0.0870000      53699.4      20.4780    0.0310000      53699.3      20.1850    0.0290000      53699.4      20.2370    0.0420000      53699.4      20.3370     0.125000
       53704.313      20.3920    0.0730000      53704.3      20.4230    0.0270000      53704.3      20.2150    0.0280000      53704.3      20.2360    0.0520000      53704.3      20.3850     0.184000
       53989.409      20.8300     0.154000      53989.4      20.8050    0.0760000      53989.4      20.4460    0.0500000      53989.4      20.3900    0.0550000      53989.4      20.3760     0.134000
       53995.448      20.5380    0.0560000      53995.4      20.7190    0.0310000      53995.4      20.3940    0.0260000      53995.4      20.4330    0.0400000      53995.4      20.2620    0.0920000
       54000.384      20.7330    0.0730000      54000.4      20.6980    0.0310000      54000.4      20.4180    0.0380000      54000.4      20.4310    0.0560000      54000.4      20.2320     0.136000
       54007.435      20.8240    0.0720000      54007.4      20.7060    0.0300000      54007.4      20.4060    0.0320000      54007.4      20.4030    0.0430000      54007.4      20.3510     0.118000
       54009.358      20.7000    0.0560000      54009.4      20.7170    0.0290000      54009.4      20.4310    0.0290000      54009.4      20.4240    0.0440000      54009.4      20.3780     0.109000
       54011.423      20.7800    0.0550000      54011.4      20.7080    0.0240000      54011.4      20.3900    0.0270000      54011.4      20.4540    0.0380000      54011.4      20.3710    0.0930000
       54012.436      20.6690    0.0720000      54012.4      20.7580    0.0300000      54012.4      20.3650    0.0330000      54012.4      20.4260    0.0500000      54012.4      20.2360     0.117000
       54025.422      20.6090    0.0840000      54025.4      20.7230    0.0390000      54025.4      20.3520    0.0360000      54025.4      20.4810    0.0550000      54025.4      20.5720     0.161000
       54346.416      20.4900     0.106000      54346.4      20.4690    0.0490000      54346.4      20.1500    0.0390000      54346.4      20.1240    0.0440000      54346.4      20.4230     0.127000
       54348.420      20.4540    0.0740000      54348.4      20.4080    0.0340000      54348.4      20.2170    0.0330000      54348.4      20.2560    0.0460000      54348.4      20.2660     0.140000
       54355.430      20.3880    0.0490000      54355.4      20.4970    0.0290000      54355.4      20.1710    0.0250000      54355.4      20.2700    0.0370000      54355.4      20.5560     0.129000
       54358.375      20.2650    0.0660000      54358.4     -99.9900    0.0310000      54358.4      20.2450    0.0350000      54358.4      20.2910    0.0510000      54358.4      20.3810     0.157000
       54365.409      20.4350    0.0520000      54365.4      20.3830    0.0260000      54365.4      20.1560    0.0290000      54365.4      20.1980    0.0330000      54365.4      20.3090    0.0900000
       54381.428      20.4810    0.0490000      54381.4      20.4430    0.0210000      54381.4      20.1910    0.0220000      54381.4      20.1860    0.0320000      54381.4      20.2360    0.0900000
       54384.435      20.5490    0.0640000      54384.4      20.4110    0.0230000      54384.4      20.1830    0.0270000      54384.4      20.2290    0.0360000      54384.4      20.1920    0.0910000
       54386.420      20.3750    0.0570000      54386.4      20.4490    0.0310000      54386.4      20.2300    0.0290000      54386.4      20.2120    0.0380000      54386.4      20.1960    0.0950000
       54388.425      20.2810    0.0520000      54388.4      20.4380    0.0250000      54388.4      20.1720    0.0280000      54388.4      20.1540    0.0360000      54388.4      20.1460    0.0870000
       54392.422      20.4480    0.0650000      54392.4      20.4430    0.0350000      54392.4      20.1590    0.0360000      54392.4      20.2460    0.0440000      54392.4      20.1160     0.114000
       54403.339      20.1990     0.138000      54403.3      20.6780     0.166000      54403.3     -99.9900    0.0860000      54403.3      20.1900    0.0930000      54403.3      21.2790     0.881000
       54404.396     -99.9900     0.331000      54404.4     -99.9900    0.0500000      54404.4     -99.9900    0.0850000      54404.4      19.8550     0.210000      54404.4      20.3840     0.203000
       54405.394      20.2720    0.0840000      54405.4      20.3740    0.0400000      54405.4      20.1120    0.0290000      54405.4      20.1830    0.0460000      54405.4      20.2330     0.126000
       54406.332      20.2760    0.0600000      54406.3      20.3210    0.0270000      54406.3      20.1610    0.0260000      54406.3      20.1630    0.0340000      54406.3      20.1790    0.0990000
       54412.358      20.3070    0.0490000      54412.4      20.3150    0.0230000      54412.4      20.1580    0.0270000      54412.4      20.1780    0.0330000      54412.4      20.2370    0.0990000
       52234.000       20.911000     0.083000000       52234.000       20.901000     0.048000000       52234.000       20.613000     0.040000000       52234.000       20.515000     0.050000000       52234.000       21.088000      0.22400000
       51075       20.494000     0.049000000       51075       20.536000     0.027000000       51075       20.275000     0.030000000       51075       20.311000     0.047000000       51075       19.835000      0.11200000
       51133       20.610000     0.056000000       51133       20.541000     0.039000000       51133       20.325000     0.035000000       51133       20.274000     0.058000000       51133       20.303000      0.18800000
       51134       20.466000     0.042000000       51134       20.528000     0.024000000       51134       20.228000     0.027000000       51134       20.258000     0.036000000       51134       20.274000      0.11700000
       51818       20.619000     0.052000000       51818       20.614000     0.031000000       51818       20.333000     0.029000000       51818       20.361000     0.046000000       51818       20.466000      0.14700000
       51874       20.661000     0.067000000       51874       20.622000     0.035000000       51874       20.366000     0.032000000       51874       20.469000     0.055000000       51874       20.542000      0.20000000
       52170       20.867000     0.065000000       52170       20.737000     0.029000000       52170       20.514000     0.033000000       52170       20.496000     0.046000000       52170       20.492000      0.15300000
       52171       20.711000     0.064000000       52171       20.717000     0.036000000       52171       20.424000     0.031000000       52171       20.535000     0.049000000       52171       20.401000      0.13900000
       52173       20.792000     0.069000000       52173       20.723000     0.035000000       52173       20.448000     0.031000000       52173       20.461000     0.055000000       52173       20.368000      0.17600000
       52207       20.926000     0.076000000       52207       20.843000     0.043000000       52207       20.479000     0.032000000       52207       20.573000     0.050000000       52207       20.234000      0.11400000
       52224       21.038000     0.071000000       52224       20.880000     0.033000000       52224       20.511000     0.029000000       52224       20.580000     0.044000000       52224       20.518000      0.13500000
       52234       20.921000     0.076000000       52234       20.911000     0.045000000       52234       20.617000     0.039000000       52234       20.518000     0.049000000       52234       21.087000      0.22600000
       52283       21.426000      0.11500000       52283       20.936000     0.044000000       52283       20.633000     0.045000000       52283       20.557000     0.066000000       52283       20.561000      0.21800000
       52287       21.165000     0.077000000       52287       21.032000     0.038000000       52287       20.674000     0.037000000       52287       20.693000     0.050000000       52287       20.629000      0.15000000
       52552       20.643000     0.087000000       52552       20.745000     0.039000000       52552       20.519000     0.042000000       52552       20.409000     0.058000000       52552       20.273000      0.18900000
       52557       20.836000     0.067000000       52557       20.866000     0.037000000       52557       20.466000     0.032000000       52557       20.468000     0.049000000       52557       20.341000      0.14100000
       52872       20.408000     0.061000000       52872       20.509000     0.040000000       52872       20.185000     0.037000000       52872       20.279000     0.036000000       52872       20.014000     0.097000000
       52908       20.390000     0.049000000       52908       20.430000     0.034000000       52908       20.166000     0.037000000       52908       20.265000     0.040000000       52908       20.287000      0.13700000
       52912       20.432000     0.051000000       52912       20.433000     0.027000000       52912       20.233000     0.033000000       52912       20.220000     0.038000000       52912       20.313000      0.12100000
       52934       20.430000     0.058000000       52934       20.483000     0.028000000       52934       20.235000     0.029000000       52934       20.254000     0.046000000       52934       20.060000      0.13000000
       52936       20.434000     0.045000000       52936       20.500000     0.026000000       52936       20.195000     0.026000000       52936       20.241000     0.037000000       52936       20.265000      0.12700000
       53270       20.651000     0.053000000       53270       20.612000     0.026000000       53270       20.371000     0.029000000       53270       20.339000     0.039000000       53270       20.481000      0.14100000
       53272       20.615000     0.067000000       53272       20.619000     0.032000000       53272       20.325000     0.028000000       53272       20.408000     0.045000000       53272       20.742000      0.19300000
       53286       20.536000     0.060000000       53286       20.593000     0.032000000       53286       20.305000     0.033000000       53286       20.348000     0.042000000       53286       20.361000      0.12400000
       53288       20.610000     0.053000000       53288       20.652000     0.028000000       53288       20.294000     0.026000000       53288       20.353000     0.041000000       53288       20.276000      0.11600000
       53294       20.611000     0.058000000       53294       20.618000     0.032000000       53294       20.278000     0.034000000       53294       20.384000     0.046000000       53294       20.480000      0.20700000
       53298       20.609000     0.061000000       53298       20.653000     0.029000000       53298       20.320000     0.038000000       53298       20.369000     0.057000000       53298       20.171000      0.14700000
       53312       20.748000      0.14000000       53312       20.568000     0.054000000       53312       20.514000     0.061000000       53312       20.314000     0.068000000       53312       20.176000      0.16900000
       53314       20.754000     0.090000000       53314       20.568000     0.036000000       53314       20.286000     0.035000000       53314       20.289000     0.053000000       53314       20.859000      0.22300000
       53319       20.431000     0.068000000       53319       20.589000     0.041000000       53319       20.352000     0.047000000       53319       20.317000     0.057000000       53319       20.319000      0.19700000
