       51819.454      23.3690      1.01800      51819.5      20.9590    0.0600000      51819.5      20.7680    0.0500000      51819.5      20.9630    0.0880000      51819.5      22.0340     0.787000
       51875.198      22.3070     0.249000      51875.2      20.9890    0.0440000      51875.2      20.6370    0.0430000      51875.2      20.8010    0.0770000      51875.2      21.4910     0.466000
       52225.279      22.1970     0.211000      52225.3      20.9600    0.0370000      52225.3      20.8170    0.0370000      52225.3      20.7290    0.0510000      52225.3      20.9200     0.202000
       52288.113      22.9410     0.459000      52288.1     -99.9900    0.0440000      52288.1      20.7930    0.0470000      52288.1      20.8780    0.0770000      52288.1      21.1320     0.319000
       52551.386      23.1520     0.507000      52551.4      21.1730    0.0450000      52551.4      20.9470    0.0450000      52551.4      21.1140    0.0750000      52551.4      20.8920     0.213000
       52558.419      22.6530     0.304000      52558.4      21.2270    0.0430000      52558.4      20.9840    0.0390000      52558.4      21.0390    0.0590000      52558.4      20.8940     0.204000
       52576.252      22.3610     0.291000      52576.3      21.1560    0.0510000      52576.2      20.9830    0.0590000      52576.2      20.8930    0.0800000      52576.3      21.2030     0.310000
       52578.291      22.6860     0.379000      52578.3      21.1510    0.0480000      52578.3      20.8950    0.0470000      52578.3      21.2230    0.0990000      52578.3      21.0290     0.245000
       52585.254      22.1250     0.222000      52585.3      21.0400    0.0410000      52585.3      20.7620    0.0470000      52585.3      21.0070     0.102000      52585.3      20.7030     0.280000
       52909.421      22.4130     0.274000      52909.4     -99.9900    0.0570000      52909.4      21.1540    0.0490000      52909.4      21.1420    0.0730000      52909.4      21.0720     0.223000
       52910.391      22.4800     0.393000      52910.4      21.4800    0.0740000      52910.4      21.2420    0.0630000      52910.4      21.4060     0.121000      52910.4      21.3920     0.375000
       52935.318     -99.9900      1.25800      52935.3      21.6000    0.0790000      52935.3      21.1500    0.0770000      52935.3      21.5070     0.160000      52935.3      21.5940     0.591000
       52963.241      22.9550     0.348000      52963.2      21.5860    0.0550000      52963.2      21.3840    0.0520000      52963.2      21.5450    0.0880000      52963.2      21.5250     0.280000
       52971.232      22.7600     0.535000      52971.2     -99.9900    0.0920000      52971.2      21.2420    0.0770000      52971.2      21.4730     0.142000      52971.2      20.7640     0.256000
       53351.163      22.4150     0.315000      53351.2      21.4590    0.0610000      53351.2      21.1580    0.0610000      53351.2      21.3460     0.113000      53351.2      21.2550     0.403000
       53622.420      23.0900     0.451000      53622.4      21.1360    0.0420000      53622.4      20.9270    0.0400000      53622.4      21.0170    0.0660000      53622.4      20.6970     0.171000
       53638.411      22.5630     0.420000      53638.4      21.2320    0.0610000      53638.4      20.9460    0.0460000      53638.4      21.1300    0.0740000      53638.4      21.3350     0.303000
       53640.375      22.4140     0.378000      53640.4      21.1710    0.0560000      53640.4      20.9460    0.0480000      53640.4      21.1300    0.0840000      53640.4      21.2580     0.309000
       53646.437      25.2720      1.00300      53646.4      21.3230    0.0790000      53646.4      20.9190    0.0480000      53646.4      21.2270    0.0910000      53646.4      21.2260     0.335000
       53655.347      22.7380     0.395000      53655.3      21.1700    0.0450000      53655.3      21.0470    0.0490000      53655.3      21.1970    0.0850000      53655.3      20.8450     0.244000
       53664.372      22.7800      1.44500      53664.4      21.1110     0.168000      53664.4      21.1570     0.180000      53664.4      21.0600     0.227000      53664.4     -99.9900     0.731000
       53668.426      22.5730     0.956000      53668.4      21.2180    0.0990000      53668.4      20.8800    0.0810000      53668.4      21.1990     0.137000      53668.4      21.5200     0.610000
       53670.432      22.7440     0.949000      53670.4      21.2580    0.0870000      53670.4      20.8400    0.0710000      53670.4      20.8600     0.101000      53670.4      22.5360     0.944000
       53671.416      22.5780     0.564000      53671.4      21.1440    0.0640000      53671.4      20.8300    0.0530000      53671.4      20.9470    0.0780000      53671.4      20.9000     0.272000
       53674.316      24.7980      1.61100      53674.3      21.1010    0.0620000      53674.3      20.9310    0.0620000      53674.3      21.1100     0.109000      53674.3      21.5250     0.507000
       53676.405      23.0100      1.17900      53676.4      21.1380    0.0830000      53676.4      20.9030    0.0680000      53676.4      21.0170     0.110000      53676.4      20.9780     0.399000
       53681.369      23.0430     0.619000      53681.4      21.2510    0.0580000      53681.4      20.9980    0.0460000      53681.4      21.0790    0.0710000      53681.4      21.3810     0.330000
       53694.342      21.5000     0.473000      53694.3     -99.9900     0.184000      53694.3      21.5770     0.242000      53694.3     -99.9900     0.168000      53694.3      21.3650     0.534000
       53697.326      22.2270     0.397000      53697.3      21.1990    0.0660000      53697.3      21.1230    0.0660000      53697.3      21.1440    0.0880000      53697.3      21.2770     0.317000
       53700.325      22.5200     0.472000      53700.3      21.2630    0.0630000      53700.3      21.0300    0.0700000      53700.3      21.1040     0.111000      53700.3      21.2700     0.448000
       53705.311      23.1530     0.752000      53705.3      21.2100    0.0540000      53705.3      21.0530    0.0610000      53705.3      21.1520     0.101000      53705.3      21.3530     0.406000
       53975.396      22.7350     0.437000      53975.4      21.5200    0.0740000      53975.4      21.3780    0.0750000      53975.4      21.3640     0.104000      53975.4      21.3350     0.309000
       53993.409      24.3170      1.92100      53993.4     -99.9900    0.0630000      53993.4      21.3490    0.0630000      53993.4      21.4730    0.0870000      53993.4      21.6230     0.383000
       53994.419      23.3820     0.722000      53994.4      21.3920    0.0570000      53994.4      21.2790    0.0590000      53994.4      21.5340    0.0980000      53994.4      21.3770     0.317000
       53996.403      26.5130      99.9990      53996.4      21.5280    0.0600000      53996.4      21.3580    0.0550000      53996.4      21.2840    0.0800000      53996.4      21.9070     0.526000
       54005.416      23.2420     0.536000      54005.4      21.5270    0.0500000      54005.4      21.3130    0.0420000      54005.4      21.3750    0.0700000      54005.4      21.1040     0.211000
       54010.357      23.0060      1.00000      54010.4      21.4820    0.0450000      54010.4      21.2730    0.0390000      54010.4      21.4640    0.0650000      54010.4      22.0180     0.389000
       54020.356      22.3850     0.799000      54020.4      21.3880    0.0950000      54020.4      21.2010    0.0790000      54020.4      21.3810     0.123000      54020.4      21.3300     0.391000
       54024.438      21.7170     0.307000      54024.4      21.4120    0.0730000      54024.4      21.0990    0.0610000      54024.4      21.4450     0.110000      54024.4      21.1730     0.339000
       54028.426      22.9820     0.616000      54028.4      21.4240    0.0880000      54028.4      21.2470    0.0670000      54028.4      21.5720     0.152000      54028.4     -99.9900      2.33800
       54030.381      22.7110      1.00000      54030.4      21.4470    0.0460000      54030.4      21.2920    0.0510000      54030.4      21.4200    0.0820000      54030.4      20.7560     0.180000
       54037.331      24.7000      1.86400      54037.3      21.5280    0.0510000      54037.3      21.2510    0.0440000      54037.3      21.2500    0.0630000      54037.3      21.3930     0.231000
       54040.345      29.2900      99.9990      54040.3     -99.9900    0.0900000      54040.3      21.1340    0.0750000      54040.3      21.4910     0.128000      54040.3      22.3480     0.961000
       54056.338      22.7170     0.476000      54056.3      21.4270    0.0790000      54056.3      21.3700    0.0690000      54056.3      21.3510     0.111000      54056.3      20.9840     0.298000
       54059.332      22.3430     0.346000      54059.3      21.4610    0.0730000      54059.3      21.2840    0.0650000      54059.3      21.4160     0.112000      54059.3      21.6060     0.584000
       54061.343      23.3240      1.53000      54061.3      21.3760    0.0920000      54061.3      21.3490     0.112000      54061.3      21.5710     0.199000      54061.3      20.8020     0.447000
       54062.337      22.9680     0.604000      54062.3      21.5780    0.0610000      54062.3      21.2470    0.0550000      54062.3      21.5530     0.108000      54062.3      21.0260     0.291000
       54068.318      22.1690     0.512000      54068.3     -99.9900     0.171000      54068.3      21.3330     0.126000      54068.3      21.2650     0.153000      54068.3      21.2640     0.717000
       54357.375      22.6400     0.230000      54357.4      21.5030    0.0590000      54357.4      21.2120    0.0420000      54357.4      21.3330    0.0710000      54357.4      21.8840     0.444000
       54362.425      21.8600     0.155000      54362.4      21.5060    0.0510000      54362.4      21.2020    0.0490000      54362.4      21.4050    0.0820000      54362.4      20.9220     0.265000
       54376.420      25.1770      4.80000      54376.4      21.6400    0.0790000      54376.4      21.3090    0.0590000      54376.4      21.2990    0.0820000      54376.4      21.6400     0.418000
       54382.405      22.6770     0.509000      54382.4      21.5260    0.0740000      54382.4      21.2490    0.0690000      54382.4      21.6290     0.148000      54382.4      21.6070     0.578000
       54385.423      99.9880      99.9990      54385.4      21.5690    0.0630000      54385.4      21.2280    0.0560000      54385.4      21.3790    0.0860000      54385.4      21.4470     0.348000
       54387.424      23.2780     0.698000      54387.4      21.4900     0.103000      54387.4      21.2430    0.0850000      54387.4      21.2240     0.110000      54387.4      21.1120     0.407000
       54390.416      22.7810      1.00000      54390.4     -99.9900     0.240000      54390.4      21.3340     0.103000      54390.4      21.3530     0.160000      54390.4     -99.9900     0.671000
       54391.425     -99.9900      99.9990      54391.4      21.5030     0.134000      54391.4      21.5620     0.230000      54391.4      21.2130     0.191000      54391.4      21.1910     0.790000
       52522.000       22.650000      0.32400000       52522.000       21.199000     0.047000000       52522.000       20.945000     0.041000000       52522.000       21.051000     0.069000000       52522.000       20.954000      0.19400000
       51081       23.458000      0.68300000       51081       21.400000     0.055000000       51081       21.088000     0.061000000       51081       21.211000     0.098000000       51081       21.032000      0.27400000
       51132       23.202000       2.4380000       51132       21.575000     0.085000000       51132       21.137000     0.076000000       51132       21.320000      0.15300000       51132       21.359000      0.52800000
       51136       23.773000      0.86800000       51136       21.449000     0.053000000       51136       21.177000     0.060000000       51136       21.304000      0.10800000       51136       20.978000      0.31400000
       51819       23.297000      0.49500000       51819       20.995000     0.066000000       51819       20.730000     0.050000000       51819       20.924000     0.075000000       51819       21.820000      0.69000000
       51875       22.370000      0.24400000       51875       21.034000     0.043000000       51875       20.692000     0.045000000       51875       20.848000     0.073000000       51875       21.380000      0.40300000
       52225       22.071000      0.16300000       52225       20.913000     0.034000000       52225       20.784000     0.035000000       52225       20.721000     0.050000000       52225       20.873000      0.19300000
       52288       22.681000      0.31000000       52288       21.003000     0.041000000       52288       20.841000     0.047000000       52288       20.889000     0.069000000       52288       21.110000      0.29800000
       52522       22.593000      0.26300000       52522       21.198000     0.042000000       52522       20.961000     0.044000000       52522       21.041000     0.063000000       52522       20.989000      0.20200000
       52551       23.052000      0.27200000       52551       21.151000     0.047000000       52551       20.956000     0.045000000       52551       21.131000     0.091000000       52551       20.867000      0.20300000
       52558       22.605000      0.25900000       52558       21.197000     0.054000000       52558       20.950000     0.039000000       52558       21.041000     0.055000000       52558       20.895000      0.19600000
       52576       22.385000      0.26100000       52576       21.209000     0.043000000       52576       21.081000     0.058000000       52576       20.980000     0.074000000       52576       21.259000      0.28400000
       52578       22.735000      0.40000000       52578       21.138000     0.048000000       52578       20.890000     0.045000000       52578       21.211000     0.090000000       52578       20.990000      0.23300000
       52585       22.107000      0.17200000       52585       21.130000     0.039000000       52585       20.882000     0.048000000       52585       21.101000     0.094000000       52585       20.857000      0.28000000
       52640       23.394000      0.88500000       52640       21.076000     0.045000000       52640       20.981000     0.066000000       52640       21.103000      0.11000000       52640       20.637000      0.25000000
       52909       22.445000      0.20900000       52909       21.486000     0.048000000       52909       21.219000     0.048000000       52909       21.217000     0.064000000       52909       21.187000      0.22300000
       52910       22.466000      0.31500000       52910       21.519000     0.070000000       52910       21.351000     0.064000000       52910       21.471000      0.10800000       52910       21.442000      0.35800000
       52935       24.128000      0.99000000       52935       21.667000     0.069000000       52935       21.277000     0.077000000       52935       21.536000      0.13500000       52935       21.624000      0.52500000
       52971       22.832000      0.23600000       52971       21.524000     0.079000000       52971       21.427000     0.076000000       52971       21.606000      0.12300000       52971       20.902000      0.25400000
       53351       22.346000      0.59300000       53351       21.474000     0.051000000       53351       21.184000     0.062000000       53351       21.369000      0.10500000       53351       21.206000      0.37300000
       54424       23.230000       2.5140000       54424       21.217000     0.094000000       54424       21.143000     0.081000000       54424       21.426000      0.11400000       54424       21.162000      0.29200000
       54770       23.544000      0.65800000       54770       21.639000     0.050000000       54770       21.364000     0.071000000       54770       21.638000      0.13400000       54770       21.313000      0.36500000
