       51464.177      18.5220    0.0160000      51464.2      18.2630   0.00700000      51464.2      17.8000   0.00600000      51464.2      17.6140   0.00700000      51464.2      17.5170    0.0160000
       52075.350      18.2890    0.0160000      52075.4      18.1120   0.00700000      52075.3      17.7090   0.00600000      52075.3      17.5200   0.00700000      52075.4      17.4580    0.0140000
       52197.159      18.2810    0.0150000      52197.2      18.1010   0.00600000      52197.2      17.7060   0.00600000      52197.2      17.5210   0.00700000      52197.2      17.4530    0.0150000
       52557.197      18.2760    0.0150000      52557.2      18.1350   0.00600000      52557.2      17.7200   0.00600000      52557.2      17.5450   0.00700000      52557.2      17.5560    0.0160000
       52578.093      18.2810    0.0140000      52578.1      18.1280   0.00600000      52578.1      17.7280   0.00600000      52578.1      17.5330   0.00700000      52578.1      17.4380    0.0140000
       52929.123      18.3730    0.0160000      52929.1      18.1640   0.00600000      52929.1      17.7920   0.00600000      52929.1      17.6030   0.00700000      52929.1      17.5370    0.0160000
       52934.103      18.4010    0.0160000      52934.1      18.1780   0.00600000      52934.1      17.7840   0.00600000      52934.1      17.6010   0.00700000      52934.1      17.5920    0.0160000
       52936.099      18.3440    0.0150000      52936.1      18.1800   0.00700000      52936.1      17.7840   0.00600000      52936.1      17.6010   0.00700000      52936.1      17.5470    0.0150000
       53243.284      18.3010    0.0180000      53243.3      18.1580   0.00800000      53243.3      17.7660   0.00700000      53243.3      17.5990   0.00700000      53243.3      17.5620    0.0150000
       53270.163      18.3170    0.0190000      53270.2      18.1640    0.0110000      53270.2      17.7590   0.00900000      53270.2      17.5840    0.0100000      53270.2      17.5710    0.0180000
       53272.213      18.3270    0.0220000      53272.2      18.1610   0.00900000      53272.2      17.7820   0.00700000      53272.2      17.6290   0.00800000      53272.2      17.5780    0.0160000
       53288.140      18.2980    0.0160000      53288.1      18.1750   0.00700000      53288.1      17.7710   0.00600000      53288.1      17.6040   0.00700000      53288.1      17.5700    0.0160000
       53302.136      18.2640    0.0190000      53302.1      18.1830   0.00900000      53302.1      17.7810   0.00700000      53302.1      17.6070   0.00800000      53302.1      17.5390    0.0150000
       53312.092      18.3120    0.0180000      53312.1      18.1800    0.0100000      53312.1      17.7490    0.0140000      53312.1      17.6050    0.0140000      53312.1      17.5650    0.0220000
       53314.093      18.2710    0.0150000      53314.1      18.1630   0.00600000      53314.1      17.7720   0.00600000      53314.1      17.6170   0.00700000      53314.1      17.5770    0.0180000
       53623.187      18.5180    0.0180000      53623.2      18.2940   0.00700000      53623.2      17.8340   0.00700000      53623.2      17.6920   0.00700000      53623.2      17.6540    0.0160000
       53626.174      18.5030    0.0210000      53626.2      18.2750   0.00900000      53626.2      17.8310   0.00700000      53626.2      17.6740   0.00800000      53626.2      17.6190    0.0170000
       53628.159      18.4600    0.0300000      53628.2      18.2980    0.0130000      53628.2      17.8480    0.0100000      53628.2      17.6550   0.00900000      53628.2      17.5450    0.0200000
       53637.160      18.4860    0.0210000      53637.2      18.2700   0.00700000      53637.2      17.8610   0.00700000      53637.2      17.7050   0.00800000      53637.2      17.6070    0.0210000
       53644.153      18.5600    0.0200000      53644.2      18.2930    0.0270000      53644.2      17.8510    0.0150000      53644.2      17.6810    0.0140000      53644.2      17.6520    0.0220000
       53654.187      18.5360    0.0230000      53654.2      18.2950   0.00800000      53654.2      17.8600   0.00700000      53654.2      17.6970   0.00800000      53654.2      17.6740    0.0300000
       53656.135      18.4680    0.0340000      53656.1     -99.9900    0.0140000      53656.1      17.8690   0.00900000      53656.1      17.6870    0.0100000      53656.1      17.6490    0.0230000
       53665.126      18.5480    0.0240000      53665.1      18.3100    0.0100000      53665.1      17.8830   0.00900000      53665.1      17.7070    0.0100000      53665.1      17.6760    0.0240000
       53668.138      18.5260    0.0180000      53668.1      18.3010   0.00700000      53668.1      17.8630   0.00700000      53668.1      17.7160   0.00800000      53668.1      17.6580    0.0210000
       53670.143      18.5180    0.0200000      53670.1      18.2830   0.00700000      53670.1      17.8590   0.00700000      53670.1      17.6810   0.00900000      53670.1      17.5920    0.0230000
       53673.111      18.5400    0.0180000      53673.1      18.3020   0.00700000      53673.1      17.8610   0.00600000      53673.1      17.7090   0.00800000      53673.1      17.6520    0.0170000
       53675.107      18.5190    0.0170000      53675.1      18.2950   0.00700000      53675.1      17.8570   0.00600000      53675.1      17.6930   0.00700000      53675.1      17.6760    0.0180000
       53677.128      18.5340    0.0170000      53677.1      18.3200   0.00700000      53677.1      17.8550   0.00700000      53677.1      17.7050   0.00700000      53677.1      17.6600    0.0150000
       53680.115      18.5530    0.0190000      53680.1      18.3000   0.00700000      53680.1      17.8610   0.00600000      53680.1      17.6900   0.00700000      53680.1      17.6050    0.0160000
       53686.182      18.4980    0.0570000      53686.2      18.3250    0.0200000      53686.2      17.8650    0.0120000      53686.2      17.6900    0.0120000      53686.2      17.6600    0.0300000
       53693.117      18.4910    0.0230000      53693.1      18.3370    0.0100000      53693.1      17.8740   0.00700000      53693.1      17.6940   0.00800000      53693.1      17.6450    0.0170000
       53702.113      18.4830    0.0220000      53702.1      18.3000    0.0120000      53702.1      17.8690    0.0100000      53702.1      17.6930    0.0130000      53702.1      17.6600    0.0220000
       53703.122      18.5380    0.0250000      53703.1      18.3300    0.0140000      53703.1      17.8560    0.0120000      53703.1      17.6940    0.0130000      53703.1      17.6410    0.0250000
       53704.100      18.5270    0.0200000      53704.1      18.3170   0.00700000      53704.1      17.8690   0.00700000      53704.1      17.7060   0.00800000      53704.1      17.6470    0.0170000
       53974.188      18.3200    0.0170000      53974.2      18.2230   0.00800000      53974.2      17.8230    0.0100000      53974.2      17.6470   0.00900000      53974.2      17.6320    0.0190000
       53989.196      18.3670    0.0220000      53989.2      18.2390    0.0130000      53989.2      17.8250    0.0110000      53989.2      17.6590    0.0110000      53989.2      17.5990    0.0210000
       53995.186      18.3150    0.0180000      53995.2      18.2030    0.0130000      53995.2      17.8120    0.0170000      53995.2      17.6480    0.0120000      53995.2      17.6140    0.0170000
       53997.164      18.3130    0.0240000      53997.2      18.1730    0.0170000      53997.2      17.7690    0.0170000      53997.2      17.6300    0.0140000      53997.2      17.5830    0.0210000
       54005.136      18.3210    0.0150000      54005.1      18.1920    0.0130000      54005.1      17.8240   0.00900000      54005.1      17.6360    0.0110000      54005.1      17.5850    0.0190000
       54007.149      18.3360    0.0200000      54007.1      18.1870    0.0130000      54007.1      17.8170    0.0110000      54007.1      17.6490    0.0120000      54007.1      17.5910    0.0200000
       54009.146      18.3350    0.0210000      54009.1      18.2010    0.0130000      54009.1      17.8260    0.0130000      54009.1      17.6360    0.0110000      54009.1      17.6200    0.0170000
       54011.210      18.3740    0.0210000      54011.2      18.2150    0.0150000      54011.2      17.7930    0.0130000      54011.2      17.6270    0.0150000      54011.2      17.6350    0.0180000
       54019.160      18.4200    0.0180000      54019.2      18.2070    0.0120000      54019.2      17.8120    0.0120000      54019.2      17.6480    0.0120000      54019.2      17.5830    0.0180000
       54025.209      18.3850    0.0210000      54025.2      18.2260    0.0160000      54025.2      17.8060    0.0140000      54025.2      17.6500    0.0100000      54025.2      17.6510    0.0240000
       54029.140      18.3650    0.0180000      54029.1      18.2030    0.0110000      54029.1      17.8180    0.0100000      54029.1      17.6420    0.0110000      54029.1      17.6140    0.0180000
       54051.116      18.2510    0.0680000      54051.1      18.1920    0.0320000      54051.1      17.8240    0.0210000      54051.1      17.6190    0.0410000      54051.1     -99.9900     0.123000
       54356.218      18.4360    0.0240000      54356.2      18.2610    0.0130000      54356.2      17.8290    0.0150000      54356.2      17.6900    0.0150000      54356.2      17.6020    0.0190000
       54358.163      18.4580    0.0210000      54358.2      18.2550    0.0130000      54358.2      17.8340    0.0120000      54358.2      17.6480    0.0130000      54358.2      17.6080    0.0230000
       54373.195      18.4090    0.0270000      54373.2      18.2340    0.0180000      54373.2      17.8600    0.0210000      54373.2      17.6790    0.0150000      54373.2      17.6370    0.0230000
       54381.208      18.4350    0.0230000      54381.2      18.2440    0.0170000      54381.2      17.8510    0.0150000      54381.2      17.6830    0.0140000      54381.2      17.6470    0.0240000
       54382.205      18.3960    0.0280000      54382.2      18.2770    0.0130000      54382.2      17.8390    0.0100000      54382.2      17.6390    0.0120000      54382.2      17.6560    0.0200000
       54383.211      18.4270    0.0260000      54383.2      18.2590    0.0150000      54383.2      17.8770    0.0110000      54383.2      17.7100    0.0130000      54383.2      17.6130    0.0230000
       54386.208      18.4600    0.0210000      54386.2      18.2620    0.0150000      54386.2      17.8710    0.0160000      54386.2      17.6750    0.0120000      54386.2      17.6320    0.0190000
       54388.212      18.4190    0.0220000      54388.2      18.2750    0.0120000      54388.2      17.8560    0.0110000      54388.2      17.6590    0.0130000      54388.2      17.6240    0.0180000
       54403.126      18.4570    0.0240000      54403.1      18.2670    0.0150000      54403.1      17.8500   0.00900000      54403.1      17.6690    0.0110000      54403.1      17.7980    0.0280000
       54406.120      18.4600    0.0230000      54406.1      18.2720    0.0130000      54406.1      17.8470    0.0140000      54406.1      17.6860    0.0140000      54406.1      17.6580    0.0210000
       54412.123      18.4520    0.0260000      54412.1      18.2790    0.0140000      54412.1      17.8560    0.0140000      54412.1      17.6730   0.00900000      54412.1      17.6130    0.0180000
       54415.160      18.4750    0.0260000      54415.2      18.2830    0.0120000      54415.2      17.8650    0.0100000      54415.2      17.6760    0.0130000      54415.2      17.5990    0.0170000
       52197.000       18.296000     0.022000000       52197.000       18.129000     0.012000000       52197.000       17.713000    0.0090000000       52197.000       17.508000     0.010000000       52197.000       17.436000     0.018000000
       51459       18.517000     0.023000000       51459       18.264000     0.016000000       51459       17.835000     0.014000000       51459       17.588000     0.015000000       51459       17.576000     0.032000000
       51464       18.547000     0.020000000       51464       18.281000     0.018000000       51464       17.808000     0.012000000       51464       17.616000     0.014000000       51464       17.477000     0.024000000
       52075       18.299000     0.021000000       52075       18.105000     0.012000000       52075       17.704000     0.010000000       52075       17.497000     0.014000000       52075       17.443000     0.020000000
       52197       18.303000     0.020000000       52197       18.130000     0.012000000       52197       17.713000    0.0090000000       52197       17.508000     0.010000000       52197       17.433000     0.018000000
       52197       18.322000     0.025000000       52197       18.123000     0.011000000       52197       17.715000     0.010000000       52197       17.498000    0.0090000000       52197       17.459000     0.018000000
       52231       18.279000     0.016000000       52231       18.105000    0.0090000000       52231       17.703000     0.011000000       52231       17.494000     0.010000000       52231       17.475000     0.023000000
       52457       18.320000     0.034000000       52457       18.156000     0.016000000       52457       17.712000     0.016000000       52457       17.506000     0.012000000       52457       17.483000     0.018000000
       52557       18.286000     0.021000000       52557       18.147000     0.014000000       52557       17.698000     0.015000000       52557       17.526000     0.014000000       52557       17.561000     0.027000000
       52578       18.290000     0.019000000       52578       18.159000     0.013000000       52578       17.715000     0.010000000       52578       17.526000    0.0090000000       52578       17.422000     0.017000000
       52929       18.351000     0.025000000       52929       18.165000     0.023000000       52929       17.789000     0.016000000       52929       17.589000     0.017000000       52929       17.509000     0.024000000
       52934       18.402000     0.020000000       52934       18.178000     0.015000000       52934       17.777000     0.016000000       52934       17.578000     0.018000000       52934       17.559000     0.021000000
       53243       18.284000     0.021000000       53243       18.167000     0.012000000       53243       17.750000     0.017000000       53243       17.578000     0.013000000       53243       17.540000     0.018000000
       53270       18.311000     0.023000000       53270       18.141000     0.012000000       53270       17.764000     0.010000000       53270       17.571000     0.013000000       53270       17.543000     0.019000000
       53272       18.311000     0.027000000       53272       18.175000     0.016000000       53272       17.780000     0.015000000       53272       17.625000     0.025000000       53272       17.536000     0.019000000
       53288       18.297000     0.024000000       53288       18.193000     0.021000000       53288       17.764000     0.018000000       53288       17.592000     0.016000000       53288       17.549000     0.023000000
       53312       18.304000     0.018000000       53312       18.184000     0.011000000       53312       17.756000     0.014000000       53312       17.585000     0.016000000       53312       17.545000     0.023000000
       53314       18.252000     0.020000000       53314       18.179000     0.011000000       53314       17.762000     0.012000000       53314       17.606000     0.010000000       53314       17.547000     0.019000000
       54741       18.513000     0.025000000       54741       18.263000     0.013000000       54741       17.865000     0.013000000       54741       17.642000     0.014000000       54741       17.573000     0.022000000
