       51081.322      24.3770      1.44300      51081.3      21.2710    0.0600000      51081.3      20.1740    0.0310000      51081.3      20.1170    0.0400000      51081.3      20.1710     0.159000
       51819.393      23.5530     0.901000      51819.4      20.9930    0.0430000      51819.4      19.8390    0.0220000      51819.4      19.9260    0.0320000      51819.4      19.9040     0.108000
       52558.358      23.5470     0.783000      52558.4      21.1020    0.0400000      52558.4      19.9870    0.0210000      52558.4      19.9630    0.0280000      52558.4      20.0100     0.104000
       52577.245      25.4820     0.766000      52577.2      21.1110    0.0390000      52577.2      19.9590    0.0210000      52577.2      19.9490    0.0290000      52577.2      20.0450     0.113000
       52586.249      24.0590     0.837000      52586.2      21.1130    0.0360000      52586.2      19.9590    0.0220000      52586.2      19.9570    0.0310000      52586.2      19.7580     0.108000
       52910.329      23.8410     0.788000      52910.3      21.1550    0.0380000      52910.3      19.9760    0.0210000      52910.3      19.9770    0.0280000      52910.3      19.8110    0.0830000
       52931.260      25.9550     0.656000      52931.3      21.1520    0.0400000      52931.3      19.9820    0.0220000      52931.3      19.9700    0.0300000      52931.3      19.8670    0.0990000
       52935.257      24.2190      1.08500      52935.3      21.2110    0.0430000      52935.3      19.9920    0.0250000      52935.3      19.9740    0.0320000      52935.3      19.8140     0.110000
       52959.200      23.7900     0.668000      52959.2      21.0900    0.0340000      52959.2      20.0020    0.0200000      52959.2      19.9550    0.0250000      52959.2      20.0060    0.0850000
       52963.180      24.9130     0.691000      52963.2      21.1130    0.0330000      52963.2      19.9730    0.0190000      52963.2      19.9380    0.0230000      52963.2      19.9580    0.0770000
       53352.151      23.6490     0.971000      53352.2      21.0050    0.0390000      53352.1      19.9020    0.0240000      53352.1      19.8500    0.0310000      53352.2      19.9250     0.121000
       53622.359      23.3430     0.854000      53622.4      20.9790    0.0480000      53622.4      19.8250    0.0240000      53622.4      19.7810    0.0360000      53622.4      19.7600     0.131000
       53634.309      26.5680      1.33100      53634.3      21.0640     0.146000      53634.3      19.8360    0.0340000      53634.3      19.8240    0.0390000      53634.3      19.9420     0.119000
       53638.350      23.6970     0.996000      53638.4      21.0540    0.0470000      53638.3      19.8310    0.0200000      53638.3      19.8060    0.0240000      53638.4      19.8880    0.0940000
       53640.314      24.3450      1.15400      53640.3      20.9660    0.0380000      53640.3      19.8110    0.0220000      53640.3      19.8410    0.0290000      53640.3      19.8570    0.0940000
       53655.286      22.8240     0.661000      53655.3      20.9270    0.0590000      53655.3      19.8480    0.0260000      53655.3      19.8500    0.0340000      53655.3      19.6530     0.100000
       53664.311      22.0340     0.560000      53664.3      21.0080    0.0880000      53664.3      19.8690    0.0370000      53664.3      19.7970    0.0360000      53664.3      19.9060     0.130000
       53669.270      23.8370     0.689000      53669.3      21.0080    0.0310000      53669.3      19.8550    0.0180000      53669.3      19.8370    0.0230000      53669.3      19.8780    0.0830000
       53671.355      24.3880      1.51200      53671.4      20.9900    0.0400000      53671.4      19.8950    0.0260000      53671.4      19.8880    0.0330000      53671.4      19.7490    0.0960000
       53674.254      22.3940     0.444000      53674.3      21.0840    0.0410000      53674.3      19.8590    0.0230000      53674.3      19.8330    0.0330000      53674.3      19.9750     0.113000
       53676.344      24.3990      1.30300      53676.3      20.9020    0.0360000      53676.3      19.8450    0.0220000      53676.3      19.8860    0.0290000      53676.3      19.7000    0.0850000
       53679.316      26.2040     0.752000      53679.3      20.9470    0.0430000      53679.3      19.8650    0.0260000      53679.3      19.7840    0.0350000      53679.3      19.9790     0.157000
       53681.307      23.8530      1.11200      53681.3      20.8530    0.0780000      53681.3      19.8900    0.0240000      53681.3      19.8480    0.0320000      53681.3      19.8110     0.182000
       53685.266      26.8190      1.01300      53685.3      20.7600     0.123000      53685.3      19.8250    0.0560000      53685.3      19.8140    0.0570000      53685.3      20.0070     0.180000
       53697.264      23.1470     0.754000      53697.3      20.9960    0.0470000      53697.3      19.8750    0.0240000      53697.3      19.8160    0.0310000      53697.3      19.9290    0.0930000
       53700.263      25.6210      1.18700      53700.3      21.0090    0.0480000      53700.3      19.8070    0.0260000      53700.3      19.8540    0.0380000      53700.3      20.0250     0.170000
       53705.250      22.7820     0.486000      53705.2      21.0680    0.0400000      53705.2      19.9020    0.0210000      53705.2      19.9310    0.0270000      53705.2      19.7920    0.0830000
       53975.335      23.8580      1.17700      53975.3      21.1570    0.0370000      53975.3      19.9590    0.0250000      53975.3      19.9620    0.0320000      53975.3      19.8640    0.0950000
       53990.348      21.6580     0.302000      53990.3      21.3110    0.0940000      53990.3      19.9250    0.0280000      53990.3      19.9890    0.0380000      53990.3      19.7960    0.0930000
       53994.358      26.9270      99.9990      53994.4      21.1190    0.0320000      53994.4      19.9310    0.0190000      53994.4      19.9400    0.0240000      53994.4      19.8670    0.0760000
       53996.342      22.8930     0.490000      53996.3     -99.9900     0.162000      53996.3      19.9540    0.0240000      53996.3      19.9120    0.0290000      53996.3      19.9660     0.113000
       53998.311     -99.9900      1.24400      53998.3     -99.9900     0.775000      53998.3     -99.9900    0.0360000      53998.3     -99.9900     0.152000      53998.3     -99.9900     0.526000
       54010.296      23.9530      1.12600      54010.3      21.1090    0.0410000      54010.3      19.9350    0.0220000      54010.3      19.9990    0.0250000      54010.3      19.9890    0.0740000
       54012.289      100.004      99.9990      54012.3      20.9780    0.0720000      54012.3      19.9160    0.0270000      54012.3      19.9030    0.0330000      54012.3      20.0390    0.0950000
       54020.295      99.9900      99.9990      54020.3      21.0680    0.0620000      54020.3      19.9470    0.0360000      54020.3      19.9440    0.0380000      54020.3      20.0260     0.134000
       54024.376      99.9990      99.9990      54024.4      21.0900    0.0630000      54024.4      19.8880    0.0500000      54024.4      19.9910    0.0450000      54024.4      19.8270     0.125000
       54028.365      23.4250      1.02500      54028.4      21.0670    0.0470000      54028.4      19.9300    0.0300000      54028.4      20.0170    0.0360000      54028.4      19.8800     0.119000
       54030.288      24.8610      2.28200      54030.3      21.1390    0.0310000      54030.3      19.9340    0.0190000      54030.3      19.9100    0.0260000      54030.3      19.9280    0.0800000
       54035.364      99.9890      99.9990      54035.4      21.1430    0.0510000      54035.4      19.9670    0.0330000      54035.4      20.0020    0.0420000      54035.4      20.0150     0.145000
       54037.269      23.3400     0.698000      54037.3      21.0760    0.0370000      54037.3      19.9550    0.0250000      54037.3      19.9530    0.0320000      54037.3      19.7640    0.0800000
       54040.284      100.016      99.9990      54040.3      21.3820     0.138000      54040.3      19.9050    0.0370000      54040.3      19.9750    0.0480000      54040.3      20.1180     0.162000
       54049.310      99.9830      99.9990      54049.3      21.0350    0.0900000      54049.3      19.9100    0.0320000      54049.3      19.9810    0.0400000      54049.3      19.9090     0.136000
       54053.275      23.6400     0.899000      54053.3      21.0890    0.0460000      54053.3      19.9530    0.0330000      54053.3      19.9430    0.0290000      54053.3      19.9420     0.113000
       54056.276     -99.9900      99.9990      54056.3      21.0480    0.0560000      54056.3      19.8810    0.0290000      54056.3      19.9580    0.0570000      54056.3      20.1260     0.159000
       54059.271      22.8650     0.845000      54059.3      21.1340    0.0620000      54059.3      19.9450    0.0580000      54059.3      19.8780    0.0530000      54059.3      20.1900     0.208000
       54061.282      100.009      99.9990      54061.3      21.1190    0.0560000      54061.3      19.9330    0.0320000      54061.3      19.9020    0.0380000      54061.3      19.9690     0.134000
       54062.276      23.0100     0.694000      54062.3      21.0590    0.0400000      54062.3      19.9300    0.0260000      54062.3      19.9370    0.0380000      54062.3      20.0590     0.140000
       54068.256      99.9840      99.9990      54068.3      21.2630     0.137000      54068.3      19.9100    0.0390000      54068.3      19.9390    0.0460000      54068.3      20.0590     0.144000
       54357.314      23.4610     0.636000      54357.3      21.1190    0.0310000      54357.3      19.9940    0.0190000      54357.3      19.9800    0.0270000      54357.3      19.8270    0.0760000
       54362.364     -99.9900      99.9990      54362.4      21.1920    0.0350000      54362.4      19.9760    0.0340000      54362.4      19.9690    0.0420000      54362.4      19.8980    0.0830000
       54376.359      99.9810      99.9990      54376.4      21.1900    0.0500000      54376.4     -99.9900     0.106000      54376.4     -99.9900    0.0590000      54376.4      19.9800    0.0940000
       54382.344      23.3340      1.11200      54382.3      21.3210    0.0710000      54382.3      20.0870    0.0370000      54382.3      20.0230    0.0490000      54382.3      19.8940     0.171000
       54385.362      24.6600      2.07000      54385.4      21.2150    0.0340000      54385.4      20.0550    0.0210000      54385.4      20.0420    0.0250000      54385.4      19.9120    0.0730000
       54387.362      24.4520      3.18900      54387.4      21.2010    0.0600000      54387.4      20.0500    0.0330000      54387.4      20.0330    0.0450000      54387.4      19.9090     0.131000
       54390.355      24.2830      2.25300      54390.4      21.3090    0.0570000      54390.4      20.0410    0.0340000      54390.4      20.0510    0.0430000      54390.4      19.9210     0.137000
       54391.363     -99.9900      1.56100      54391.4      21.3590     0.100000      54391.4      20.0430    0.0500000      54391.4      20.0130    0.0680000      54391.4      19.8650     0.234000
       54392.357      23.8810      1.76300      54392.4      21.1930    0.0490000      54392.4      20.1140    0.0390000      54392.4      20.1140    0.0440000      54392.4      20.1230     0.165000
       54402.355     -99.9900     0.813000      54402.4      21.1130     0.129000      54402.4      20.0510    0.0450000      54402.4      20.0310    0.0490000      54402.4      20.0920     0.147000
       52522.000       24.783000       1.2590000       52522.000       21.054000     0.040000000       52522.000       19.943000     0.027000000       52522.000       19.865000     0.039000000       52522.000       19.916000      0.10800000
       51081       24.108000       1.1640000       51081       21.308000     0.059000000       51081       20.189000     0.037000000       51081       20.149000     0.043000000       51081       20.143000      0.15100000
       51136       24.363000      0.82900000       51136       21.222000     0.042000000       51136       20.086000     0.032000000       51136       20.032000     0.041000000       51136       20.141000      0.15900000
       52282       23.477000      0.59100000       52282       21.157000     0.046000000       52282       20.004000     0.030000000       52282       19.992000     0.040000000       52282       20.018000      0.13500000
       52522       25.116000       1.0120000       52522       21.061000     0.038000000       52522       19.930000     0.028000000       52522       19.892000     0.035000000       52522       19.930000      0.11000000
       52552       25.600000      0.77200000       52552       21.159000     0.039000000       52552       20.011000     0.025000000       52552       19.923000     0.030000000       52552       20.116000      0.10500000
       52558       23.314000      0.56100000       52558       21.093000     0.042000000       52558       19.988000     0.022000000       52558       19.945000     0.032000000       52558       20.004000     0.099000000
       52577       24.799000      0.89100000       52577       21.102000     0.038000000       52577       19.940000     0.029000000       52577       19.946000     0.030000000       52577       20.017000      0.10600000
       52586       24.183000      0.75300000       52586       21.093000     0.036000000       52586       19.968000     0.025000000       52586       19.960000     0.030000000       52586       19.746000      0.10200000
       52910       23.883000      0.66800000       52910       21.159000     0.038000000       52910       19.982000     0.025000000       52910       19.962000     0.031000000       52910       19.841000     0.085000000
       52931       25.664000      0.62100000       52931       21.135000     0.042000000       52931       19.961000     0.025000000       52931       19.957000     0.033000000       52931       19.868000     0.098000000
       52935       24.396000      0.99100000       52935       21.177000     0.044000000       52935       20.006000     0.027000000       52935       19.956000     0.031000000       52935       19.848000      0.10700000
       52959       23.689000      0.53200000       52959       21.072000     0.034000000       52959       19.986000     0.023000000       52959       19.948000     0.028000000       52959       19.991000     0.081000000
       53352       23.588000      0.74500000       53352       20.963000     0.043000000       53352       19.898000     0.029000000       53352       19.842000     0.039000000       53352       19.898000      0.11900000
       54424       21.917000      0.41900000       54424       21.241000     0.094000000       54424       20.083000     0.037000000       54424       20.015000     0.037000000       54424       20.004000     0.099000000
