       51819.246      21.1400     0.136000      51819.2      20.9410    0.0370000      51819.2      20.5270    0.0310000      51819.2      20.4940    0.0390000      51819.2      21.0290     0.264000
       52172.262      20.5480    0.0780000      52172.3      20.5760    0.0260000      52172.3      20.2680    0.0260000      52172.3      20.2430    0.0320000      52172.3      20.2200     0.126000
       52558.212      20.8630     0.125000      52558.2      20.6860    0.0310000      52558.2      20.3330    0.0460000      52558.2      20.3720    0.0570000      52558.2      20.2790     0.169000
       52576.124      20.5410    0.0830000      52576.1      20.5810    0.0320000      52576.1      20.2940    0.0300000      52576.1      20.2800    0.0380000      52576.1      20.7320     0.231000
       52577.099      20.4500    0.0700000      52577.1      20.5680    0.0280000      52577.1      20.2010    0.0320000      52577.1      20.2510    0.0420000      52577.1      20.1900     0.163000
       52930.112      20.8580    0.0820000      52930.1      20.7740    0.0260000      52930.1      20.4110    0.0260000      52930.1      20.3650    0.0320000      52930.1      20.3590     0.118000
       52931.113      20.8390    0.0870000      52931.1      20.7610    0.0300000      52931.1      20.4380    0.0300000      52931.1      20.4420    0.0380000      52931.1      20.5290     0.161000
       52935.110      20.7930     0.128000      52935.1      20.7100    0.0360000      52935.1      20.3490    0.0360000      52935.1      20.4300    0.0570000      52935.1      20.3690     0.207000
       53313.103      21.3050     0.216000      53313.1      20.9200    0.0490000      53313.1      20.5380    0.0490000      53313.1      20.3690    0.0660000      53313.1      20.7860     0.381000
       53622.213      20.6330     0.139000      53622.2      20.5690    0.0380000      53622.2      20.3940    0.0430000      53622.2      20.3200    0.0630000      53622.2      20.9100     0.375000
       53625.209      20.6920    0.0860000      53625.2      21.7800    0.0890000      53625.2      20.3170    0.0280000      53625.2      20.3280    0.0320000      53625.2      20.2730     0.109000
       53634.162      20.8730     0.300000      53634.2      20.8010     0.114000      53634.2      20.1960    0.0730000      53634.2     -99.9900     0.127000      53634.2      20.8350     0.406000
       53636.168      20.7840    0.0930000      53636.2      20.6470    0.0290000      53636.2      20.3450    0.0290000      53636.2      20.3740    0.0370000      53636.2      20.3350     0.122000
       53655.140      20.6400     0.177000      53655.1      20.5480    0.0660000      53655.1      20.1730    0.0470000      53655.1      20.3140    0.0550000      53655.1      20.3960     0.239000
       53664.165      20.7700     0.158000      53664.2      20.5230    0.0480000      53664.2      20.3090    0.0390000      53664.2      20.2350    0.0410000      53664.2      20.2890     0.151000
       53666.128      20.5350    0.0650000      53666.1      20.5110    0.0220000      53666.1      20.2450    0.0250000      53666.1      20.2360    0.0320000      53666.1      20.1440     0.115000
       53669.124      20.5220    0.0640000      53669.1      20.4810    0.0220000      53669.1      20.2120    0.0240000      53669.1      20.2310    0.0300000      53669.1      20.2280     0.117000
       53674.108      20.5590    0.0750000      53674.1      20.5160    0.0230000      53674.1      20.2200    0.0270000      53674.1      20.2350    0.0340000      53674.1      20.2550     0.116000
       53676.198      20.4580    0.0740000      53676.2      20.5670    0.0270000      53676.2      20.2570    0.0270000      53676.2      20.2330    0.0310000      53676.2      20.2970     0.126000
       53679.170      20.5150     0.111000      53679.2      20.4690    0.0320000      53679.2      20.2510    0.0390000      53679.2      20.2000    0.0460000      53679.2      20.4100     0.206000
       53681.161      20.5030    0.0900000      53681.2      20.4890    0.0390000      53681.2      20.1600    0.0310000      53681.2      20.1790    0.0360000      53681.2      20.1240     0.122000
       53685.120      20.4150     0.189000      53685.1      20.4660    0.0950000      53685.1      20.0460    0.0550000      53685.1      20.1660    0.0550000      53685.1      19.8420     0.140000
       53687.158      20.0050     0.181000      53687.2      20.5010    0.0880000      53687.2      20.1690    0.0550000      53687.2      20.3160    0.0700000      53687.2      20.3070     0.176000
       53694.134      20.9330     0.302000      53694.1      20.7110    0.0960000      53694.1      20.3920    0.0830000      53694.1      20.5230     0.120000      53694.1      20.4170     0.354000
       53697.118     -99.9900     0.647000      53697.1      20.2850     0.107000      53697.1      20.0460     0.175000      53697.1      19.9140     0.168000      53697.1      20.6130     0.770000
       53700.117      20.4910     0.150000      53700.1      20.4340    0.0320000      53700.1     -99.9900    0.0460000      53700.1     -99.9900    0.0510000      53700.1     -99.9900     0.311000
       53705.104      20.3200    0.0770000      53705.1      20.4240    0.0260000      53705.1      20.2280    0.0320000      53705.1      20.1330    0.0380000      53705.1      20.1890     0.151000
       53975.189      20.7940     0.100000      53975.2      20.6800    0.0290000      53975.2      20.3990    0.0300000      53975.2      20.4050    0.0440000      53975.2      20.4310     0.163000
       53996.195      20.8600    0.0840000      53996.2      20.7380    0.0270000      53996.2      20.3660    0.0230000      53996.2      20.3880    0.0300000      53996.2      20.3940     0.116000
       53998.164      20.7550    0.0720000      53998.2      20.7820    0.0260000      53998.2      20.3530    0.0230000      53998.2      20.4010    0.0320000      53998.2      20.4640     0.123000
       54010.150      20.8570     0.117000      54010.2      20.7300    0.0460000      54010.1      20.3860    0.0330000      54010.1      20.3720    0.0340000      54010.1      20.7870     0.144000
       54012.142      20.6000     0.201000      54012.1      20.8750     0.137000      54012.1      20.2900    0.0620000      54012.1      20.2800    0.0650000      54012.1      20.2480     0.210000
       54020.148      20.6950    0.0790000      54020.1      20.6920    0.0230000      54020.1      20.3280    0.0250000      54020.1      20.2910    0.0300000      54020.1      20.4960     0.141000
       54022.198      20.4420     0.116000      54022.2      20.6430    0.0450000      54022.2      20.3490     0.231000      54022.2     -99.9900     0.202000      54022.2      19.9300     0.140000
       54028.139      20.6080     0.115000      54028.1      20.6550    0.0390000      54028.1      20.3090    0.0380000      54028.1      20.3310    0.0570000      54028.1      20.8710     0.346000
       54030.142      20.5950    0.0670000      54030.1      20.6370    0.0240000      54030.1      20.3270    0.0240000      54030.1      20.3380    0.0260000      54030.1      20.3850     0.103000
       54032.131      20.7180     0.102000      54032.1      20.6390    0.0300000      54032.1      20.2960    0.0340000      54032.1      20.2910    0.0430000      54032.1      20.2950     0.149000
       54034.201      20.5570     0.121000      54034.2      20.6380    0.0340000      54034.2      20.3240    0.0470000      54034.2      20.4100    0.0600000      54034.2      20.7640     0.329000
       54037.123      20.5590    0.0940000      54037.1      20.5670    0.0470000      54037.1      20.2910    0.0330000      54037.1      20.2730    0.0420000      54037.1      20.3270     0.180000
       54040.138      20.4050     0.138000      54040.1      20.5910    0.0700000      54040.1      20.2870    0.0490000      54040.1      20.2640    0.0470000      54040.1      20.5310     0.196000
       54050.122      20.5460    0.0860000      54050.1      20.5600    0.0280000      54050.1      20.2850    0.0340000      54050.1      20.2020    0.0380000      54050.1      20.1150     0.145000
       54053.128      20.5700    0.0830000      54053.1      20.5710    0.0290000      54053.1      20.2150    0.0310000      54053.1      20.1770    0.0380000      54053.1      20.7400     0.229000
       54056.130      20.7390     0.164000      54056.1     -99.9900    0.0620000      54056.1      20.2190    0.0520000      54056.1     -99.9900    0.0830000      54056.1      20.5890     0.345000
       54057.099      20.5170    0.0730000      54057.1      20.5240    0.0270000      54057.1      20.2820    0.0280000      54057.1      20.3110    0.0370000      54057.1      20.1900     0.135000
       54059.124      20.6740     0.101000      54059.1      20.5760    0.0270000      54059.1      20.2660    0.0280000      54059.1      20.1830    0.0400000      54059.1      20.1210     0.130000
       54061.136      20.5210    0.0920000      54061.1      20.5110    0.0320000      54061.1      20.2650    0.0350000      54061.1      20.1270    0.0430000      54061.1      20.7830     0.289000
       54062.129      20.5310     0.133000      54062.1     -99.9900    0.0440000      54062.1      20.2180    0.0450000      54062.1      20.2210    0.0620000      54062.1      20.3870     0.272000
       54068.119      20.6140     0.275000      54068.1      20.5270     0.110000      54068.1     -99.9900     0.109000      54068.1      20.0780    0.0690000      54068.1      20.8100     0.448000
       54357.168      20.4070    0.0700000      54357.2      20.3320    0.0280000      54357.2      20.1290    0.0240000      54357.2      20.0250    0.0300000      54357.2     -99.9900     0.172000
       54365.165      20.3580     0.115000      54365.2      20.2870    0.0530000      54365.2      20.1180    0.0420000      54365.2      20.1090    0.0450000      54365.2      20.0890     0.141000
       54385.215      20.3310    0.0690000      54385.2      20.3500    0.0250000      54385.2      20.0700    0.0220000      54385.2      20.0410    0.0230000      54385.2      20.0900    0.0870000
       54387.216      20.3590    0.0870000      54387.2      20.3790    0.0250000      54387.2      20.0430    0.0280000      54387.2      20.0490    0.0320000      54387.2      20.3380     0.164000
       54392.211      20.3640     0.104000      54392.2      20.3480    0.0480000      54392.2      20.0590    0.0380000      54392.2      19.9900    0.0360000      54392.2      20.0350     0.143000
       54402.209      20.5950     0.238000      54402.2      20.5410    0.0770000      54402.2      20.1530    0.0440000      54402.2      20.0300    0.0440000      54402.2      20.1210     0.151000
       52172.000       20.516000     0.073000000       52172.000       20.577000     0.031000000       52172.000       20.254000     0.027000000       52172.000       20.233000     0.031000000       52172.000       20.192000      0.11800000
       51465       20.519000     0.069000000       51465       20.562000     0.028000000       51465       20.240000     0.030000000       51465       20.186000     0.039000000       51465       20.090000      0.14000000
       51819       21.166000      0.10800000       51819       20.957000     0.039000000       51819       20.543000     0.029000000       51819       20.516000     0.040000000       51819       20.971000      0.24600000
       52144       20.460000     0.056000000       52144       20.555000     0.028000000       52144       20.239000     0.029000000       52144       20.322000     0.040000000       52144       20.331000      0.12500000
       52172       20.527000     0.061000000       52172       20.569000     0.029000000       52172       20.253000     0.027000000       52172       20.230000     0.033000000       52172       20.188000      0.11800000
       52552       20.530000     0.057000000       52552       20.638000     0.028000000       52552       20.282000     0.025000000       52552       20.246000     0.032000000       52552       20.181000      0.11800000
       52558       20.769000     0.096000000       52558       20.686000     0.031000000       52558       20.291000     0.044000000       52558       20.333000     0.060000000       52558       20.256000      0.16700000
       52576       20.544000     0.067000000       52576       20.565000     0.034000000       52576       20.279000     0.028000000       52576       20.275000     0.039000000       52576       20.646000      0.21400000
       52577       20.428000     0.056000000       52577       20.563000     0.026000000       52577       20.205000     0.034000000       52577       20.248000     0.044000000       52577       20.168000      0.15700000
       52931       20.850000     0.069000000       52931       20.761000     0.030000000       52931       20.416000     0.029000000       52931       20.427000     0.040000000       52931       20.478000      0.15000000
       52935       20.767000     0.099000000       52935       20.718000     0.040000000       52935       20.345000     0.039000000       52935       20.436000     0.060000000       52935       20.315000      0.19500000
       53313       21.297000      0.16300000       53313       20.919000     0.049000000       53313       20.512000     0.049000000       53313       20.339000     0.072000000       53313       20.752000      0.37300000
       54769       20.535000     0.060000000       54769       20.470000     0.023000000       54769       20.204000     0.025000000       54769       20.186000     0.036000000       54769       20.065000      0.10600000
