       51464.185      20.0030    0.0410000      51464.2      19.7990    0.0160000      51464.2      19.5060    0.0160000      51464.2      19.2680    0.0200000      51464.2      19.2850    0.0600000
       52197.167      19.5300    0.0290000      52197.2      19.4290    0.0120000      52197.2      19.2470    0.0130000      52197.2      19.0640    0.0150000      52197.2      19.1150    0.0450000
       52197.211      19.5610    0.0320000      52197.2      19.4360    0.0120000      52197.2      19.2320    0.0130000      52197.2      19.0330    0.0150000      52197.2      19.0820    0.0440000
       52231.097      19.5830    0.0310000      52231.1      19.4400    0.0120000      52231.1      19.2250    0.0130000      52231.1      19.0110    0.0150000      52231.1      19.0200    0.0420000
       52557.205      19.6800    0.0360000      52557.2      19.5750    0.0140000      52557.2      19.3040    0.0140000      52557.2      19.1170    0.0180000      52557.2      19.0980    0.0540000
       52578.101      19.6370    0.0310000      52578.1      19.5490    0.0120000      52578.1      19.3040    0.0130000      52578.1      19.0890    0.0160000      52578.1      19.0410    0.0440000
       52929.131      19.7540    0.0370000      52929.1      19.6640    0.0140000      52929.1      19.4240    0.0150000      52929.1      19.2050    0.0190000      52929.1      19.1440    0.0570000
       52934.111      19.7250    0.0390000      52934.1      19.6300    0.0150000      52934.1      19.4130    0.0160000      52934.1      19.2270    0.0190000      52934.1      19.1600    0.0530000
       52936.107      19.8220    0.0380000      52936.1      19.6140    0.0130000      52936.1      19.4270    0.0140000      52936.1      19.1810    0.0160000      52936.1      19.2220    0.0480000
       53243.293      19.7450    0.0510000      53243.3      19.5630    0.0220000      53243.3      19.3430    0.0180000      53243.3      19.1680    0.0200000      53243.3      19.1120    0.0450000
       53270.171      19.6790    0.0430000      53270.2      19.5740    0.0180000      53270.2      19.3330    0.0170000      53270.2      19.1550    0.0190000      53270.2      19.0000    0.0410000
       53272.221      19.6460    0.0630000      53272.2      19.5700    0.0250000      53272.2      19.3620    0.0210000      53272.2      19.1310    0.0210000      53272.2      19.1620    0.0550000
       53288.149      19.7550    0.0380000      53288.1      19.5250    0.0130000      53288.1      19.2720    0.0140000      53288.1      19.1570    0.0170000      53288.1      19.1470    0.0800000
       53302.144      19.6160    0.0570000      53302.1      19.4740    0.0220000      53302.1      19.3380    0.0190000      53302.1      19.1220    0.0200000      53302.1      19.0670    0.0460000
       53312.100      19.6330    0.0350000      53312.1      19.4890    0.0160000      53312.1      19.3470    0.0180000      53312.1      19.1100    0.0240000      53312.1      19.1280    0.0740000
       53314.101      19.5880    0.0350000      53314.1      19.4550    0.0130000      53314.1      19.3080    0.0160000      53314.1      19.0430    0.0200000      53314.1      19.1450    0.0650000
       53623.195      19.7760    0.0400000      53623.2      19.6240    0.0160000      53623.2      19.4080    0.0150000      53623.2      19.1320    0.0160000      53623.2      19.1040    0.0470000
       53626.182      19.7240    0.0520000      53626.2      19.6650    0.0230000      53626.2      19.3570    0.0190000      53626.2      19.1430    0.0210000      53626.2      19.2340    0.0560000
       53628.167      19.7820     0.104000      53628.2      19.5630    0.0420000      53628.2      19.3900    0.0360000      53628.2      19.1340    0.0310000      53628.2      19.3280    0.0900000
       53637.168      19.7030    0.0470000      53637.2      19.6240    0.0170000      53637.2      19.3610    0.0170000      53637.2      19.1950    0.0240000      53637.2      19.0550    0.0640000
       53644.161      19.7850    0.0340000      53644.2      19.6180    0.0160000      53644.2      19.3850    0.0170000      53644.2      19.1700    0.0240000      53644.2      19.1630    0.0430000
       53654.195      19.8600    0.0550000      53654.2      19.6470    0.0230000      53654.2      19.4300    0.0190000      53654.2      19.1590    0.0230000      53654.2      19.0860    0.0600000
       53656.143      19.6000    0.0990000      53656.1      19.5210    0.0390000      53656.1      19.3390    0.0330000      53656.1      19.1340    0.0350000      53656.1      19.1070    0.0950000
       53665.134     -99.9900    0.0750000      53665.1     -99.9900    0.0320000      53665.1      19.3790    0.0270000      53665.1      19.1740    0.0350000      53665.1      19.4780     0.208000
       53668.146      19.7530    0.0470000      53668.1      19.5920    0.0160000      53668.1      19.3850    0.0190000      53668.1      19.1330    0.0250000      53668.1      19.1550    0.0870000
       53670.151      19.7530    0.0370000      53670.2      19.6110    0.0130000      53670.1      19.3740    0.0150000      53670.1      19.1510    0.0190000      53670.2      19.3150    0.0630000
       53673.119      19.8000    0.0390000      53673.1      19.6610    0.0140000      53673.1      19.3720    0.0150000      53673.1      19.1400    0.0180000      53673.1      19.1260    0.0510000
       53675.115      19.7970    0.0380000      53675.1      19.6200    0.0140000      53675.1      19.4040    0.0160000      53675.1      19.1860    0.0200000      53675.1      19.1350    0.0550000
       53677.137      19.7520    0.0390000      53677.1      19.6060    0.0130000      53677.1      19.3780    0.0160000      53677.1      19.1310    0.0170000      53677.1      19.1440    0.0480000
       53680.123      19.7290    0.0390000      53680.1      19.5940    0.0140000      53680.1      19.3790    0.0160000      53680.1      19.1480    0.0200000      53680.1      19.2470    0.0520000
       53686.190      19.5590     0.149000      53686.2      19.5580    0.0580000      53686.2      19.3280    0.0440000      53686.2      19.0910    0.0410000      53686.2      18.9710    0.0950000
       53693.125      19.7200    0.0570000      53693.1      19.6340    0.0250000      53693.1      19.3580    0.0200000      53693.1      19.1080    0.0210000      53693.1      19.0880    0.0480000
       53702.121      19.7580    0.0540000      53702.1      19.6660    0.0320000      53702.1      19.3800    0.0220000      53702.1      19.1610    0.0300000      53702.1      18.9460    0.0830000
       53703.130      19.8660    0.0550000      53703.1      19.6250    0.0200000      53703.1      19.3760    0.0220000      53703.1     -99.9900    0.0260000      53703.1      19.1260    0.0680000
       53704.108      19.8200    0.0450000      53704.1      19.6130    0.0150000      53704.1      19.3930    0.0170000      53704.1      19.1290    0.0190000      53704.1      19.0900    0.0500000
       53974.196      19.8150    0.0320000      53974.2      19.6570    0.0160000      53974.2      19.4040    0.0140000      53974.2      19.1680    0.0160000      53974.2      19.2540    0.0480000
       53989.204      19.7780    0.0410000      53989.2      19.6340    0.0210000      53989.2      19.4090    0.0200000      53989.2      19.1740    0.0180000      53989.2      19.1580    0.0420000
       53995.194      19.7570    0.0360000      53995.2      19.5790    0.0170000      53995.2      19.3890    0.0140000      53995.2      19.1490    0.0160000      53995.2      19.1780    0.0440000
       53997.172      19.7400    0.0360000      53997.2      19.5950    0.0160000      53997.2      19.3930    0.0180000      53997.2      19.1670    0.0180000      53997.2      19.1990    0.0480000
       54005.144      19.6930    0.0350000      54005.1      19.5830    0.0170000      54005.1      19.3920    0.0200000      54005.1      19.1700    0.0200000      54005.1      19.1880    0.0460000
       54007.157      19.7370    0.0390000      54007.2      19.5860    0.0190000      54007.2      19.3700    0.0170000      54007.2      19.1730    0.0200000      54007.2      19.1360    0.0480000
       54009.154      19.8570    0.0430000      54009.2      19.5880    0.0190000      54009.2      19.3810    0.0160000      54009.2      19.1750    0.0190000      54009.2     -99.9900    0.0450000
       54011.218      19.8070    0.0560000      54011.2      19.5970    0.0250000      54011.2      19.3810    0.0200000      54011.2      19.1230    0.0220000      54011.2      19.1310    0.0410000
       54019.168      19.8770    0.0520000      54019.2      19.5400    0.0160000      54019.2      19.3370    0.0160000      54019.2      19.1210    0.0170000      54019.2      19.1400    0.0390000
       54025.217      19.6920    0.0410000      54025.2      19.5580    0.0150000      54025.2      19.3290    0.0180000      54025.2      19.1300    0.0210000      54025.2      19.2430    0.0610000
       54029.148      19.7220    0.0320000      54029.1      19.5360    0.0190000      54029.1      19.3340    0.0140000      54029.1      19.0990    0.0180000      54029.1      19.1640    0.0450000
       54356.226      19.6800    0.0390000      54356.2      19.5630    0.0200000      54356.2      19.3400    0.0180000      54356.2      19.0930    0.0210000      54356.2      19.0380    0.0560000
       54358.171      19.7240    0.0460000      54358.2      19.5440    0.0190000      54358.2      19.3080    0.0210000      54358.2      19.0450    0.0240000      54358.2      19.0710    0.0500000
       54359.115      19.7980    0.0450000      54359.1      19.5580    0.0170000      54359.1      19.3130    0.0190000      54359.1      19.0990    0.0200000      54359.1      19.0620    0.0500000
       54373.203     -99.9900    0.0600000      54373.2      19.5680    0.0240000      54373.2      19.3490    0.0210000      54373.2      19.0820    0.0220000      54373.2      19.0470    0.0460000
       54381.216      19.8020    0.0500000      54381.2      19.6190    0.0180000      54381.2      19.3410    0.0210000      54381.2      19.1120    0.0290000      54381.2      19.1270    0.0620000
       54382.213      19.7870    0.0470000      54382.2      19.6000    0.0240000      54382.2     -99.9900    0.0280000      54382.2      19.1460    0.0310000      54382.2      19.0590    0.0630000
       54383.219      19.8170    0.0610000      54383.2      19.6380    0.0210000      54383.2      19.3280    0.0240000      54383.2      19.1210    0.0260000      54383.2      19.1060    0.0740000
       54386.216      19.8980    0.0390000      54386.2      19.6510    0.0170000      54386.2      19.3550    0.0180000      54386.2      19.1420    0.0190000      54386.2      19.1370    0.0410000
       54388.220      19.8470    0.0440000      54388.2      19.6490    0.0180000      54388.2      19.3880    0.0190000      54388.2      19.1150    0.0220000      54388.2      19.0650    0.0500000
       54403.134      19.8950    0.0370000      54403.1      19.6430    0.0170000      54403.1      19.4070    0.0160000      54403.1      19.1410    0.0200000      54403.1      19.0210    0.0370000
       54406.128      19.7900    0.0350000      54406.1      19.6330    0.0160000      54406.1      19.3690    0.0160000      54406.1      19.1490    0.0210000      54406.1      19.0700    0.0470000
       54412.131      19.8030    0.0380000      54412.1      19.6540    0.0150000      54412.1      19.3460    0.0160000      54412.1      19.1400    0.0180000      54412.1      19.1590    0.0480000
       54415.168      19.7470    0.0360000      54415.2      19.6140    0.0200000      54415.2      19.3540    0.0180000      54415.2      19.1280    0.0200000      54415.2      19.1040    0.0420000
       52197.000       19.607000     0.032000000       52197.000       19.451000     0.016000000       52197.000       19.219000     0.014000000       52197.000       19.015000     0.019000000       52197.000       19.071000     0.043000000
       51459       20.092000     0.064000000       51459       19.841000     0.024000000       51459       19.557000     0.027000000       51459       19.223000     0.030000000       51459       19.386000      0.10000000
       51464       20.033000     0.038000000       51464       19.819000     0.017000000       51464       19.517000     0.021000000       51464       19.264000     0.021000000       51464       19.289000     0.057000000
       52197       19.545000     0.029000000       52197       19.445000     0.014000000       52197       19.238000     0.016000000       52197       19.064000     0.017000000       52197       19.048000     0.043000000
       52197       19.613000     0.030000000       52197       19.454000     0.016000000       52197       19.224000     0.014000000       52197       19.015000     0.019000000       52197       19.077000     0.043000000
       52231       19.630000     0.039000000       52231       19.464000     0.021000000       52231       19.227000     0.016000000       52231       19.012000     0.017000000       52231       18.974000     0.039000000
       52457       19.482000     0.069000000       52457       19.542000     0.039000000       52457       19.285000     0.033000000       52457       19.055000     0.030000000       52457       18.980000     0.056000000
       52557       19.699000     0.034000000       52557       19.585000     0.021000000       52557       19.298000     0.019000000       52557       19.083000     0.021000000       52557       19.047000     0.052000000
       52578       19.654000     0.030000000       52578       19.550000     0.016000000       52578       19.303000     0.017000000       52578       19.059000     0.019000000       52578       19.020000     0.044000000
       52929       19.731000     0.037000000       52929       19.664000     0.020000000       52929       19.397000     0.019000000       52929       19.187000     0.024000000       52929       19.054000     0.054000000
       52934       19.743000     0.037000000       52934       19.624000     0.021000000       52934       19.388000     0.023000000       52934       19.206000     0.021000000       52934       19.137000     0.052000000
       52936       19.851000     0.032000000       52936       19.630000     0.016000000       52936       19.415000     0.016000000       52936       19.154000     0.024000000       52936       19.187000     0.047000000
       53243       19.741000     0.049000000       53243       19.554000     0.024000000       53243       19.348000     0.019000000       53243       19.171000     0.022000000       53243       19.106000     0.046000000
       53270       19.675000     0.044000000       53270       19.570000     0.020000000       53270       19.321000     0.018000000       53270       19.134000     0.020000000       53270       18.955000     0.044000000
       53272       19.621000     0.059000000       53272       19.543000     0.026000000       53272       19.343000     0.023000000       53272       19.100000     0.024000000       53272       19.115000     0.052000000
       53288       19.733000     0.035000000       53288       19.536000     0.021000000       53288       19.277000     0.026000000       53288       19.130000     0.023000000       53288       19.022000     0.044000000
       53312       19.640000     0.035000000       53312       19.495000     0.018000000       53312       19.329000     0.020000000       53312       19.081000     0.026000000       53312       19.091000     0.080000000
       53314       19.600000     0.038000000       53314       19.475000     0.018000000       53314       19.309000     0.017000000       53314       19.024000     0.020000000       53314       19.125000     0.063000000
