       51819.252      20.5180    0.0720000      51819.3      20.5070    0.0280000      51819.2      20.2210    0.0260000      51819.2      20.1630    0.0350000      51819.3      20.3110     0.157000
       52172.267      20.9590    0.0890000      52172.3      20.8940    0.0330000      52172.3      20.4830    0.0310000      52172.3      20.3800    0.0380000      52172.3      20.3050     0.151000
       52558.217      21.1320     0.133000      52558.2      21.1250    0.0450000      52558.2      20.7020    0.0460000      52558.2      20.6880    0.0680000      52558.2      20.0830     0.158000
       52576.129      21.0040     0.153000      52576.1      21.1780    0.0380000      52576.1      20.6440    0.0370000      52576.1     -99.9900    0.0590000      52576.1      20.5950     0.248000
       52577.104      21.1830     0.115000      52577.1      21.0680    0.0390000      52577.1      20.6700    0.0440000      52577.1      20.6130    0.0640000      52577.1      20.2140     0.174000
       52930.118      20.6330    0.0600000      52930.1      20.6100    0.0240000      52930.1      20.3430    0.0240000      52930.1      20.3360    0.0320000      52930.1      20.4490     0.135000
       52931.119      20.6350    0.0630000      52931.1      20.5840    0.0250000      52931.1      20.3460    0.0260000      52931.1      20.3440    0.0340000      52931.1      20.4270     0.142000
       52935.115      20.5730    0.0930000      52935.1      20.6370    0.0330000      52935.1      20.3060    0.0370000      52935.1      20.2970    0.0510000      52935.1      20.2510     0.192000
       53313.109      20.6060    0.0930000      53313.1      20.5260    0.0300000      53313.1      20.4130    0.0480000      53313.1      20.1290    0.0530000      53313.1      20.1800     0.188000
       53622.218      20.9950     0.143000      53622.2      20.7940    0.0430000      53622.2      20.5040    0.0500000      53622.2      20.4250    0.0630000      53622.2      20.1460     0.170000
       53625.214      21.0000    0.0950000      53625.2      20.8530    0.0400000      53625.2      20.5000    0.0320000      53625.2      20.4830    0.0390000      53625.2      20.3300     0.114000
       53634.167      21.3040     0.436000      53634.2      20.6660     0.114000      53634.2      20.6030    0.0820000      53634.2      20.5020    0.0900000      53634.2      20.1700     0.267000
       53636.173      21.1630     0.107000      53636.2      20.9540    0.0380000      53636.2      20.4960    0.0300000      53636.2      20.5550    0.0430000      53636.2      20.3630     0.126000
       53664.170      21.2720     0.224000      53664.2      20.9260    0.0700000      53664.2      20.5550    0.0500000      53664.2      20.6300    0.0620000      53664.2      20.7020     0.237000
       53666.134      21.1250    0.0900000      53666.1      21.0530    0.0310000      53666.1      20.5970    0.0320000      53666.1      20.5550    0.0430000      53666.1      20.5860     0.172000
       53669.129      21.0950    0.0930000      53669.1      20.9470    0.0290000      53669.1      20.5540    0.0320000      53669.1      20.5340    0.0440000      53669.1      20.3740     0.143000
       53674.113      21.1810     0.104000      53674.1      20.9490    0.0330000      53674.1      20.5560    0.0330000      53674.1      20.4880    0.0420000      53674.1      20.8370     0.207000
       53676.203      20.9300    0.0970000      53676.2      20.9660    0.0350000      53676.2      20.5810    0.0350000      53676.2      20.4920    0.0420000      53676.2      20.4080     0.146000
       53679.175      21.1860     0.219000      53679.2      21.0410    0.0590000      53679.2      20.5460    0.0530000      53679.2      20.5600    0.0710000      53679.2      20.7260     0.295000
       53685.125     -99.9900     0.281000      53685.1      20.9190     0.121000      53685.1      20.6240    0.0840000      53685.1      20.5330    0.0770000      53685.1      20.6850     0.273000
       53694.139      20.8310     0.246000      53694.1      20.8590     0.117000      53694.1      20.6050     0.113000      53694.1      20.4680     0.124000      53694.1      20.9920     0.671000
       53700.122      20.9830     0.125000      53700.1     -99.9900     0.377000      53700.1      20.5200    0.0440000      53700.1      20.4620    0.0750000      53700.1     -99.9900     0.257000
       53975.194      20.8840    0.0800000      53975.2      20.8200    0.0270000      53975.2      20.4220    0.0270000      53975.2      20.3310    0.0380000      53975.2      20.3870     0.147000
       53996.201      20.8020    0.0710000      53996.2      20.8160    0.0280000      53996.2      20.4080    0.0270000      53996.2      20.3440    0.0340000      53996.2      20.3330     0.117000
       53998.169      20.9720    0.0750000      53998.2      20.8580    0.0260000      53998.2      20.4670    0.0230000      53998.2      20.3900    0.0330000      53998.2      20.4360     0.124000
       54010.155      20.8480     0.111000      54010.2      20.8560    0.0510000      54010.2      20.5070    0.0350000      54010.2      20.3520    0.0350000      54010.2      20.4530     0.120000
       54020.154      20.9530    0.0800000      54020.2      20.9240    0.0270000      54020.2      20.4720    0.0260000      54020.2      20.3840    0.0380000      54020.2      20.4570     0.137000
       54022.203      20.5800     0.146000      54022.2     -99.9900    0.0470000      54022.2      20.4960    0.0410000      54022.2      20.4120    0.0730000      54022.2      20.6920     0.343000
       54028.144      20.8260     0.103000      54028.1      20.8890    0.0360000      54028.1      20.5100    0.0440000      54028.1      20.4980    0.0590000      54028.1      20.4740     0.222000
       54030.147      20.9970    0.0770000      54030.1      20.8910    0.0270000      54030.1      20.4970    0.0240000      54030.1      20.4610    0.0320000      54030.1      20.3770     0.103000
       54032.136      20.9350    0.0950000      54032.1     -99.9900    0.0360000      54032.1      20.3960    0.0340000      54032.1     -99.9900    0.0420000      54032.1     -99.9900     0.193000
       54034.207      20.6200     0.101000      54034.2     -99.9900    0.0450000      54034.2      20.5400    0.0510000      54034.2     -99.9900    0.0620000      54034.2     -99.9900     0.213000
       54037.128      20.9490     0.101000      54037.1      20.7560    0.0400000      54037.1      20.4750    0.0420000      54037.1      20.3670    0.0400000      54037.1      20.1740     0.113000
       54040.143      20.6120     0.152000      54040.1      21.0260     0.103000      54040.1      20.4880    0.0630000      54040.1      20.4340    0.0640000      54040.1      20.4640     0.214000
       54050.127      20.5560    0.0790000      54050.1      20.7510    0.0300000      54050.1      20.4880    0.0350000      54050.1      20.4270    0.0490000      54050.1      20.0940     0.168000
       54053.134      21.1390     0.106000      54053.1      20.8030    0.0320000      54053.1      20.4850    0.0300000      54053.1      20.3480    0.0400000      54053.1      19.8650     0.105000
       54056.135      20.9680     0.178000      54056.1      20.7670    0.0650000      54056.1      20.4350    0.0530000      54056.1      20.4370    0.0690000      54056.1      20.5750     0.393000
       54057.104      20.7600    0.0740000      54057.1      20.8440    0.0290000      54057.1      20.4950    0.0300000      54057.1      20.4700    0.0430000      54057.1      20.1570     0.129000
       54059.130      20.9560     0.109000      54059.1      20.8320    0.0350000      54059.1      20.4260    0.0340000      54059.1      20.3650    0.0440000      54059.1      20.1770     0.137000
       54061.141      20.8940     0.102000      54061.1      20.7980    0.0380000      54061.1      20.4690    0.0390000      54061.1      20.4840    0.0560000      54061.1      20.4070     0.174000
       54062.135      20.7070     0.153000      54062.1      20.7720    0.0500000      54062.1      20.4700    0.0560000      54062.1      20.2860    0.0750000      54062.1      20.4550     0.350000
       54068.125      21.5390     0.672000      54068.1      21.2290     0.204000      54068.1      20.5150     0.103000      54068.1      20.5910     0.117000      54068.1      20.1660     0.260000
       54357.173      20.8940    0.0760000      54357.2      20.9030    0.0360000      54357.2      20.6370    0.0370000      54357.2      20.5190    0.0570000      54357.2      20.5690     0.154000
       54365.171      20.7920     0.165000      54365.2      20.8640    0.0800000      54365.2      20.5310    0.0620000      54365.2      20.3780    0.0650000      54365.2      20.0800     0.164000
       54385.221      20.8590    0.0860000      54385.2      20.8560    0.0330000      54385.2      20.5520    0.0310000      54385.2      20.4270    0.0380000      54385.2      20.2890     0.109000
       54387.221      20.8280     0.110000      54387.2      20.8550    0.0350000      54387.2      20.5110    0.0400000      54387.2      20.4280    0.0460000      54387.2      20.6900     0.221000
       54392.216      20.9090     0.181000      54392.2      20.9580    0.0710000      54392.2      20.5380    0.0570000      54392.2      20.4770    0.0600000      54392.2     -99.9900     0.465000
       54402.214      20.9130     0.245000      54402.2      20.7800    0.0790000      54402.2      20.4690    0.0600000      54402.2      20.7440     0.101000      54402.2      20.5220     0.185000
       52172.000       20.973000     0.083000000       52172.000       20.921000     0.034000000       52172.000       20.469000     0.030000000       52172.000       20.393000     0.040000000       52172.000       20.279000      0.14100000
       51465       20.803000     0.075000000       51465       20.620000     0.030000000       51465       20.265000     0.031000000       51465       20.356000     0.040000000       51465       20.354000      0.17300000
       51819       20.558000     0.062000000       51819       20.540000     0.029000000       51819       20.272000     0.025000000       51819       20.195000     0.035000000       51819       20.267000      0.14100000
       52172       20.976000     0.076000000       52172       20.920000     0.033000000       52172       20.469000     0.030000000       52172       20.390000     0.039000000       52172       20.275000      0.14100000
       52552       21.030000     0.085000000       52552       21.128000     0.038000000       52552       20.623000     0.033000000       52552       20.633000     0.046000000       52552       20.293000      0.13400000
       52558       21.127000      0.11500000       52558       21.132000     0.045000000       52558       20.706000     0.046000000       52558       20.690000     0.067000000       52558       20.009000      0.14900000
       52576       21.125000      0.14000000       52576       21.212000     0.037000000       52576       20.631000     0.036000000       52576       20.601000     0.063000000       52576       20.590000      0.24700000
       52577       21.165000     0.097000000       52577       21.086000     0.039000000       52577       20.675000     0.043000000       52577       20.647000     0.062000000       52577       20.232000      0.17100000
       52931       20.654000     0.056000000       52931       20.600000     0.025000000       52931       20.354000     0.027000000       52931       20.367000     0.034000000       52931       20.413000      0.13300000
       52935       20.582000     0.082000000       52935       20.644000     0.033000000       52935       20.327000     0.037000000       52935       20.304000     0.048000000       52935       20.284000      0.19000000
       53313       20.638000     0.081000000       53313       20.555000     0.029000000       53313       20.441000     0.049000000       53313       20.146000     0.052000000       53313       20.141000      0.17500000
