       51075.340      19.0570    0.0240000      51075.3      18.6900    0.0100000      51075.3      18.6580    0.0110000      51075.3      18.7210    0.0160000      51075.3      18.6300    0.0460000
       52196.359      20.1940    0.0600000      52196.4      19.5290    0.0140000      52196.4      19.5660    0.0180000      52196.4      19.5260    0.0260000      52196.4      19.3540    0.0730000
       52197.353      20.1110    0.0550000      52197.4      19.5580    0.0140000      52197.4      19.5670    0.0180000      52197.4      19.5720    0.0270000      52197.4      19.3340    0.0730000
       52207.326      20.1760    0.0520000      52207.3      19.5650    0.0130000      52207.3      19.5980    0.0180000      52207.3      19.5660    0.0250000      52207.3      19.3920    0.0670000
       52225.203      20.0750    0.0480000      52225.2      19.5380    0.0130000      52225.2      19.5770    0.0170000      52225.2      19.4940    0.0240000      52225.2      19.3420    0.0660000
       52231.239      20.1150    0.0480000      52231.2      19.4840    0.0130000      52231.2      19.5390    0.0160000      52231.2      19.5420    0.0240000      52231.2      19.2050    0.0580000
       52253.225      19.9600    0.0620000      52253.2      19.4420    0.0140000      52253.2      19.4660    0.0190000      52253.2      19.4290    0.0280000      52253.2      19.2660    0.0700000
       52557.347      19.5430    0.0380000      52557.3      19.1500    0.0130000      52557.3      19.2030    0.0160000      52557.3      19.1930    0.0210000      52557.3      19.0210    0.0580000
       52578.243      19.6210    0.0340000      52578.2      19.1710    0.0110000      52578.2      19.2260    0.0150000      52578.2      19.2350    0.0200000      52578.2      19.1090    0.0570000
       52908.322      19.8820    0.0420000      52908.3      19.4070    0.0120000      52908.3      19.4190    0.0150000      52908.3      19.4780    0.0230000      52908.3      19.2720    0.0670000
       52934.254      19.8050    0.0510000      52934.3      19.3610    0.0140000      52934.3      19.4260    0.0200000      52934.3      19.3780    0.0290000      52934.3      19.1310    0.0810000
       52936.250      19.9430    0.0420000      52936.2      19.4010    0.0140000      52936.2      19.4330    0.0170000      52936.2      19.4030    0.0230000      52936.2      19.3460    0.0680000
       53270.314      19.7160    0.0380000      53270.3      19.2740    0.0140000      53270.3      19.3030    0.0150000      53270.3      19.2920    0.0210000      53270.3      19.1310    0.0470000
       53272.364      19.7980    0.0390000      53272.4      19.2560    0.0140000      53272.4      19.2590    0.0160000      53272.4      19.2700    0.0210000      53272.4      19.1360    0.0550000
       53286.332      19.8170    0.0710000      53286.3      19.2760    0.0170000      53286.3      19.2560    0.0240000      53286.3      19.2180    0.0310000      53286.3      19.1810    0.0880000
       53288.291      19.7980    0.0470000      53288.3      19.2170    0.0120000      53288.3      19.2640    0.0160000      53288.3      19.2670    0.0220000      53288.3      19.2240    0.0670000
       53294.339      19.7260    0.0430000      53294.3      19.2380    0.0130000      53294.3      19.2450    0.0160000      53294.3      19.2650    0.0220000      53294.3      19.0390    0.0530000
       53296.286      19.8750    0.0510000      53296.3      19.2840    0.0260000      53296.3      19.2730    0.0220000      53296.3      19.2490    0.0250000      53296.3      19.0780    0.0630000
       53298.335      19.6630    0.0470000      53298.3      19.2200    0.0150000      53298.3      19.2520    0.0210000      53298.3      19.2720    0.0280000      53298.3      19.0720    0.0750000
       53302.287      19.7500    0.0590000      53302.3      19.2260    0.0190000      53302.3      19.2580    0.0220000      53302.3      19.2910    0.0250000      53302.3      19.1490    0.0620000
       53312.242      19.6350    0.0480000      53312.2      19.2000    0.0210000      53312.2      19.2040    0.0190000      53312.2      19.2920    0.0250000      53312.2      19.1970    0.0690000
       53314.243      19.6330    0.0390000      53314.2      19.1220    0.0110000      53314.2      19.1850    0.0150000      53314.2      19.1910    0.0230000      53314.2      18.9890    0.0640000
       53616.348      19.4470    0.0440000      53616.3      18.9720    0.0120000      53616.3      19.0210    0.0150000      53616.3      19.0270    0.0220000      53616.3      18.8590    0.0580000
       53626.324      19.5480    0.0370000      53626.3      19.0350    0.0130000      53626.3      19.0540    0.0170000      53626.3      19.0810    0.0210000      53626.3      18.9800    0.0520000
       53628.309      19.5050    0.0590000      53628.3      19.0290    0.0190000      53628.3      19.0060    0.0180000      53628.3      19.1030    0.0250000      53628.3      18.8290    0.0510000
       53637.311      19.5040    0.0480000      53637.3      19.0360    0.0140000      53637.3      19.0800    0.0170000      53637.3      19.1150    0.0230000      53637.3      18.9560    0.0670000
       53639.356      19.5360    0.0360000      53639.4      19.0270    0.0100000      53639.4      19.0600    0.0120000      53639.4      19.0670    0.0160000      53639.4      18.9350    0.0410000
       53654.338      19.4870    0.0350000      53654.3      19.0500    0.0100000      53654.3      19.0850    0.0130000      53654.3      19.1290    0.0190000      53654.3      18.9780    0.0540000
       53663.299      19.4630    0.0620000      53663.3      19.0610    0.0170000      53663.3      19.1020    0.0180000      53663.3      19.1790    0.0220000      53663.3      18.9830    0.0510000
       53665.276      19.5120    0.0450000      53665.3      19.0730    0.0140000      53665.3      19.0970    0.0140000      53665.3      19.1460    0.0230000      53665.3      18.8820    0.0480000
       53666.369      19.4860    0.0570000      53666.4      19.0460    0.0150000      53666.4      19.0670    0.0150000      53666.4      19.1200    0.0200000      53666.4      18.9280    0.0520000
       53668.288      19.6060    0.0490000      53668.3      19.1240    0.0120000      53668.3      19.1010    0.0160000      53668.3      19.1320    0.0230000      53668.3      19.0240    0.0650000
       53670.293      19.6430    0.0510000      53670.3      19.0780    0.0110000      53670.3      19.0940    0.0140000      53670.3      19.1020    0.0360000      53670.3      19.0240    0.0700000
       53673.261      19.5750    0.0350000      53673.3      19.0850    0.0100000      53673.3      19.1180    0.0120000      53673.3      19.1570    0.0170000      53673.3      18.9960    0.0460000
       53675.258      19.6620    0.0420000      53675.3      19.0730    0.0100000      53675.3      19.1240    0.0160000      53675.3      19.1650    0.0230000      53675.3      18.9750    0.0520000
       53677.279      19.5810    0.0350000      53677.3      19.0680    0.0100000      53677.3      19.1310    0.0120000      53677.3      19.1620    0.0160000      53677.3      18.9450    0.0400000
       53680.266      19.5960    0.0350000      53680.3      19.0750    0.0100000      53680.3      19.1000    0.0120000      53680.3      19.1380    0.0170000      53680.3      18.9900    0.0450000
       53693.267      19.5890    0.0730000      53693.3      19.0790    0.0210000      53693.3      19.1200    0.0200000      53693.3      19.2040    0.0270000      53693.3      19.0780    0.0570000
       53698.265      19.5710    0.0410000      53698.3      19.0910    0.0100000      53698.3      19.1530    0.0150000      53698.3      19.1680    0.0190000      53698.3      18.9000    0.0480000
       53704.251      19.5690    0.0440000      53704.3      19.0950    0.0120000      53704.2      19.1010    0.0150000      53704.2      19.1520    0.0220000      53704.2      18.9130    0.0580000
       53989.347      19.2260    0.0450000      53989.3      18.8460    0.0170000      53989.3      18.8670    0.0200000      53989.3      18.9350    0.0230000      53989.3     -99.9900    0.0460000
       53995.361      19.2100    0.0310000      53995.4      18.8300    0.0170000      53995.4      18.8530    0.0180000      53995.4      18.8850    0.0210000      53995.4      18.8370    0.0430000
       54000.322      19.2150    0.0360000      54000.3      18.8190    0.0180000      54000.3      18.8570    0.0260000      54000.3      18.8800    0.0410000      54000.3      18.8130    0.0590000
       54006.269      19.1510    0.0370000      54006.3      18.8350    0.0180000      54006.3      18.8610    0.0200000      54006.3     -99.9900    0.0320000      54006.3     -99.9900    0.0360000
       54007.372      19.2160    0.0330000      54007.4      18.7920    0.0170000      54007.4      18.8420    0.0220000      54007.4      18.8890    0.0280000      54007.4      18.8300    0.0660000
       54009.296      19.2080    0.0310000      54009.3      18.8200    0.0220000      54009.3      18.8380    0.0180000      54009.3      18.9280    0.0200000      54009.3      18.7510    0.0390000
       54011.361      19.2260    0.0260000      54011.4     -99.9900    0.0170000      54011.4      18.8500    0.0160000      54011.4     -99.9900    0.0170000      54011.4     -99.9900    0.0390000
       54025.360      19.2590    0.0350000      54025.4      18.8200    0.0250000      54025.4      18.8550    0.0170000      54025.4      18.8980    0.0210000      54025.4      18.8260    0.0600000
       54029.290      19.2840    0.0310000      54029.3      18.7990    0.0280000      54029.3      18.8560    0.0230000      54029.3      18.9020    0.0200000      54029.3      18.7730    0.0520000
       54348.357      18.6620    0.0210000      54348.4      18.3690    0.0210000      54348.4      18.4150    0.0210000      54348.4      18.5040    0.0210000      54348.4      18.4020    0.0340000
       54358.313      18.6540    0.0280000      54358.3      18.3140    0.0130000      54358.3      18.3960    0.0220000      54358.3      18.5320    0.0210000      54358.3      18.4730    0.0450000
       54359.307      18.6400    0.0410000      54359.3      18.3580    0.0210000      54359.3      18.3930    0.0230000      54359.3      18.4970    0.0360000      54359.3      18.3160    0.0810000
       54365.346      18.6010    0.0200000      54365.3      18.3370    0.0280000      54365.3      18.3780    0.0160000      54365.3      18.4820    0.0170000      54365.3      18.4490    0.0320000
       54381.366      18.5860    0.0230000      54381.4      18.2960    0.0180000      54381.4      18.3750    0.0170000      54381.4      18.4480    0.0130000      54381.4      18.4040    0.0310000
       54384.372      18.5610    0.0240000      54384.4      18.3250    0.0160000      54384.4      18.3660    0.0190000      54384.4      18.4250    0.0210000      54384.4      18.3300    0.0330000
       54386.358      18.6240    0.0260000      54386.4      18.3340    0.0180000      54386.4      18.3410    0.0190000      54386.4      18.4330    0.0180000      54386.4      18.4120    0.0490000
       54388.362      18.6160    0.0310000      54388.4      18.3330    0.0210000      54388.4      18.3330    0.0140000      54388.4      18.4550    0.0170000      54388.4      18.4510    0.0320000
       54403.276      18.6470    0.0290000      54403.3      18.3760    0.0200000      54403.3      18.3620    0.0190000      54403.3      18.4720    0.0290000      54403.3      18.4690    0.0390000
       54404.334      18.5970    0.0250000      54404.3      18.3600    0.0150000      54404.3      18.3950    0.0130000      54404.3      18.4620    0.0150000      54404.3      18.4290    0.0320000
       54405.332      18.6350    0.0260000      54405.3      18.3480    0.0260000      54405.3      18.3620    0.0120000      54405.3      18.4600    0.0150000      54405.3      18.4820    0.0320000
       54406.270      18.6300    0.0400000      54406.3      18.3530    0.0250000      54406.3      18.3420    0.0220000      54406.3      18.4510    0.0230000      54406.3      18.5190    0.0360000
       54412.273      18.7250    0.0250000      54412.3      18.3730    0.0200000      54412.3      18.3960    0.0180000      54412.3     -99.9900    0.0180000      54412.3     -99.9900    0.0360000
       52197.000       20.103000     0.053000000       52197.000       19.569000     0.019000000       52197.000       19.591000     0.024000000       52197.000       19.599000     0.028000000       52197.000       19.373000     0.072000000
       51075       19.035000     0.024000000       51075       18.688000     0.022000000       51075       18.676000     0.015000000       51075       18.746000     0.021000000       51075       18.605000     0.046000000
       51134       19.079000     0.051000000       51134       18.662000     0.043000000       51134       18.622000     0.021000000       51134       18.726000     0.030000000       51134       18.578000     0.054000000
       52196       20.136000     0.053000000       52196       19.541000     0.023000000       52196       19.576000     0.021000000       52196       19.542000     0.030000000       52196       19.334000     0.070000000
       52197       20.097000     0.051000000       52197       19.569000     0.022000000       52197       19.603000     0.022000000       52197       19.601000     0.033000000       52197       19.369000     0.073000000
       52225       20.058000     0.042000000       52225       19.558000     0.025000000       52225       19.579000     0.030000000       52225       19.525000     0.030000000       52225       19.374000     0.066000000
       52231       20.172000     0.041000000       52231       19.504000     0.026000000       52231       19.572000     0.021000000       52231       19.585000     0.026000000       52231       19.247000     0.058000000
       52234       20.067000     0.044000000       52234       19.546000     0.027000000       52234       19.611000     0.027000000       52234       19.578000     0.035000000       52234       19.284000     0.058000000
       52253       19.958000     0.073000000       52253       19.451000     0.022000000       52253       19.478000     0.031000000       52253       19.465000     0.050000000       52253       19.264000     0.069000000
       52557       19.590000     0.045000000       52557       19.155000     0.017000000       52557       19.235000     0.018000000       52557       19.227000     0.021000000       52557       19.078000     0.059000000
       52578       19.623000     0.034000000       52578       19.183000     0.027000000       52578       19.224000     0.022000000       52578       19.250000     0.025000000       52578       19.121000     0.059000000
       52908       19.877000     0.040000000       52908       19.429000     0.018000000       52908       19.454000     0.022000000       52908       19.501000     0.026000000       52908       19.281000     0.067000000
       52934       19.836000     0.046000000       52934       19.394000     0.017000000       52934       19.471000     0.027000000       52934       19.458000     0.036000000       52934       19.153000     0.079000000
       52936       19.928000     0.038000000       52936       19.408000     0.022000000       52936       19.441000     0.020000000       52936       19.436000     0.025000000       52936       19.389000     0.072000000
       53270       19.701000     0.039000000       53270       19.277000     0.014000000       53270       19.322000     0.018000000       53270       19.304000     0.022000000       53270       19.133000     0.050000000
       53272       19.815000     0.037000000       53272       19.264000     0.018000000       53272       19.288000     0.018000000       53272       19.298000     0.023000000       53272       19.178000     0.054000000
       53286       19.764000     0.061000000       53286       19.297000     0.022000000       53286       19.292000     0.027000000       53286       19.255000     0.033000000       53286       19.164000     0.086000000
       53288       19.763000     0.046000000       53288       19.195000     0.020000000       53288       19.262000     0.021000000       53288       19.286000     0.029000000       53288       19.252000     0.070000000
       53294       19.762000     0.039000000       53294       19.264000     0.020000000       53294       19.271000     0.020000000       53294       19.308000     0.024000000       53294       19.074000     0.058000000
       53298       19.666000     0.041000000       53298       19.218000     0.024000000       53298       19.256000     0.020000000       53298       19.259000     0.028000000       53298       19.054000     0.075000000
       53312       19.625000     0.047000000       53312       19.189000     0.018000000       53312       19.217000     0.021000000       53312       19.261000     0.026000000       53312       19.185000     0.075000000
       53314       19.630000     0.045000000       53314       19.154000     0.016000000       53314       19.179000     0.026000000       53314       19.208000     0.030000000       53314       19.032000     0.069000000
