       51081.284      17.8700    0.0130000      51081.3      17.5910   0.00500000      51081.3      17.6640   0.00600000      51081.3      17.6220   0.00700000      51081.3      17.5270    0.0250000
       51819.355      18.0620    0.0150000      51819.4      17.8510   0.00600000      51819.4      17.9680   0.00700000      51819.4      17.8440   0.00800000      51819.4      17.7460    0.0220000
       52558.320      18.0270    0.0150000      52558.3      17.8320   0.00500000      52558.3      17.9210   0.00700000      52558.3      17.8400   0.00700000      52558.3      17.8030    0.0230000
       52577.208      17.9790    0.0130000      52577.2      17.7990   0.00500000      52577.2      17.8660   0.00600000      52577.2      17.8110   0.00800000      52577.2      17.7220    0.0210000
       52586.211      17.9820    0.0130000      52586.2      17.7880   0.00500000      52586.2      17.8610   0.00700000      52586.2      17.7850   0.00800000      52586.2      17.7210    0.0230000
       52910.292      17.8960    0.0130000      52910.3      17.7130   0.00600000      52910.3      17.7950   0.00700000      52910.3      17.7220   0.00700000      52910.3      17.6370    0.0180000
       52931.222      17.9380    0.0140000      52931.2      17.7170   0.00500000      52931.2      17.8000   0.00600000      52931.2      17.7080   0.00700000      52931.2      17.5940    0.0200000
       52935.219      17.9200    0.0130000      52935.2      17.7470   0.00500000      52935.2      17.8240   0.00700000      52935.2      17.7360   0.00700000      52935.2      17.6450    0.0200000
       52959.162      17.9690    0.0140000      52959.2      17.7430   0.00600000      52959.2      17.6950   0.00600000      52959.2      17.7050   0.00800000      52959.2      17.5820    0.0180000
       52963.142      18.0330    0.0130000      52963.1      17.7300   0.00600000      52963.1      17.8160   0.00700000      52963.1      17.7440   0.00700000      52963.1      17.6690    0.0170000
       53313.212      18.1520    0.0170000      53313.2      17.8800   0.00600000      53313.2      17.9200   0.00700000      53313.2      17.7940   0.00800000      53313.2      17.7150    0.0300000
       53352.113      18.1540    0.0150000      53352.1      17.9140   0.00600000      53352.1      17.9530   0.00700000      53352.1      17.8590   0.00800000      53352.1      17.7840    0.0220000
       53622.321      18.1780    0.0170000      53622.3      17.8660   0.00600000      53622.3      17.9090   0.00700000      53622.3      17.8020   0.00800000      53622.3      17.7060    0.0250000
       53634.271      18.0900    0.0250000      53634.3      17.8480   0.00900000      53634.3      17.8800   0.00900000      53634.3      17.7710   0.00900000      53634.3      17.6660    0.0260000
       53636.276      18.1420    0.0200000      53636.3      17.8750   0.00800000      53636.3      17.8810   0.00800000      53636.3      17.8130   0.00800000      53636.3      17.7300    0.0260000
       53638.312      18.1240    0.0160000      53638.3      17.8560   0.00600000      53638.3      17.9100   0.00700000      53638.3      17.8090   0.00800000      53638.3      17.7240    0.0200000
       53640.276      18.1670    0.0320000      53640.3     -99.9900    0.0470000      53640.3      17.8650   0.00700000      53640.3      17.7600   0.00900000      53640.3     -99.9900     0.432000
       53655.248      18.0880    0.0230000      53655.2      17.8090   0.00800000      53655.2      17.8230   0.00900000      53655.2      17.7190    0.0100000      53655.2      17.6740    0.0330000
       53664.273      18.1210    0.0230000      53664.3      17.8330   0.00700000      53664.3      17.8890   0.00800000      53664.3      17.8040   0.00800000      53664.3      17.7440    0.0230000
       53666.237      18.1010    0.0160000      53666.2      17.8490   0.00600000      53666.2      17.9050   0.00700000      53666.2      17.8160   0.00800000      53666.2      17.7730    0.0220000
       53669.232      18.1230    0.0150000      53669.2      17.8560   0.00600000      53669.2      17.9030   0.00700000      53669.2      17.8200   0.00800000      53669.2      17.7020    0.0190000
       53671.317      18.1380    0.0200000      53671.3      17.8490   0.00600000      53671.3      17.8690   0.00700000      53671.3      17.7750   0.00800000      53671.3      17.7320    0.0250000
       53674.217      18.1190    0.0160000      53674.2      17.8400   0.00500000      53674.2      17.8820   0.00700000      53674.2      17.7600   0.00700000      53674.2      17.6800    0.0210000
       53676.306      18.0990    0.0170000      53676.3      17.8650   0.00600000      53676.3      17.8920   0.00700000      53676.3      17.7970   0.00700000      53676.3      17.7430    0.0210000
       53679.278      18.1070    0.0170000      53679.3      17.8400   0.00600000      53679.3      17.8700   0.00700000      53679.3      17.7580   0.00800000      53679.3      17.6860    0.0250000
       53681.270      18.1400    0.0170000      53681.3      17.8630   0.00600000      53681.3      17.8890   0.00700000      53681.3      17.7770   0.00800000      53681.3      17.6960    0.0200000
       53685.229      18.0940    0.0290000      53685.2      17.8330    0.0110000      53685.2      17.9030    0.0120000      53685.2      17.8020    0.0110000      53685.2      17.7230    0.0290000
       53694.242      18.1640    0.0380000      53694.2     -99.9900    0.0120000      53694.2      17.8360    0.0100000      53694.2     -99.9900    0.0110000      53694.2      17.6520    0.0370000
       53697.227      18.0690    0.0170000      53697.2      17.8410   0.00600000      53697.2      17.9090   0.00900000      53697.2      17.7880   0.00800000      53697.2      17.7230    0.0230000
       53700.225      18.0740    0.0170000      53700.2      17.8070   0.00600000      53700.2      17.8580   0.00700000      53700.2      17.7750   0.00700000      53700.2      17.6780    0.0220000
       53705.212      18.0830    0.0160000      53705.2      17.8400   0.00600000      53705.2      17.8720   0.00600000      53705.2      17.7690   0.00700000      53705.2      17.6930    0.0200000
       53975.297      18.0720    0.0200000      53975.3      17.8140    0.0340000      53975.3      17.8490    0.0240000      53975.3      17.7550   0.00100000      53975.3      17.7440    0.0250000
       53993.365      17.9160    0.0180000      53993.4      17.7700    0.0170000      53993.4      17.8210    0.0180000      53993.4      17.7670    0.0110000      53993.4      17.7000    0.0250000
       53994.320      17.9390    0.0170000      53994.3      17.7550    0.0200000      53994.3      17.8250    0.0150000      53994.3      17.7660    0.0120000      53994.3      17.6900    0.0200000
       53996.304      17.9470    0.0170000      53996.3      17.7440    0.0120000      53996.3      17.8210    0.0270000      53996.3      17.7320    0.0140000      53996.3      17.6730    0.0230000
       53998.273     -99.9900     0.113000      53998.3     -99.9900    0.0220000      53998.3     -99.9900    0.0140000      53998.3     -99.9900    0.0240000      53998.3     -99.9900     0.122000
       54005.303      17.9660    0.0170000      54005.3      17.7720    0.0170000      54005.3      17.8380    0.0120000      54005.3      17.7880    0.0120000      54005.3      17.7200    0.0190000
       54010.258      18.0600    0.0220000      54010.3      17.7720    0.0120000      54010.3      17.8520    0.0100000      54010.3      17.7930    0.0130000      54010.3      17.6680    0.0200000
       54012.251      18.0410    0.0200000      54012.3      17.7910    0.0180000      54012.2      17.8640    0.0120000      54012.2      17.7970    0.0140000      54012.2      17.7320    0.0210000
       54020.257     -99.9900    0.0210000      54020.3      17.7250    0.0180000      54020.3      17.8110    0.0130000      54020.3      17.7600   0.00700000      54020.3     -99.9900    0.0470000
       54024.338      18.0450    0.0200000      54024.3      17.7850    0.0220000      54024.3      17.8160   0.00900000      54024.3      17.7290    0.0190000      54024.3      17.6200    0.0280000
       54028.247      18.0120    0.0200000      54028.2      17.7810    0.0160000      54028.2      17.8400    0.0180000      54028.2      17.7790    0.0190000      54028.2      17.6530    0.0230000
       54030.250      18.0440    0.0170000      54030.3      17.8060    0.0170000      54030.2      17.8770    0.0150000      54030.2      17.8060   0.00900000      54030.2      17.7400    0.0200000
       54035.326     -99.9900    0.0220000      54035.3      17.7650    0.0110000      54035.3      17.8190    0.0110000      54035.3      17.7650    0.0130000      54035.3     -99.9900    0.0370000
       54037.232      18.0290    0.0180000      54037.2      17.7910    0.0130000      54037.2      17.8670    0.0150000      54037.2      17.7840    0.0140000      54037.2      17.7070    0.0210000
       54040.246      17.9840    0.0200000      54040.2      17.7800    0.0200000      54040.2      17.8350   0.00900000      54040.2      17.7750    0.0120000      54040.2      17.7190    0.0300000
       54047.277      17.9910    0.0500000      54047.3      17.7900    0.0270000      54047.3      17.7350    0.0270000      54047.3      17.6790    0.0190000      54047.3      17.6470    0.0330000
       54049.273      18.0810    0.0210000      54049.3      17.7550    0.0140000      54049.3      17.8200    0.0110000      54049.3      17.7140    0.0130000      54049.3      17.5950    0.0260000
       54053.237      18.0530    0.0360000      54053.2      17.7850    0.0120000      54053.2      17.8030    0.0180000      54053.2      17.7300    0.0120000      54053.2      17.6810    0.0250000
       54062.238      18.0880    0.0350000      54062.2      17.7690    0.0140000      54062.2      17.7910    0.0140000      54062.2      17.7390    0.0150000      54062.2      17.6000    0.0270000
       54068.218     -99.9900    0.0250000      54068.2      17.7870    0.0140000      54068.2      17.8380    0.0140000      54068.2      17.7820    0.0130000      54068.2      17.6830    0.0250000
       54357.276      17.9080    0.0190000      54357.3      17.7600    0.0130000      54357.3      17.8310    0.0230000      54357.3      17.7460    0.0300000      54357.3      17.6780    0.0240000
       54362.326      17.9690    0.0270000      54362.3     -99.9900    0.0210000      54362.3     -99.9900    0.0790000      54362.3     -99.9900    0.0290000      54362.3      17.7270    0.0220000
       54382.306      17.9410    0.0160000      54382.3      17.7150    0.0160000      54382.3      17.8040    0.0120000      54382.3      17.7120    0.0140000      54382.3      17.6500    0.0230000
       54385.324      17.9150    0.0260000      54385.3     -99.9900    0.0200000      54385.3      17.8050    0.0210000      54385.3      17.7410    0.0160000      54385.3      17.6840    0.0280000
       54387.324      17.9460    0.0190000      54387.3      17.7460    0.0100000      54387.3      17.7830    0.0110000      54387.3      17.7050    0.0160000      54387.3      17.6320    0.0220000
       54392.319      17.9460    0.0210000      54392.3      17.7570    0.0170000      54392.3      17.7940    0.0190000      54392.3      17.7030    0.0150000      54392.3      17.6630    0.0230000
       54402.318      17.9210    0.0240000      54402.3      17.7220    0.0180000      54402.3      17.7830    0.0150000      54402.3      17.7470    0.0140000      54402.3      17.6470    0.0210000
       52522.000       18.228000     0.027000000       52522.000       17.934000     0.020000000       52522.000       17.995000     0.019000000       52522.000       17.934000     0.014000000       52522.000       17.873000     0.029000000
       51081       17.864000     0.022000000       51081       17.606000     0.015000000       51081       17.680000     0.014000000       51081       17.636000     0.016000000       51081       17.562000     0.026000000
       51819       18.080000     0.036000000       51819       17.876000     0.023000000       51819       18.028000     0.016000000       51819       17.913000     0.019000000       51819       17.847000     0.022000000
       52522       18.236000     0.018000000       52522       17.928000     0.019000000       52522       18.003000     0.018000000       52522       17.937000     0.016000000       52522       17.876000     0.031000000
       52552       18.068000     0.025000000       52552       17.851000     0.023000000       52552       17.932000     0.027000000       52552       17.909000     0.024000000       52552       17.873000     0.030000000
       52558       18.029000     0.026000000       52558       17.856000     0.031000000       52558       17.977000     0.013000000       52558       17.872000     0.020000000       52558       17.807000     0.025000000
       52577       17.977000     0.015000000       52577       17.832000     0.014000000       52577       17.891000     0.014000000       52577       17.885000     0.015000000       52577       17.767000     0.025000000
       52586       17.972000     0.021000000       52586       17.824000     0.014000000       52586       17.882000     0.020000000       52586       17.842000     0.015000000       52586       17.758000     0.023000000
       52910       17.898000     0.020000000       52910       17.734000     0.014000000       52910       17.837000     0.015000000       52910       17.766000     0.016000000       52910       17.689000     0.021000000
       52931       17.978000     0.021000000       52931       17.738000     0.023000000       52931       17.854000     0.016000000       52931       17.753000     0.025000000       52931       17.641000     0.025000000
       52935       17.919000     0.020000000       52935       17.763000     0.021000000       52935       17.857000     0.016000000       52935       17.773000     0.015000000       52935       17.671000     0.030000000
       52959       17.944000     0.018000000       52959       17.776000     0.012000000       52959       17.899000     0.016000000       52959       17.823000     0.018000000       52959       17.735000     0.019000000
       53313       18.123000     0.077000000       53313       17.926000     0.022000000       53313       17.950000     0.017000000       53313       17.867000     0.025000000       53313       17.759000     0.032000000
       53352       18.160000     0.021000000       53352       17.951000     0.018000000       53352       17.993000     0.013000000       53352       17.914000     0.014000000       53352       17.853000     0.023000000
       53997       17.976000     0.029000000       53997       17.720000     0.024000000       53997       17.786000     0.017000000       53997       17.635000     0.024000000       53997       17.576000     0.023000000
