       51075.339      22.9880     0.436000      51075.3      20.2470    0.0210000      51075.3      19.7290    0.0180000      51075.3      19.6860    0.0270000      51075.3      19.9350     0.123000
       52196.358     -99.9900     0.602000      52196.4      20.2030    0.0220000      52196.4      19.7150    0.0190000      52196.4      19.5940    0.0270000      52196.4      19.6390    0.0860000
       52197.353      23.0200     0.506000      52197.4      20.2920    0.0220000      52197.4      19.7380    0.0190000      52197.4      19.7240    0.0270000      52197.4      19.7730    0.0930000
       52225.203      22.5900     0.312000      52225.2      20.3260    0.0210000      52225.2      19.7770    0.0190000      52225.2      19.6950    0.0270000      52225.2      19.6550    0.0760000
       52253.225      22.1200     0.342000      52253.2      20.2820    0.0240000      52253.2      19.7310    0.0210000      52253.2      19.6700    0.0310000      52253.2      19.8440     0.112000
       52557.347      23.4030     0.680000      52557.3      20.4230    0.0240000      52557.3      19.8840    0.0210000      52557.3      19.8410    0.0300000      52557.3      19.8350     0.102000
       52578.243      22.9890     0.408000      52578.2      20.4210    0.0220000      52578.2      19.8540    0.0200000      52578.2      19.8060    0.0300000      52578.2      19.8060    0.0850000
       52908.321      22.4430     0.250000      52908.3      20.3460    0.0210000      52908.3      19.8710    0.0190000      52908.3      19.8620    0.0290000      52908.3      19.7600    0.0850000
       52936.249      23.2350     0.483000      52936.2      20.4080    0.0220000      52936.2      19.8980    0.0200000      52936.2      19.8760    0.0280000      52936.2      19.8270    0.0800000
       53270.313      23.4820      1.00000      53270.3      20.3550    0.0210000      53270.3      19.8290    0.0190000      53270.3      19.8470    0.0260000      53270.3      19.8610    0.0720000
       53286.332      23.3000      1.05400      53286.3      20.3100    0.0370000      53286.3      19.7810    0.0300000      53286.3      19.8320    0.0480000      53286.3      19.7350     0.132000
       53288.290      22.5740     0.420000      53288.3      20.3320    0.0240000      53288.3      19.8340    0.0220000      53288.3      19.7570    0.0300000      53288.3      19.7470    0.0890000
       53294.338      24.0230      1.01000      53294.3      20.2960    0.0220000      53294.3      19.7790    0.0210000      53294.3      19.7160    0.0300000      53294.3      19.6750    0.0780000
       53298.335      22.6010     0.442000      53298.3      20.3210    0.0260000      53298.3      19.8120    0.0250000      53298.3      19.7940    0.0360000      53298.3      19.8790     0.126000
       53302.286      22.7630     0.797000      53302.3      20.3190    0.0460000      53302.3      19.8460    0.0310000      53302.3      19.7940    0.0350000      53302.3      19.8550    0.0880000
       53312.242      23.6040      5.23900      53312.2      20.3080    0.0380000      53312.2      19.8040    0.0250000      53312.2      19.8390    0.0330000      53312.2      19.7750    0.0950000
       53314.243      22.9410     0.519000      53314.2      20.3590    0.0240000      53314.2      19.7770    0.0210000      53314.2      19.7860    0.0340000      53314.2      19.7330     0.105000
       53626.324      24.1350     0.863000      53626.3      20.4060    0.0270000      53626.3      19.8990    0.0190000      53626.3      19.9960    0.0310000      53626.3      19.9610    0.0930000
       53639.355      23.0560     0.500000      53639.4      20.4200    0.0250000      53639.4      19.8920    0.0190000      53639.4      19.9250    0.0260000      53639.4      19.7880    0.0650000
       53654.337      23.2230     0.596000      53654.3      20.4310    0.0220000      53654.3      19.8850    0.0210000      53654.3      19.8970    0.0320000      53654.3      19.6840    0.0820000
       53663.298      25.9330      1.37900      53663.3      20.4660    0.0520000      53663.3      19.8660    0.0290000      53663.3      19.8610    0.0320000      53663.3      19.8310    0.0910000
       53666.368      26.2010      1.11700      53666.4      20.3500    0.0400000      53666.4      19.8640    0.0270000      53666.4      19.8330    0.0330000      53666.4      19.7640    0.0920000
       53668.288      25.6170      1.26700      53668.3      20.3440    0.0330000      53668.3      19.8090    0.0250000      53668.3      19.7890    0.0370000      53668.3      19.7050     0.114000
       53670.293      23.2410     0.790000      53670.3      20.4000    0.0300000      53670.3      19.8830    0.0220000      53670.3      19.7570    0.0350000      53670.3      19.8400     0.132000
       53673.261      22.7870     0.354000      53673.3      20.3910    0.0200000      53673.3      19.8780    0.0190000      53673.3      19.8450    0.0270000      53673.3      19.7710    0.0730000
       53680.265      23.0650     0.436000      53680.3      20.3960    0.0220000      53680.3      19.8740    0.0190000      53680.3      19.8740    0.0260000      53680.3      19.7490    0.0660000
       53693.267      22.7110      1.11200      53693.3      20.3410    0.0470000      53693.3      19.8040    0.0310000      53693.3      19.8780    0.0370000      53693.3      19.8580    0.0960000
       53698.264      23.2420     0.711000      53698.3      20.2810    0.0230000      53698.3      19.7790    0.0240000      53698.3      19.7030    0.0290000      53698.3      19.6610    0.0850000
       53989.346      22.0070     0.478000      53989.3      20.4120    0.0560000      53989.3      19.8400    0.0320000      53989.3      19.9060    0.0370000      53989.3      19.8300    0.0840000
       53995.361     -99.9900     0.851000      53995.4      20.3310    0.0210000      53995.4      19.8420    0.0230000      53995.4      19.8610    0.0330000      53995.4      19.7990    0.0720000
       54009.296     -99.9900      1.87500      54009.3      20.3630    0.0420000      54009.3      19.8350    0.0230000      54009.3      19.8080    0.0350000      54009.3      19.6890    0.0660000
       54029.290     -99.9900      1.95200      54029.3      20.4410    0.0300000      54029.3      19.8620    0.0260000      54029.3      19.8250    0.0400000      54029.3      19.7670    0.0980000
       54348.357      22.8040     0.558000      54348.4      20.3500    0.0310000      54348.4      19.8230    0.0270000      54348.4      19.8700    0.0310000      54348.4      19.9040    0.0810000
       54365.346      22.3810     0.222000      54365.3      20.3410    0.0240000      54365.3      19.8110    0.0470000      54365.3      19.8170    0.0260000      54365.3      19.8300    0.0690000
       54381.365      22.8990      1.00000      54381.4      20.3240    0.0230000      54381.4      19.8090    0.0220000      54381.4      19.8370    0.0290000      54381.4      19.7340    0.0630000
       54384.372      22.0610     0.233000      54384.4      20.3040    0.0340000      54384.4      19.7770    0.0260000      54384.4      19.8110    0.0310000      54384.4      19.8350    0.0820000
       54388.362      22.4660      1.00000      54388.4      20.3600    0.0250000      54388.4      19.8580    0.0230000      54388.4      19.7860    0.0290000      54388.4      19.7440    0.0620000
       54403.276     -99.9900      99.9990      54403.3      20.3900    0.0480000      54403.3      19.9000    0.0590000      54403.3      19.8530    0.0550000      54403.3      19.7250    0.0860000
       54404.333      23.1860      3.77400      54404.3      20.2950    0.0340000      54404.3      19.7950    0.0270000      54404.3      19.8020    0.0330000      54404.3      19.8230    0.0760000
       54405.331     -99.9900      7.79300      54405.3      20.3370    0.0280000      54405.3      19.7900    0.0220000      54405.3      19.8030    0.0290000      54405.3      19.6870    0.0640000
       54406.270      25.8400      6.83000      54406.3      20.3110    0.0250000      54406.3      19.8030    0.0260000      54406.3      19.7860    0.0310000      54406.3      19.8250    0.0760000
       54412.273      23.3180     0.827000      54412.3      20.3130    0.0270000      54412.3      19.7740    0.0260000      54412.3      19.8700    0.0390000      54412.3      19.7000    0.0870000
       52197.000       23.020000      0.38900000       52197.000       20.306000     0.041000000       52197.000       19.754000     0.024000000       52197.000       19.757000     0.034000000       52197.000       19.751000     0.089000000
       51075       24.379000      0.48700000       51075       20.316000     0.035000000       51075       19.831000     0.034000000       51075       19.799000     0.040000000       51075       20.083000      0.16000000
       51134       22.796000      0.45700000       51134       20.305000     0.033000000       51134       19.792000     0.033000000       51134       19.880000     0.056000000       51134       19.515000      0.10400000
       52196       24.775000       1.1730000       52196       20.311000     0.032000000       52196       19.789000     0.025000000       52196       19.689000     0.038000000       52196       19.758000      0.10600000
       52197       23.745000      0.67200000       52197       20.348000     0.038000000       52197       19.785000     0.027000000       52197       19.805000     0.040000000       52197       19.873000      0.11200000
       52207       23.171000      0.60900000       52207       20.364000     0.030000000       52207       19.759000     0.022000000       52207       19.820000     0.027000000       52207       19.637000     0.067000000
       52225       23.130000      0.95800000       52225       20.393000     0.028000000       52225       19.838000     0.031000000       52225       19.802000     0.045000000       52225       19.773000     0.095000000
       52231       24.138000      0.52300000       52231       20.319000     0.058000000       52231       19.756000     0.033000000       52231       19.805000     0.051000000       52231       19.756000     0.096000000
       52234       23.154000      0.41700000       52234       20.321000     0.025000000       52234       19.796000     0.032000000       52234       19.862000     0.039000000       52234       19.752000     0.076000000
       52253       22.329000       1.2190000       52253       20.381000     0.038000000       52253       19.928000     0.045000000       52253       19.878000     0.053000000       52253       19.922000      0.12800000
       52557       24.661000       1.0360000       52557       20.493000     0.038000000       52557       19.918000     0.033000000       52557       19.900000     0.053000000       52557       19.868000      0.12300000
       52578       24.544000      0.57700000       52578       20.473000     0.037000000       52578       19.893000     0.028000000       52578       19.876000     0.041000000       52578       19.939000     0.097000000
       52934       24.666000       1.2720000       52934       20.411000     0.036000000       52934       19.912000     0.051000000       52934       19.906000     0.065000000       52934       20.167000      0.21200000
       52936       23.231000      0.54300000       52936       20.450000     0.031000000       52936       19.942000     0.041000000       52936       19.934000     0.058000000       52936       19.900000      0.10100000
       53270       24.056000      0.91900000       53270       20.403000     0.025000000       53270       19.860000     0.020000000       53270       19.874000     0.030000000       53270       19.879000     0.080000000
       53272       24.181000      0.55200000       53272       20.446000     0.030000000       53272       19.865000     0.020000000       53272       19.896000     0.030000000       53272       19.967000     0.093000000
       53286       23.502000       1.5740000       53286       20.396000     0.043000000       53286       19.820000     0.030000000       53286       19.912000     0.055000000       53286       19.726000      0.14800000
       53288       22.906000       1.0450000       53288       20.423000     0.036000000       53288       19.907000     0.032000000       53288       19.814000     0.037000000       53288       19.820000      0.10400000
       53294       24.445000       1.0870000       53294       20.346000     0.028000000       53294       19.834000     0.028000000       53294       19.815000     0.034000000       53294       19.768000     0.088000000
       53298       22.814000      0.43300000       53298       20.353000     0.029000000       53298       19.814000     0.030000000       53298       19.835000     0.037000000       53298       19.850000      0.11900000
       53312       25.433000       1.8080000       53312       20.387000     0.050000000       53312       19.847000     0.042000000       53312       19.911000     0.060000000       53312       19.824000      0.12300000
       53314       24.088000      0.91800000       53314       20.442000     0.037000000       53314       19.824000     0.047000000       53314       19.896000     0.073000000       53314       19.811000      0.13800000
