       51075.419      20.6640    0.0690000      51075.4      20.3500    0.0260000      51075.4      20.2200    0.0280000      51075.4      19.8500    0.0350000      51075.4      19.5990     0.106000
       52171.377      20.7820    0.0720000      52171.4      20.3790    0.0250000      52171.4      20.2590    0.0280000      52171.4      19.9350    0.0320000      52171.4      19.6760    0.0840000
       52173.353      20.7260    0.0850000      52173.4      20.3660    0.0290000      52173.4      20.2080    0.0300000      52173.4      19.8180    0.0380000      52173.4      19.4910    0.0970000
       52283.120      20.8290    0.0910000      52283.1      20.4780    0.0350000      52283.1      20.3610    0.0430000      52283.1      20.0960    0.0540000      52283.1      19.8240     0.128000
       52934.333      20.8890    0.0920000      52934.3      20.5140    0.0300000      52934.3      20.3400    0.0330000      52934.3      19.9820    0.0370000      52934.3      19.6060    0.0980000
       52936.329      20.8940    0.0810000      52936.3      20.5200    0.0280000      52936.3      20.3440    0.0320000      52936.3      19.9420    0.0330000      52936.3      19.6010    0.0840000
       53270.393      20.5390    0.0490000      53270.4      20.2640    0.0280000      53270.4      20.1790    0.0230000      53270.4      19.8980    0.0250000      53270.4      19.7600    0.0620000
       53272.443      20.3670    0.0580000      53272.4      20.0760    0.0210000      53272.4      20.0830    0.0250000      53272.4      19.7820    0.0300000      53272.4      19.5660    0.0740000
       53286.411      20.6450    0.0840000      53286.4      20.2440    0.0270000      53286.4      20.1310    0.0270000      53286.4      19.7800    0.0280000      53286.4      19.6260    0.0820000
       53288.370      20.5310    0.0660000      53288.4      20.2280    0.0230000      53288.4      20.1780    0.0270000      53288.4      19.7760    0.0280000      53288.4      19.5070    0.0770000
       53296.365      20.6450    0.0740000      53296.4      20.2910    0.0280000      53296.4      20.1890    0.0320000      53296.4      19.8070    0.0320000      53296.4      19.7610    0.0880000
       53298.414      20.5890    0.0640000      53298.4      20.2790    0.0230000      53298.4      20.1390    0.0290000      53298.4      19.8910    0.0320000      53298.4      19.5470    0.0850000
       53312.321      20.6160     0.104000      53312.3      20.3520    0.0470000      53312.3      20.2680    0.0520000      53312.3      19.8550    0.0450000      53312.3      19.6470     0.107000
       53314.322      20.5320    0.0950000      53314.3      20.2760    0.0310000      53314.3      20.2260    0.0330000      53314.3      19.8050    0.0330000      53314.3      19.5680    0.0900000
       53319.310      20.5180    0.0820000      53319.3      20.2620    0.0310000      53319.3      20.1060    0.0340000      53319.3      19.7680    0.0370000      53319.3      19.5580     0.101000
       53616.427      20.4600    0.0740000      53616.4      20.2060    0.0280000      53616.4      20.1030    0.0280000      53616.4      19.7980    0.0330000      53616.4      19.4470    0.0810000
       53626.403     -99.9900     0.138000      53626.4      20.2590    0.0350000      53626.4      20.1080    0.0360000      53626.4      19.7820    0.0430000      53626.4     -99.9900     0.343000
       53628.388      20.4270    0.0860000      53628.4      20.2500    0.0400000      53628.4      20.1900    0.0400000      53628.4      19.8010    0.0380000      53628.4      19.6920     0.113000
       53639.435      20.6830    0.0870000      53639.4      20.3140    0.0300000      53639.4      20.2600    0.0300000      53639.4      19.9970    0.0350000      53639.4      19.6090    0.0730000
       53657.393      20.6220     0.130000      53657.4      20.3890    0.0510000      53657.4      20.3090    0.0510000      53657.4      19.9060    0.0510000      53657.4      19.5230     0.102000
       53665.356      20.5730     0.113000      53665.4      20.3490    0.0420000      53665.4      20.1650    0.0360000      53665.4      19.9140    0.0340000      53665.4      19.5770    0.0800000
       53668.367      20.8920     0.162000      53668.4      20.3630    0.0430000      53668.4      20.2760    0.0400000      53668.4      19.7690    0.0390000      53668.4      19.6580     0.113000
       53670.372      20.5740    0.0930000      53670.4      20.4340    0.0330000      53670.4      20.2620    0.0330000      53670.4      19.8940    0.0360000      53670.4      19.7240    0.0910000
       53675.337      20.7920    0.0810000      53675.3      20.4220    0.0270000      53675.3      20.3490    0.0310000      53675.3      19.9600    0.0320000      53675.3      19.6330    0.0810000
       53680.345      20.7910    0.0790000      53680.3      20.4520    0.0270000      53680.3      20.3040    0.0300000      53680.3      19.9560    0.0300000      53680.3      19.6460    0.0770000
       53683.403      20.6500     0.163000      53683.4      20.4740    0.0530000      53683.4      20.2640    0.0460000      53683.4      19.9400    0.0570000      53683.4      20.4960     0.425000
       53686.344      20.6080     0.169000      53686.3      20.4320    0.0710000      53686.3      20.2840    0.0530000      53686.3      19.8920    0.0420000      53686.3      19.4980    0.0850000
       53693.346      20.7580     0.254000      53693.3      20.3740    0.0770000      53693.3      20.2900    0.0590000      53693.3      19.9320    0.0510000      53693.3      19.5570     0.105000
       53704.330      20.6090     0.111000      53704.3      20.4000    0.0330000      53704.3      20.3090    0.0360000      53704.3      19.8570    0.0350000      53704.3      19.4340     0.122000
       54000.401     -99.9900     0.151000      54000.4     -99.9900    0.0540000      54000.4      20.3280    0.0310000      54000.4      19.9470    0.0330000      54000.4     -99.9900    0.0930000
       54007.451      20.8130    0.0730000      54007.5      20.4080    0.0370000      54007.4      20.3540    0.0270000      54007.4      19.9950    0.0290000      54007.5      19.8310    0.0840000
       54012.453     -99.9900    0.0830000      54012.5      20.3900    0.0370000      54012.4      20.3670    0.0330000      54012.5      20.0570    0.0330000      54012.5      19.7770    0.0910000
       54025.439      20.8040     0.110000      54025.4      20.4940    0.0360000      54025.4      20.3730    0.0380000      54025.4      19.9460    0.0380000      54025.4      19.6840    0.0860000
       54346.432      20.9600     0.160000      54346.4     -99.9900    0.0620000      54346.4      20.3550    0.0430000      54346.4      20.0620    0.0390000      54346.4     -99.9900    0.0710000
       54403.355      20.6690     0.176000      54403.4     -99.9900    0.0560000      54403.4      20.4640    0.0890000      54403.4      20.1130    0.0640000      54403.4      19.7740     0.104000
       54404.413     -99.9900     0.268000      54404.4      20.5850    0.0500000      54404.4     -99.9900     0.375000      54404.4     -99.9900     0.170000      54404.4      19.9580     0.110000
       52234.000       20.925000      0.10600000       52234.000       20.583000     0.031000000       52234.000       20.368000     0.038000000       52234.000       20.068000     0.041000000       52234.000       19.539000     0.076000000
       51075       20.712000     0.053000000       51075       20.446000     0.025000000       51075       20.308000     0.032000000       51075       19.950000     0.040000000       51075       19.657000      0.10600000
       51133       20.629000     0.062000000       51133       20.348000     0.030000000       51133       20.350000     0.047000000       51133       19.930000     0.047000000       51133       19.563000     0.099000000
       51134       20.661000     0.048000000       51134       20.395000     0.029000000       51134       20.278000     0.028000000       51134       19.966000     0.032000000       51134       19.752000     0.074000000
       51818       20.800000     0.066000000       51818       20.585000     0.030000000       51818       20.459000     0.033000000       51818       19.979000     0.033000000       51818       19.906000      0.10200000
       51874       20.697000     0.056000000       51874       20.416000     0.029000000       51874       20.265000     0.036000000       51874       19.840000     0.032000000       51874       19.798000      0.10500000
       52170       20.765000     0.060000000       52170       20.433000     0.029000000       52170       20.328000     0.030000000       52170       19.981000     0.030000000       52170       19.613000     0.072000000
       52171       20.820000     0.061000000       52171       20.409000     0.030000000       52171       20.307000     0.030000000       52171       19.981000     0.035000000       52171       19.693000     0.082000000
       52173       20.717000     0.064000000       52173       20.430000     0.029000000       52173       20.301000     0.031000000       52173       19.872000     0.037000000       52173       19.557000     0.096000000
       52224       20.941000     0.070000000       52224       20.627000     0.036000000       52224       20.545000     0.029000000       52224       20.105000     0.029000000       52224       19.927000     0.089000000
       52234       20.916000     0.094000000       52234       20.575000     0.031000000       52234       20.424000     0.035000000       52234       20.059000     0.041000000       52234       19.529000     0.075000000
       52283       20.760000     0.085000000       52283       20.535000     0.035000000       52283       20.409000     0.050000000       52283       20.173000     0.063000000       52283       19.855000      0.13400000
       52287       20.929000      0.10000000       52287       20.567000     0.040000000       52287       20.502000     0.034000000       52287       20.077000     0.030000000       52287       19.746000     0.087000000
       52552       21.020000     0.080000000       52552       20.718000     0.036000000       52552       20.520000     0.039000000       52552       20.108000     0.034000000       52552       19.968000      0.10600000
       52553       21.161000     0.092000000       52553       20.641000     0.048000000       52553       20.480000     0.032000000       52553       20.138000     0.036000000       52553       19.848000     0.095000000
       52557       21.003000     0.076000000       52557       20.672000     0.040000000       52557       20.568000     0.033000000       52557       20.142000     0.040000000       52557       19.853000     0.099000000
       52872       20.771000      0.10200000       52872       20.619000     0.042000000       52872       20.473000     0.036000000       52872       20.162000     0.033000000       52872       19.866000     0.076000000
       52908       20.846000     0.080000000       52908       20.630000     0.037000000       52908       20.494000     0.032000000       52908       20.094000     0.037000000       52908       19.954000      0.10400000
       52912       20.982000     0.079000000       52912       20.633000     0.033000000       52912       20.566000     0.038000000       52912       20.104000     0.035000000       52912       19.889000     0.085000000
       52934       20.926000     0.079000000       52934       20.602000     0.033000000       52934       20.477000     0.034000000       52934       20.133000     0.037000000       52934       19.674000     0.093000000
       52936       20.911000     0.063000000       52936       20.660000     0.034000000       52936       20.545000     0.031000000       52936       20.150000     0.036000000       52936       19.790000     0.083000000
       53270       20.509000     0.049000000       53270       20.236000     0.026000000       53270       20.175000     0.023000000       53270       19.884000     0.027000000       53270       19.739000     0.068000000
       53272       20.385000     0.086000000       53272       20.141000     0.030000000       53272       20.216000     0.031000000       53272       19.908000     0.033000000       53272       19.686000     0.072000000
       53286       20.634000     0.074000000       53286       20.283000     0.038000000       53286       20.216000     0.033000000       53286       19.887000     0.031000000       53286       19.742000     0.082000000
       53288       20.566000     0.056000000       53288       20.297000     0.036000000       53288       20.262000     0.028000000       53288       19.884000     0.027000000       53288       19.553000     0.075000000
       53294       20.544000      0.25000000       53294       20.377000      0.10900000       53294       20.316000     0.089000000       53294       19.699000     0.075000000       53294       19.669000      0.25200000
       53298       20.643000     0.074000000       53298       20.323000     0.031000000       53298       20.196000     0.047000000       53298       19.947000     0.036000000       53298       19.608000     0.083000000
       53312       20.542000      0.14600000       53312       20.345000     0.048000000       53312       20.385000     0.058000000       53312       19.841000     0.049000000       53312       19.687000      0.12500000
       53314       20.640000     0.092000000       53314       20.295000     0.031000000       53314       20.252000     0.035000000       53314       19.867000     0.036000000       53314       19.621000     0.089000000
       53319       20.549000     0.064000000       53319       20.336000     0.040000000       53319       20.255000     0.041000000       53319       19.924000     0.042000000       53319       19.674000     0.099000000
       54769       20.832000      0.10600000       54769       20.715000     0.034000000       54769       20.583000     0.040000000       54769       20.109000     0.040000000       54769       19.951000      0.11600000
