       51075.412      20.0240    0.0430000      51075.4      19.8440    0.0160000      51075.4      19.7880    0.0190000      51075.4      19.5580    0.0230000      51075.4      19.3940    0.0770000
       51818.382      20.2200    0.0550000      51818.4      19.8670    0.0170000      51818.4      19.7680    0.0180000      51818.4      19.5380    0.0190000      51818.4      19.3670    0.0600000
       52170.433      19.8550    0.0470000      52170.4      19.6560    0.0140000      52170.4      19.6710    0.0180000      52170.4      19.4450    0.0190000      52170.4      19.4840    0.0700000
       52171.370      19.9180    0.0460000      52171.4      19.6410    0.0140000      52171.4      19.6670    0.0180000      52171.4      19.4680    0.0180000      52171.4      19.5710    0.0670000
       52173.346      19.9280    0.0500000      52173.3      19.6770    0.0160000      52173.3      19.6880    0.0200000      52173.3      19.4980    0.0230000      52173.3      19.4860    0.0800000
       52224.326      19.9760    0.0460000      52224.3      19.7360    0.0140000      52224.3      19.6990    0.0170000      52224.3      19.4550    0.0170000      52224.3      19.4170    0.0580000
       52234.283      19.9900    0.0570000      52234.3      19.7310    0.0160000      52234.3      19.6820    0.0190000      52234.3      19.4770    0.0200000      52234.3      19.3320    0.0580000
       52261.246      20.1170    0.0510000      52261.2      19.7680    0.0150000      52261.2      19.7180    0.0170000      52261.2      19.5040    0.0170000      52261.2      19.3670    0.0520000
       52283.114      20.1320    0.0700000      52283.1      19.7580    0.0170000      52283.1      19.7420    0.0260000      52283.1      19.4080    0.0250000      52283.1      19.3700    0.0910000
       52287.127      20.0720    0.0490000      52287.1      19.7850    0.0150000      52287.1      19.7610    0.0190000      52287.1      19.5260    0.0190000      52287.1      19.4560    0.0610000
       52552.445      20.3350    0.0710000      52552.4      19.9830    0.0190000      52552.4      19.9190    0.0250000      52552.4      19.6460    0.0260000      52552.4      19.4490    0.0730000
       52557.420      20.3190    0.0640000      52557.4      19.9740    0.0170000      52557.4      19.8980    0.0220000      52557.4      19.6110    0.0220000      52557.4      19.5990    0.0830000
       52908.394      20.2780    0.0650000      52908.4      19.8860    0.0170000      52908.4      19.7630    0.0190000      52908.4      19.5350    0.0220000      52908.4      19.4750    0.0740000
       52912.374      20.1440    0.0590000      52912.4      19.8600    0.0160000      52912.4      19.7910    0.0190000      52912.4      19.5620    0.0190000      52912.4      19.4140    0.0580000
       52934.326      20.2330    0.0610000      52934.3      19.8390    0.0160000      52934.3      19.7770    0.0200000      52934.3      19.4920    0.0210000      52934.3      19.6290    0.0870000
       52936.322      20.1700    0.0530000      52936.3      19.8060    0.0150000      52936.3      19.7650    0.0190000      52936.3      19.5530    0.0190000      52936.3      19.5240    0.0680000
       53270.386      20.2370    0.0480000      53270.4      19.8230    0.0230000      53270.4      19.8010    0.0170000      53270.4      19.5520    0.0190000      53270.4      19.5160    0.0540000
       53272.436      20.0970    0.0540000      53272.4      19.8370    0.0160000      53272.4      19.7730    0.0180000      53272.4      19.5060    0.0190000      53272.4      19.3620    0.0670000
       53286.405      20.1190    0.0600000      53286.4      19.8960    0.0180000      53286.4      19.7870    0.0200000      53286.4      19.5600    0.0190000      53286.4      19.5530    0.0670000
       53288.363      20.2250    0.0580000      53288.4      19.8560    0.0150000      53288.4      19.7870    0.0180000      53288.4      19.5210    0.0180000      53288.4      19.4740    0.0620000
       53294.411     -99.9900     0.258000      53294.4      19.7480    0.0820000      53294.4      19.7320    0.0670000      53294.4     -99.9900     0.135000      53294.4      19.6900     0.302000
       53296.358      20.2030    0.0620000      53296.4      19.8680    0.0270000      53296.4      19.7700    0.0240000      53296.4      19.5400    0.0300000      53296.4      19.6180    0.0840000
       53298.408      20.1700    0.0560000      53298.4      19.8370    0.0170000      53298.4      19.8030    0.0240000      53298.4      19.5450    0.0250000      53298.4      19.3760    0.0780000
       53302.359      20.0310    0.0640000      53302.4      19.7690    0.0230000      53302.4      19.7270    0.0220000      53302.4      19.5670    0.0210000      53302.4      19.4350    0.0580000
       53312.315      20.1690    0.0890000      53312.3      19.7710    0.0240000      53312.3      19.7420    0.0270000      53312.3      19.4850    0.0320000      53312.3      19.2790    0.0860000
       53314.316      20.0780    0.0640000      53314.3      19.8140    0.0200000      53314.3      19.7040    0.0200000      53314.3      19.4790    0.0210000      53314.3      19.3750    0.0700000
       53319.304      20.0550    0.0580000      53319.3      19.7880    0.0180000      53319.3      19.6880    0.0210000      53319.3      19.5110    0.0220000      53319.3      19.5570    0.0890000
       53616.420      19.9130    0.0610000      53616.4      19.6390    0.0150000      53616.4      19.6040    0.0190000      53616.4      19.4020    0.0220000      53616.4      19.2380    0.0660000
       53626.396     -99.9900     0.177000      53626.4     -99.9900    0.0190000      53626.4      19.6100    0.0250000      53626.4     -99.9900    0.0220000      53626.4     -99.9900     0.103000
       53628.381      19.8720    0.0650000      53628.4      19.6590    0.0240000      53628.4      19.6080    0.0230000      53628.4      19.4520    0.0240000      53628.4      19.3520    0.0720000
       53639.428      19.9230    0.0530000      53639.4      19.6520    0.0180000      53639.4      19.6080    0.0200000      53639.4      19.4430    0.0210000      53639.4      19.4520    0.0590000
       53641.428      20.0280    0.0600000      53641.4      19.6610    0.0160000      53641.4      19.6100    0.0180000      53641.4      19.4230    0.0180000      53641.4      19.4420    0.0620000
       53657.386      19.9780    0.0920000      53657.4      19.6710    0.0300000      53657.4      19.7080    0.0340000      53657.4      19.4430    0.0300000      53657.4      19.5630     0.111000
       53663.371      20.0050     0.111000      53663.4      19.5760    0.0290000      53663.4      19.5880    0.0270000      53663.4      19.3980    0.0240000      53663.4      19.2890    0.0680000
       53665.349      19.9780    0.0790000      53665.4      19.6580    0.0220000      53665.3      19.6750    0.0240000      53665.3      19.4350    0.0210000      53665.4      19.3270    0.0590000
       53666.441      19.8720    0.0850000      53666.4      19.7090    0.0250000      53666.4      19.6950    0.0240000      53666.4      19.3940    0.0210000      53666.4      19.3110    0.0650000
       53668.361      20.0850    0.0880000      53668.4      19.6680    0.0220000      53668.4      19.6300    0.0230000      53668.4      19.3590    0.0220000      53668.4      19.1640    0.0700000
       53669.448      20.2190     0.114000      53669.4      19.7330    0.0230000      53669.4      19.6680    0.0250000      53669.4      19.4420    0.0240000      53669.4      19.3210    0.0730000
       53670.365      20.0000    0.0660000      53670.4      19.7160    0.0190000      53670.4      19.6150    0.0200000      53670.4      19.4340    0.0200000      53670.4      19.4180    0.0710000
       53673.333      19.9870    0.0490000      53673.3      19.7000    0.0140000      53673.3      19.6590    0.0160000      53673.3      19.4370    0.0160000      53673.3      19.3590    0.0490000
       53675.330      19.8480    0.0450000      53675.3      19.6930    0.0140000      53675.3      19.6290    0.0180000      53675.3      19.4280    0.0190000      53675.3      19.4910    0.0700000
       53677.351      19.9390    0.0470000      53677.4      19.6810    0.0140000      53677.4      19.6460    0.0160000      53677.4      19.4250    0.0160000      53677.4      19.3160    0.0450000
       53680.338      19.9520    0.0480000      53680.3      19.7110    0.0140000      53680.3      19.7050    0.0180000      53680.3      19.4220    0.0180000      53680.3      19.3390    0.0530000
       53683.397      19.9790    0.0630000      53683.4      19.7430    0.0190000      53683.4      19.6420    0.0210000      53683.4      19.4240    0.0230000      53683.4      19.6290     0.121000
       53686.337      20.0110     0.119000      53686.3      19.6710    0.0350000      53686.3      19.5830    0.0300000      53686.3      19.4600    0.0260000      53686.3      19.5110    0.0900000
       53693.340      20.0620     0.151000      53693.3      19.7150    0.0390000      53693.3      19.6360    0.0350000      53693.3      19.4550    0.0280000      53693.3      19.3960    0.0860000
       53699.361      20.0290    0.0700000      53699.4      19.7640    0.0200000      53699.4      19.6360    0.0190000      53699.4      19.4230    0.0190000      53699.4      19.4430    0.0630000
       53704.323      19.9700    0.0580000      53704.3      19.6860    0.0160000      53704.3      19.7010    0.0210000      53704.3      19.4140    0.0200000      53704.3      19.4200    0.0760000
       53989.419      19.9800    0.0810000      53989.4      19.7170    0.0300000      53989.4      19.6720    0.0260000      53989.4      19.4400    0.0250000      53989.4      19.4100    0.0510000
       53997.443      20.0390    0.0410000      53997.4      19.7520    0.0220000      53997.4      19.6820    0.0190000      53997.4      19.4610    0.0210000      53997.4      19.2930    0.0400000
       54000.395      19.9810    0.0480000      54000.4      19.7420    0.0280000      54000.4      19.6830    0.0190000      54000.4      19.4620    0.0210000      54000.4      19.3830    0.0620000
       54007.445     -99.9900    0.0990000      54007.4      19.7510    0.0240000      54007.4      19.6830    0.0250000      54007.4      19.3860    0.0310000      54007.4      19.3010    0.0700000
       54009.369      19.9680    0.0390000      54009.4      19.7100    0.0150000      54009.4      19.6660    0.0180000      54009.4      19.4530    0.0170000      54009.4      19.3390    0.0390000
       54011.433      20.0710    0.0440000      54011.4      19.7300    0.0250000      54011.4      19.6530    0.0180000      54011.4      19.4780    0.0230000      54011.4      19.3450    0.0420000
       54012.446      19.9890    0.0610000      54012.4      19.7570    0.0280000      54012.4      19.7240    0.0250000      54012.4      19.4150    0.0250000      54012.4      19.4240    0.0620000
       54025.432      19.8810    0.0540000      54025.4      19.6980    0.0180000      54025.4      19.6540    0.0220000      54025.4      19.4450    0.0260000      54025.4      19.3230    0.0600000
       54346.426      19.9780    0.0770000      54346.4      19.6240    0.0300000      54346.4      19.5980    0.0240000      54346.4      19.3940    0.0220000      54346.4      19.2600    0.0480000
       54348.430      19.9160    0.0550000      54348.4      19.6390    0.0200000      54348.4      19.6150    0.0250000      54348.4      19.4080    0.0270000      54348.4      19.3020    0.0500000
       54358.386      19.9160    0.0560000      54358.4     -99.9900    0.0350000      54358.4      19.6570    0.0240000      54358.4      19.4050    0.0290000      54358.4      19.4260    0.0620000
       54365.419      19.9730    0.0410000      54365.4      19.6370    0.0250000      54365.4      19.6140    0.0180000      54365.4      19.3920    0.0170000      54365.4      19.3210    0.0490000
       54381.438      20.0910    0.0500000      54381.4      19.7180    0.0190000      54381.4      19.6740    0.0200000      54381.4      19.4140    0.0170000      54381.4      19.3470    0.0490000
       54384.445      20.1030    0.0600000      54384.4      19.7460    0.0250000      54384.4      19.6510    0.0210000      54384.4      19.3900    0.0230000      54384.4      19.3560    0.0630000
       54386.431      20.0030    0.0560000      54386.4      19.7620    0.0170000      54386.4      19.6740    0.0210000      54386.4      19.3810    0.0180000      54386.4      19.3240    0.0500000
       54388.435      20.0640    0.0540000      54388.4      19.7420    0.0200000      54388.4      19.6340    0.0150000      54388.4      19.4060    0.0190000      54388.4      19.3480    0.0480000
       54392.433     -99.9900    0.0860000      54392.4      19.7510    0.0260000      54392.4     -99.9900    0.0390000      54392.4      19.4380    0.0500000      54392.4      19.3010    0.0600000
       54403.349      20.0910    0.0870000      54403.4      19.7320    0.0440000      54403.3      19.6390    0.0260000      54403.3      19.4380    0.0210000      54403.3      19.3900    0.0980000
       54404.406     -99.9900      1.06100      54404.4     -99.9900    0.0730000      54404.4     -99.9900     0.101000      54404.4     -99.9900     0.259000      54404.4      19.7690     0.470000
       54406.342      20.1500    0.0520000      54406.3      19.7410    0.0220000      54406.3      19.6630    0.0210000      54406.3      19.3890    0.0210000      54406.3      19.2860    0.0410000
       54409.347      20.0490    0.0460000      54409.3      19.7350    0.0220000      54409.3      19.6630    0.0200000      54409.3      19.4390    0.0210000      54409.3      19.3350    0.0470000
       54412.368      20.1800    0.0560000      54412.4      19.7450    0.0210000      54412.4      19.6590    0.0230000      54412.4      19.3870    0.0190000      54412.4      19.4450    0.0560000
       52234.000       20.014000     0.059000000       52234.000       19.714000     0.022000000       52234.000       19.670000     0.032000000       52234.000       19.458000     0.027000000       52234.000       19.319000     0.058000000
       51075       20.023000     0.042000000       51075       19.857000     0.018000000       51075       19.782000     0.022000000       51075       19.566000     0.026000000       51075       19.379000     0.074000000
       51133       20.156000     0.058000000       51133       19.825000     0.032000000       51133       19.688000     0.035000000       51133       19.527000     0.034000000       51133       19.549000      0.10600000
       51134       20.178000     0.039000000       51134       19.810000     0.019000000       51134       19.787000     0.023000000       51134       19.533000     0.024000000       51134       19.485000     0.062000000
       51818       20.208000     0.045000000       51818       19.835000     0.027000000       51818       19.769000     0.022000000       51818       19.525000     0.023000000       51818       19.313000     0.056000000
       51874       20.113000     0.049000000       51874       19.839000     0.026000000       51874       19.795000     0.026000000       51874       19.564000     0.029000000       51874       19.270000     0.077000000
       52170       19.843000     0.041000000       52170       19.666000     0.019000000       52170       19.687000     0.020000000       52170       19.450000     0.023000000       52170       19.448000     0.065000000
       52171       19.927000     0.038000000       52171       19.651000     0.020000000       52171       19.632000     0.025000000       52171       19.443000     0.028000000       52171       19.523000     0.067000000
       52173       19.934000     0.053000000       52173       19.669000     0.027000000       52173       19.655000     0.028000000       52173       19.485000     0.024000000       52173       19.429000     0.075000000
       52234       20.001000     0.051000000       52234       19.732000     0.022000000       52234       19.685000     0.028000000       52234       19.521000     0.025000000       52234       19.318000     0.058000000
       52261       20.100000     0.042000000       52261       19.767000     0.031000000       52261       19.705000     0.024000000       52261       19.486000     0.022000000       52261       19.357000     0.052000000
       52283       20.180000     0.055000000       52283       19.748000     0.036000000       52283       19.795000     0.037000000       52283       19.399000     0.066000000       52283       19.367000     0.090000000
       52287       20.069000     0.043000000       52287       19.772000     0.029000000       52287       19.745000     0.023000000       52287       19.517000     0.029000000       52287       19.431000     0.061000000
       52552       20.324000     0.055000000       52552       19.984000     0.041000000       52552       19.967000     0.030000000       52552       19.674000     0.034000000       52552       19.493000     0.074000000
       52557       20.313000     0.052000000       52557       19.989000     0.026000000       52557       19.882000     0.029000000       52557       19.615000     0.024000000       52557       19.574000     0.078000000
       52872       20.159000     0.057000000       52872       19.886000     0.027000000       52872       19.800000     0.031000000       52872       19.525000     0.024000000       52872       19.436000     0.055000000
       52908       20.283000     0.053000000       52908       19.887000     0.022000000       52908       19.748000     0.020000000       52908       19.521000     0.026000000       52908       19.450000     0.072000000
       52912       20.176000     0.050000000       52912       19.866000     0.020000000       52912       19.793000     0.021000000       52912       19.550000     0.025000000       52912       19.414000     0.057000000
       52934       20.189000     0.050000000       52934       19.828000     0.021000000       52934       19.767000     0.025000000       52934       19.476000     0.024000000       52934       19.561000     0.083000000
       52936       20.160000     0.048000000       52936       19.821000     0.025000000       52936       19.743000     0.021000000       52936       19.539000     0.023000000       52936       19.488000     0.064000000
       53270       20.215000     0.045000000       53270       19.808000     0.025000000       53270       19.790000     0.019000000       53270       19.539000     0.021000000       53270       19.473000     0.058000000
       53272       20.068000     0.046000000       53272       19.840000     0.023000000       53272       19.749000     0.026000000       53272       19.508000     0.022000000       53272       19.324000     0.067000000
       53286       20.070000     0.046000000       53286       19.895000     0.026000000       53286       19.770000     0.024000000       53286       19.553000     0.022000000       53286       19.524000     0.066000000
       53288       20.203000     0.047000000       53288       19.846000     0.023000000       53288       19.773000     0.023000000       53288       19.505000     0.020000000       53288       19.406000     0.059000000
       53294       19.892000      0.17900000       53294       19.710000     0.089000000       53294       19.646000     0.065000000       53294       19.597000      0.13900000       53294       19.589000      0.31100000
       53298       20.150000     0.046000000       53298       19.834000     0.025000000       53298       19.772000     0.021000000       53298       19.533000     0.024000000       53298       19.327000     0.076000000
       53312       20.100000     0.087000000       53312       19.735000     0.028000000       53312       19.715000     0.028000000       53312       19.477000     0.033000000       53312       19.317000      0.11200000
       53314       20.016000     0.062000000       53314       19.793000     0.027000000       53314       19.669000     0.027000000       53314       19.451000     0.031000000       53314       19.319000     0.067000000
       53319       19.992000     0.061000000       53319       19.782000     0.025000000       53319       19.668000     0.023000000       53319       19.498000     0.026000000       53319       19.551000     0.088000000
