       51075.420      20.2160    0.0450000      51075.4      20.1850    0.0200000      51075.4      19.9180    0.0210000      51075.4      19.9280    0.0320000      51075.4      20.1050     0.145000
       51081.403      20.2980    0.0660000      51081.4      20.2050    0.0230000      51081.4      19.9380    0.0240000      51081.4      19.8300    0.0340000      51081.4      19.7970     0.133000
       51819.475      20.8310     0.106000      51819.5      20.6760    0.0320000      51819.5      20.3090    0.0320000      51819.5      20.4180    0.0480000      51819.5      20.3440     0.212000
       51875.218      20.7810    0.0780000      51875.2      20.6390    0.0260000      51875.2      20.3770    0.0290000      51875.2      20.2700    0.0380000      51875.2      20.4130     0.184000
       52225.299      20.6040    0.0670000      52225.3      20.5860    0.0230000      52225.3      20.4080    0.0290000      52225.3      20.3120    0.0340000      52225.3      20.3270     0.143000
       52288.134      20.8380    0.0890000      52288.1      20.7320    0.0280000      52288.1      20.4390    0.0330000      52288.1      20.3770    0.0410000      52288.1      20.4060     0.173000
       52551.407      21.1200     0.111000      52551.4      20.8550    0.0310000      52551.4      20.5780    0.0350000      52551.4      20.4860    0.0440000      52551.4      20.3270     0.175000
       52558.440      21.1090    0.0910000      52558.4      20.9110    0.0280000      52558.4      20.5340    0.0290000      52558.4      20.5310    0.0380000      52558.4      20.4440     0.156000
       52578.311      21.1280     0.108000      52578.3      20.9610    0.0290000      52578.3      20.5410    0.0300000      52578.3      20.5410    0.0400000      52578.3      20.6880     0.206000
       52585.274      21.1120    0.0930000      52585.3      21.0200    0.0330000      52585.3      20.6190    0.0320000      52585.3      20.5590    0.0500000      52585.3      21.0970     0.354000
       52909.441      21.0020    0.0910000      52909.4      20.9400    0.0290000      52909.4      20.5540    0.0290000      52909.4      20.5160    0.0380000      52909.4      20.4220     0.150000
       52910.411      21.0670     0.122000      52910.4      20.9740    0.0360000      52910.4      20.5880    0.0340000      52910.4      20.5600    0.0460000      52910.4      20.3860     0.197000
       52935.338     -99.9900     0.102000      52935.3      20.9650    0.0330000      52935.3      20.5940    0.0370000      52935.3      20.4880    0.0480000      52935.3      20.3810     0.188000
       52963.261      21.1070    0.0880000      52963.3      21.0320    0.0300000      52963.3      20.6530    0.0290000      52963.3      20.5850    0.0380000      52963.3      20.6200     0.172000
       52971.252      21.1440     0.151000      52971.3      20.8880    0.0380000      52971.2      20.6220    0.0470000      52971.2      20.5930    0.0620000      52971.3      20.7080     0.277000
       53351.184      21.2270     0.144000      53351.2      20.8870    0.0350000      53351.2      20.5660    0.0350000      53351.2      20.4220    0.0500000      53351.2      20.1550     0.187000
       53622.441     -99.9900     0.103000      53622.4      21.2000    0.0340000      53622.4      20.7130    0.0330000      53622.4      20.6580    0.0440000      53622.4      20.8390     0.217000
       53627.398      21.5200     0.154000      53627.4      21.1850    0.0380000      53627.4      20.7930    0.0360000      53627.4      20.6670    0.0450000      53627.4      20.7070     0.196000
       53634.390      20.9810     0.229000      53634.4      21.0990     0.106000      53634.4      20.9130    0.0830000      53634.4      20.7030    0.0700000      53634.4      20.6620     0.216000
       53638.432      21.2650     0.156000      53638.4      21.1500    0.0510000      53638.4      20.7630    0.0410000      53638.4      20.7270    0.0530000      53638.4      20.6480     0.208000
       53640.396      21.3880     0.178000      53640.4      21.2250    0.0520000      53640.4      20.7680    0.0460000      53640.4      20.7160    0.0580000      53640.4      20.7460     0.240000
       53643.438      21.1500     0.149000      53643.4      21.1400    0.0480000      53643.4      20.6270    0.0430000      53643.4      20.6170    0.0590000      53643.4      20.5770     0.265000
       53646.457      21.2170     0.213000      53646.5      21.2150    0.0480000      53646.5      20.7470    0.0550000      53646.5      20.7290    0.0770000      53646.5      20.8690     0.375000
       53663.458      21.2160     0.386000      53663.5      20.8630     0.109000      53663.5      20.6410    0.0790000      53663.5      20.6630    0.0750000      53663.5      20.6470     0.274000
       53664.393      21.1100     0.269000      53664.4      21.0690     0.120000      53664.4      20.6360    0.0720000      53664.4      20.4620    0.0750000      53664.4      21.7380     0.715000
       53665.457      21.8250     0.481000      53665.5      21.1840    0.0930000      53665.5      20.8110    0.0650000      53665.5      20.8610    0.0870000      53665.5      20.3250     0.219000
       53668.446      21.1350     0.289000      53668.4      21.0920    0.0800000      53668.4      20.7900    0.0700000      53668.4      20.5700    0.0810000      53668.4      20.6650     0.360000
       53669.352      21.1810     0.172000      53669.4      20.9740    0.0500000      53669.4      20.6110    0.0470000      53669.4      20.5930    0.0640000      53669.4      20.6740     0.301000
       53670.452      21.1900     0.218000      53670.5      21.1050    0.0610000      53670.4      20.7150    0.0520000      53670.5      20.7800    0.0750000      53670.5      20.7810     0.314000
       53671.437      21.4000     0.209000      53671.4      21.1740    0.0500000      53671.4      20.5060    0.0400000      53671.4      20.5330    0.0490000      53671.4      20.7240     0.269000
       53674.336      21.3200     0.183000      53674.3      21.1640    0.0440000      53674.3      20.6700    0.0440000      53674.3      20.6970    0.0650000      53674.3      21.0720     0.415000
       53676.426      21.5480     0.242000      53676.4      21.1780    0.0480000      53676.4      20.7820    0.0530000      53676.4      20.5430    0.0590000      53676.4      20.3400     0.194000
       53679.398      21.2260     0.168000      53679.4      21.1200    0.0430000      53679.4      20.6860    0.0510000      53679.4      20.6910    0.0730000      53679.4      21.1830     0.475000
       53681.389      21.0850     0.151000      53681.4      21.0990    0.0420000      53681.4      20.7830    0.0490000      53681.4      20.5800    0.0560000      53681.4      20.7010     0.265000
       53684.351     -99.9900     0.420000      53684.4      21.0740     0.100000      53684.3      20.6630    0.0730000      53684.4      20.5480     0.109000      53684.4      20.7930     0.665000
       53687.292      21.1560     0.351000      53687.3      21.3210     0.235000      53687.3      20.6330    0.0990000      53687.3      20.5930    0.0900000      53687.3      20.4920     0.287000
       53694.362      22.4730      1.24300      53694.4      21.4090     0.163000      53694.4      20.7810    0.0800000      53694.4      20.6250    0.0830000      53694.4      20.5940     0.322000
       53697.346      21.1760     0.175000      53697.3      21.4230    0.0770000      53697.3      20.7960    0.0510000      53697.3      20.7930    0.0640000      53697.3      20.8340     0.276000
       53700.345      21.5500     0.211000      53700.3      21.3610    0.0500000      53700.3      20.8450    0.0520000      53700.3      20.7600    0.0720000      53700.3      20.6070     0.271000
       53705.332      21.4280     0.233000      53705.3      21.3850    0.0610000      53705.3      20.9840    0.0580000      53705.3      20.7350    0.0700000      53705.3      19.9400     0.160000
       53975.417     -99.9900     0.110000      53975.4      20.8540    0.0320000      53975.4      20.4430    0.0320000      53975.4      20.5060    0.0440000      53975.4      20.6590     0.214000
       53994.440      20.9000    0.0880000      53994.4      20.8080    0.0310000      53994.4      20.5090    0.0360000      53994.4      20.3600    0.0390000      53994.4      20.7990     0.243000
       53996.424      20.9420    0.0910000      53996.4      20.7380    0.0340000      53996.4      20.4850    0.0260000      53996.4      20.4150    0.0380000      53996.4      20.3860     0.168000
       54005.437      20.7710    0.0790000      54005.4      20.8070    0.0260000      54005.4      20.5020    0.0290000      54005.4      20.3730    0.0350000      54005.4      20.2130     0.123000
       54009.451      20.8370    0.0760000      54009.5      20.8240    0.0260000      54009.4      20.5010    0.0380000      54009.4      20.4620    0.0350000      54009.5      20.4880     0.139000
       54010.378      20.9040    0.0660000      54010.4      20.8140    0.0220000      54010.4      20.4400    0.0310000      54010.4      20.3680    0.0320000      54010.4      20.4640     0.113000
       54012.371      20.8300     0.102000      54012.4      20.8590    0.0480000      54012.4      20.5310    0.0360000      54012.4      20.4070    0.0410000      54012.4      20.8180     0.204000
       54020.409      20.8800     0.163000      54020.4      20.8490    0.0930000      54020.4      20.5350    0.0460000      54020.4      20.4390    0.0540000      54020.4      20.2490     0.178000
       54024.458      20.6840     0.139000      54024.5      20.7620    0.0670000      54024.5      20.4640    0.0420000      54024.5      20.4130    0.0600000      54024.5      20.6240     0.325000
       54028.446      20.7970     0.112000      54028.4      20.8440    0.0340000      54028.4      20.5060    0.0400000      54028.4      20.4730    0.0520000      54028.4      20.3830     0.199000
       54030.402      20.7730    0.0730000      54030.4      20.8320    0.0260000      54030.4      20.4980    0.0290000      54030.4      20.5200    0.0430000      54030.4      20.3830     0.148000
       54035.446      21.0750     0.170000      54035.4      20.7400    0.0370000      54035.4      20.4480    0.0460000      54035.4      20.4780    0.0630000      54035.4      20.2180     0.207000
       54037.351      21.0770    0.0920000      54037.4      20.8670    0.0280000      54037.4      20.4970    0.0300000      54037.4      20.4270    0.0330000      54037.4      20.4210     0.133000
       54040.366      20.9170    0.0860000      54040.4      20.8340    0.0310000      54040.4      20.5430    0.0350000      54040.4      20.4130    0.0410000      54040.4      20.5450     0.171000
       54041.401      21.0580     0.126000      54041.4      20.7380    0.0430000      54041.4      20.5470    0.0420000      54041.4      20.4930    0.0440000      54041.4      21.0570     0.261000
       54047.396      20.8420     0.467000      54047.4      20.5340     0.119000      54047.4      20.4410     0.119000      54047.4      20.2790     0.107000      54047.4      21.2390     0.750000
       54049.392      20.8240     0.187000      54049.4      20.9840    0.0810000      54049.4      20.4680    0.0520000      54049.4      20.5130    0.0650000      54049.4      20.0780     0.160000
       54050.352      21.4550     0.364000      54050.4      20.8630    0.0560000      54050.4     -99.9900    0.0620000      54050.4      20.5950    0.0870000      54050.4     -99.9900     0.437000
       54053.372      20.8520     0.104000      54053.4     -99.9900    0.0340000      54053.4     -99.9900    0.0360000      54053.4      20.4360    0.0480000      54053.4     -99.9900     0.337000
       54056.358      20.9690     0.103000      54056.4      20.9080    0.0310000      54056.4      20.4810    0.0340000      54056.4      20.3700    0.0430000      54056.4      20.1900     0.146000
       54059.353      21.0820     0.161000      54059.4      20.8290    0.0400000      54059.4      20.5730    0.0420000      54059.4      20.5210    0.0620000      54059.4      20.8690     0.357000
       54061.364      20.8350     0.200000      54061.4      21.1510    0.0980000      54061.4      20.5310    0.0520000      54061.4      20.5400    0.0790000      54061.4      21.1250     0.608000
       54062.357      21.1430     0.119000      54062.4      20.8890    0.0290000      54062.4      20.5290    0.0380000      54062.4      20.5000    0.0420000      54062.4      20.8140     0.244000
       54064.354      20.9190     0.116000      54064.4      21.2320    0.0740000      54064.4      20.5400    0.0390000      54064.4      20.4710    0.0460000      54064.4      20.3740     0.197000
       54357.396      21.5390     0.132000      54357.4      21.3350    0.0340000      54357.4      20.8630    0.0350000      54357.4      20.8230    0.0430000      54357.4      20.6880     0.164000
       54362.446      21.3860     0.118000      54362.4      21.2690    0.0330000      54362.4      20.8190    0.0340000      54362.4      20.6920    0.0450000      54362.4      20.9830     0.212000
       54376.441      21.3240     0.141000      54376.4      21.3610    0.0550000      54376.4      20.8090    0.0370000      54376.4      20.7990    0.0530000      54376.4      20.6300     0.171000
       54382.426     -99.9900     0.212000      54382.4      21.3720    0.0480000      54382.4      20.8430    0.0500000      54382.4      20.8140    0.0660000      54382.4      20.9190     0.325000
       54385.444      21.1190     0.114000      54385.4      21.2420    0.0420000      54385.4      20.7530    0.0390000      54385.4      20.8060    0.0520000      54385.4      20.9120     0.252000
       54387.444     -99.9900     0.337000      54387.4      21.3880     0.105000      54387.4      20.8270    0.0590000      54387.4      20.8210    0.0740000      54387.4     -99.9900     0.699000
       54391.445      21.3580     0.330000      54391.4      21.6640     0.149000      54391.4      20.9060     0.103000      54391.4      21.0380     0.162000      54391.4      21.2410     0.856000
       54402.437      21.5710     0.583000      54402.4      21.2870     0.160000      54402.4      20.7520    0.0870000      54402.4      20.6650    0.0830000      54402.4      20.9340     0.350000
       52522.000       21.022000      0.10100000       52522.000       21.032000     0.039000000       52522.000       20.677000     0.037000000       52522.000       20.644000     0.047000000       52522.000       21.122000      0.32900000
       51078       20.234000     0.037000000       51078       20.284000     0.023000000       51078       19.909000     0.021000000       51078       19.930000     0.042000000       51078       19.971000     0.085000000
       51081       20.277000     0.060000000       51081       20.146000     0.029000000       51081       19.959000     0.029000000       51081       19.955000     0.037000000       51081       19.844000      0.11800000
       51115       20.437000     0.047000000       51115       20.388000     0.029000000       51115       20.104000     0.026000000       51115       20.017000     0.031000000       51115       20.135000      0.12900000
       51132       20.588000     0.061000000       51132       20.524000     0.031000000       51132       20.145000     0.047000000       51132       20.078000     0.051000000       51132       20.046000      0.19000000
       51133       20.651000     0.054000000       51133       20.540000     0.047000000       51133       20.172000     0.037000000       51133       20.054000     0.046000000       51133       20.190000      0.16200000
       51136       20.642000     0.055000000       51136       20.506000     0.026000000       51136       20.133000     0.028000000       51136       20.046000     0.039000000       51136       20.302000      0.18200000
       51819       20.802000     0.086000000       51819       20.641000     0.032000000       51819       20.283000     0.032000000       51819       20.378000     0.047000000       51819       20.387000      0.19800000
       51875       20.796000     0.064000000       51875       20.652000     0.029000000       51875       20.376000     0.031000000       51875       20.260000     0.036000000       51875       20.386000      0.16000000
       52171       20.923000     0.072000000       52171       20.837000     0.031000000       52171       20.444000     0.031000000       52171       20.376000     0.038000000       52171       20.451000      0.14700000
       52173       21.041000     0.083000000       52173       20.821000     0.034000000       52173       20.543000     0.035000000       52173       20.416000     0.042000000       52173       20.705000      0.25100000
       52225       20.601000     0.059000000       52225       20.586000     0.026000000       52225       20.395000     0.028000000       52225       20.279000     0.039000000       52225       20.290000      0.11800000
       52288       20.808000     0.070000000       52288       20.705000     0.033000000       52288       20.414000     0.033000000       52288       20.346000     0.038000000       52288       20.318000      0.14500000
       52522       20.998000     0.085000000       52522       21.037000     0.038000000       52522       20.677000     0.039000000       52522       20.651000     0.046000000       52522       21.151000      0.29600000
       52551       21.100000     0.094000000       52551       20.862000     0.033000000       52551       20.561000     0.048000000       52551       20.444000     0.044000000       52551       20.328000      0.15400000
       52558       21.098000     0.076000000       52558       20.939000     0.030000000       52558       20.484000     0.031000000       52558       20.489000     0.041000000       52558       20.424000      0.13600000
       52578       21.100000     0.090000000       52578       20.931000     0.032000000       52578       20.542000     0.033000000       52578       20.537000     0.043000000       52578       20.592000       1.0510000
       52584       21.046000      0.10500000       52584       21.002000     0.062000000       52584       20.573000     0.044000000       52584       20.650000     0.065000000       52584       20.790000      0.29300000
       52585       21.102000     0.078000000       52585       21.010000     0.033000000       52585       20.615000     0.034000000       52585       20.512000     0.053000000       52585       20.969000      0.29300000
       52909       20.957000     0.071000000       52909       20.945000     0.031000000       52909       20.547000     0.031000000       52909       20.507000     0.039000000       52909       20.467000      0.13100000
       52910       21.032000     0.093000000       52910       20.972000     0.036000000       52910       20.565000     0.038000000       52910       20.562000     0.047000000       52910       20.325000      0.16000000
       52935       20.997000     0.083000000       52935       20.965000     0.037000000       52935       20.624000     0.038000000       52935       20.531000     0.050000000       52935       20.488000      0.17800000
       52971       21.174000      0.12300000       52971       20.896000     0.038000000       52971       20.639000     0.050000000       52971       20.600000     0.058000000       52971       20.729000      0.21200000
       53351       21.172000      0.11100000       53351       20.926000     0.047000000       53351       20.572000     0.047000000       53351       20.391000     0.049000000       53351       20.241000      0.18300000
       54424       21.693000      0.26500000       54424       21.289000     0.073000000       54424       20.887000     0.055000000       54424       20.807000     0.056000000       54424       20.738000      0.15900000
