       51075.336      19.7330    0.0330000      51075.3      19.7560    0.0160000      51075.3      19.3670    0.0160000      51075.3      19.3320    0.0210000      51075.3      19.2460    0.0720000
       52196.355      19.8460    0.0480000      52196.4      19.9030    0.0180000      52196.4      19.5220    0.0170000      52196.4      19.4630    0.0220000      52196.4      19.4200    0.0770000
       52197.349      19.8130    0.0390000      52197.4      19.8510    0.0160000      52197.3      19.5020    0.0160000      52197.3      19.4070    0.0200000      52197.4      19.6300    0.0850000
       52207.322      19.8520    0.0390000      52207.3      19.8970    0.0160000      52207.3      19.5340    0.0160000      52207.3      19.4660    0.0190000      52207.3      19.5960    0.0750000
       52225.199      19.9330    0.0420000      52225.2      19.9610    0.0170000      52225.2      19.5470    0.0170000      52225.2      19.4600    0.0220000      52225.2      19.4940    0.0750000
       52231.235      19.9440    0.0400000      52231.2      19.9690    0.0160000      52231.2      19.5630    0.0150000      52231.2      19.4970    0.0180000      52231.2      19.5550    0.0680000
       52253.221      19.9830    0.0530000      52253.2      20.0010    0.0210000      52253.2      19.5840    0.0180000      52253.2      19.5550    0.0240000      52253.2      19.5580     0.100000
       52557.343      19.7780    0.0410000      52557.3      19.7890    0.0160000      52557.3      19.4360    0.0170000      52557.3      19.4030    0.0210000      52557.3      19.4650    0.0740000
       52578.239      19.7580    0.0350000      52578.2      19.7270    0.0140000      52578.2      19.3770    0.0140000      52578.2      19.3620    0.0190000      52578.2      19.5700    0.0760000
       52908.318     -99.9900    0.0440000      52908.3      20.0010    0.0170000      52908.3      19.5960    0.0160000      52908.3      19.4840    0.0200000      52908.3      19.5480    0.0780000
       52934.250      19.9710    0.0500000      52934.2      20.0030    0.0200000      52934.2      19.5550    0.0210000      52934.2      19.4670    0.0270000      52934.2      19.4420    0.0940000
       52936.246      19.9710    0.0400000      52936.2      19.9410    0.0160000      52936.2      19.5590    0.0150000      52936.2      19.4740    0.0180000      52936.2      19.5260    0.0640000
       53270.310      20.1150    0.0400000      53270.3      20.1160    0.0230000      53270.3      19.6370    0.0200000      53270.3      19.6070    0.0210000      53270.3      19.6560    0.0630000
       53272.360      20.0610    0.0440000      53272.4      20.1140    0.0170000      53272.4      19.6790    0.0170000      53272.4      19.5860    0.0220000      53272.4      19.6770    0.0710000
       53286.328      20.1910    0.0780000      53286.3      20.1660    0.0310000      53286.3      19.6570    0.0200000      53286.3      19.5590    0.0240000      53286.3      19.6910     0.124000
       53288.287      20.0050    0.0510000      53288.3      20.0780    0.0200000      53288.3      19.6610    0.0210000      53288.3      19.5490    0.0230000      53288.3      19.6500    0.0790000
       53294.334      20.0590    0.0550000      53294.3      20.2020    0.0230000      53294.3      19.6600    0.0240000      53294.3      19.5700    0.0270000      53294.3      19.6440    0.0960000
       53296.281      19.9920    0.0560000      53296.3      20.1930    0.0320000      53296.3      19.7130    0.0270000      53296.3      19.5610    0.0280000      53296.3      19.4960    0.0850000
       53298.331     -99.9900    0.0580000      53298.3      20.0890    0.0210000      53298.3      19.6630    0.0220000      53298.3      19.5510    0.0260000      53298.3      19.4690    0.0870000
       53302.282      20.0590    0.0780000      53302.3      20.1510    0.0400000      53302.3      19.6920    0.0270000      53302.3      19.6170    0.0270000      53302.3      19.5810    0.0750000
       53312.238      20.1190    0.0580000      53312.2      20.1460    0.0300000      53312.2      19.7290    0.0220000      53312.2      19.6230    0.0270000      53312.2      19.7230    0.0960000
       53314.239      20.2080    0.0520000      53314.2      20.2400    0.0210000      53314.2      19.6920    0.0190000      53314.2      19.6230    0.0260000      53314.2      19.7990     0.100000
       53616.344      20.3390    0.0920000      53616.3      20.2950    0.0230000      53616.3      19.8280    0.0280000      53616.3      19.7550    0.0380000      53616.3      19.9040     0.125000
       53626.320      20.2160    0.0510000      53626.3      20.2020    0.0190000      53626.3      19.6900    0.0170000      53626.3      19.6510    0.0220000      53626.3      19.4840    0.0630000
       53628.305     -99.9900     0.119000      53628.3      20.0830    0.0430000      53628.3      19.6320    0.0270000      53628.3      19.5880    0.0340000      53628.3      19.8140     0.122000
       53637.306     -99.9900    0.0870000      53637.3      20.1090    0.0360000      53637.3      19.6310    0.0260000      53637.3      19.5850    0.0340000      53637.3      19.4790     0.103000
       53639.352      20.0600    0.0470000      53639.4      20.1410    0.0200000      53639.4      19.6840    0.0160000      53639.4      19.6380    0.0190000      53639.4      19.6830    0.0650000
       53654.333      20.0120    0.0470000      53654.3      20.1880    0.0190000      53654.3      19.6340    0.0180000      53654.3      19.6020    0.0230000      53654.3      19.6810    0.0900000
       53663.294      20.3200     0.114000      53663.3      20.1410    0.0390000      53663.3      19.7120    0.0250000      53663.3      19.5810    0.0240000      53663.3      19.6780    0.0780000
       53665.272      20.0760    0.0580000      53665.3      20.1360    0.0260000      53665.3      19.6620    0.0190000      53665.3      19.6170    0.0210000      53665.3      19.7400    0.0720000
       53666.364      20.2460     0.102000      53666.4      20.1760    0.0350000      53666.4      19.6940    0.0220000      53666.4      19.6370    0.0250000      53666.4      19.7680    0.0930000
       53668.284      20.0580    0.0610000      53668.3      20.1490    0.0260000      53668.3      19.6720    0.0240000      53668.3      19.6480    0.0310000      53668.3      19.7640     0.121000
       53670.289      20.1090    0.0540000      53670.3      20.0860    0.0200000      53670.3      19.6570    0.0200000      53670.3      19.5650    0.0260000      53670.3      19.4720    0.0780000
       53673.257      20.0470    0.0460000      53673.3      20.1270    0.0180000      53673.3      19.6400    0.0170000      53673.3      19.5910    0.0210000      53673.3      19.7940    0.0900000
       53675.254      20.0750    0.0470000      53675.3      20.1100    0.0200000      53675.3      19.6360    0.0190000      53675.3      19.6510    0.0270000      53675.3      19.7700     0.101000
       53677.275      20.0550    0.0450000      53677.3      20.1570    0.0170000      53677.3      19.7010    0.0170000      53677.3      19.6350    0.0200000      53677.3      19.6170    0.0620000
       53680.261      20.0800    0.0460000      53680.3      20.1690    0.0180000      53680.3      19.7310    0.0170000      53680.3      19.6640    0.0210000      53680.3      19.6850    0.0690000
       53693.263      20.0520     0.105000      53693.3      20.2140    0.0480000      53693.3      19.6810    0.0240000      53693.3      19.6220    0.0260000      53693.3      19.6350    0.0990000
       53698.261      20.0410    0.0570000      53698.3      20.2090    0.0230000      53698.3      19.7040    0.0190000      53698.3      19.6560    0.0250000      53698.3      19.6040     0.100000
       53704.247      20.3030    0.0750000      53704.2      20.2100    0.0220000      53704.2      19.7560    0.0220000      53704.2      19.6220    0.0280000      53704.2      19.8330     0.126000
       53977.388      19.9610    0.0360000      53977.4      19.9910    0.0180000      53977.4      19.6250    0.0150000      53977.4      19.5630    0.0190000      53977.4      19.6450    0.0590000
       53989.343      19.9800    0.0820000      53989.3      19.9550    0.0350000      53989.3      19.5750    0.0260000      53989.3      19.5390    0.0280000      53989.3      19.6180    0.0670000
       53995.357      19.7890    0.0330000      53995.4      19.9300    0.0210000      53995.4      19.5730    0.0160000      53995.4      19.5680    0.0230000      53995.4      19.5590    0.0580000
       54000.318      19.9000    0.0470000      54000.3      19.9540    0.0250000      54000.3      19.5690    0.0270000      54000.3      19.5460    0.0360000      54000.3      19.5670    0.0940000
       54007.368     -99.9900    0.0490000      54007.4      19.9180    0.0290000      54007.4      19.5460    0.0290000      54007.4      19.5340    0.0280000      54007.4      19.6800     0.102000
       54009.292     -99.9900    0.0420000      54009.3      19.8890    0.0200000      54009.3      19.5490    0.0220000      54009.3      19.5220    0.0250000      54009.3      19.5470    0.0710000
       54011.356      19.8550    0.0400000      54011.4      19.9470    0.0230000      54011.4      19.5460    0.0180000      54011.4      19.5100    0.0210000      54011.4      19.5440    0.0550000
       54025.356      19.8790    0.0490000      54025.4      19.8690    0.0190000      54025.4      19.5450    0.0220000      54025.4      19.5440    0.0250000      54025.4      19.4440    0.0810000
       54029.286      19.8940    0.0450000      54029.3      19.9100    0.0250000      54029.3      19.5760    0.0220000      54029.3      19.4970    0.0260000      54029.3      19.5300    0.0810000
       54348.353     -99.9900    0.0510000      54348.4      20.0010    0.0230000      54348.4      19.6300    0.0190000      54348.4      19.5300    0.0290000      54348.4      19.6540    0.0700000
       54358.309      19.9980    0.0560000      54358.3      19.9730    0.0250000      54358.3      19.5050    0.0200000      54358.3      19.4760    0.0300000      54358.3      19.4780    0.0910000
       54359.303      19.9010     0.103000      54359.3      19.9610    0.0460000      54359.3      19.5610    0.0370000      54359.3      19.4140    0.0540000      54359.3      19.5040     0.208000
       54365.342      19.9700    0.0410000      54365.3      19.9340    0.0210000      54365.3      19.5480    0.0180000      54365.3      19.4860    0.0240000      54365.3      19.5740    0.0560000
       54381.362      19.8400    0.0430000      54381.4      19.9270    0.0250000      54381.4      19.5680    0.0200000      54381.4      19.4610    0.0260000      54381.4      19.4930    0.0590000
       54384.368      19.8750    0.0420000      54384.4      19.9440    0.0190000      54384.4      19.5090    0.0210000      54384.4      19.4950    0.0240000      54384.4      19.4890    0.0690000
       54386.354      19.9800    0.0590000      54386.4      19.9560    0.0230000      54386.4      19.5670    0.0240000      54386.4      19.4430    0.0280000      54386.4      19.7000    0.0950000
       54388.358      19.8000    0.0390000      54388.4      19.8720    0.0240000      54388.4      19.4970    0.0170000      54388.4      19.4670    0.0200000      54388.4      19.4830    0.0590000
       54403.272      19.9790     0.111000      54403.3     -99.9900    0.0510000      54403.3      19.4540    0.0440000      54403.3      19.4870    0.0470000      54403.3      19.3500    0.0980000
       54404.330      19.7980    0.0610000      54404.3      19.8780    0.0250000      54404.3      19.5090    0.0220000      54404.3      19.3960    0.0210000      54404.3      19.5910    0.0910000
       54405.328      19.7780    0.0490000      54405.3      19.8740    0.0210000      54405.3      19.5330    0.0200000      54405.3      19.4370    0.0210000      54405.3      19.4460    0.0590000
       54406.266     -99.9900    0.0410000      54406.3      19.8880    0.0250000      54406.3      19.5140    0.0170000      54406.3      19.3700    0.0250000      54406.3      19.3610    0.0730000
       54412.269      19.8930    0.0460000      54412.3      19.8420    0.0240000      54412.3      19.5150    0.0190000      54412.3      19.4280    0.0220000      54412.3      19.4360    0.0700000
       52197.000       19.865000     0.043000000       52197.000       19.909000     0.024000000       52197.000       19.536000     0.022000000       52197.000       19.433000     0.022000000       52197.000       19.638000     0.081000000
       51075       19.768000     0.033000000       51075       19.792000     0.023000000       51075       19.401000     0.020000000       51075       19.347000     0.024000000       51075       19.348000     0.081000000
       51134       19.956000     0.051000000       51134       19.820000     0.024000000       51134       19.532000     0.034000000       51134       19.428000     0.043000000       51134       19.551000      0.11100000
       52196       19.940000     0.048000000       52196       19.974000     0.024000000       52196       19.547000     0.021000000       52196       19.485000     0.029000000       52196       19.466000     0.081000000
       52197       19.895000     0.041000000       52197       19.923000     0.025000000       52197       19.567000     0.022000000       52197       19.448000     0.025000000       52197       19.670000     0.084000000
       52207       19.823000     0.036000000       52207       19.933000     0.028000000       52207       19.529000     0.021000000       52207       19.450000     0.024000000       52207       19.578000     0.071000000
       52225       20.035000     0.041000000       52225       20.065000     0.030000000       52225       19.602000     0.023000000       52225       19.545000     0.034000000       52225       19.615000     0.084000000
       52253       20.084000     0.056000000       52253       20.093000     0.032000000       52253       19.630000     0.033000000       52253       19.603000     0.036000000       52253       19.738000      0.11100000
       52557       19.799000     0.040000000       52557       19.831000     0.021000000       52557       19.441000     0.026000000       52557       19.410000     0.027000000       52557       19.483000     0.074000000
       52578       19.805000     0.035000000       52578       19.753000     0.020000000       52578       19.382000     0.021000000       52578       19.363000     0.023000000       52578       19.563000     0.073000000
       52908       20.060000     0.044000000       52908       20.051000     0.027000000       52908       19.624000     0.025000000       52908       19.515000     0.024000000       52908       19.625000     0.081000000
       52934       19.990000     0.054000000       52934       20.061000     0.034000000       52934       19.623000     0.034000000       52934       19.498000     0.040000000       52934       19.513000      0.10200000
       52936       20.064000     0.047000000       52936       20.022000     0.024000000       52936       19.618000     0.021000000       52936       19.506000     0.029000000       52936       19.624000     0.067000000
       53270       20.111000     0.042000000       53270       20.148000     0.024000000       53270       19.658000     0.025000000       53270       19.613000     0.021000000       53270       19.701000     0.073000000
       53272       20.067000     0.045000000       53272       20.154000     0.027000000       53272       19.688000     0.022000000       53272       19.593000     0.023000000       53272       19.688000     0.069000000
       53286       20.247000     0.070000000       53286       20.198000     0.034000000       53286       19.688000     0.024000000       53286       19.582000     0.028000000       53286       19.703000      0.12000000
       53288       20.082000     0.051000000       53288       20.163000     0.027000000       53288       19.738000     0.029000000       53288       19.626000     0.033000000       53288       19.769000     0.082000000
       53294       20.118000     0.053000000       53294       20.180000     0.026000000       53294       19.728000     0.026000000       53294       19.641000     0.031000000       53294       19.733000     0.099000000
       53298       20.253000     0.056000000       53298       20.192000     0.027000000       53298       19.757000     0.027000000       53298       19.621000     0.027000000       53298       19.504000     0.082000000
       53312       20.162000     0.065000000       53312       20.204000     0.038000000       53312       19.779000     0.028000000       53312       19.675000     0.033000000       53312       19.833000      0.12400000
       53314       20.180000     0.047000000       53314       20.250000     0.027000000       53314       19.686000     0.023000000       53314       19.616000     0.027000000       53314       19.735000     0.094000000
