       51075.423      20.9000    0.0880000      51075.4      20.5580    0.0270000      51075.4      20.0830    0.0260000      51075.4      19.7540    0.0320000      51075.4      19.8490     0.137000
       51818.393      20.8830    0.0810000      51818.4      20.6260    0.0250000      51818.4      20.1610    0.0240000      51818.4      19.8720    0.0300000      51818.4      19.8150     0.103000
       52171.381      21.0570    0.0980000      52171.4      20.7380    0.0280000      52171.4      20.3270    0.0270000      52171.4      20.0250    0.0350000      52171.4      20.0500     0.111000
       52173.357     -99.9900     0.117000      52173.4      20.7760    0.0320000      52173.4      20.3140    0.0320000      52173.4      20.0110    0.0390000      52173.4      19.9210     0.138000
       52224.337      20.8410    0.0770000      52224.3      20.6640    0.0240000      52224.3      20.2360    0.0240000      52224.3      19.9310    0.0290000      52224.3      20.0740     0.114000
       52234.294     -99.9900     0.108000      52234.3      20.7340    0.0330000      52234.3      20.2310    0.0290000      52234.3      20.0030    0.0340000      52234.3      20.1200     0.122000
       52261.257      21.0140    0.0950000      52261.3      20.7350    0.0280000      52261.3      20.2800    0.0250000      52261.3      19.9440    0.0300000      52261.3      20.0100    0.0990000
       52283.124      21.2060     0.134000      52283.1      20.7330    0.0330000      52283.1      20.2750    0.0340000      52283.1      19.9930    0.0420000      52283.1      19.4380    0.0900000
       52287.137      21.0350     0.101000      52287.1      20.7480    0.0320000      52287.1      20.2700    0.0290000      52287.1      20.0310    0.0350000      52287.1      19.8210    0.0940000
       52552.456      21.2560     0.118000      52552.5      20.9580    0.0320000      52552.5      20.4470    0.0300000      52552.5      20.2220    0.0390000      52552.5      20.2050     0.138000
       52557.430      21.1800     0.111000      52557.4      20.9830    0.0350000      52557.4      20.4720    0.0330000      52557.4      20.1050    0.0390000      52557.4      19.9590     0.131000
       52585.332      21.0510    0.0850000      52585.3      21.0110    0.0300000      52585.3      20.4760    0.0300000      52585.3      20.1410    0.0370000      52585.3      20.1750     0.133000
       52908.405      20.9780    0.0980000      52908.4      20.7880    0.0300000      52908.4      20.2750    0.0290000      52908.4      20.0050    0.0370000      52908.4      19.9910     0.124000
       52912.384      20.8700    0.0920000      52912.4      20.8150    0.0330000      52912.4      20.3290    0.0270000      52912.4      20.0990    0.0360000      52912.4      19.8540     0.103000
       52934.337      21.1140     0.108000      52934.3      20.7450    0.0290000      52934.3      20.3070    0.0300000      52934.3      20.0950    0.0400000      52934.3      20.0460     0.140000
       52936.333      20.9270    0.0840000      52936.3      20.7440    0.0270000      52936.3      20.3990    0.0310000      52936.3      19.9850    0.0340000      52936.3      19.7770     0.101000
       53270.397      21.2070    0.0910000      53270.4      20.9470    0.0290000      53270.4      20.4320    0.0250000      53270.4      20.1890    0.0310000      53270.4      20.1860     0.120000
       53272.447      21.0970     0.119000      53272.4      21.0190    0.0400000      53272.4      20.4210    0.0330000      53272.4      20.0970    0.0410000      53272.4      19.8290     0.117000
       53286.416      21.3030     0.176000      53286.4      20.9240    0.0400000      53286.4      20.4800    0.0370000      53286.4      20.2090    0.0470000      53286.4      20.1980     0.149000
       53288.374      21.2890     0.132000      53288.4      20.9140    0.0310000      53288.4      20.4180    0.0300000      53288.4      20.2050    0.0410000      53288.4      19.7900     0.101000
       53294.422     -99.9900     0.404000      53294.4      20.9590    0.0490000      53294.4      20.4640    0.0750000      53294.4     -99.9900     0.123000      53294.4      20.1670     0.227000
       53296.369      21.3280     0.131000      53296.4      20.9110    0.0340000      53296.4      20.4480    0.0360000      53296.4      20.1670    0.0400000      53296.4      20.0690     0.121000
       53298.418      21.2810     0.116000      53298.4      20.9820    0.0320000      53298.4      20.4910    0.0380000      53298.4      20.1140    0.0450000      53298.4      20.0400     0.144000
       53302.370      21.1050     0.143000      53302.4      20.8410    0.0550000      53302.4      20.4440    0.0460000      53302.4      20.2230    0.0620000      53302.4      20.0250     0.124000
       53312.325      21.4450     0.216000      53312.3      20.9530    0.0550000      53312.3      20.5210    0.0500000      53312.3      20.1870    0.0530000      53312.3      19.8980     0.181000
       53314.326      21.4810     0.229000      53314.3      21.0110    0.0510000      53314.3      20.4240    0.0440000      53314.3      20.1120    0.0500000      53314.3      19.9970     0.144000
       53319.314      21.3250     0.167000      53319.3      20.9380    0.0410000      53319.3      20.4990    0.0440000      53319.3      20.1170    0.0470000      53319.3      20.2290     0.175000
       53616.431      21.0970     0.132000      53616.4      20.6710    0.0290000      53616.4      20.2430    0.0280000      53616.4      19.9790    0.0380000      53616.4      19.8770     0.119000
       53626.407      21.0260     0.152000      53626.4      20.6520    0.0360000      53626.4      20.1920    0.0300000      53626.4      19.9800    0.0500000      53626.4      19.7690     0.123000
       53628.392     -99.9900     0.148000      53628.4      20.5740    0.0470000      53628.4      20.2010    0.0390000      53628.4      19.8820    0.0440000      53628.4      19.9450     0.152000
       53639.439      20.8970     0.101000      53639.4      20.5890    0.0320000      53639.4      20.2730    0.0300000      53639.4      19.9400    0.0310000      53639.4      19.8310    0.0840000
       53641.438      20.9100     0.117000      53641.4      20.6260    0.0320000      53641.4      20.2010    0.0290000      53641.4      19.9210    0.0350000      53641.4      19.7440     0.101000
       53657.397      20.8590     0.165000      53657.4      20.5290    0.0620000      53657.4      20.1890    0.0460000      53657.4      19.9490    0.0560000      53657.4      19.5160     0.121000
       53663.382      20.9160     0.237000      53663.4      20.6850    0.0760000      53663.4      20.1570    0.0490000      53663.4      19.9710    0.0480000      53663.4      19.7760     0.108000
       53665.360      20.8750     0.164000      53665.4      20.5560    0.0480000      53665.4      20.1660    0.0370000      53665.4      19.9380    0.0410000      53665.4      19.9720     0.143000
       53666.452      20.9790     0.199000      53666.5      20.6160    0.0520000      53666.4      20.1960    0.0360000      53666.4      19.9160    0.0360000      53666.5      20.0140     0.133000
       53668.371      21.0610     0.186000      53668.4      20.6090    0.0440000      53668.4      20.2300    0.0380000      53668.4      19.9900    0.0460000      53668.4      19.6650     0.106000
       53669.459      20.8630     0.187000      53669.5      20.5140    0.0460000      53669.5      20.1640    0.0400000      53669.5      19.9360    0.0430000      53669.5      19.8870     0.158000
       53670.376      20.8610     0.129000      53670.4      20.5740    0.0330000      53670.4      20.1850    0.0310000      53670.4      19.8930    0.0360000      53670.4      20.1680     0.135000
       53673.344      20.9540    0.0930000      53673.3      20.5930    0.0240000      53673.3      20.1270    0.0230000      53673.3      19.9590    0.0280000      53673.3      19.8600    0.0890000
       53675.341      20.9630     0.106000      53675.3      20.6330    0.0260000      53675.3      20.1880    0.0280000      53675.3      19.9720    0.0350000      53675.3      19.7980     0.104000
       53677.362      21.0450    0.0970000      53677.4      20.6250    0.0240000      53677.4      20.2200    0.0250000      53677.4      19.9850    0.0300000      53677.4      19.6640    0.0670000
       53680.349      20.9470     0.100000      53680.4      20.6230    0.0260000      53680.3      20.1930    0.0270000      53680.3      19.9410    0.0330000      53680.3      19.9670     0.110000
       53683.407     -99.9900     0.329000      53683.4      20.5200    0.0770000      53683.4      20.2460    0.0630000      53683.4      19.8980    0.0910000      53683.4      19.5500     0.381000
       53686.348      20.9190     0.217000      53686.4      20.7040    0.0800000      53686.3      20.1570    0.0500000      53686.3      19.8780    0.0470000      53686.3      19.8140     0.109000
       53687.406      20.3570     0.386000      53687.4     -99.9900     0.203000      53687.4      20.1440     0.135000      53687.4     -99.9900     0.145000      53687.4     -99.9900     0.213000
       53693.351      20.9520     0.331000      53693.4      20.5770    0.0850000      53693.3      20.1320    0.0650000      53693.4      19.9560    0.0620000      53693.4      19.5920     0.116000
       53699.371      20.8280     0.132000      53699.4      20.5860    0.0340000      53699.4      20.1900    0.0290000      53699.4      19.8880    0.0310000      53699.4      19.7080    0.0820000
       53704.334      20.7850    0.0950000      53704.3      20.5940    0.0300000      53704.3      20.1740    0.0290000      53704.3      19.8990    0.0330000      53704.3      19.9150     0.110000
       53989.430      21.2050     0.224000      53989.4      20.7720    0.0770000      53989.4      20.4440    0.0560000      53989.4      20.0780    0.0480000      53989.4     -99.9900     0.140000
       53997.454     -99.9900     0.103000      53997.5      20.8290    0.0290000      53997.5      20.4050    0.0270000      53997.5      20.1150    0.0320000      53997.5     -99.9900     0.100000
       54000.405     -99.9900     0.143000      54000.4      20.8380    0.0300000      54000.4      20.4690    0.0360000      54000.4      20.1740    0.0550000      54000.4      20.0300     0.130000
       54007.456      21.1730     0.104000      54007.5      20.8770    0.0290000      54007.5      20.3550    0.0300000      54007.5      20.0800    0.0370000      54007.5      20.3320     0.141000
       54009.379      21.1500    0.0840000      54009.4      20.8730    0.0280000      54009.4      20.3660    0.0250000      54009.4      20.1590    0.0280000      54009.4      19.9000    0.0780000
       54011.444      21.2520    0.0940000      54011.4      20.8510    0.0310000      54011.4      20.3480    0.0260000      54011.4      20.0280    0.0300000      54011.4      19.7590    0.0860000
       54012.457      21.3840     0.169000      54012.5      20.8520    0.0360000      54012.5      20.3730    0.0380000      54012.5      20.0860    0.0450000      54012.5      20.1180     0.148000
       54025.443      21.1040     0.128000      54025.4      20.8610    0.0350000      54025.4      20.3180    0.0330000      54025.4      19.9940    0.0370000      54025.4      20.0580     0.110000
       54346.437     -99.9900     0.203000      54346.4      20.6290    0.0540000      54346.4      20.3110    0.0430000      54346.4      20.0310    0.0470000      54346.4      19.9820     0.120000
       54348.441      20.8710     0.105000      54348.4      20.6030    0.0430000      54348.4      20.2280    0.0290000      54348.4      19.9740    0.0330000      54348.4      19.7540    0.0860000
       54358.396      21.0480     0.127000      54358.4      20.6850    0.0320000      54358.4      20.2220    0.0260000      54358.4      19.9970    0.0390000      54358.4      19.7550    0.0860000
       54365.429      20.8510    0.0690000      54365.4      20.6470    0.0270000      54365.4      20.2040    0.0280000      54365.4      19.9130    0.0300000      54365.4      19.7280    0.0960000
       54381.449      20.8290    0.0790000      54381.4      20.6030    0.0300000      54381.4      20.2180    0.0240000      54381.4      19.9040    0.0290000      54381.4      19.7320    0.0850000
       54386.441     -99.9900    0.0870000      54386.4      20.5890    0.0290000      54386.4      20.1290    0.0240000      54386.4      19.9290    0.0280000      54386.4      19.9530     0.145000
       54388.446      20.9120    0.0880000      54388.4      20.5920    0.0280000      54388.4      20.2190    0.0260000      54388.4      19.8790    0.0280000      54388.4      19.7550    0.0800000
       54392.443     -99.9900     0.107000      54392.4      20.5850    0.0370000      54392.4      20.1400    0.0320000      54392.4      19.9510    0.0390000      54392.4      20.0160     0.109000
       54403.359      20.9240     0.155000      54403.4      20.6010    0.0470000      54403.4      20.1570    0.0380000      54403.4      19.9370    0.0370000      54403.4      19.8340    0.0910000
       54404.417     -99.9900      1.42400      54404.4     -99.9900     0.291000      54404.4      20.0950    0.0330000      54404.4      19.8150    0.0530000      54404.4     -99.9900     0.473000
       54406.353      20.9690     0.103000      54406.4      20.5990    0.0330000      54406.4      20.1470    0.0250000      54406.4      19.9740    0.0300000      54406.4      19.9070    0.0780000
       54409.358      20.8240    0.0740000      54409.4      20.6010    0.0280000      54409.4      20.1970    0.0270000      54409.4      19.9080    0.0290000      54409.4      19.8730    0.0860000
       54412.379      20.8450     0.130000      54412.4      20.5710    0.0360000      54412.4      20.2190    0.0340000      54412.4      19.8980    0.0490000      54412.4      19.8780     0.138000
       52234.000       21.014000      0.10800000       52234.000       20.752000     0.039000000       52234.000       20.241000     0.030000000       52234.000       19.992000     0.035000000       52234.000       20.138000      0.10700000
       51075       20.901000     0.077000000       51075       20.616000     0.032000000       51075       20.133000     0.028000000       51075       19.808000     0.038000000       51075       19.939000      0.16800000
       51133       21.003000     0.082000000       51133       20.685000     0.033000000       51133       20.117000     0.042000000       51133       19.864000     0.051000000       51133       19.804000      0.14600000
       51134       20.856000     0.067000000       51134       20.653000     0.030000000       51134       20.158000     0.028000000       51134       19.931000     0.033000000       51134       19.791000     0.094000000
       51818       20.862000     0.067000000       51818       20.636000     0.034000000       51818       20.159000     0.026000000       51818       19.872000     0.041000000       51818       19.827000      0.10700000
       51874       20.914000     0.080000000       51874       20.711000     0.037000000       51874       20.254000     0.042000000       51874       20.023000     0.057000000       51874       20.032000      0.16800000
       52170       21.272000     0.093000000       52170       20.864000     0.030000000       52170       20.364000     0.033000000       52170       20.067000     0.036000000       52170       20.216000      0.12700000
       52171       21.025000     0.082000000       52171       20.778000     0.032000000       52171       20.325000     0.030000000       52171       20.034000     0.042000000       52171       20.097000      0.13200000
       52173       21.027000     0.091000000       52173       20.785000     0.035000000       52173       20.363000     0.035000000       52173       20.054000     0.043000000       52173       19.976000      0.15900000
       52224       20.825000     0.065000000       52224       20.677000     0.037000000       52224       20.231000     0.027000000       52224       19.916000     0.031000000       52224       20.092000      0.12100000
       52234       21.012000     0.097000000       52234       20.755000     0.038000000       52234       20.255000     0.031000000       52234       19.993000     0.040000000       52234       20.179000      0.13200000
       52261       20.971000     0.080000000       52261       20.752000     0.035000000       52261       20.300000     0.030000000       52261       19.961000     0.037000000       52261       20.024000      0.10700000
       52283       21.126000      0.10300000       52283       20.737000     0.036000000       52283       20.242000     0.053000000       52283       19.983000     0.053000000       52283       19.401000      0.11800000
       52287       21.030000     0.083000000       52287       20.784000     0.038000000       52287       20.280000     0.031000000       52287       20.033000     0.038000000       52287       19.831000      0.16200000
       52552       21.298000      0.10200000       52552       20.945000     0.039000000       52552       20.440000     0.043000000       52552       20.238000      0.11000000       52552       20.293000      0.21700000
       52553       21.290000      0.12600000       52553       21.135000     0.072000000       52553       20.642000     0.053000000       52553       20.234000     0.071000000       52553       20.240000      0.24400000
       52557       21.134000     0.096000000       52557       21.001000     0.037000000       52557       20.485000     0.034000000       52557       20.131000     0.040000000       52557       19.939000      0.12400000
       52585       21.117000     0.073000000       52585       21.102000     0.034000000       52585       20.535000     0.034000000       52585       20.197000     0.041000000       52585       20.192000      0.14100000
       52908       20.978000     0.079000000       52908       20.849000     0.035000000       52908       20.342000     0.033000000       52908       20.081000     0.044000000       52908       20.101000      0.20300000
       52912       20.898000     0.083000000       52912       20.839000     0.036000000       52912       20.331000     0.030000000       52912       20.117000     0.039000000       52912       19.945000      0.13500000
       52934       21.152000     0.097000000       52934       20.766000     0.029000000       52934       20.337000     0.033000000       52934       20.149000     0.043000000       52934       20.147000      0.20300000
       52936       20.950000     0.070000000       52936       20.808000     0.029000000       52936       20.459000     0.032000000       52936       20.010000     0.040000000       52936       19.835000      0.14800000
       53270       21.212000     0.086000000       53270       20.989000     0.037000000       53270       20.455000     0.028000000       53270       20.216000     0.034000000       53270       20.229000      0.14400000
       53272       21.199000      0.10700000       53272       21.139000     0.048000000       53272       20.507000     0.038000000       53272       20.191000     0.052000000       53272       19.979000      0.13400000
       53286       21.410000      0.16500000       53286       20.967000     0.046000000       53286       20.523000     0.052000000       53286       20.278000      0.24300000       53286       20.432000      0.22100000
       53288       21.380000      0.12000000       53288       20.989000     0.037000000       53288       20.469000     0.035000000       53288       20.273000     0.053000000       53288       19.932000      0.11900000
       53294       22.720000      0.93400000       53294       21.119000     0.054000000       53294       20.512000     0.080000000       53294       19.953000      0.12800000       53294       20.634000       1.0480000
       53298       21.327000     0.098000000       53298       21.035000     0.038000000       53298       20.521000     0.042000000       53298       20.157000     0.053000000       53298       20.181000      0.21300000
       53312       21.420000      0.22200000       53312       20.961000     0.059000000       53312       20.544000     0.060000000       53312       20.227000     0.075000000       53312       20.029000      0.21800000
       53314       21.542000      0.20400000       53314       21.114000     0.057000000       53314       20.554000     0.060000000       53314       20.206000     0.060000000       53314       20.370000      0.19700000
       53319       21.379000      0.15600000       53319       20.992000     0.047000000       53319       20.528000     0.056000000       53319       20.167000     0.084000000       53319       20.368000      0.26000000
