       51081.406      20.0310    0.0520000      51081.4      19.7310    0.0160000      51081.4      19.5610    0.0190000      51081.4      19.3700    0.0210000      51081.4      19.1860    0.0610000
       51819.477      19.9280    0.0490000      51819.5      19.6800    0.0150000      51819.5      19.4900    0.0170000      51819.5      19.3210    0.0190000      51819.5      19.3360    0.0680000
       51875.221      20.0220    0.0420000      51875.2      19.7720    0.0160000      51875.2      19.5260    0.0160000      51875.2      19.3660    0.0180000      51875.2      19.1690    0.0580000
       52171.454      20.0040    0.0440000      52171.5      19.6920    0.0140000      52171.5      19.4820    0.0150000      52171.5      19.2890    0.0170000      52171.5      19.1770    0.0500000
       52225.302      20.0060    0.0410000      52225.3      19.6590    0.0140000      52225.3      19.4910    0.0150000      52225.3      19.3010    0.0160000      52225.3      19.2100    0.0490000
       52288.137      20.0590    0.0440000      52288.1      19.6810    0.0150000      52288.1      19.4590    0.0160000      52288.1      19.2870    0.0170000      52288.1      19.1660    0.0500000
       52551.410      19.9920    0.0450000      52551.4      19.6660    0.0140000      52551.4      19.4320    0.0160000      52551.4      19.2880    0.0180000      52551.4      19.1350    0.0520000
       52558.443      20.0190    0.0420000      52558.4      19.7280    0.0140000      52558.4      19.4650    0.0140000      52558.4      19.2780    0.0160000      52558.4      19.2260    0.0520000
       52578.314      20.1420    0.0430000      52578.3      19.7590    0.0140000      52578.3      19.5390    0.0150000      52578.3      19.2820    0.0160000      52578.3      19.1360    0.0450000
       52585.277      20.0390    0.0440000      52585.3      19.7410    0.0150000      52585.3      19.4980    0.0160000      52585.3      19.3100    0.0200000      52585.3      19.2300    0.0720000
       52909.444      20.3040    0.0510000      52909.4      19.9570    0.0160000      52909.4      19.7080    0.0170000      52909.4      19.4680    0.0180000      52909.4      19.4300    0.0570000
       52910.414      20.4020    0.0620000      52910.4      19.9450    0.0200000      52910.4      19.6800    0.0190000      52910.4      19.4850    0.0210000      52910.4      19.3990    0.0710000
       52935.341      20.2920    0.0530000      52935.3      19.9230    0.0170000      52935.3      19.6480    0.0180000      52935.3      19.4690    0.0210000      52935.3      19.2890    0.0620000
       52963.264      20.2110    0.0450000      52963.3      19.9160    0.0150000      52963.3      19.6500    0.0160000      52963.3      19.4870    0.0180000      52963.3      19.3940    0.0540000
       52971.255      20.1400    0.0560000      52971.3      19.8700    0.0180000      52971.3      19.6420    0.0210000      52971.3      19.4180    0.0210000      52971.3      19.1720    0.0580000
       53351.187      20.2700    0.0640000      53351.2      19.7870    0.0160000      53351.2      19.6380    0.0200000      53351.2      19.4780    0.0220000      53351.2      19.4470    0.0840000
       53622.444      20.3580    0.0530000      53622.4      20.0070    0.0170000      53622.4      19.7270    0.0160000      53622.4      19.4870    0.0180000      53622.4      19.3640    0.0510000
       53627.401      20.2790    0.0540000      53627.4      19.9900    0.0180000      53627.4      19.7050    0.0180000      53627.4      19.4820    0.0190000      53627.4      19.4630    0.0580000
       53634.393      20.2980     0.128000      53634.4      20.0040    0.0420000      53634.4      19.7320    0.0310000      53634.4      19.4860    0.0270000      53634.4      19.2990    0.0630000
       53638.435      20.3080    0.0680000      53638.4      19.9510    0.0210000      53638.4      19.7530    0.0200000      53638.4      19.4630    0.0210000      53638.4      19.3220    0.0620000
       53640.399      20.3320    0.0680000      53640.4      20.0270    0.0220000      53640.4      19.7270    0.0200000      53640.4      19.4400    0.0210000      53640.4      19.3230    0.0610000
       53643.441      20.3200    0.0710000      53643.4      20.0700    0.0210000      53643.4      19.7430    0.0210000      53643.4      19.4830    0.0220000      53643.4      19.3710    0.0720000
       53646.460      20.5440    0.0950000      53646.5      20.0680    0.0190000      53646.5      19.7960    0.0260000      53646.5      19.4550    0.0240000      53646.5      19.3390    0.0790000
       53657.279      20.1590     0.210000      53657.3      20.0790    0.0830000      53657.3      19.7880    0.0680000      53657.3      19.5240    0.0580000      53657.3      19.5040     0.163000
       53663.460      20.2810     0.162000      53663.5      20.0580    0.0530000      53663.5      19.8120    0.0370000      53663.5      19.5270    0.0290000      53663.5      19.4690    0.0820000
       53664.396      20.3860     0.135000      53664.4      20.0070    0.0420000      53664.4      19.7580    0.0380000      53664.4      19.4810    0.0330000      53664.4      19.2430    0.0760000
       53665.460      20.3010     0.120000      53665.5      20.0220    0.0350000      53665.5      19.6970    0.0260000      53665.5      19.4840    0.0260000      53665.5      19.5820     0.100000
       53668.449      20.2190     0.115000      53668.4      20.0080    0.0310000      53668.4      19.6620    0.0270000      53668.4      19.4640    0.0280000      53668.4      19.2660    0.0880000
       53669.355      20.5180    0.0830000      53669.4      20.0370    0.0230000      53669.4      19.7350    0.0220000      53669.4      19.4530    0.0220000      53669.4      19.4610    0.0750000
       53670.455      20.3300    0.0990000      53670.5      20.0200    0.0250000      53670.5      19.7070    0.0230000      53670.5      19.4940    0.0250000      53670.5      19.3560    0.0770000
       53671.440      20.1710    0.0740000      53671.4      20.0050    0.0230000      53671.4      19.7010    0.0200000      53671.4      19.4950    0.0230000      53671.4      19.3800    0.0710000
       53674.339      20.2670    0.0660000      53674.3      20.0760    0.0200000      53674.3      19.7120    0.0220000      53674.3      19.4910    0.0250000      53674.3      19.5720    0.0910000
       53676.429      20.5050    0.0830000      53676.4      20.0090    0.0210000      53676.4      19.7320    0.0220000      53676.4      19.4780    0.0210000      53676.4      19.5460    0.0920000
       53679.401      20.2390    0.0670000      53679.4      19.9650    0.0190000      53679.4      19.7630    0.0240000      53679.4      19.4450    0.0250000      53679.4      19.4570    0.0980000
       53681.392      20.2870    0.0680000      53681.4      19.9650    0.0180000      53681.4      19.7290    0.0220000      53681.4      19.4920    0.0210000      53681.4      19.3520    0.0600000
       53684.354      20.2120     0.155000      53684.4      19.9180    0.0480000      53684.4      19.6500    0.0450000      53684.4      19.3940    0.0560000      53684.4      19.5400     0.332000
       53687.295      20.1020     0.216000      53687.3      20.0180    0.0750000      53687.3      19.7320    0.0520000      53687.3      19.4920    0.0510000      53687.3      19.2990     0.101000
       53694.365      20.0970     0.132000      53694.4      19.9740    0.0400000      53694.4      19.6810    0.0330000      53694.4      19.5080    0.0300000      53694.4      19.3510    0.0770000
       53696.358      20.7180     0.145000      53696.4      19.9410    0.0270000      53696.4      19.7090    0.0240000      53696.4      19.5210    0.0240000      53696.4      19.3850    0.0690000
       53697.349      20.2910    0.0830000      53697.4      19.9710    0.0250000      53697.3      19.6950    0.0210000      53697.3      19.4170    0.0220000      53697.4      19.2540    0.0620000
       53700.348      20.3230    0.0690000      53700.4      19.9960    0.0180000      53700.3      19.6660    0.0200000      53700.3      19.4800    0.0230000      53700.3      19.2990    0.0840000
       53705.335      20.3820    0.0810000      53705.3      20.0460    0.0230000      53705.3      19.6890    0.0220000      53705.3      19.4870    0.0250000      53705.3      19.3260    0.0850000
       53975.420      20.3720    0.0550000      53975.4      19.9940    0.0220000      53975.4      19.7290    0.0220000      53975.4      19.4750    0.0260000      53975.4      19.2900    0.0550000
       53994.443      20.3350    0.0550000      53994.4      20.0130    0.0220000      53994.4      19.7490    0.0200000      53994.4      19.4800    0.0220000      53994.4      19.4190    0.0630000
       53996.427      20.3370    0.0570000      53996.4      20.0470    0.0200000      53996.4      19.7340    0.0230000      53996.4      19.5200    0.0220000      53996.4      19.4550    0.0660000
       54005.440      20.4790    0.0590000      54005.4      20.0380    0.0240000      54005.4      19.7450    0.0200000      54005.4      19.5340    0.0220000      54005.4      19.3840    0.0540000
       54009.453      20.4930    0.0530000      54009.5      20.0770    0.0210000      54009.5      19.7470    0.0190000      54009.5      19.5300    0.0230000      54009.5      19.4140    0.0490000
       54010.381      20.5200    0.0480000      54010.4      20.0810    0.0180000      54010.4      19.7730    0.0190000      54010.4      19.4990    0.0300000      54010.4      19.3610    0.0410000
       54012.373      20.3020    0.0720000      54012.4      20.0350    0.0300000      54012.4      19.7930    0.0250000      54012.4      19.4990    0.0220000      54012.4      19.4970    0.0670000
       54020.412      20.4650     0.104000      54020.4      19.9940    0.0320000      54020.4      19.7040    0.0260000      54020.4      19.5420    0.0240000      54020.4      19.3370    0.0720000
       54024.461      20.4480    0.0910000      54024.5      20.1380    0.0230000      54024.5      19.7090    0.0430000      54024.5      19.5380    0.0290000      54024.5      19.3410    0.0630000
       54028.449      20.4670    0.0690000      54028.4      20.0680    0.0340000      54028.4      19.7420    0.0240000      54028.4      19.5140    0.0250000      54028.4      19.2690    0.0620000
       54030.405      20.4480    0.0590000      54030.4      20.2090    0.0250000      54030.4      19.7440    0.0190000      54030.4      19.5560    0.0220000      54030.4      19.4190    0.0590000
       54035.449      20.5690    0.0880000      54035.4      20.0840    0.0220000      54035.4      19.7530    0.0270000      54035.4      19.5820    0.0280000      54035.4      19.4120    0.0810000
       54037.354      20.4070    0.0570000      54037.4      20.0710    0.0210000      54037.4      19.7620    0.0210000      54037.4      19.5020    0.0180000      54037.4      19.4640    0.0510000
       54040.369      20.4380    0.0550000      54040.4      20.0920    0.0200000      54040.4      19.7630    0.0220000      54040.4      19.5070    0.0200000      54040.4      19.5200    0.0620000
       54041.404      20.3790    0.0660000      54041.4      20.1430    0.0320000      54041.4      19.7940    0.0240000      54041.4      19.5200    0.0210000      54041.4      19.3250    0.0520000
       54047.399      20.5290     0.339000      54047.4      19.9970    0.0720000      54047.4      19.6910    0.0830000      54047.4     -99.9900     0.101000      54047.4     -99.9900     0.115000
       54049.395      20.2470     0.119000      54049.4      20.0760    0.0400000      54049.4      19.7640    0.0290000      54049.4      19.5200    0.0310000      54049.4      19.3650    0.0800000
       54053.375     -99.9900    0.0760000      54053.4     -99.9900    0.0240000      54053.4      19.7980    0.0230000      54053.4     -99.9900    0.0260000      54053.4     -99.9900    0.0970000
       54056.361      20.3080    0.0620000      54056.4      20.0690    0.0280000      54056.4      19.7480    0.0200000      54056.4      19.6030    0.0250000      54056.4      19.5370    0.0800000
       54059.355      20.2800    0.0670000      54059.4      20.0620    0.0200000      54059.4      19.7730    0.0240000      54059.4      19.5080    0.0250000      54059.4      19.3350    0.0740000
       54061.367      20.4140     0.107000      54061.4      19.9930    0.0520000      54061.4      19.7180    0.0330000      54061.4      19.5580    0.0420000      54061.4      19.2180     0.107000
       54062.360      20.3390    0.0590000      54062.4      20.0420    0.0210000      54062.4      19.7610    0.0200000      54062.4      19.4690    0.0220000      54062.4      19.3480    0.0620000
       54064.357      20.4010    0.0700000      54064.4      20.0860    0.0220000      54064.4      19.7120    0.0200000      54064.4      19.5210    0.0230000      54064.4      19.4400    0.0710000
       54068.341      20.4390     0.120000      54068.3      20.0650    0.0280000      54068.3      19.7180    0.0380000      54068.3      19.5540    0.0350000      54068.3      19.3900    0.0900000
       54357.399      20.5090    0.0540000      54357.4      20.0910    0.0210000      54357.4      19.8150    0.0190000      54357.4      19.6160    0.0210000      54357.4      19.4150    0.0470000
       54362.448      20.5710    0.0550000      54362.4      20.1270    0.0230000      54362.4      19.8570    0.0210000      54362.4      19.6090    0.0250000      54362.4      19.4480    0.0530000
       54376.444      20.2790    0.0650000      54376.4      20.1020    0.0280000      54376.4      19.8510    0.0210000      54376.4      19.6240    0.0230000      54376.4      19.4660    0.0620000
       54382.429      20.4470    0.0780000      54382.4      20.0740    0.0340000      54382.4      19.8330    0.0240000      54382.4      19.6520    0.0280000      54382.4      19.5350    0.0860000
       54385.446     -99.9900    0.0550000      54385.4      20.1250    0.0210000      54385.4      19.8340    0.0230000      54385.4      19.6230    0.0230000      54385.4      19.4990    0.0610000
       54387.447      20.4200    0.0890000      54387.4      20.1100    0.0280000      54387.4      19.8430    0.0560000      54387.4      19.5580    0.0550000      54387.4      19.3510    0.0830000
       54390.440     -99.9900      1.48400      54390.4      20.1540    0.0260000      54390.4     -99.9900    0.0590000      54390.4     -99.9900    0.0540000      54390.4      19.4660     0.128000
       54391.448      20.4910     0.123000      54391.4      20.0900    0.0300000      54391.4      19.7930    0.0380000      54391.4      19.5200    0.0380000      54391.4      19.5170     0.130000
       54402.440      20.6860     0.276000      54402.4      20.1190    0.0570000      54402.4      19.8600    0.0450000      54402.4      19.5990    0.0410000      54402.4      19.3820    0.0760000
       52522.000       19.989000     0.050000000       52522.000       19.743000     0.019000000       52522.000       19.469000     0.027000000       52522.000       19.245000     0.020000000       52522.000       19.187000     0.046000000
       51078       20.003000     0.035000000       51078       19.731000     0.022000000       51078       19.509000     0.020000000       51078       19.322000     0.017000000       51078       19.219000     0.045000000
       51081       20.039000     0.051000000       51081       19.743000     0.022000000       51081       19.555000     0.022000000       51081       19.354000     0.022000000       51081       19.227000     0.060000000
       51115       20.151000     0.044000000       51115       19.928000     0.021000000       51115       19.573000     0.019000000       51115       19.321000     0.020000000       51115       19.265000     0.062000000
       51132       20.136000     0.043000000       51132       19.858000     0.021000000       51132       19.556000     0.026000000       51132       19.378000     0.032000000       51132       19.316000      0.10300000
       51136       20.148000     0.037000000       51136       19.841000     0.021000000       51136       19.606000     0.020000000       51136       19.375000     0.024000000       51136       19.242000     0.065000000
       51138       20.124000     0.042000000       51138       19.860000     0.027000000       51138       19.582000     0.022000000       51138       19.407000     0.025000000       51138       19.330000     0.088000000
       51819       19.946000     0.045000000       51819       19.688000     0.021000000       51819       19.487000     0.020000000       51819       19.304000     0.020000000       51819       19.312000     0.065000000
       51875       20.070000     0.040000000       51875       19.791000     0.027000000       51875       19.532000     0.017000000       51875       19.348000     0.020000000       51875       19.167000     0.058000000
       52171       19.979000     0.038000000       52171       19.708000     0.026000000       52171       19.496000     0.017000000       52171       19.279000     0.019000000       52171       19.183000     0.051000000
       52173       19.978000     0.043000000       52173       19.663000     0.024000000       52173       19.496000     0.024000000       52173       19.196000     0.030000000       52173       19.109000     0.063000000
       52225       20.008000     0.039000000       52225       19.680000     0.018000000       52225       19.485000     0.017000000       52225       19.290000     0.019000000       52225       19.217000     0.049000000
       52288       20.102000     0.048000000       52288       19.698000     0.019000000       52288       19.488000     0.021000000       52288       19.289000     0.020000000       52288       19.161000     0.049000000
       52522       19.995000     0.051000000       52522       19.739000     0.018000000       52522       19.469000     0.024000000       52522       19.240000     0.020000000       52522       19.187000     0.049000000
       52551       20.009000     0.043000000       52551       19.662000     0.026000000       52551       19.428000     0.021000000       52551       19.283000     0.029000000       52551       19.130000     0.053000000
       52558       20.000000     0.041000000       52558       19.738000     0.021000000       52558       19.464000     0.022000000       52558       19.284000     0.024000000       52558       19.198000     0.049000000
       52578       20.122000     0.040000000       52578       19.776000     0.020000000       52578       19.538000     0.018000000       52578       19.277000     0.019000000       52578       19.131000     0.044000000
       52584       20.474000      0.11100000       52584       19.790000     0.027000000       52584       19.469000     0.028000000       52584       19.304000     0.085000000       52584       19.327000      0.12400000
       52585       20.101000     0.046000000       52585       19.748000     0.026000000       52585       19.522000     0.033000000       52585       19.320000     0.025000000       52585       19.242000     0.070000000
       52909       20.374000     0.045000000       52909       19.987000     0.020000000       52909       19.735000     0.019000000       52909       19.477000     0.021000000       52909       19.441000     0.056000000
       52910       20.499000     0.056000000       52910       19.988000     0.035000000       52910       19.698000     0.021000000       52910       19.485000     0.027000000       52910       19.396000     0.070000000
       52935       20.328000     0.047000000       52935       19.933000     0.022000000       52935       19.655000     0.021000000       52935       19.468000     0.023000000       52935       19.280000     0.058000000
       52971       20.133000     0.049000000       52971       19.892000     0.021000000       52971       19.658000     0.024000000       52971       19.454000     0.025000000       52971       19.190000     0.059000000
       53351       20.279000     0.064000000       53351       19.765000     0.024000000       53351       19.608000     0.033000000       53351       19.426000     0.026000000       53351       19.404000     0.084000000
       54057       20.473000     0.057000000       54057       20.049000     0.021000000       54057       19.732000     0.024000000       54057       19.477000     0.025000000       54057       19.404000     0.061000000
       54424       20.341000     0.079000000       54424       20.102000     0.032000000       54424       19.829000     0.030000000       54424       19.572000     0.025000000       54424       19.448000     0.053000000
