       51075.420      19.8000    0.0380000      51075.4      19.6750    0.0150000      51075.4      19.1900    0.0130000      51075.4      19.1130    0.0170000      51075.4      19.0650    0.0570000
       51818.390      20.1240    0.0550000      51818.4      20.0090    0.0170000      51818.4      19.4730    0.0150000      51818.4      19.3450    0.0170000      51818.4      19.3180    0.0540000
       52171.378      19.7890    0.0440000      52171.4      19.7820    0.0180000      52171.4      19.3520    0.0140000      52171.4      19.2520    0.0150000      52171.4      19.2480    0.0500000
       52173.354      20.1270    0.0610000      52173.4      19.8280    0.0160000      52173.4      19.3770    0.0170000      52173.4      19.2620    0.0190000      52173.4      19.2920    0.0710000
       52224.334      19.8430    0.0430000      52224.3      19.6540    0.0140000      52224.3      19.2950    0.0130000      52224.3      19.1650    0.0150000      52224.3      19.1550    0.0470000
       52234.291      19.8430    0.0500000      52234.3      19.7140    0.0150000      52234.3      19.3120    0.0150000      52234.3      19.1800    0.0150000      52234.3      19.2080    0.0530000
       52261.254      19.7160    0.0390000      52261.3      19.6260    0.0140000      52261.3      19.2840    0.0130000      52261.3      19.1840    0.0140000      52261.3      19.0900    0.0410000
       52283.121      19.7330    0.0480000      52283.1      19.6310    0.0170000      52283.1     -99.9900    0.0180000      52283.1      19.1320    0.0180000      52283.1      19.2840    0.0790000
       52287.134      19.6790    0.0390000      52287.1      19.5490    0.0140000      52287.1      19.2220    0.0130000      52287.1      19.1600    0.0160000      52287.1      19.0670    0.0480000
       52552.453      19.6620    0.0390000      52552.5      19.5080    0.0130000      52552.5      19.1690    0.0120000      52552.5      19.0610    0.0140000      52552.5      19.0100    0.0420000
       52557.428      19.7020    0.0390000      52557.4      19.5440    0.0130000      52557.4      19.1450    0.0130000      52557.4      19.0930    0.0140000      52557.4      18.9870    0.0470000
       52908.402      19.8670    0.0440000      52908.4      19.7050    0.0150000      52908.4      19.2610    0.0130000      52908.4      19.1760    0.0160000      52908.4      19.1360    0.0520000
       52912.382      19.8650    0.0450000      52912.4      19.7020    0.0150000      52912.4      19.2760    0.0140000      52912.4      19.1510    0.0140000      52912.4      19.0200    0.0420000
       52934.334      19.8690    0.0480000      52934.3      19.6660    0.0140000      52934.3      19.2670    0.0140000      52934.3      19.1340    0.0160000      52934.3      19.1410    0.0560000
       52936.330      19.8110    0.0410000      52936.3      19.6870    0.0140000      52936.3      19.2480    0.0130000      52936.3      19.1350    0.0140000      52936.3      19.1360    0.0460000
       53270.394     -99.9900    0.0320000      53270.4      19.5340    0.0270000      53270.4      19.1240    0.0150000      53270.4      19.0110    0.0160000      53270.4      19.0050    0.0320000
       53272.444      19.6510    0.0380000      53272.4      19.5430    0.0130000      53272.4      19.1400    0.0120000      53272.4      18.9990    0.0130000      53272.4      19.0170    0.0450000
       53286.413      19.6840    0.0460000      53286.4     -99.9900    0.0160000      53286.4      19.1530    0.0130000      53286.4      19.0590    0.0140000      53286.4      19.0730    0.0460000
       53288.371      19.6500    0.0410000      53288.4      19.5510    0.0130000      53288.4      19.1770    0.0130000      53288.4      19.0300    0.0140000      53288.4      19.0230    0.0430000
       53294.419     -99.9900     0.107000      53294.4     -99.9900    0.0390000      53294.4     -99.9900    0.0450000      53294.4      18.9920    0.0530000      53294.4     -99.9900     0.298000
       53296.366      19.7770    0.0430000      53296.4      19.5520    0.0180000      53296.4      19.1290    0.0190000      53296.4      19.0460    0.0230000      53296.4      19.0380    0.0470000
       53298.416      19.7420    0.0430000      53298.4      19.5520    0.0130000      53298.4      19.1720    0.0140000      53298.4      19.0730    0.0150000      53298.4      19.0810    0.0520000
       53302.367      19.7160    0.0490000      53302.4      19.5860    0.0200000      53302.4      19.2000    0.0160000      53302.4      19.0660    0.0150000      53302.4      19.0660    0.0450000
       53312.322     -99.9900    0.0560000      53312.3      19.5320    0.0230000      53312.3      19.1780    0.0250000      53312.3      19.0230    0.0240000      53312.3      19.0360    0.0620000
       53314.324      19.7320    0.0500000      53314.3      19.5790    0.0190000      53314.3      19.1830    0.0150000      53314.3      19.0620    0.0160000      53314.3      19.0630    0.0550000
       53319.311      19.8000    0.0500000      53319.3      19.5370    0.0150000      53319.3      19.1610    0.0150000      53319.3      19.0540    0.0170000      53319.3      19.0280    0.0540000
       53616.428      19.8340    0.0520000      53616.4      19.7090    0.0160000      53616.4      19.2400    0.0140000      53616.4      19.1000    0.0160000      53616.4      19.0770    0.0530000
       53626.404     -99.9900    0.0940000      53626.4      19.7060    0.0210000      53626.4      19.2630    0.0190000      53626.4     -99.9900     0.101000      53626.4      19.0850    0.0560000
       53628.389      19.9020    0.0630000      53628.4      19.7380    0.0240000      53628.4      19.2260    0.0180000      53628.4      19.1160    0.0190000      53628.4      19.1200    0.0630000
       53639.436      19.8840    0.0530000      53639.4      19.6970    0.0180000      53639.4      19.2750    0.0140000      53639.4      19.1450    0.0150000      53639.4      19.0010    0.0420000
       53641.435      19.8770    0.0560000      53641.4      19.7670    0.0180000      53641.4      19.2930    0.0150000      53641.4      19.1200    0.0150000      53641.4      19.0900    0.0470000
       53657.394     -99.9900    0.0820000      53657.4     -99.9900    0.0280000      53657.4      19.2800    0.0240000      53657.4      19.1040    0.0220000      53657.4     -99.9900    0.0610000
       53663.379      19.9090    0.0940000      53663.4      19.7790    0.0340000      53663.4      19.3150    0.0230000      53663.4      19.1370    0.0190000      53663.4      19.0790    0.0520000
       53665.357      20.0020    0.0740000      53665.4      19.7490    0.0240000      53665.4      19.3290    0.0170000      53665.4      19.1690    0.0160000      53665.4      19.1160    0.0470000
       53666.449      19.7940    0.0780000      53666.4      19.7710    0.0260000      53666.4      19.3190    0.0180000      53666.4      19.1130    0.0160000      53666.4      19.1230    0.0520000
       53668.368      19.9160    0.0770000      53668.4      19.7490    0.0230000      53668.4      19.2810    0.0180000      53668.4      19.1900    0.0210000      53668.4      19.0410    0.0620000
       53669.456      19.9920    0.0900000      53669.5     -99.9900    0.0230000      53669.5      19.2850    0.0180000      53669.5      19.1470    0.0170000      53669.5      19.0620    0.0590000
       53670.373     -99.9900    0.0590000      53670.4      19.7390    0.0180000      53670.4      19.2800    0.0160000      53670.4      19.1580    0.0160000      53670.4      19.2760    0.0570000
       53673.341      19.9290    0.0470000      53673.3      19.7710    0.0140000      53673.3      19.2770    0.0130000      53673.3      19.1230    0.0130000      53673.3      19.1690    0.0430000
       53675.338     -99.9900    0.0470000      53675.3      19.7380    0.0150000      53675.3      19.2840    0.0140000      53675.3      19.1620    0.0150000      53675.3      19.0440    0.0460000
       53677.359      19.9540    0.0470000      53677.4      19.7490    0.0140000      53677.4      19.2890    0.0130000      53677.4      19.1610    0.0130000      53677.4      19.1180    0.0390000
       53680.346      19.9140    0.0480000      53680.3      19.7750    0.0150000      53680.3      19.3000    0.0140000      53680.3      19.1570    0.0140000      53680.3      19.1670    0.0450000
       53683.404      19.9560    0.0930000      53683.4      19.7020    0.0350000      53683.4      19.2820    0.0210000      53683.4      19.1710    0.0290000      53683.4      19.0910     0.113000
       53686.345      19.9000    0.0960000      53686.3      19.7490    0.0350000      53686.3      19.2970    0.0220000      53686.3      19.1260    0.0190000      53686.3      19.0430    0.0510000
       53693.348      19.9410     0.136000      53693.3      19.7090    0.0420000      53693.3      19.2860    0.0260000      53693.3      19.1340    0.0240000      53693.3      19.0060    0.0610000
       53699.369      19.9430    0.0680000      53699.4      19.7790    0.0210000      53699.4      19.3100    0.0150000      53699.4      19.1630    0.0150000      53699.4      19.1830    0.0500000
       53704.331     -99.9900    0.0750000      53704.3      19.8120    0.0170000      53704.3      19.3200    0.0160000      53704.3      19.2240    0.0250000      53704.3      19.2010    0.0640000
       53989.427      19.8110    0.0750000      53989.4      19.6040    0.0270000      53989.4      19.1990    0.0220000      53989.4      19.1150    0.0210000      53989.4      19.0280    0.0380000
       53997.451      19.7710    0.0350000      53997.5      19.5930    0.0300000      53997.4      19.1410    0.0190000      53997.4      19.0750    0.0190000      53997.5      19.0580    0.0350000
       54000.402     -99.9900     0.107000      54000.4      19.5850    0.0220000      54000.4     -99.9900    0.0270000      54000.4     -99.9900    0.0230000      54000.4     -99.9900    0.0510000
       54007.453      19.7970    0.0460000      54007.5      19.6220    0.0200000      54007.4      19.1880    0.0180000      54007.5      19.0580    0.0180000      54007.5      18.9910    0.0400000
       54009.376      19.8180    0.0370000      54009.4      19.6230    0.0270000      54009.4      19.1800    0.0180000      54009.4      19.0590    0.0200000      54009.4      19.0810    0.0320000
       54011.441      19.7470    0.0340000      54011.4      19.6130    0.0240000      54011.4      19.1680    0.0150000      54011.4      19.0470    0.0220000      54011.4      19.1010    0.0350000
       54012.454     -99.9900    0.0450000      54012.5      19.6320    0.0240000      54012.5      19.1520    0.0160000      54012.5      19.1000    0.0290000      54012.5      18.9950    0.0490000
       54019.436      19.7000    0.0910000      54019.4      19.5990    0.0300000      54019.4      19.1950    0.0210000      54019.4      19.0790    0.0230000      54019.4      19.2090    0.0840000
       54025.440      19.7820    0.0480000      54025.4      19.6200    0.0210000      54025.4      19.1800    0.0190000      54025.4      19.0640    0.0180000      54025.4      19.0790    0.0460000
       54346.434      19.5160    0.0540000      54346.4     -99.9900    0.0290000      54346.4      18.9520    0.0190000      54346.4      18.8240    0.0180000      54346.4      18.8260    0.0340000
       54348.438      19.4670    0.0390000      54348.4      19.3360    0.0220000      54348.4      18.9310    0.0180000      54348.4      18.8420    0.0170000      54348.4      18.9150    0.0350000
       54358.393     -99.9900    0.0520000      54358.4     -99.9900    0.0220000      54358.4      18.9540    0.0240000      54358.4      18.8050    0.0260000      54358.4      18.8050    0.0400000
       54365.427      19.4410    0.0310000      54365.4      19.3250    0.0190000      54365.4      18.9860    0.0160000      54365.4      18.8330    0.0150000      54365.4      18.8440    0.0430000
       54381.446      19.5340    0.0420000      54381.4      19.3270    0.0160000      54381.4      18.9660    0.0180000      54381.4      18.8440    0.0170000      54381.4      18.8080    0.0330000
       54384.453      19.4250    0.0480000      54384.5      19.3870    0.0570000      54384.4      18.9660    0.0250000      54384.5      18.8560    0.0330000      54384.5      18.7690    0.0540000
       54386.438      19.4970    0.0340000      54386.4      19.3780    0.0240000      54386.4      18.9830    0.0150000      54386.4      18.8640    0.0170000      54386.4      18.8370    0.0320000
       54388.443      19.4830    0.0350000      54388.4      19.3520    0.0280000      54388.4      18.9760    0.0180000      54388.4      18.8350    0.0140000      54388.4      18.8340    0.0330000
       54392.440      19.5210    0.0370000      54392.4      19.3570    0.0310000      54392.4      18.9920    0.0190000      54392.4      18.8190    0.0240000      54392.4      18.8190    0.0410000
       54403.357      19.4480    0.0770000      54403.4      19.3930    0.0240000      54403.4      19.0150    0.0290000      54403.4      18.8240    0.0240000      54403.4      18.8840    0.0420000
       54404.414      19.4840    0.0500000      54404.4      19.3750    0.0190000      54404.4      18.9380    0.0350000      54404.4      18.8440    0.0200000      54404.4      18.8640    0.0400000
       54406.350      19.5220    0.0340000      54406.4      19.3850    0.0240000      54406.3      18.9840    0.0150000      54406.3      18.8660    0.0180000      54406.4      18.8090    0.0330000
       54409.355      19.4630    0.0340000      54409.4      19.3820    0.0270000      54409.4      19.0050    0.0130000      54409.4      18.8570    0.0170000      54409.4      18.8450    0.0340000
       54412.376      19.4920    0.0410000      54412.4      19.4070    0.0230000      54412.4      18.9980    0.0180000      54412.4      18.8720    0.0210000      54412.4      18.8550    0.0440000
       52234.000       19.839000     0.050000000       52234.000       19.671000     0.030000000       52234.000       19.308000     0.018000000       52234.000       19.168000     0.027000000       52234.000       19.176000     0.053000000
       51075       19.805000     0.035000000       51075       19.653000     0.020000000       51075       19.198000     0.016000000       51075       19.095000     0.025000000       51075       19.053000     0.058000000
       51133       19.817000     0.039000000       51133       19.834000      0.11000000       51133       19.218000     0.029000000       51133       19.077000     0.028000000       51133       19.078000     0.061000000
       51134       19.897000     0.033000000       51134       19.696000     0.033000000       51134       19.229000     0.017000000       51134       19.055000     0.019000000       51134       18.958000     0.041000000
       51818       20.140000     0.043000000       51818       19.996000     0.024000000       51818       19.457000     0.025000000       51818       19.318000     0.023000000       51818       19.279000     0.052000000
       51874       20.084000     0.048000000       51874       20.016000     0.048000000       51874       19.421000     0.021000000       51874       19.336000     0.022000000       51874       19.545000     0.089000000
       52170       19.879000     0.036000000       52170       19.792000     0.024000000       52170       19.353000     0.022000000       52170       19.189000     0.020000000       52170       19.142000     0.045000000
       52171       19.813000     0.036000000       52171       19.773000     0.029000000       52171       19.308000     0.019000000       52171       19.210000     0.019000000       52171       19.212000     0.048000000
       52173       20.099000     0.050000000       52173       19.805000     0.026000000       52173       19.354000     0.027000000       52173       19.222000     0.021000000       52173       19.230000     0.070000000
       52234       19.842000     0.042000000       52234       19.637000     0.031000000       52234       19.311000     0.019000000       52234       19.173000     0.022000000       52234       19.181000     0.055000000
       52261       19.732000     0.031000000       52261       19.622000     0.022000000       52261       19.274000     0.020000000       52261       19.163000     0.023000000       52261       19.080000     0.044000000
       52283       19.756000     0.044000000       52283       19.651000     0.035000000       52283       19.267000     0.035000000       52283       19.140000     0.042000000       52283       19.300000     0.079000000
       52287       19.716000     0.033000000       52287       19.545000     0.022000000       52287       19.220000     0.023000000       52287       19.134000     0.022000000       52287       19.027000     0.049000000
       52552       19.633000     0.030000000       52552       19.504000     0.027000000       52552       19.157000     0.021000000       52552       19.049000     0.025000000       52552       18.999000     0.042000000
       52553       19.689000     0.038000000       52553       19.494000     0.037000000       52553       19.144000     0.020000000       52553       19.049000     0.020000000       52553       19.002000     0.050000000
       52557       19.720000     0.034000000       52557       19.555000     0.028000000       52557       19.127000     0.025000000       52557       19.076000     0.026000000       52557       18.947000     0.046000000
       52872       19.902000     0.045000000       52872       19.680000     0.023000000       52872       19.271000     0.021000000       52872       19.126000     0.021000000       52872       19.026000     0.041000000
       52908       19.857000     0.039000000       52908       19.708000     0.025000000       52908       19.242000     0.017000000       52908       19.134000     0.020000000       52908       19.107000     0.052000000
       52912       19.849000     0.040000000       52912       19.701000     0.029000000       52912       19.262000     0.023000000       52912       19.142000     0.025000000       52912       19.003000     0.043000000
       52934       19.859000     0.055000000       52934       19.679000     0.026000000       52934       19.259000     0.019000000       52934       19.117000     0.021000000       52934       19.123000     0.056000000
       52936       19.825000     0.033000000       52936       19.680000     0.027000000       52936       19.230000     0.021000000       52936       19.118000     0.023000000       52936       19.088000     0.047000000
       53270       19.638000     0.029000000       53270       19.532000     0.023000000       53270       19.110000     0.016000000       53270       18.993000     0.019000000       53270       18.958000     0.035000000
       53272       19.642000     0.033000000       53272       19.554000     0.025000000       53272       19.122000     0.015000000       53272       18.988000     0.022000000       53272       19.028000     0.048000000
       53286       19.694000     0.039000000       53286       19.576000     0.027000000       53286       19.151000     0.019000000       53286       19.044000     0.020000000       53286       19.071000     0.051000000
       53288       19.708000     0.039000000       53288       19.582000     0.021000000       53288       19.195000     0.021000000       53288       19.012000     0.027000000       53288       19.006000     0.046000000
       53294       19.274000     0.082000000       53294       19.529000     0.046000000       53294       19.128000     0.044000000       53294       19.118000     0.057000000       53294       19.514000      0.32000000
       53298       19.712000     0.034000000       53298       19.549000     0.034000000       53298       19.169000     0.018000000       53298       19.050000     0.029000000       53298       19.040000     0.051000000
       53312       19.535000     0.056000000       53312       19.499000     0.025000000       53312       19.168000     0.026000000       53312       19.014000     0.025000000       53312       19.012000     0.067000000
       53314       19.698000     0.041000000       53314       19.554000     0.031000000       53314       19.189000     0.023000000       53314       19.017000     0.031000000       53314       19.015000     0.061000000
       53319       19.768000     0.042000000       53319       19.527000     0.025000000       53319       19.132000     0.025000000       53319       19.046000     0.024000000       53319       19.026000     0.054000000
