       51075.420      21.2820     0.119000      51075.4      20.8220    0.0310000      51075.4      20.7180    0.0440000      51075.4      20.1910    0.0480000      51075.4      20.2560     0.179000
       51818.389      21.1470     0.106000      51818.4      20.6420    0.0270000      51818.4      20.5930    0.0340000      51818.4      20.1670    0.0400000      51818.4      19.9260     0.109000
       52171.377      21.2910     0.133000      52171.4      20.7490    0.0310000      52171.4      20.6200    0.0350000      52171.4      20.0960    0.0340000      52171.4      20.1160     0.129000
       52173.354      21.2030     0.140000      52173.4      20.8610    0.0350000      52173.4      20.7380    0.0460000      52173.4      20.3220    0.0520000      52173.4      20.1590     0.164000
       52224.334      21.1400    0.0970000      52224.3      20.8870    0.0300000      52224.3      20.6300    0.0340000      52224.3      20.2230    0.0380000      52224.3      19.9550     0.106000
       52234.290      20.9760     0.117000      52234.3      20.7450    0.0320000      52234.3      20.6250    0.0420000      52234.3      20.1740    0.0400000      52234.3      20.0880     0.126000
       52261.254      21.3030     0.112000      52261.3      20.7890    0.0290000      52261.2      20.6640    0.0330000      52261.3      20.2670    0.0370000      52261.3      20.0940     0.105000
       52283.121     -99.9900     0.171000      52283.1     -99.9900    0.0410000      52283.1      20.6570    0.0600000      52283.1      20.3680    0.0610000      52283.1     -99.9900     0.186000
       52287.134      21.5390     0.152000      52287.1      21.0020    0.0360000      52287.1      20.6870    0.0360000      52287.1      20.3230    0.0460000      52287.1      19.9380     0.104000
       52552.453      21.3770     0.126000      52552.5      20.9840    0.0340000      52552.4      20.8990    0.0440000      52552.5      20.3680    0.0460000      52552.5      20.3050     0.145000
       52557.427      21.3820     0.125000      52557.4      21.0110    0.0330000      52557.4      20.8340    0.0450000      52557.4      20.4100    0.0520000      52557.4      20.0260     0.131000
       52908.402      21.6480     0.162000      52908.4      21.3510    0.0460000      52908.4      21.1930    0.0530000      52908.4      20.5950    0.0570000      52908.4      20.5010     0.200000
       52912.381      21.8740     0.210000      52912.4      21.3820    0.0480000      52912.4      21.1020    0.0530000      52912.4      20.6110    0.0550000      52912.4      20.4700     0.170000
       52934.334      21.7580     0.206000      52934.3      21.2670    0.0450000      52934.3      21.2440    0.0670000      52934.3      20.6420    0.0650000      52934.3      20.1720     0.166000
       52936.330      21.7930     0.161000      52936.3      21.4060    0.0440000      52936.3      21.0860    0.0530000      52936.3      20.5230    0.0520000      52936.3     -99.9900     0.202000
       53270.394      20.9590    0.0790000      53270.4      20.6840    0.0250000      53270.4      20.4850    0.0260000      53270.4      20.1660    0.0310000      53270.4      20.0570     0.100000
       53272.444      21.0740     0.104000      53272.4      20.6470    0.0280000      53272.4      20.4970    0.0340000      53272.4      20.1670    0.0410000      53272.4      19.7660     0.101000
       53286.412      20.8050     0.101000      53286.4      20.6280    0.0320000      53286.4      20.4760    0.0360000      53286.4      20.1280    0.0390000      53286.4      20.0090     0.117000
       53288.371      21.0490     0.108000      53288.4      20.5960    0.0260000      53288.4      20.4700    0.0330000      53288.4      20.1190    0.0380000      53288.4      20.0110     0.120000
       53296.365      21.1550     0.118000      53296.4      20.6100    0.0280000      53296.4      20.5370    0.0440000      53296.4      20.0810    0.0410000      53296.4      19.9780     0.113000
       53298.415      21.0100    0.0930000      53298.4      20.6170    0.0250000      53298.4      20.4810    0.0390000      53298.4      20.1930    0.0460000      53298.4      19.7730     0.108000
       53302.366      20.9540     0.122000      53302.4      20.6180    0.0470000      53302.4      20.5140    0.0460000      53302.4      20.1230    0.0450000      53302.4      20.1260     0.134000
       53314.323      21.1280     0.155000      53314.3      20.6020    0.0390000      53314.3      20.4750    0.0430000      53314.3      20.1410    0.0530000      53314.3      20.2390     0.177000
       53319.311      21.0290     0.124000      53319.3      20.6040    0.0320000      53319.3      20.5780    0.0480000      53319.3      20.1810    0.0500000      53319.3      20.2400     0.173000
       53616.427      21.0050     0.125000      53616.4      20.8580    0.0370000      53616.4      20.6900    0.0420000      53616.4      20.2950    0.0490000      53616.4      20.2330     0.165000
       53626.404     -99.9900     0.400000      53626.4     -99.9900    0.0390000      53626.4      20.6640    0.0630000      53626.4     -99.9900    0.0740000      53626.4      20.0780     0.151000
       53628.389      21.2500     0.178000      53628.4      20.7380    0.0530000      53628.4      20.6690    0.0560000      53628.4      20.2210    0.0520000      53628.4      20.1390     0.167000
       53639.436      21.2740     0.148000      53639.4      20.7640    0.0370000      53639.4      20.6390    0.0430000      53639.4      20.2950    0.0420000      53639.4      20.2740     0.135000
       53641.435      21.1120     0.135000      53641.4      20.8580    0.0370000      53641.4      20.6690    0.0430000      53641.4      20.3110    0.0470000      53641.4      20.1590     0.134000
       53657.394      21.1050     0.233000      53657.4      20.6450    0.0670000      53657.4      20.5510    0.0800000      53657.4      20.0830    0.0690000      53657.4      19.6820     0.137000
       53663.378      21.2950     0.323000      53663.4      20.6690    0.0780000      53663.4      20.8240    0.0860000      53663.4      20.2320    0.0630000      53663.4      20.0690     0.145000
       53665.356      20.8740     0.151000      53665.4      20.7420    0.0550000      53665.4      20.5330    0.0510000      53665.4      20.2260    0.0490000      53665.4      20.1520     0.145000
       53666.448      21.2260     0.266000      53666.4     -99.9900    0.0550000      53666.4      20.5840    0.0540000      53666.4      20.3310    0.0540000      53666.4      20.1180     0.138000
       53668.368      21.3440     0.232000      53668.4      20.8500    0.0510000      53668.4      20.7440    0.0610000      53668.4      20.3850    0.0680000      53668.4      19.9490     0.146000
       53669.456      22.0600     0.492000      53669.5      20.7520    0.0510000      53669.5      20.9520    0.0670000      53669.5      20.2590    0.0520000      53669.5      20.0210     0.140000
       53670.373      21.3810     0.190000      53670.4      20.7060    0.0370000      53670.4      20.6270    0.0490000      53670.4      20.2110    0.0480000      53670.4      20.1780     0.142000
       53673.341      21.1680     0.106000      53673.3      20.8250    0.0270000      53673.3      20.6840    0.0340000      53673.3      20.3910    0.0400000      53673.3      19.8930    0.0880000
       53675.338      21.0890     0.110000      53675.3      20.7880    0.0290000      53675.3      20.6570    0.0410000      53675.3      20.2410    0.0420000      53675.3      20.5530     0.186000
       53677.359      21.1570     0.110000      53677.4      20.7810    0.0270000      53677.4      20.6770    0.0330000      53677.4      20.3210    0.0370000      53677.4      20.0600    0.0940000
       53680.345      21.1320     0.109000      53680.3      20.8500    0.0310000      53680.3      20.7220    0.0410000      53680.3      20.2840    0.0440000      53680.3      20.2160     0.132000
       53683.404     -99.9900     0.343000      53683.4      20.6840    0.0570000      53683.4      20.5890    0.0590000      53683.4      20.1940    0.0820000      53683.4     -99.9900     0.210000
       53686.345      21.5250     0.365000      53686.3      20.9630     0.101000      53686.3      20.7570    0.0800000      53686.3      20.2910    0.0660000      53686.3      20.1430     0.146000
       53687.402     -99.9900     0.868000      53687.4     -99.9900     0.247000      53687.4     -99.9900     0.238000      53687.4     -99.9900     0.176000      53687.4     -99.9900     0.361000
       53693.347     -99.9900     0.261000      53693.3      20.7220     0.106000      53693.3      20.5670    0.0840000      53693.3      20.3560    0.0820000      53693.3      20.3950     0.234000
       53699.368      21.0810     0.158000      53699.4      20.7670    0.0390000      53699.4      20.6750    0.0440000      53699.4      20.2740    0.0430000      53699.4      20.0620     0.112000
       53704.331      21.1220     0.222000      53704.3      20.7610    0.0340000      53704.3      20.6220    0.0440000      53704.3      20.2120    0.0570000      53704.3      19.9780     0.156000
       53989.427      21.2440     0.242000      53989.4      20.9390    0.0840000      53989.4      20.8160    0.0760000      53989.4      20.4040    0.0640000      53989.4     -99.9900     0.146000
       53997.450      21.0520    0.0870000      53997.5      20.9750    0.0290000      53997.4      20.7960    0.0360000      53997.4      20.3460    0.0380000      53997.4      20.1120     0.123000
       54000.402      21.2190     0.164000      54000.4      20.9770    0.0440000      54000.4      20.8870    0.0450000      54000.4     -99.9900    0.0800000      54000.4     -99.9900     0.241000
       54009.376      21.4130     0.104000      54009.4      20.9750    0.0270000      54009.4      20.8460    0.0320000      54009.4      20.4140    0.0360000      54009.4     -99.9900     0.101000
       54011.440     -99.9900     0.106000      54011.4      20.9970    0.0300000      54011.4      20.8260    0.0370000      54011.4      20.3610    0.0390000      54011.4      20.1950     0.102000
       54012.453      21.4580     0.167000      54012.5      21.0430    0.0400000      54012.5      20.8070    0.0460000      54012.5      20.3470    0.0540000      54012.5      20.3940     0.175000
       54025.439      21.2680     0.154000      54025.4      21.0300    0.0410000      54025.4      20.8900    0.0610000      54025.4      20.3610    0.0540000      54025.4      20.4500     0.170000
       54346.434      21.2150     0.222000      54346.4     -99.9900    0.0690000      54346.4      20.7440    0.0610000      54346.4      20.3490    0.0530000      54346.4      20.3360     0.130000
       54348.437      21.6620     0.205000      54348.4      20.9680    0.0450000      54348.4      20.8490    0.0530000      54348.4      20.3440    0.0440000      54348.4      20.3160     0.161000
       54358.393      21.1620     0.145000      54358.4      20.9810    0.0400000      54358.4      20.8170    0.0380000      54358.4      20.3080    0.0540000      54358.4      20.3400     0.377000
       54365.426      21.3890     0.125000      54365.4      20.9770    0.0330000      54365.4      20.8120    0.0370000      54365.4      20.3030    0.0410000      54365.4      20.2300     0.119000
       54381.446      21.1460     0.111000      54381.4      20.9330    0.0340000      54381.4      20.9000    0.0380000      54381.4      20.4460    0.0410000      54381.4      19.9930    0.0920000
       54384.453     -99.9900     0.186000      54384.5      20.9270    0.0450000      54384.4     -99.9900     0.105000      54384.5      20.2160    0.0690000      54384.5     -99.9900     0.320000
       54388.442      21.1940     0.113000      54388.4      20.8920    0.0330000      54388.4      20.8070    0.0390000      54388.4      20.4280    0.0420000      54388.4      20.4220     0.126000
       54392.440      21.5070     0.172000      54392.4      20.9280    0.0430000      54392.4      20.7600    0.0450000      54392.4      20.3190    0.0430000      54392.4      20.0640     0.108000
       54403.356      22.2840     0.671000      54403.4      20.9370    0.0650000      54403.4      20.5770    0.0900000      54403.4      20.3970     0.108000      54403.4      20.4610     0.193000
       54404.414      21.2260     0.198000      54404.4      20.8740    0.0620000      54404.4     -99.9900     0.793000      54404.4      20.3300    0.0750000      54404.4     -99.9900     0.169000
       54406.350      21.3320     0.123000      54406.4      20.9950    0.0350000      54406.3      20.8440    0.0380000      54406.3      20.3360    0.0350000      54406.4      20.2280     0.118000
       54409.355      21.3150     0.110000      54409.4      21.0080    0.0330000      54409.4      20.7980    0.0370000      54409.4      20.4200    0.0430000      54409.4      20.2360     0.124000
       54412.376      21.2140     0.143000      54412.4      20.9280    0.0370000      54412.4      20.7520    0.0440000      54412.4      20.4000    0.0510000      54412.4      20.3340     0.169000
       52234.000       20.947000      0.11200000       52234.000       20.775000     0.036000000       52234.000       20.667000     0.043000000       52234.000       20.207000     0.042000000       52234.000       20.088000      0.11900000
       51075       21.291000      0.10500000       51075       20.844000     0.031000000       51075       20.750000     0.044000000       51075       20.192000     0.047000000       51075       20.201000      0.17000000
       51133       21.017000     0.092000000       51133       20.769000     0.050000000       51133       20.586000     0.053000000       51133       20.228000     0.059000000       51133       20.168000      0.17400000
       51134       21.258000     0.087000000       51134       20.764000     0.037000000       51134       20.617000     0.033000000       51134       20.246000     0.035000000       51134       20.112000      0.12000000
       51818       21.175000     0.093000000       51818       20.670000     0.033000000       51818       20.591000     0.033000000       51818       20.173000     0.040000000       51818       19.925000      0.14200000
       51874       21.026000     0.089000000       51874       20.716000     0.036000000       51874       20.562000     0.039000000       51874       20.160000     0.043000000       51874       20.211000      0.17000000
       52170       21.280000     0.094000000       52170       20.800000     0.033000000       52170       20.671000     0.037000000       52170       20.261000     0.037000000       52170       20.064000      0.10900000
       52171       21.384000      0.11000000       52171       20.853000     0.043000000       52171       20.662000     0.038000000       52171       20.164000     0.037000000       52171       20.104000      0.12000000
       52173       21.199000      0.12100000       52173       20.872000     0.040000000       52173       20.744000     0.049000000       52173       20.317000     0.051000000       52173       20.162000      0.15900000
       52224       21.151000     0.086000000       52224       20.885000     0.032000000       52224       20.653000     0.033000000       52224       20.251000     0.039000000       52224       19.935000      0.10200000
       52234       20.988000      0.10200000       52234       20.766000     0.038000000       52234       20.676000     0.043000000       52234       20.219000     0.040000000       52234       20.069000      0.11700000
       52261       21.275000     0.094000000       52261       20.848000     0.034000000       52261       20.724000     0.035000000       52261       20.291000     0.036000000       52261       20.136000      0.10300000
       52283       21.360000      0.13300000       52283       20.951000     0.070000000       52283       20.723000     0.068000000       52283       20.347000     0.063000000       52283       20.177000      0.18200000
       52287       21.494000      0.12400000       52287       20.989000     0.043000000       52287       20.691000     0.037000000       52287       20.322000     0.044000000       52287       19.954000      0.10300000
       52552       21.312000      0.10100000       52552       21.010000     0.041000000       52552       20.897000     0.042000000       52552       20.388000     0.045000000       52552       20.272000      0.13900000
       52553       21.181000      0.11600000       52553       21.099000     0.047000000       52553       20.924000     0.049000000       52553       20.363000     0.045000000       52553       20.294000      0.14600000
       52557       21.392000      0.10800000       52557       21.056000     0.036000000       52557       20.857000     0.046000000       52557       20.420000     0.052000000       52557       20.015000      0.12700000
       52872       21.822000      0.21600000       52872       21.438000     0.069000000       52872       21.163000     0.057000000       52872       20.616000     0.050000000       52872       20.587000      0.16300000
       52908       21.659000      0.13800000       52908       21.388000     0.050000000       52908       21.174000     0.051000000       52908       20.583000     0.056000000       52908       20.482000      0.18800000
       52912       21.835000      0.16500000       52912       21.418000     0.046000000       52912       21.145000     0.057000000       52912       20.659000     0.054000000       52912       20.477000      0.16200000
       52934       21.801000      0.17700000       52934       21.284000     0.046000000       52934       21.274000     0.065000000       52934       20.681000     0.063000000       52934       20.168000      0.16100000
       52936       21.808000      0.13700000       52936       21.426000     0.044000000       52936       21.110000     0.053000000       52936       20.541000     0.053000000       52936       20.707000      0.24300000
       53270       20.958000     0.077000000       53270       20.718000     0.031000000       53270       20.502000     0.028000000       53270       20.181000     0.033000000       53270       20.060000      0.10600000
       53272       21.096000     0.091000000       53272       20.678000     0.032000000       53272       20.512000     0.039000000       53272       20.195000     0.039000000       53272       19.813000      0.10100000
       53286       20.803000     0.088000000       53286       20.652000     0.037000000       53286       20.476000     0.036000000       53286       20.142000     0.037000000       53286       19.969000      0.11200000
       53288       21.029000     0.093000000       53288       20.655000     0.035000000       53288       20.486000     0.035000000       53288       20.141000     0.037000000       53288       19.997000      0.11500000
       53294       20.879000      0.22600000       53294       20.575000     0.052000000       53294       20.570000      0.18900000       53294       20.185000      0.23800000       53294       20.321000      0.50200000
       53298       20.997000     0.084000000       53298       20.644000     0.029000000       53298       20.484000     0.040000000       53298       20.224000     0.047000000       53298       19.779000      0.10500000
       53312       20.863000      0.16200000       53312       20.577000     0.050000000       53312       20.533000     0.065000000       53312       20.210000     0.066000000       53312       20.320000      0.17000000
       53314       21.130000      0.13000000       53314       20.643000     0.048000000       53314       20.518000     0.045000000       53314       20.148000     0.053000000       53314       20.221000      0.17000000
       53319       20.952000      0.10700000       53319       20.619000     0.036000000       53319       20.552000     0.048000000       53319       20.207000     0.050000000       53319       20.125000      0.18800000
