       51081.319      20.0620    0.0540000      51081.3      19.8880    0.0200000      51081.3      19.8310    0.0240000      51081.3      19.5200    0.0250000      51081.3      19.2470    0.0670000
       51819.390     -99.9900    0.0510000      51819.4      19.6930    0.0170000      51819.4      19.7050    0.0200000      51819.4      19.4620    0.0200000      51819.4      19.3200    0.0660000
       52558.356      19.9270    0.0480000      52558.4      19.8260    0.0160000      52558.4      19.8540    0.0200000      52558.4      19.5670    0.0190000      52558.4      19.3570    0.0570000
       52577.243      19.9720    0.0480000      52577.2      19.8740    0.0160000      52577.2      19.9240    0.0210000      52577.2      19.5860    0.0200000      52577.2      19.3850    0.0620000
       52586.247      19.8960    0.0420000      52586.2      19.8170    0.0150000      52586.2      19.9080    0.0230000      52586.2      19.5970    0.0240000      52586.2      19.3460    0.0700000
       52910.327      19.9730    0.0520000      52910.3      19.8870    0.0170000      52910.3      19.9130    0.0200000      52910.3      19.6440    0.0200000      52910.3      19.4140    0.0590000
       52931.257      20.0000    0.0500000      52931.3      19.8760    0.0160000      52931.3      19.9250    0.0230000      52931.3      19.5990    0.0230000      52931.3      19.5090    0.0750000
       52935.254      19.9170    0.0510000      52935.3      19.8520    0.0170000      52935.3      19.8930    0.0250000      52935.3      19.5270    0.0230000      52935.3      19.3430    0.0700000
       52959.198      19.9810    0.0450000      52959.2      19.8950    0.0160000      52959.2      19.9430    0.0200000      52959.2      19.5710    0.0180000      52959.2      19.4180    0.0530000
       52963.177      20.0160    0.0430000      52963.2      19.9180    0.0150000      52963.2      19.9460    0.0190000      52963.2      19.5410    0.0170000      52963.2      19.3780    0.0470000
       53352.148      20.0650    0.0560000      53352.1      19.9570    0.0200000      53352.1      19.9790    0.0240000      53352.1      19.6920    0.0230000      53352.1      19.5080    0.0880000
       53622.357      20.1710    0.0780000      53622.4      20.0970    0.0250000      53622.4      20.1390    0.0340000      53622.4      19.7380    0.0320000      53622.4      19.3910    0.0850000
       53634.306      19.9860     0.124000      53634.3      20.0690    0.0540000      53634.3      19.9850    0.0460000      53634.3      19.6960    0.0310000      53634.3      19.5230    0.0730000
       53638.348      20.0180    0.0580000      53638.3      19.9790    0.0200000      53638.3      20.0200    0.0230000      53638.3      19.6950    0.0220000      53638.3      19.3740    0.0580000
       53640.312      19.9700    0.0580000      53640.3      20.0110    0.0200000      53640.3      20.0120    0.0260000      53640.3      19.7330    0.0260000      53640.3      19.4740    0.0770000
       53655.284      20.0240    0.0660000      53655.3      19.9660    0.0250000      53655.3      20.0640    0.0310000      53655.3      19.7350    0.0280000      53655.3      19.4900    0.0800000
       53664.309      19.8930     0.100000      53664.3      19.9030    0.0350000      53664.3      19.9180    0.0630000      53664.3      19.7080    0.0460000      53664.3      19.4080    0.0840000
       53669.268      20.0630    0.0470000      53669.3      19.9420    0.0150000      53669.3      20.0140    0.0210000      53669.3      19.7240    0.0200000      53669.3      19.4070    0.0550000
       53671.353      20.0510    0.0710000      53671.4      19.9580    0.0230000      53671.4      20.0340    0.0270000      53671.4      19.6720    0.0240000      53671.4      19.5180    0.0810000
       53674.252      19.9920    0.0550000      53674.3      19.9820    0.0240000      53674.2      20.0300    0.0250000      53674.2      19.7050    0.0230000      53674.3     -99.9900    0.0680000
       53676.342      20.1050    0.0620000      53676.3      20.0270    0.0190000      53676.3      20.0330    0.0230000      53676.3      19.7230    0.0200000      53676.3      19.5510    0.0750000
       53679.314      20.0540    0.0670000      53679.3      20.0300    0.0230000      53679.3      20.0840    0.0310000      53679.3      19.6720    0.0270000      53679.3      19.5500    0.0960000
       53681.305      20.0510    0.0670000      53681.3      19.9830    0.0220000      53681.3      20.0070    0.0270000      53681.3      19.7470    0.0250000      53681.3      19.4790    0.0750000
       53685.264      20.0160     0.137000      53685.3      20.0280    0.0690000      53685.3      20.0190    0.0580000      53685.3      19.6730    0.0420000      53685.3      19.3730    0.0920000
       53694.278     -99.9900     0.178000      53694.3      19.9610    0.0620000      53694.3      20.0010    0.0600000      53694.3      19.8140    0.0600000      53694.3      19.4450     0.121000
       53697.262      20.1190    0.0650000      53697.3      20.0060    0.0240000      53697.3      20.0490    0.0260000      53697.3      19.7020    0.0230000      53697.3      19.4590    0.0690000
       53700.261      20.0750    0.0730000      53700.3      20.0400    0.0240000      53700.3      20.0210    0.0270000      53700.3      19.7570    0.0300000      53700.3      19.4710    0.0890000
       53705.248      20.0760    0.0620000      53705.2      20.0240    0.0200000      53705.2      19.9920    0.0230000      53705.2      19.7570    0.0220000      53705.2      19.5790    0.0670000
       53975.333      19.9480    0.0490000      53975.3      19.7660    0.0240000      53975.3      19.7900    0.0210000      53975.3      19.5460    0.0230000      53975.3      19.2740    0.0580000
       53990.346      19.9100    0.0750000      53990.3      19.6680    0.0300000      53990.3      19.7350    0.0270000      53990.3      19.5210    0.0250000      53990.3      19.3280    0.0630000
       53994.356      19.8690    0.0360000      53994.4      19.7140    0.0220000      53994.4      19.7410    0.0220000      53994.4      19.5130    0.0240000      53994.4      19.3540    0.0500000
       53996.340      19.7910    0.0410000      53996.3      19.7010    0.0220000      53996.3      19.7650    0.0200000      53996.3      19.5230    0.0230000      53996.3      19.3550    0.0630000
       53998.308     -99.9900    0.0850000      53998.3      19.6140    0.0860000      53998.3     -99.9900    0.0280000      53998.3     -99.9900    0.0680000      53998.3     -99.9900     0.165000
       54010.294      19.7450    0.0380000      54010.3      19.7090    0.0200000      54010.3      19.7360    0.0250000      54010.3      19.4800    0.0220000      54010.3      19.3460    0.0450000
       54012.286      19.9100    0.0740000      54012.3      19.7160    0.0330000      54012.3      19.7450    0.0270000      54012.3      19.4860    0.0300000      54012.3      19.1830    0.0480000
       54020.293     -99.9900    0.0600000      54020.3      19.7010    0.0260000      54020.3      19.7970    0.0260000      54020.3      19.5060    0.0280000      54020.3      19.3060    0.0750000
       54024.374      19.8820    0.0630000      54024.4      19.6820    0.0280000      54024.4      19.7190    0.0280000      54024.4      19.6050    0.0280000      54024.4      19.3430    0.0860000
       54028.362     -99.9900    0.0520000      54028.4      19.6560    0.0250000      54028.4      19.6900    0.0240000      54028.4      19.4740    0.0330000      54028.4      19.1770    0.0630000
       54030.286      19.7940    0.0440000      54030.3      19.6870    0.0280000      54030.3      19.7300    0.0190000      54030.3      19.5170    0.0240000      54030.3      19.3000    0.0480000
       54035.362      19.9100    0.0680000      54035.4      19.6680    0.0200000      54035.4      19.6870    0.0350000      54035.4      19.5620    0.0250000      54035.4      19.2860    0.0780000
       54037.267      19.8390    0.0480000      54037.3      19.6910    0.0190000      54037.3      19.7150    0.0200000      54037.3      19.5230    0.0230000      54037.3      19.2380    0.0560000
       54040.282      19.8310    0.0780000      54040.3      19.6850    0.0500000      54040.3      19.6740    0.0330000      54040.3      19.4880    0.0300000      54040.3      19.2640    0.0690000
       54047.312     -99.9900     0.186000      54047.3     -99.9900    0.0660000      54047.3      19.6930    0.0580000      54047.3      19.4530    0.0440000      54047.3      19.4070     0.143000
       54049.308      19.7320    0.0790000      54049.3      19.6010    0.0280000      54049.3      19.6740    0.0330000      54049.3      19.4350    0.0320000      54049.3      19.3320    0.0780000
       54053.273      19.8820    0.0510000      54053.3      19.6500    0.0250000      54053.3      19.6830    0.0180000      54053.3      19.4470    0.0280000      54053.3      19.3510    0.0560000
       54056.274      19.7860    0.0610000      54056.3      19.8020    0.0320000      54056.3      19.6670    0.0310000      54056.3      19.5140    0.0310000      54056.3      19.2520    0.0760000
       54059.269     -99.9900    0.0710000      54059.3      19.6270    0.0410000      54059.3      19.7050    0.0340000      54059.3      19.4280    0.0350000      54059.3      19.3780    0.0960000
       54061.280     -99.9900    0.0600000      54061.3      19.6260    0.0180000      54061.3      19.6930    0.0300000      54061.3      19.4120    0.0320000      54061.3      19.3020    0.0710000
       54062.273      19.7010    0.0480000      54062.3      19.6500    0.0220000      54062.3      19.7130    0.0220000      54062.3      19.4740    0.0240000      54062.3      19.1900    0.0650000
       54068.254      19.9600     0.108000      54068.3      19.6450    0.0370000      54068.3      19.6730    0.0430000      54068.3      19.4510    0.0320000      54068.3      19.2450    0.0700000
       54357.312      19.9060    0.0390000      54357.3      19.7360    0.0180000      54357.3      19.7740    0.0230000      54357.3      19.5360    0.0260000      54357.3      19.2540    0.0420000
       54362.362      19.9260    0.0450000      54362.4      19.7640    0.0250000      54362.4      19.7720    0.0210000      54362.4      19.4770    0.0250000      54362.4      19.2980    0.0600000
       54376.357      19.9150    0.0970000      54376.4     -99.9900    0.0250000      54376.4      19.7700    0.0500000      54376.4     -99.9900    0.0500000      54376.4     -99.9900     0.522000
       54382.342      19.9050    0.0720000      54382.3      19.7580    0.0280000      54382.3      19.8630    0.0330000      54382.3      19.5140    0.0380000      54382.3      19.4920     0.106000
       54385.359      19.7980    0.0420000      54385.4      19.7760    0.0190000      54385.4      19.7580    0.0210000      54385.4      19.6960    0.0280000      54385.4      19.2430    0.0420000
       54387.360      19.8980    0.0590000      54387.4      19.7940    0.0310000      54387.4      19.7530    0.0310000      54387.4      19.4780    0.0260000      54387.4      19.1950    0.0740000
       54390.352      19.8790    0.0560000      54390.4      19.7420    0.0230000      54390.4      19.7720    0.0300000      54390.4      19.4770    0.0290000      54390.4      19.2500    0.0780000
       54391.361      19.9040    0.0970000      54391.4      19.8850    0.0330000      54391.4      19.8480    0.0550000      54391.4      19.4590    0.0450000      54391.4      19.3540     0.129000
       54392.355      19.8720    0.0620000      54392.4      19.7500    0.0230000      54392.4     -99.9900     0.103000      54392.4      19.4980    0.0360000      54392.4      19.1910    0.0750000
       54402.353      19.9350     0.143000      54402.4     -99.9900    0.0510000      54402.4      19.8120    0.0390000      54402.4      19.6040    0.0310000      54402.4      19.2300    0.0660000
       52522.000       19.834000     0.054000000       52522.000       19.786000     0.023000000       52522.000       19.873000     0.027000000       52522.000       19.556000     0.029000000       52522.000       19.367000     0.079000000
       51081       19.986000     0.045000000       51081       19.895000     0.040000000       51081       19.831000     0.057000000       51081       19.546000     0.067000000       51081       19.297000     0.073000000
       51136       19.911000     0.036000000       51136       19.766000     0.021000000       51136       19.794000     0.030000000       51136       19.493000     0.030000000       51136       19.258000     0.085000000
       51819       19.804000     0.039000000       51819       19.724000     0.029000000       51819       19.727000     0.028000000       51819       19.483000     0.032000000       51819       19.351000     0.071000000
       52522       19.838000     0.046000000       52522       19.787000     0.027000000       52522       19.865000     0.041000000       52522       19.556000     0.035000000       52522       19.363000     0.078000000
       52552       19.933000     0.040000000       52552       19.885000     0.037000000       52552       19.903000     0.075000000       52552       19.599000     0.083000000       52552       19.360000     0.064000000
       52558       19.901000     0.040000000       52558       19.865000     0.027000000       52558       19.886000     0.026000000       52558       19.617000     0.026000000       52558       19.423000     0.060000000
       52577       19.971000     0.049000000       52577       19.879000     0.022000000       52577       19.931000     0.026000000       52577       19.600000     0.024000000       52577       19.403000     0.063000000
       52586       19.929000     0.035000000       52586       19.852000     0.030000000       52586       19.931000     0.037000000       52586       19.613000     0.040000000       52586       19.356000     0.072000000
       52910       20.018000     0.057000000       52910       19.906000     0.027000000       52910       19.905000     0.026000000       52910       19.647000     0.026000000       52910       19.416000     0.058000000
       52931       19.986000     0.045000000       52931       19.885000     0.046000000       52931       19.924000     0.083000000       52931       19.606000     0.076000000       52931       19.491000      0.11200000
       52935       19.965000     0.046000000       52935       19.878000     0.028000000       52935       19.949000     0.031000000       52935       19.583000     0.035000000       52935       19.368000     0.073000000
       52959       19.969000     0.036000000       52959       19.926000     0.021000000       52959       19.964000     0.023000000       52959       19.587000     0.025000000       52959       19.451000     0.054000000
       53352       20.059000     0.049000000       53352       20.032000     0.032000000       53352       20.027000     0.034000000       53352       19.744000     0.035000000       53352       19.612000      0.10700000
       54424       19.857000     0.072000000       54424       19.695000     0.030000000       54424       19.660000     0.030000000       54424       19.523000     0.030000000       54424       19.395000     0.063000000
