       51075.413      20.3990    0.0570000      51075.4      20.3300    0.0210000      51075.4      20.2570    0.0290000      51075.4      20.1520    0.0440000      51075.4      20.3890     0.201000
       51818.382      20.5760    0.0670000      51818.4      20.4270    0.0230000      51818.4      20.4030    0.0300000      51818.4      20.3010    0.0430000      51818.4      19.8670     0.106000
       52170.433      20.3890    0.0630000      52170.4      20.3060    0.0220000      52170.4      20.3680    0.0290000      52170.4      20.2380    0.0410000      52170.4      20.2800     0.143000
       52171.371      20.4330    0.0640000      52171.4      20.2750    0.0210000      52171.4      20.6740    0.0390000      52171.4      20.1700    0.0360000      52171.4      19.9410     0.109000
       52173.347      20.4660    0.0710000      52173.3      20.2930    0.0230000      52173.3      20.3020    0.0280000      52173.3      20.2720    0.0450000      52173.3      19.8980     0.124000
       52224.327      20.6370    0.0700000      52224.3      20.4170    0.0230000      52224.3      20.3890    0.0280000      52224.3      20.2370    0.0370000      52224.3      20.1370     0.124000
       52234.283      20.6050    0.0850000      52234.3     -99.9900    0.0270000      52234.3      20.4550    0.0330000      52234.3      20.3690    0.0470000      52234.3      20.2420     0.144000
       52261.247      20.4550    0.0640000      52261.2      20.4010    0.0220000      52261.2      20.4420    0.0270000      52261.2      20.2830    0.0350000      52261.2      20.0560     0.107000
       52283.114      20.6140    0.0930000      52283.1      20.4640    0.0300000      52283.1      20.3910    0.0410000      52283.1      20.3470    0.0610000      52283.1      20.6130     0.245000
       52287.127      20.5090    0.0610000      52287.1      20.4660    0.0230000      52287.1      20.4610    0.0320000      52287.1      20.3970    0.0440000      52287.1      19.9180    0.0970000
       52552.446      20.6420    0.0800000      52552.4      20.6280    0.0290000      52552.4      20.4610    0.0390000      52552.4      20.4110    0.0560000      52552.4      20.0860     0.151000
       52557.420      20.7450    0.0800000      52557.4      20.6410    0.0270000      52557.4      20.5130    0.0370000      52557.4      20.4050    0.0520000      52557.4      20.0740     0.137000
       52908.395      20.4280    0.0680000      52908.4      20.3560    0.0230000      52908.4      20.3150    0.0300000      52908.4      20.2140    0.0440000      52908.4      19.7990     0.107000
       52912.374      20.4570    0.0690000      52912.4      20.3480    0.0230000      52912.4      20.3170    0.0280000      52912.4      20.2640    0.0400000      52912.4      19.9410     0.107000
       52934.327      20.5340    0.0760000      52934.3      20.4000    0.0230000      52934.3      20.3550    0.0330000      52934.3      20.2270    0.0470000      52934.3      19.9460     0.135000
       52936.323      20.4850    0.0600000      52936.3      20.3500    0.0210000      52936.3      20.3490    0.0300000      52936.3      20.3180    0.0460000      52936.3      20.3060     0.157000
       53270.387      20.7160    0.0660000      53270.4      20.6480    0.0260000      53270.4      20.5510    0.0280000      53270.4      20.4310    0.0380000      53270.4      20.0400    0.0990000
       53272.437      20.8040    0.0990000      53272.4      20.6690    0.0270000      53272.4      20.5820    0.0350000      53272.4      20.3960    0.0480000      53272.4      20.1970     0.147000
       53286.405      20.7460    0.0940000      53286.4      20.6190    0.0290000      53286.4      20.5280    0.0350000      53286.4      20.4510    0.0500000      53286.4      20.1150     0.136000
       53288.364      20.7410    0.0820000      53288.4      20.6100    0.0250000      53288.4      20.5400    0.0320000      53288.4      20.4850    0.0460000      53288.4      20.0130     0.111000
       53294.412     -99.9900     0.502000      53294.4     -99.9900    0.0790000      53294.4      20.1960     0.155000      53294.4     -99.9900     0.228000      53294.4      19.4330     0.371000
       53296.359      20.8830     0.106000      53296.4      20.5640    0.0320000      53296.4      20.5430    0.0410000      53296.4      20.4740    0.0610000      53296.4      19.7680     0.112000
       53298.408      20.6200    0.0810000      53298.4      20.6280    0.0280000      53298.4      20.5700    0.0410000      53298.4      20.4950    0.0620000      53298.4      20.1930     0.181000
       53302.360      20.7430     0.107000      53302.4      20.5830    0.0440000      53302.4      20.5340    0.0470000      53302.4      20.2510    0.0480000      53302.4     -99.9900     0.122000
       53312.315     -99.9900     0.202000      53312.3      20.6050    0.0470000      53312.3      20.5170    0.0520000      53312.3      20.3840    0.0660000      53312.3      20.0730     0.161000
       53314.316      20.7650     0.113000      53314.3      20.6460    0.0350000      53314.3      20.5990    0.0460000      53314.3      20.4440    0.0590000      53314.3      20.0880     0.153000
       53319.304      20.8810     0.120000      53319.3      20.7500    0.0360000      53319.3      20.5200    0.0420000      53319.3      20.3650    0.0530000      53319.3      20.4930     0.205000
       53616.421      20.6810     0.104000      53616.4      20.4220    0.0250000      53616.4      20.3970    0.0310000      53616.4      20.3030    0.0520000      53616.4      20.0450     0.138000
       53628.382      20.4830     0.103000      53628.4      20.3570    0.0430000      53628.4      20.3620    0.0440000      53628.4      20.2030    0.0560000      53628.4      19.9280     0.142000
       53639.429      20.5480    0.0780000      53639.4      20.3890    0.0270000      53639.4      20.3510    0.0310000      53639.4      20.2680    0.0380000      53639.4      20.0810     0.111000
       53641.428      20.4400    0.0780000      53641.4      20.3830    0.0250000      53641.4      20.3710    0.0310000      53641.4      20.2190    0.0410000      53641.4      20.1980     0.129000
       53657.387      20.4080     0.125000      53657.4      20.3890    0.0520000      53657.4      20.4210    0.0650000      53657.4      20.1980    0.0670000      53657.4      20.1450     0.187000
       53663.372      20.3250     0.134000      53663.4      20.4130    0.0640000      53663.4      20.3790    0.0600000      53663.4      20.2240    0.0630000      53663.4      19.9200     0.140000
       53665.350      20.2360    0.0920000      53665.4      20.4360    0.0390000      53665.3      20.3810    0.0420000      53665.3      20.2530    0.0500000      53665.4      20.0720     0.121000
       53666.442      20.5170     0.134000      53666.4      20.3890    0.0400000      53666.4      20.3440    0.0420000      53666.4      20.3110    0.0500000      53666.4      20.3480     0.157000
       53668.361      20.3300    0.0940000      53668.4      20.3690    0.0370000      53668.4      20.4190    0.0440000      53668.4      20.2210    0.0570000      53668.4      20.6050     0.264000
       53669.449      20.7400     0.161000      53669.4      20.4090    0.0360000      53669.4      20.3770    0.0490000      53669.4      20.3310    0.0600000      53669.4      20.0580     0.152000
       53670.366      20.2000    0.0760000      53670.4      20.3580    0.0290000      53670.4      20.3640    0.0360000      53670.4      20.2180    0.0500000      53670.4      19.9040     0.124000
       53673.334      20.5570    0.0700000      53673.3      20.4090    0.0210000      53673.3      20.4100    0.0290000      53673.3      20.2650    0.0360000      53673.3      20.2460     0.113000
       53675.331      20.4740    0.0690000      53675.3      20.3770    0.0220000      53675.3      20.3870    0.0330000      53675.3      20.3580    0.0460000      53675.3      20.1820     0.135000
       53677.352      20.5820    0.0690000      53677.4      20.4130    0.0210000      53677.4      20.4210    0.0290000      53677.4      20.2730    0.0380000      53677.4      20.1570    0.0970000
       53680.339      20.6200    0.0720000      53680.3      20.4060    0.0210000      53680.3      20.4310    0.0320000      53680.3      20.2970    0.0430000      53680.3      20.0080     0.103000
       53683.397      20.4520    0.0880000      53683.4      20.3620    0.0270000      53683.4      20.2890    0.0350000      53683.4      20.2960    0.0590000      53683.4      20.0140     0.168000
       53686.338      20.4040     0.174000      53686.3      20.4870    0.0690000      53686.3      20.3560    0.0600000      53686.3      20.3160    0.0730000      53686.3      20.3040     0.178000
       53687.395      20.6650     0.693000      53687.4      20.6080     0.225000      53687.4      20.0970     0.122000      53687.4      20.3260     0.164000      53687.4     -99.9900     0.320000
       53693.340      20.4120     0.205000      53693.3      20.3450    0.0770000      53693.3      20.1790    0.0590000      53693.3      20.1060    0.0670000      53693.3      19.9180     0.153000
       53699.361      20.3310    0.0880000      53699.4      20.3080    0.0310000      53699.4      20.2540    0.0340000      53699.4      20.1570    0.0420000      53699.4      20.0970     0.122000
       53704.324      20.4680    0.0830000      53704.3      20.3710    0.0230000      53704.3      20.3550    0.0340000      53704.3      20.3080    0.0490000      53704.3      20.2030     0.162000
       53989.420      20.9140     0.177000      53989.4      20.4990    0.0570000      53989.4      20.5820    0.0600000      53989.4      20.2810    0.0550000      53989.4      20.0350     0.118000
       53997.443     -99.9900    0.0560000      53997.4      20.5140    0.0210000      53997.4      20.5170    0.0300000      53997.4      20.3700    0.0380000      53997.4     -99.9900     0.112000
       54000.395      20.6410    0.0780000      54000.4      20.6240    0.0310000      54000.4      20.5050    0.0340000      54000.4      20.3180    0.0430000      54000.4      20.2670     0.140000
       54007.446      20.6760     0.108000      54007.4      20.5710    0.0290000      54007.4      20.4980    0.0380000      54007.4      20.5140    0.0640000      54007.4      20.2440     0.189000
       54009.369      20.5870    0.0570000      54009.4      20.5770    0.0230000      54009.4      20.5100    0.0260000      54009.4      20.3660    0.0340000      54009.4     -99.9900    0.0970000
       54011.434      20.5400    0.0550000      54011.4      20.5510    0.0220000      54011.4      20.5400    0.0310000      54011.4      20.3260    0.0360000      54011.4      20.1340    0.0930000
       54012.446      20.6210    0.0750000      54012.4      20.6170    0.0260000      54012.4      20.4900    0.0340000      54012.4      20.3630    0.0460000      54012.4      20.2160     0.131000
       54025.433      20.5900    0.0880000      54025.4      20.5570    0.0320000      54025.4      20.5330    0.0400000      54025.4      20.3840    0.0510000      54025.4      20.2380     0.140000
       54346.426      20.4450     0.111000      54346.4      20.3680    0.0430000      54346.4      20.3450    0.0430000      54346.4      20.2590    0.0480000      54346.4      20.0180    0.0960000
       54348.430      20.5410    0.0820000      54348.4      20.3860    0.0290000      54348.4      20.3030    0.0320000      54348.4      20.2960    0.0440000      54348.4      19.8180    0.0890000
       54358.386      20.4090    0.0740000      54358.4      20.3770    0.0330000      54358.4      20.3630    0.0470000      54358.4      20.0900    0.0420000      54358.4      20.1650     0.135000
       54365.419      20.5070    0.0550000      54365.4      20.3670    0.0220000      54365.4      20.3650    0.0270000      54365.4      20.2030    0.0340000      54365.4      20.1190     0.101000
       54381.439      20.4460    0.0630000      54381.4      20.4640    0.0230000      54381.4      20.3320    0.0260000      54381.4      20.2550    0.0370000      54381.4      19.9780    0.0860000
       54384.446      20.5310    0.0820000      54384.4      20.3920    0.0290000      54384.4      20.3640    0.0300000      54384.4      20.2400    0.0390000      54384.4      20.0760     0.123000
       54386.431      20.5540    0.0810000      54386.4      20.3890    0.0200000      54386.4      20.3190    0.0360000      54386.4      20.2640    0.0360000      54386.4      20.0710    0.0890000
       54388.435      20.4820    0.0660000      54388.4      20.4490    0.0350000      54388.4      20.3910    0.0290000      54388.4      20.2000    0.0340000      54388.4      19.9310    0.0790000
       54392.433      20.5050    0.0760000      54392.4      20.3950    0.0300000      54392.4      20.3180    0.0480000      54392.4      20.3040    0.0700000      54392.4      20.0230    0.0990000
       54403.349     -99.9900     0.146000      54403.4      20.3320    0.0730000      54403.3      20.4040    0.0460000      54403.3      20.2390    0.0510000      54403.4      20.4850     0.259000
       54406.343      20.5160    0.0640000      54406.3      20.4430    0.0260000      54406.3      20.3600    0.0290000      54406.3      20.1860    0.0320000      54406.3      20.0180    0.0810000
       54409.348      20.5600    0.0640000      54409.4      20.4200    0.0240000      54409.3      20.3770    0.0290000      54409.3      20.2780    0.0390000      54409.3      20.0290    0.0960000
       54412.369      20.4290    0.0650000      54412.4      20.4520    0.0250000      54412.4      20.3710    0.0280000      54412.4      20.1990    0.0360000      54412.4      20.1840     0.113000
       52234.000       20.611000     0.080000000       52234.000       20.525000     0.050000000       52234.000       20.448000     0.037000000       52234.000       20.351000     0.049000000       52234.000       20.215000      0.13800000
       51075       20.420000     0.051000000       51075       20.313000     0.023000000       51075       20.235000     0.029000000       51075       20.190000     0.044000000       51075       20.368000      0.19600000
       51133       20.491000     0.060000000       51133       20.375000     0.044000000       51133       20.335000     0.040000000       51133       20.156000     0.058000000       51133       20.455000      0.22400000
       51134       20.395000     0.048000000       51134       20.382000     0.027000000       51134       20.296000     0.029000000       51134       20.235000     0.039000000       51134       20.005000      0.10600000
       51138       20.468000     0.067000000       51138       20.328000     0.027000000       51138       20.334000     0.043000000       51138       20.073000     0.052000000       51138       20.147000      0.19200000
       51818       20.588000     0.056000000       51818       20.475000     0.027000000       51818       20.412000     0.032000000       51818       20.330000     0.041000000       51818       19.882000      0.10400000
       51874       20.664000     0.074000000       51874       20.528000     0.029000000       51874       20.439000     0.037000000       51874       20.312000     0.051000000       51874       20.297000      0.19800000
       52170       20.379000     0.057000000       52170       20.321000     0.027000000       52170       20.365000     0.033000000       52170       20.222000     0.041000000       52170       20.275000      0.13800000
       52171       20.473000     0.055000000       52171       20.365000     0.023000000       52171       20.790000     0.073000000       52171       20.268000     0.040000000       52171       20.032000      0.10700000
       52173       20.455000     0.059000000       52173       20.293000     0.026000000       52173       20.284000     0.030000000       52173       20.282000     0.045000000       52173       19.872000      0.11900000
       52224       20.613000     0.059000000       52224       20.455000     0.029000000       52224       20.420000     0.028000000       52224       20.272000     0.035000000       52224       20.199000      0.12200000
       52234       20.608000     0.074000000       52234       20.507000     0.045000000       52234       20.445000     0.036000000       52234       20.348000     0.047000000       52234       20.204000      0.13900000
       52261       20.468000     0.054000000       52261       20.413000     0.027000000       52261       20.459000     0.031000000       52261       20.300000     0.037000000       52261       20.066000      0.10500000
       52283       20.583000     0.079000000       52283       20.499000     0.038000000       52283       20.389000     0.051000000       52283       20.326000     0.059000000       52283       20.608000      0.24800000
       52287       20.515000     0.055000000       52287       20.473000     0.025000000       52287       20.472000     0.039000000       52287       20.416000     0.046000000       52287       19.984000     0.096000000
       52552       20.654000     0.069000000       52552       20.633000     0.031000000       52552       20.507000     0.047000000       52552       20.431000     0.053000000       52552       20.099000      0.14400000
       52557       20.732000     0.068000000       52557       20.702000     0.030000000       52557       20.552000     0.039000000       52557       20.466000     0.052000000       52557       20.064000      0.12800000
       52872       20.454000     0.068000000       52872       20.437000     0.034000000       52872       20.394000     0.037000000       52872       20.386000     0.044000000       52872       20.221000      0.11800000
       52908       20.448000     0.060000000       52908       20.383000     0.029000000       52908       20.322000     0.031000000       52908       20.227000     0.042000000       52908       19.831000      0.10600000
       52912       20.463000     0.060000000       52912       20.364000     0.028000000       52912       20.341000     0.028000000       52912       20.300000     0.040000000       52912       19.927000      0.13300000
       52934       20.468000     0.062000000       52934       20.413000     0.025000000       52934       20.381000     0.032000000       52934       20.260000     0.047000000       52934       19.951000      0.13100000
       52936       20.475000     0.053000000       52936       20.383000     0.021000000       52936       20.362000     0.033000000       52936       20.328000     0.047000000       52936       20.279000      0.15000000
       53270       20.700000     0.064000000       53270       20.673000     0.030000000       53270       20.544000     0.030000000       53270       20.430000     0.040000000       53270       20.050000      0.10800000
       53272       20.845000     0.082000000       53272       20.673000     0.032000000       53272       20.579000     0.036000000       53272       20.416000     0.048000000       53272       20.224000      0.14700000
       53286       20.761000     0.083000000       53286       20.646000     0.032000000       53286       20.523000     0.038000000       53286       20.455000     0.047000000       53286       20.111000      0.13000000
       53288       20.791000     0.070000000       53288       20.643000     0.026000000       53288       20.555000     0.034000000       53288       20.484000     0.045000000       53288       20.057000      0.11100000
       53294       21.016000      0.43800000       53294       20.478000     0.081000000       53294       20.418000      0.15700000       53294       20.360000      0.21300000       53294       19.178000      0.27000000
       53298       20.659000     0.070000000       53298       20.623000     0.029000000       53298       20.572000     0.041000000       53298       20.496000     0.060000000       53298       20.172000      0.17300000
       53312       20.904000      0.20500000       53312       20.615000     0.051000000       53312       20.549000     0.058000000       53312       20.398000     0.071000000       53312       20.076000      0.17500000
       53314       20.799000      0.10200000       53314       20.664000     0.036000000       53314       20.605000     0.047000000       53314       20.481000     0.058000000       53314       20.131000      0.15300000
       53319       20.895000     0.099000000       53319       20.750000     0.042000000       53319       20.520000     0.041000000       53319       20.349000     0.051000000       53319       20.513000      0.20900000
