       51075.335      19.5080    0.0280000      51075.3      19.5390    0.0130000      51075.3      19.2620    0.0130000      51075.3      19.2490    0.0180000      51075.3      19.3680    0.0750000
       52196.354      19.3710    0.0350000      52196.4      19.4030    0.0130000      52196.4      19.2060    0.0130000      52196.4      19.1810    0.0180000      52196.4      19.2070    0.0670000
       52197.349      19.4240    0.0300000      52197.4      19.4520    0.0130000      52197.3      19.1960    0.0130000      52197.3      19.1750    0.0170000      52197.4      19.1220    0.0530000
       52207.321      19.4150    0.0300000      52207.3      19.4040    0.0120000      52207.3      19.2080    0.0130000      52207.3      19.1810    0.0160000      52207.3      19.3160    0.0590000
       52225.199      19.4800    0.0310000      52225.2      19.3980    0.0120000      52225.2      19.2050    0.0130000      52225.2      19.1670    0.0170000      52225.2      19.2470    0.0620000
       52231.235      19.4360    0.0290000      52231.2      19.4130    0.0120000      52231.2      19.2060    0.0120000      52231.2      19.1680    0.0150000      52231.2      19.2770    0.0540000
       52253.221      19.4550    0.0370000      52253.2      19.4370    0.0150000      52253.2      19.2020    0.0140000      52253.2      19.1810    0.0180000      52253.2      19.1720    0.0620000
       52557.343      19.3840    0.0330000      52557.3      19.3950    0.0130000      52557.3      19.2110    0.0150000      52557.3      19.1360    0.0180000      52557.3      19.2580    0.0660000
       52578.239      19.5190    0.0300000      52578.2      19.4880    0.0120000      52578.2      19.2330    0.0130000      52578.2      19.2170    0.0170000      52578.2      19.1710    0.0570000
       52908.317      19.5780    0.0340000      52908.3      19.5540    0.0130000      52908.3      19.3010    0.0140000      52908.3      19.2510    0.0170000      52908.3      19.3150    0.0630000
       52934.249      19.4750    0.0380000      52934.2      19.5120    0.0140000      52934.2      19.2530    0.0160000      52934.2      19.2660    0.0240000      52934.2      19.3710    0.0860000
       52936.245      19.4640    0.0290000      52936.2      19.5170    0.0130000      52936.2      19.2780    0.0130000      52936.2      19.2660    0.0160000      52936.2      19.2870    0.0530000
       53270.309      19.6100    0.0290000      53270.3      19.6400    0.0150000      53270.3      19.3850    0.0210000      53270.3      19.3890    0.0180000      53270.3      19.5530    0.0560000
       53272.359      19.6100    0.0340000      53272.4      19.6780    0.0130000      53272.4      19.4090    0.0140000      53272.4      19.4110    0.0200000      53272.4      19.4990    0.0610000
       53286.328      19.6360    0.0470000      53286.3      19.6750    0.0220000      53286.3      19.3730    0.0160000      53286.3      19.3530    0.0200000      53286.3      19.4050    0.0920000
       53288.286      19.5630    0.0380000      53288.3      19.6690    0.0150000      53288.3      19.3650    0.0170000      53288.3      19.3390    0.0200000      53288.3      19.4760    0.0670000
       53294.334      19.5950    0.0400000      53294.3      19.7300    0.0160000      53294.3      19.4020    0.0190000      53294.3      19.3830    0.0240000      53294.3      19.3940    0.0720000
       53296.281      19.6460    0.0420000      53296.3      19.6810    0.0290000      53296.3      19.4470    0.0250000      53296.3      19.3660    0.0220000      53296.3      19.3810    0.0780000
       53298.331      19.6630    0.0410000      53298.3      19.6740    0.0160000      53298.3      19.3380    0.0180000      53298.3      19.3890    0.0220000      53298.3      19.4350    0.0770000
       53302.282      19.6090    0.0550000      53302.3      19.6300    0.0270000      53302.3      19.4300    0.0220000      53302.3      19.3500    0.0230000      53302.3      19.4310    0.0650000
       53312.238      19.5870    0.0400000      53312.2      19.6830    0.0220000      53312.2      19.3750    0.0190000      53312.2      19.3500    0.0210000      53312.2      19.3540    0.0700000
       53314.239      19.4990    0.0340000      53314.2      19.6680    0.0150000      53314.2      19.3580    0.0150000      53314.2      19.3580    0.0210000      53314.2      19.4560    0.0770000
       53616.343      19.4450    0.0440000      53616.3      19.4150    0.0130000      53616.3      19.2390    0.0170000      53616.3      19.2180    0.0250000      53616.3      19.2110    0.0800000
       53626.320      19.3470    0.0290000      53626.3      19.4230    0.0130000      53626.3      19.2410    0.0130000      53626.3      19.2230    0.0160000      53626.3      19.2490    0.0500000
       53628.304      19.3950    0.0570000      53628.3      19.4420    0.0250000      53628.3      19.2460    0.0200000      53628.3      19.2230    0.0240000      53628.3      19.2630    0.0710000
       53637.306      19.3980    0.0480000      53637.3      19.4410    0.0210000      53637.3      19.2280    0.0180000      53637.3      19.1610    0.0240000      53637.3      19.1280    0.0720000
       53639.351      19.3870    0.0300000      53639.4      19.4030    0.0130000      53639.4      19.2000    0.0120000      53639.4      19.2110    0.0150000      53639.4      19.3730    0.0500000
       53654.333      19.3530    0.0300000      53654.3      19.3830    0.0120000      53654.3      19.1990    0.0140000      53654.3      19.1550    0.0170000      53654.3      19.2200    0.0600000
       53663.294      19.3810    0.0510000      53663.3      19.3860    0.0210000      53663.3      19.2070    0.0180000      53663.3      19.1340    0.0180000      53663.3      19.1790    0.0540000
       53665.272      19.3390    0.0350000      53665.3      19.4140    0.0160000      53665.3      19.2090    0.0140000      53665.3      19.1960    0.0160000      53665.3      19.2200    0.0460000
       53666.364      19.3780    0.0500000      53666.4      19.4040    0.0190000      53666.4      19.2160    0.0160000      53666.4      19.1880    0.0180000      53666.4      19.2620    0.0610000
       53668.284      19.3650    0.0380000      53668.3      19.3730    0.0150000      53668.3      19.1820    0.0160000      53668.3      19.1520    0.0210000      53668.3      19.2360    0.0760000
       53670.289      19.4050    0.0320000      53670.3      19.3940    0.0130000      53670.3      19.2040    0.0140000      53670.3      19.1890    0.0190000      53670.3      19.2350    0.0580000
       53673.256      19.3150    0.0300000      53673.3      19.3900    0.0120000      53673.3      19.1890    0.0130000      53673.3      19.1640    0.0160000      53673.3      19.3180    0.0600000
       53675.253      19.3820    0.0390000      53675.3     -99.9900    0.0120000      53675.2      19.1880    0.0150000      53675.3      19.1270    0.0190000      53675.3      19.2570    0.0630000
       53677.274      19.3340    0.0280000      53677.3      19.3750    0.0110000      53677.3      19.1840    0.0130000      53677.3      19.1720    0.0150000      53677.3      19.1810    0.0440000
       53680.261      19.4080    0.0310000      53680.3      19.3980    0.0120000      53680.3      19.1720    0.0120000      53680.3      19.1410    0.0150000      53680.3      19.2530    0.0490000
       53693.263      19.3620    0.0550000      53693.3      19.4230    0.0250000      53693.3      19.1550    0.0160000      53693.3      19.1530    0.0180000      53693.3      19.1120    0.0530000
       53698.260      19.2620    0.0330000      53698.3      19.3770    0.0130000      53698.3      19.1830    0.0130000      53698.3      19.1170    0.0170000      53698.3      19.3350    0.0730000
       53704.246      19.3640    0.0360000      53704.2      19.4050    0.0130000      53704.2      19.1550    0.0140000      53704.2      19.1520    0.0190000      53704.2      19.2910    0.0850000
       53977.388      18.9760    0.0220000      53977.4     -99.9900    0.0170000      53977.4      18.8890    0.0110000      53977.4      18.8820    0.0140000      53977.4      18.9800    0.0370000
       53989.342      19.0370    0.0520000      53989.3      19.0400    0.0200000      53989.3      18.8830    0.0180000      53989.3      18.8740    0.0210000      53989.3      18.8470    0.0370000
       53995.357      18.9980    0.0210000      53995.4      19.0510    0.0190000      53995.4      18.8900    0.0150000      53995.4      18.9010    0.0190000      53995.4      19.0030    0.0410000
       54000.318      19.0460    0.0510000      54000.3      19.0400    0.0150000      54000.3      18.9140    0.0200000      54000.3      18.8760    0.0260000      54000.3      18.9490    0.0520000
       54006.265      19.0250    0.0230000      54006.3     -99.9900    0.0240000      54006.3      18.9200    0.0190000      54006.3     -99.9900    0.0160000      54006.3     -99.9900    0.0410000
       54007.368      19.0420    0.0330000      54007.4      19.0770    0.0330000      54007.4     -99.9900    0.0330000      54007.4      18.8490    0.0230000      54007.4      18.9740    0.0590000
       54009.292      19.0620    0.0260000      54009.3      19.0230    0.0190000      54009.3      18.9150    0.0240000      54009.3      18.8810    0.0200000      54009.3      19.0000    0.0450000
       54011.356      19.0180    0.0260000      54011.4      19.0510    0.0150000      54011.4      18.8890    0.0150000      54011.4      18.8920    0.0190000      54011.4      19.0570    0.0390000
       54025.355      19.0630    0.0350000      54025.4      19.0610    0.0140000      54025.4      18.8950    0.0170000      54025.4      18.8870    0.0190000      54025.4      18.9800    0.0560000
       54029.286      19.0430    0.0370000      54029.3      19.0460    0.0250000      54029.3      18.8790    0.0240000      54029.3      18.9030    0.0210000      54029.3      18.9600    0.0510000
       54348.353     -99.9900    0.0290000      54348.4      19.2300    0.0180000      54348.4      18.9860    0.0160000      54348.4      18.9160    0.0260000      54348.4      18.9670    0.0420000
       54358.309      19.3420    0.0350000      54358.3      19.3010    0.0210000      54358.3      19.0040    0.0170000      54358.3      18.9550    0.0230000      54358.3      19.0920    0.0650000
       54359.303     -99.9900    0.0780000      54359.3      19.2740    0.0250000      54359.3      19.0290    0.0260000      54359.3      18.9550    0.0350000      54359.3      18.9350     0.126000
       54365.342      19.4010    0.0360000      54365.3      19.3380    0.0170000      54365.3      19.0150    0.0180000      54365.3      18.9850    0.0180000      54365.3      19.0970    0.0410000
       54381.361      19.2950    0.0330000      54381.4      19.3590    0.0230000      54381.4      19.0560    0.0150000      54381.4      19.0340    0.0200000      54381.4      19.0700    0.0430000
       54384.368      19.2400    0.0330000      54384.4      19.2970    0.0160000      54384.4      19.0550    0.0170000      54384.4      19.0070    0.0170000      54384.4      19.1380    0.0490000
       54386.354      19.3000    0.0380000      54386.4      19.2980    0.0140000      54386.4      19.0630    0.0180000      54386.4      18.9880    0.0220000      54386.4      19.0760    0.0590000
       54388.358      19.3480    0.0310000      54388.4      19.2940    0.0150000      54388.4      19.0370    0.0160000      54388.4      19.0020    0.0180000      54388.4      19.1510    0.0450000
       54403.272      19.2930    0.0660000      54403.3      19.3350    0.0370000      54403.3      19.1050    0.0360000      54403.3      18.9640    0.0300000      54403.3      18.9440    0.0670000
       54404.329      19.2480    0.0400000      54404.3      19.3210    0.0180000      54404.3      19.0110    0.0180000      54404.3      19.0170    0.0170000      54404.3      19.1090    0.0560000
       54405.327      19.3520    0.0360000      54405.3      19.3240    0.0150000      54405.3      19.0270    0.0170000      54405.3      19.0150    0.0170000      54405.3      19.0950    0.0460000
       54406.266      19.2310    0.0290000      54406.3      19.2400    0.0260000      54406.3      19.0300    0.0170000      54406.3      19.0340    0.0190000      54406.3      19.0840    0.0490000
       54412.269      19.3250    0.0310000      54412.3      19.2840    0.0180000      54412.3      19.0540    0.0160000      54412.3      18.9950    0.0190000      54412.3      19.0140    0.0480000
       52197.000       19.448000     0.035000000       52197.000       19.488000     0.022000000       52197.000       19.200000     0.020000000       52197.000       19.173000     0.020000000       52197.000       19.123000     0.054000000
       51075       19.505000     0.028000000       51075       19.547000     0.014000000       51075       19.253000     0.020000000       51075       19.234000     0.022000000       51075       19.334000     0.073000000
       51134       19.523000     0.093000000       51134       19.498000     0.026000000       51134       19.292000     0.025000000       51134       19.421000     0.047000000       51134       19.571000      0.14600000
       52196       19.408000     0.036000000       52196       19.426000     0.028000000       52196       19.224000     0.016000000       52196       19.193000     0.021000000       52196       19.206000     0.068000000
       52197       19.450000     0.032000000       52197       19.484000     0.023000000       52197       19.205000     0.019000000       52197       19.169000     0.021000000       52197       19.122000     0.054000000
       52207       19.421000     0.031000000       52207       19.468000     0.023000000       52207       19.234000     0.019000000       52207       19.194000     0.028000000       52207       19.319000     0.056000000
       52225       19.484000     0.030000000       52225       19.410000     0.026000000       52225       19.224000     0.019000000       52225       19.149000     0.029000000       52225       19.229000     0.059000000
       52253       19.512000     0.040000000       52253       19.445000     0.026000000       52253       19.194000     0.031000000       52253       19.174000     0.032000000       52253       19.166000     0.065000000
       52557       19.422000     0.036000000       52557       19.408000     0.019000000       52557       19.234000     0.022000000       52557       19.132000     0.023000000       52557       19.236000     0.063000000
       52578       19.509000     0.036000000       52578       19.527000     0.019000000       52578       19.242000     0.015000000       52578       19.235000     0.022000000       52578       19.202000     0.063000000
       52908       19.608000     0.032000000       52908       19.562000     0.017000000       52908       19.293000     0.025000000       52908       19.230000     0.021000000       52908       19.309000     0.063000000
       52934       19.552000     0.055000000       52934       19.530000     0.028000000       52934       19.255000     0.022000000       52934       19.291000     0.029000000       52934       19.386000     0.094000000
       52936       19.478000     0.037000000       52936       19.548000     0.021000000       52936       19.293000     0.018000000       52936       19.272000     0.027000000       52936       19.314000     0.053000000
       53270       19.663000     0.029000000       53270       19.677000     0.017000000       53270       19.392000     0.022000000       53270       19.386000     0.018000000       53270       19.500000     0.060000000
       53272       19.626000     0.038000000       53272       19.707000     0.024000000       53272       19.409000     0.020000000       53272       19.403000     0.021000000       53272       19.499000     0.061000000
       53286       19.697000     0.043000000       53286       19.688000     0.025000000       53286       19.368000     0.019000000       53286       19.337000     0.026000000       53286       19.393000     0.089000000
       53288       19.652000     0.040000000       53288       19.715000     0.018000000       53288       19.393000     0.024000000       53288       19.393000     0.028000000       53288       19.545000     0.068000000
       53294       19.655000     0.041000000       53294       19.742000     0.023000000       53294       19.375000     0.027000000       53294       19.382000     0.028000000       53294       19.386000     0.072000000
       53298       19.744000     0.047000000       53298       19.726000     0.028000000       53298       19.349000     0.020000000       53298       19.420000     0.024000000       53298       19.423000     0.073000000
       53312       19.633000     0.042000000       53312       19.719000     0.026000000       53312       19.393000     0.021000000       53312       19.360000     0.024000000       53312       19.398000     0.084000000
       53314       19.556000     0.040000000       53314       19.746000     0.044000000       53314       19.396000     0.026000000       53314       19.391000     0.023000000       53314       19.504000     0.080000000
