       51075.417      20.6050    0.0690000      51075.4      20.4580    0.0250000      51075.4      20.1830    0.0270000      51075.4      19.9400    0.0380000      51075.4      19.7050     0.116000
       51818.387      20.9170    0.0890000      51818.4      20.5490    0.0250000      51818.4      20.3160    0.0270000      51818.4      20.0330    0.0340000      51818.4      19.8830     0.107000
       52171.375      20.6840    0.0780000      52171.4      20.5180    0.0230000      52171.4      20.2370    0.0240000      52171.4      20.0260    0.0320000      52171.4      20.1210     0.128000
       52173.351      20.8350    0.0990000      52173.4      20.5780    0.0280000      52173.3      20.2420    0.0280000      52173.4      20.0000    0.0380000      52173.4      19.7960     0.132000
       52224.331      20.7180    0.0710000      52224.3      20.6450    0.0240000      52224.3      20.3490    0.0260000      52224.3      20.0450    0.0310000      52224.3      20.0840     0.113000
       52234.288      21.1720     0.119000      52234.3      20.6700    0.0300000      52234.3      20.3290    0.0330000      52234.3      20.0510    0.0350000      52234.3      19.9970     0.116000
       52261.251      20.6850    0.0700000      52261.3      20.5890    0.0240000      52261.2      20.2970    0.0250000      52261.2      20.0720    0.0290000      52261.2      19.8800    0.0820000
       52283.118      20.7360     0.115000      52283.1      20.5600    0.0310000      52283.1      20.2230    0.0380000      52283.1      20.0510    0.0550000      52283.1      19.9280     0.179000
       52287.131      20.9910    0.0920000      52287.1      20.6520    0.0270000      52287.1      20.3140    0.0270000      52287.1      20.1040    0.0360000      52287.1      19.9880     0.100000
       52552.450      20.8660    0.0870000      52552.5      20.7760    0.0280000      52552.4      20.4180    0.0310000      52552.4      20.1200    0.0400000      52552.4      20.2390     0.137000
       52557.425      20.9070    0.0880000      52557.4      20.8000    0.0280000      52557.4      20.3720    0.0300000      52557.4      20.1610    0.0400000      52557.4      20.1690     0.146000
       52908.399      20.6370    0.0740000      52908.4      20.4380    0.0230000      52908.4      20.1840    0.0250000      52908.4      19.9710    0.0320000      52908.4      19.7110    0.0920000
       52912.379      20.6170    0.0760000      52912.4      20.4550    0.0230000      52912.4      20.2140    0.0250000      52912.4      19.9990    0.0300000      52912.4      19.9510     0.106000
       52934.331      20.6390    0.0760000      52934.3      20.4810    0.0240000      52934.3      20.1650    0.0260000      52934.3      19.9900    0.0360000      52934.3      20.1220     0.151000
       52936.327      20.7160    0.0690000      52936.3      20.4370    0.0210000      52936.3      20.2100    0.0250000      52936.3      19.9590    0.0320000      52936.3     -99.9900    0.0980000
       53270.391      20.5760    0.0560000      53270.4      20.4160    0.0220000      53270.4      20.1230    0.0240000      53270.4      19.8910    0.0240000      53270.4      19.7750    0.0750000
       53272.441      20.6760    0.0780000      53272.4      20.3530    0.0210000      53272.4      20.1370    0.0250000      53272.4      20.0020    0.0360000      53272.4      19.9300     0.117000
       53286.410      20.6140    0.0870000      53286.4      20.3980    0.0250000      53286.4      20.1410    0.0270000      53286.4      19.9590    0.0330000      53286.4      19.8840     0.102000
       53288.368      20.6090    0.0780000      53288.4      20.4350    0.0210000      53288.4      20.1170    0.0240000      53288.4      19.9540    0.0330000      53288.4      19.8700     0.105000
       53296.363      20.6350    0.0770000      53296.4      20.3790    0.0250000      53296.4      20.1750    0.0340000      53296.4      20.0140    0.0380000      53296.4      19.8710     0.108000
       53298.413      20.4280    0.0690000      53298.4      20.3220    0.0200000      53298.4      20.0770    0.0300000      53298.4      19.9480    0.0420000      53298.4      19.6760     0.107000
       53302.364      20.4770    0.0860000      53302.4      20.3970    0.0370000      53302.4      20.1340    0.0330000      53302.4      19.9050    0.0350000      53302.4      19.8830     0.102000
       53312.319      20.8560     0.177000      53312.3      20.4060    0.0470000      53312.3      20.1270    0.0400000      53312.3      19.9570    0.0460000      53312.3      19.8810     0.148000
       53314.321      20.5390    0.0900000      53314.3      20.3560    0.0330000      53314.3      20.1650    0.0310000      53314.3      19.9280    0.0370000      53314.3      20.1650     0.158000
       53319.308      20.5070    0.0870000      53319.3      20.3730    0.0280000      53319.3      20.1430    0.0330000      53319.3      19.9770    0.0410000      53319.3      20.3080     0.180000
       53616.425      20.7890     0.110000      53616.4      20.4950    0.0270000      53616.4      20.2900    0.0300000      53616.4      19.9360    0.0370000      53616.4      19.9060     0.115000
       53628.386      20.9760     0.153000      53628.4      20.5360    0.0440000      53628.4      20.2420    0.0400000      53628.4      20.0530    0.0470000      53628.4      19.9220     0.134000
       53639.433      20.7840     0.107000      53639.4      20.5870    0.0300000      53639.4      20.2390    0.0280000      53639.4      20.0230    0.0360000      53639.4      20.1220     0.122000
       53641.432      20.8020     0.111000      53641.4      20.5820    0.0310000      53641.4      20.3090    0.0290000      53641.4      19.9900    0.0330000      53641.4      20.0020     0.116000
       53657.391      20.6730     0.144000      53657.4      20.5220    0.0570000      53657.4      20.2550    0.0460000      53657.4      20.0750    0.0540000      53657.4      19.9510     0.164000
       53663.376      20.8840     0.226000      53663.4      20.4860    0.0660000      53663.4      20.2160    0.0510000      53663.4      19.9240    0.0460000      53663.4      20.1170     0.150000
       53665.354      20.7000     0.134000      53665.4      20.5960    0.0420000      53665.4      20.2750    0.0360000      53665.4      20.0050    0.0400000      53665.4      20.1320     0.128000
       53666.446      20.9050     0.192000      53666.4      20.6260    0.0480000      53666.4      20.2730    0.0370000      53666.4      20.0360    0.0380000      53666.4      19.9460     0.113000
       53668.365      20.7810     0.149000      53668.4      20.5600    0.0450000      53668.4      20.1820    0.0380000      53668.4      20.0690    0.0500000      53668.4      20.0730     0.170000
       53669.453      20.5520     0.148000      53669.5      20.5610    0.0400000      53669.5      20.2290    0.0380000      53669.5      20.0160    0.0460000      53669.5      19.9070     0.120000
       53670.370      20.8530     0.122000      53670.4      20.5670    0.0330000      53670.4      20.2770    0.0340000      53670.4      20.0230    0.0380000      53670.4      20.1560     0.143000
       53673.338      20.6820    0.0770000      53673.3      20.5340    0.0230000      53673.3      20.2740    0.0260000      53673.3      19.9390    0.0280000      53673.3      19.9910    0.0940000
       53675.335      21.0020     0.109000      53675.3      20.5450    0.0240000      53675.3      20.2720    0.0300000      53675.3      20.0890    0.0390000      53675.3      19.9550     0.110000
       53677.356      20.8580    0.0850000      53677.4      20.6120    0.0230000      53677.4      20.2950    0.0250000      53677.4      20.0270    0.0280000      53677.4      19.9130    0.0780000
       53680.343      20.8830    0.0930000      53680.3      20.5310    0.0230000      53680.3      20.2000    0.0270000      53680.3      20.0030    0.0330000      53680.3      19.7770    0.0860000
       53683.401      20.7700     0.116000      53683.4      20.4960    0.0350000      53683.4      20.2110    0.0410000      53683.4      19.9860    0.0480000      53683.4      19.9740     0.169000
       53686.342      20.8560     0.202000      53686.3      20.6180    0.0740000      53686.3      20.2280    0.0550000      53686.3      20.0290    0.0490000      53686.3      19.8630     0.106000
       53693.345      21.1320     0.377000      53693.3      20.4410    0.0740000      53693.3      20.1460    0.0650000      53693.3      19.9090    0.0550000      53693.3      19.7690     0.132000
       53699.366      20.5790    0.0990000      53699.4      20.5030    0.0310000      53699.4      20.2180    0.0290000      53699.4      19.9620    0.0320000      53699.4      19.8530    0.0890000
       53704.328      20.6270     0.110000      53704.3      20.5340    0.0320000      53704.3      20.2490    0.0290000      53704.3      20.0320    0.0430000      53704.3      20.0680     0.134000
       53989.424      20.6700     0.151000      53989.4      20.5330    0.0580000      53989.4      20.2780    0.0460000      53989.4      20.0920    0.0460000      53989.4      19.9450     0.105000
       53997.448      20.7460    0.0690000      53997.4      20.5490    0.0250000      53997.4      20.2510    0.0220000      53997.4      19.9770    0.0280000      53997.4      20.2380     0.107000
       54000.399      20.9900     0.115000      54000.4     -99.9900    0.0440000      54000.4     -99.9900    0.0880000      54000.4     -99.9900    0.0640000      54000.4      19.7540    0.0950000
       54007.450     -99.9900    0.0910000      54007.5      20.6000    0.0260000      54007.4      20.3050    0.0330000      54007.4      20.1170    0.0370000      54007.4      20.0560     0.105000
       54009.373      20.7950    0.0640000      54009.4      20.5820    0.0250000      54009.4      20.2750    0.0290000      54009.4      20.0660    0.0290000      54009.4     -99.9900    0.0760000
       54011.438      20.6770    0.0620000      54011.4      20.6720    0.0220000      54011.4     -99.9900    0.0260000      54011.4      20.0160    0.0290000      54011.4      20.1100    0.0890000
       54012.451      20.6540    0.0860000      54012.5     -99.9900    0.0310000      54012.4      20.2870    0.0320000      54012.4      20.0820    0.0380000      54012.5      19.9340     0.104000
       54025.437      20.7910     0.116000      54025.4      20.5960    0.0320000      54025.4      20.3420    0.0390000      54025.4      20.0410    0.0390000      54025.4      20.2770     0.158000
       54346.431      20.9060     0.162000      54346.4      20.5530    0.0530000      54346.4      20.2300    0.0390000      54346.4      19.9560    0.0370000      54346.4      19.8250    0.0830000
       54348.435      20.7310     0.100000      54348.4      20.4090    0.0310000      54348.4      20.2870    0.0330000      54348.4      19.9330    0.0320000      54348.4      20.0420     0.112000
       54358.391     -99.9900    0.0750000      54358.4      20.4500    0.0310000      54358.4      20.2100    0.0350000      54358.4      19.9580    0.0320000      54358.4      19.8250    0.0910000
       54365.424      20.6700    0.0600000      54365.4      20.5160    0.0230000      54365.4      20.1740    0.0230000      54365.4      19.9290    0.0380000      54365.4      19.9120    0.0890000
       54381.443      20.5060    0.0630000      54381.4      20.5090    0.0270000      54381.4      20.1570    0.0250000      54381.4      19.9550    0.0290000      54381.4      19.8040    0.0720000
       54384.450     -99.9900    0.0990000      54384.5     -99.9900    0.0550000      54384.4      20.2360    0.0330000      54384.4      20.0460    0.0360000      54384.4     -99.9900     0.203000
       54386.435      20.6310    0.0720000      54386.4      20.5330    0.0240000      54386.4      20.2110    0.0280000      54386.4      20.0050    0.0290000      54386.4      20.0290    0.0790000
       54388.440      20.7930    0.0830000      54388.4      20.5150    0.0280000      54388.4      20.2030    0.0260000      54388.4      20.0060    0.0320000      54388.4      19.8830    0.0730000
       54392.437      20.7000     0.112000      54392.4      20.5390    0.0380000      54392.4      20.2880    0.0340000      54392.4      19.9280    0.0400000      54392.4      19.9960    0.0960000
       54403.353      20.7180     0.224000      54403.4      20.4230    0.0680000      54403.4      20.1400    0.0660000      54403.4      19.9980    0.0890000      54403.4      19.9830     0.176000
       54404.411     -99.9900     0.826000      54404.4      20.5070    0.0520000      54404.4     -99.9900    0.0630000      54404.4      20.0080    0.0420000      54404.4     -99.9900      1.39400
       54406.347      20.6510    0.0740000      54406.3      20.5460    0.0280000      54406.3      20.2460    0.0270000      54406.3      19.9830    0.0300000      54406.3      19.8080    0.0650000
       54409.352      20.6370    0.0640000      54409.4      20.4950    0.0310000      54409.4      20.1690    0.0250000      54409.4      20.0100    0.0330000      54409.4      20.0330    0.0900000
       54412.373      20.6030    0.0810000      54412.4      20.5440    0.0320000      54412.4      20.2220    0.0280000      54412.4      20.0210    0.0340000      54412.4      20.0210     0.109000
       52234.000       21.177000      0.11800000       52234.000       20.680000     0.036000000       52234.000       20.332000     0.033000000       52234.000       20.054000     0.035000000       52234.000       20.016000      0.11300000
       51075       20.624000     0.060000000       51075       20.508000     0.029000000       51075       20.279000     0.030000000       51075       20.016000     0.043000000       51075       19.754000      0.11800000
       51133       21.153000      0.11500000       51133       20.569000     0.045000000       51133       20.330000     0.040000000       51133       20.105000     0.053000000       51133       19.997000      0.17600000
       51134       20.756000     0.057000000       51134       20.548000     0.030000000       51134       20.237000     0.034000000       51134       20.013000     0.035000000       51134       20.268000      0.12300000
       51138       20.823000     0.083000000       51138       20.480000     0.034000000       51138       20.358000     0.040000000       51138       20.089000     0.057000000       51138       19.943000      0.16500000
       51818       20.969000     0.069000000       51818       20.582000     0.031000000       51818       20.325000     0.029000000       51818       20.054000     0.038000000       51818       19.910000      0.10600000
       51874       21.005000     0.091000000       51874       20.794000     0.040000000       51874       20.427000     0.040000000       51874       20.276000     0.058000000       51874       20.116000      0.15900000
       52170       20.839000     0.072000000       52170       20.550000     0.034000000       52170       20.299000     0.029000000       52170       20.032000     0.033000000       52170       20.041000      0.10500000
       52171       20.676000     0.066000000       52171       20.521000     0.033000000       52171       20.229000     0.029000000       52171       20.057000     0.036000000       52171       20.148000      0.12800000
       52173       20.922000     0.092000000       52173       20.591000     0.029000000       52173       20.275000     0.033000000       52173       20.033000     0.041000000       52173       19.832000      0.13100000
       52224       20.706000     0.060000000       52224       20.658000     0.030000000       52224       20.339000     0.027000000       52224       20.038000     0.033000000       52224       20.117000      0.11200000
       52234       21.224000      0.11500000       52234       20.714000     0.035000000       52234       20.364000     0.036000000       52234       20.074000     0.037000000       52234       20.019000      0.11600000
       52261       20.666000     0.064000000       52261       20.588000     0.036000000       52261       20.289000     0.030000000       52261       20.049000     0.036000000       52261       19.874000     0.084000000
       52283       20.758000     0.095000000       52283       20.639000     0.064000000       52283       20.268000     0.041000000       52283       20.094000     0.057000000       52283       20.001000      0.17900000
       52287       21.089000     0.082000000       52287       20.684000     0.052000000       52287       20.363000     0.032000000       52287       20.160000     0.045000000       52287       20.031000      0.10000000
       52552       20.945000     0.082000000       52552       20.826000     0.033000000       52552       20.492000     0.038000000       52552       20.187000     0.047000000       52552       20.307000      0.14100000
       52553       20.803000     0.073000000       52553       20.752000     0.040000000       52553       20.367000     0.033000000       52553       20.133000     0.040000000       52553       19.992000      0.10100000
       52557       21.042000     0.083000000       52557       20.863000     0.040000000       52557       20.471000     0.040000000       52557       20.284000     0.053000000       52557       20.166000      0.13800000
       52872       20.611000     0.078000000       52872       20.453000     0.033000000       52872       20.101000     0.029000000       52872       20.001000     0.032000000       52872       19.923000     0.086000000
       52908       20.674000     0.065000000       52908       20.478000     0.028000000       52908       20.203000     0.032000000       52908       19.996000     0.035000000       52908       19.715000     0.088000000
       52912       20.624000     0.060000000       52912       20.475000     0.030000000       52912       20.214000     0.034000000       52912       20.003000     0.039000000       52912       19.933000      0.10100000
       52934       20.667000     0.070000000       52934       20.496000     0.031000000       52934       20.175000     0.034000000       52934       20.002000     0.042000000       52934       20.181000      0.15900000
       52936       20.713000     0.059000000       52936       20.575000     0.031000000       52936       20.369000     0.041000000       52936       20.115000     0.049000000       52936       19.794000     0.095000000
       53270       20.631000     0.057000000       53270       20.434000     0.024000000       53270       20.133000     0.031000000       53270       19.926000     0.030000000       53270       19.834000     0.087000000
       53272       20.727000     0.069000000       53272       20.419000     0.032000000       53272       20.160000     0.033000000       53272       20.064000     0.044000000       53272       19.989000      0.11800000
       53286       20.633000     0.078000000       53286       20.404000     0.030000000       53286       20.131000     0.033000000       53286       19.949000     0.037000000       53286       19.864000      0.10100000
       53288       20.622000     0.072000000       53288       20.441000     0.030000000       53288       20.098000     0.031000000       53288       19.938000     0.037000000       53288       19.826000     0.099000000
       53294       20.645000      0.30700000       53294       20.624000      0.11400000       53294       20.585000      0.18900000       53294       19.429000      0.24900000       53294       19.635000      0.30900000
       53298       20.472000     0.062000000       53298       20.398000     0.026000000       53298       20.116000     0.032000000       53298       19.955000     0.044000000       53298       19.756000      0.10600000
       53312       21.074000      0.20100000       53312       20.499000     0.060000000       53312       20.212000     0.049000000       53312       20.049000     0.058000000       53312       19.926000      0.17200000
       53314       20.549000     0.082000000       53314       20.379000     0.037000000       53314       20.153000     0.036000000       53314       19.911000     0.040000000       53314       20.162000      0.15700000
       53319       20.605000     0.085000000       53319       20.425000     0.036000000       53319       20.173000     0.040000000       53319       20.030000     0.050000000       53319       20.458000      0.20700000
