       51075.331      19.4530    0.0300000      51075.3      19.2960    0.0120000      51075.3      19.1230    0.0130000      51075.3      19.0990    0.0170000      51075.3      18.9420    0.0530000
       52196.350      19.5570    0.0370000      52196.4      19.3660    0.0130000      52196.3      19.2060    0.0130000      52196.3      19.1820    0.0160000      52196.4      19.0160    0.0490000
       52197.344      19.5470    0.0370000      52197.3     -99.9900    0.0130000      52197.3      19.2050    0.0130000      52197.3      19.1480    0.0150000      52197.3      19.0850    0.0510000
       52207.316      19.5430    0.0360000      52207.3      19.3880    0.0130000      52207.3      19.2190    0.0130000      52207.3      19.2080    0.0160000      52207.3      18.9970    0.0440000
       52225.194      19.5970    0.0380000      52225.2      19.3800    0.0130000      52225.2      19.2300    0.0160000      52225.2      19.2070    0.0180000      52225.2      19.0190    0.0470000
       52231.230      19.5910    0.0370000      52231.2      19.4110    0.0120000      52231.2      19.2380    0.0130000      52231.2      19.2060    0.0150000      52231.2      19.0440    0.0420000
       52253.216      19.6770    0.0460000      52253.2      19.4510    0.0140000      52253.2      19.2660    0.0140000      52253.2      19.2350    0.0160000      52253.2      18.9130    0.0420000
       52557.338      19.5100    0.0420000      52557.3      19.3490    0.0140000      52557.3      19.1880    0.0150000      52557.3      19.1710    0.0190000      52557.3      18.9830    0.0520000
       52578.234      19.4820    0.0320000      52578.2      19.3360    0.0120000      52578.2      19.1540    0.0120000      52578.2      19.1330    0.0150000      52578.2      18.9540    0.0410000
       52908.313      19.6390    0.0390000      52908.3      19.4200    0.0130000      52908.3      19.2110    0.0140000      52908.3      19.2380    0.0170000      52908.3      19.0720    0.0540000
       52934.245      19.6090    0.0450000      52934.2      19.4710    0.0140000      52934.2      19.2830    0.0180000      52934.2      19.1870    0.0210000      52934.2      19.2030    0.0770000
       52936.240      19.7050    0.0380000      52936.2      19.4670    0.0120000      52936.2      19.2770    0.0140000      52936.2      19.2560    0.0150000      52936.2      19.1040    0.0420000
       52962.166      19.6380    0.0440000      52962.2      19.4680    0.0150000      52962.2      19.2720    0.0150000      52962.2      19.2020    0.0210000      52962.2      19.1200    0.0670000
       53270.305      19.8600    0.0400000      53270.3      19.6590    0.0180000      53270.3      19.4450    0.0190000      53270.3      19.4510    0.0190000      53270.3      19.2910    0.0420000
       53272.354      19.8380    0.0460000      53272.4      19.6430    0.0150000      53272.4      19.4410    0.0150000      53272.4      19.3980    0.0180000      53272.4      19.1900    0.0500000
       53286.323      20.0630    0.0640000      53286.3      19.6800    0.0190000      53286.3      19.4410    0.0180000      53286.3      19.3980    0.0190000      53286.3      19.2350    0.0550000
       53288.282      19.8820    0.0540000      53288.3      19.6380    0.0160000      53288.3      19.4340    0.0160000      53288.3      19.3640    0.0190000      53288.3      19.1710    0.0530000
       53294.329      19.8970    0.0550000      53294.3      19.5750    0.0160000      53294.3      19.3950    0.0180000      53294.3      19.3960    0.0220000      53294.3      19.1140    0.0600000
       53296.276      19.9200    0.0520000      53296.3      19.6650    0.0250000      53296.3      19.4120    0.0240000      53296.3      19.3730    0.0270000      53296.3      19.2950    0.0720000
       53298.326      19.8240    0.0490000      53298.3      19.6130    0.0160000      53298.3      19.4370    0.0190000      53298.3      19.4030    0.0220000      53298.3      19.1580    0.0670000
       53302.277      19.8670    0.0740000      53302.3      19.6730    0.0290000      53302.3      19.4050    0.0220000      53302.3      19.4490    0.0230000      53302.3      19.2190    0.0530000
       53312.233      19.8510    0.0600000      53312.2      19.6690    0.0250000      53312.2      19.5030    0.0210000      53312.2      19.4470    0.0270000      53312.2      19.2300    0.0670000
       53314.234      19.9420    0.0510000      53314.2      19.6460    0.0140000      53314.2      19.4830    0.0180000      53314.2      19.3860    0.0200000      53314.2      19.1860    0.0590000
       53616.338      19.9430    0.0740000      53616.3      19.6830    0.0180000      53616.3      19.4210    0.0190000      53616.3      19.3910    0.0250000      53616.3      19.2500    0.0760000
       53626.315      19.7940    0.0440000      53626.3      19.5690    0.0140000      53626.3      19.3840    0.0150000      53626.3      19.3480    0.0180000      53626.3      19.1460    0.0480000
       53628.300      19.7090    0.0840000      53628.3      19.5910    0.0300000      53628.3      19.3940    0.0240000      53628.3      19.3060    0.0250000      53628.3      19.0150    0.0550000
       53637.301      19.7390    0.0670000      53637.3      19.5660    0.0240000      53637.3      19.4080    0.0220000      53637.3      19.3310    0.0220000      53637.3      19.1050    0.0730000
       53639.347      19.7460    0.0440000      53639.3      19.5440    0.0150000      53639.3      19.3760    0.0140000      53639.3      19.3200    0.0150000      53639.3      19.0860    0.0400000
       53654.328      19.8360    0.0470000      53654.3      19.5870    0.0140000      53654.3      19.4080    0.0150000      53654.3      19.3510    0.0170000      53654.3      19.2110    0.0570000
       53663.289      19.8520    0.0800000      53663.3      19.5470    0.0250000      53663.3      19.3820    0.0200000      53663.3      19.3740    0.0200000      53663.3      19.2230    0.0500000
       53666.359      19.7980    0.0770000      53666.4      19.6390    0.0240000      53666.4      19.4130    0.0190000      53666.4      19.3610    0.0190000      53666.4      19.1500    0.0540000
       53668.279      19.8380    0.0570000      53668.3     -99.9900    0.0190000      53668.3      19.4420    0.0200000      53668.3      19.3390    0.0220000      53668.3      19.2880    0.0880000
       53670.284      19.8300    0.0470000      53670.3      19.6410    0.0140000      53670.3      19.3880    0.0150000      53670.3      19.3200    0.0190000      53670.3      19.0600    0.0510000
       53673.252      19.8700    0.0450000      53673.3      19.6520    0.0140000      53673.2      19.4150    0.0150000      53673.2      19.3880    0.0170000      53673.3      19.2290    0.0500000
       53675.249      19.8890    0.0470000      53675.2      19.6350    0.0140000      53675.2      19.3830    0.0160000      53675.2      19.3540    0.0190000      53675.2      19.2120    0.0600000
       53677.270      19.9140    0.0470000      53677.3      19.6450    0.0140000      53677.3      19.4570    0.0150000      53677.3      19.3990    0.0180000      53677.3      19.2050    0.0450000
       53680.256      19.8530    0.0460000      53680.3      19.6170    0.0140000      53680.3      19.4130    0.0150000      53680.3      19.3510    0.0170000      53680.3      19.2840    0.0530000
       53693.258      19.8540    0.0950000      53693.3      19.5930    0.0270000      53693.3      19.3640    0.0200000      53693.3      19.3390    0.0200000      53693.3      19.1520    0.0600000
       53698.256      19.7250    0.0490000      53698.3      19.5840    0.0150000      53698.3      19.3910    0.0160000      53698.3      19.3370    0.0200000      53698.3      19.0970    0.0540000
       53704.242      19.7310    0.0710000      53704.2      19.6110    0.0180000      53704.2      19.4370    0.0200000      53704.2      19.4240    0.0280000      53704.2      19.0530    0.0830000
       53974.334      19.9910    0.0470000      53974.3      19.7150    0.0230000      53974.3      19.4970    0.0180000      53974.3      19.4520    0.0180000      53974.3      19.3050    0.0500000
       53977.383     -99.9900    0.0470000      53977.4      19.7000    0.0210000      53977.4      19.4800    0.0160000      53977.4      19.4550    0.0240000      53977.4      19.2900    0.0450000
       53989.338      20.0910    0.0940000      53989.3      19.8070    0.0380000      53989.3      19.5290    0.0220000      53989.3      19.5030    0.0230000      53989.3      19.3190    0.0540000
       53995.352      19.9760    0.0410000      53995.4      19.6910    0.0170000      53995.4      19.5220    0.0190000      53995.4      19.4910    0.0220000      53995.4      19.3250    0.0450000
       54000.313      19.9630    0.0540000      54000.3      19.6830    0.0270000      54000.3      19.5030    0.0230000      54000.3      19.3860    0.0300000      54000.3      19.2650    0.0680000
       54006.260      19.8580    0.0490000      54006.3     -99.9900    0.0530000      54006.3      19.5000    0.0550000      54006.3      19.4600    0.0340000      54006.3      19.2270    0.0520000
       54007.363      19.9130    0.0460000      54007.4      19.7100    0.0200000      54007.4      19.5070    0.0350000      54007.4      19.4880    0.0270000      54007.4      19.3010    0.0610000
       54009.287      20.0160    0.0540000      54009.3      19.6550    0.0230000      54009.3      19.4740    0.0180000      54009.3      19.4100    0.0220000      54009.3      19.2620    0.0480000
       54011.351      19.8640    0.0440000      54011.4      19.7250    0.0230000      54011.4      19.5120    0.0200000      54011.4      19.4730    0.0240000      54011.4      19.3680    0.0480000
       54025.350      19.9320    0.0500000      54025.4      19.6770    0.0260000      54025.3      19.4720    0.0240000      54025.4      19.4170    0.0230000      54025.4      19.1610    0.0570000
       54029.281      19.8940    0.0530000      54029.3      19.6600    0.0250000      54029.3      19.4240    0.0310000      54029.3      19.3580    0.0480000      54029.3      19.2990    0.0820000
       54348.348      19.9200    0.0510000      54348.4      19.5880    0.0240000      54348.3      19.3750    0.0190000      54348.3      19.3250    0.0210000      54348.3      19.1820    0.0490000
       54358.304      19.7960    0.0480000      54358.3      19.5920    0.0260000      54358.3      19.3690    0.0210000      54358.3      19.3360    0.0250000      54358.3      19.1370    0.0580000
       54359.298      19.8080    0.0790000      54359.3      19.5810    0.0240000      54359.3      19.3880    0.0290000      54359.3      19.4620    0.0360000      54359.3      19.1990     0.124000
       54365.337      19.8430    0.0380000      54365.3      19.6390    0.0200000      54365.3      19.3730    0.0190000      54365.3      19.3820    0.0170000      54365.3      19.2040    0.0460000
       54381.357      19.7890    0.0400000      54381.4      19.5640    0.0200000      54381.4      19.3800    0.0190000      54381.4      19.3790    0.0200000      54381.4      19.1910    0.0420000
       54384.363      19.8270    0.0470000      54384.4      19.5860    0.0280000      54384.4      19.4110    0.0190000      54384.4      19.4000    0.0210000      54384.4      19.2890    0.0560000
       54386.349      19.7780    0.0520000      54386.4      19.5570    0.0290000      54386.3      19.3860    0.0210000      54386.3      19.3380    0.0260000      54386.4      19.1170    0.0530000
       54388.353      19.8220    0.0470000      54388.4      19.5380    0.0180000      54388.4      19.3970    0.0200000      54388.4      19.3610    0.0250000      54388.4      19.2420    0.0470000
       54403.267      19.7300     0.135000      54403.3      19.5710    0.0480000      54403.3      19.3500    0.0480000      54403.3      19.3650    0.0660000      54403.3      19.2930     0.120000
       54404.325      19.7850    0.0610000      54404.3      19.5760    0.0270000      54404.3      19.3970    0.0210000      54404.3      19.3510    0.0230000      54404.3      19.2380    0.0520000
       54405.323      19.7250    0.0540000      54405.3      19.5840    0.0240000      54405.3      19.3800    0.0200000      54405.3      19.3430    0.0210000      54405.3      19.2090    0.0520000
       54406.261      19.8940    0.0510000      54406.3      19.5840    0.0280000      54406.3      19.3400    0.0180000      54406.3      19.3510    0.0320000      54406.3      19.1780    0.0550000
       54412.264      19.7370    0.0530000      54412.3      19.5470    0.0220000      54412.3      19.4010    0.0190000      54412.3      19.3480    0.0250000      54412.3      19.1800    0.0550000
       52197.000       19.559000     0.036000000       52197.000       19.382000     0.036000000       52197.000       19.217000     0.019000000       52197.000       19.147000     0.022000000       52197.000       19.059000     0.049000000
       51075       19.427000     0.030000000       51075       19.252000     0.019000000       51075       19.112000     0.018000000       51075       19.087000     0.021000000       51075       18.941000     0.053000000
       51134       19.397000     0.035000000       51134       19.236000     0.044000000       51134       19.106000     0.050000000       51134       18.996000     0.051000000       51134       18.946000      0.10100000
       52196       19.512000     0.040000000       52196       19.353000     0.017000000       52196       19.197000     0.026000000       52196       19.174000     0.026000000       52196       19.004000     0.048000000
       52197       19.532000     0.033000000       52197       19.362000     0.023000000       52197       19.217000     0.018000000       52197       19.148000     0.022000000       52197       19.056000     0.050000000
       52225       19.596000     0.033000000       52225       19.380000     0.029000000       52225       19.241000     0.028000000       52225       19.235000     0.023000000       52225       19.011000     0.047000000
       52231       19.622000     0.031000000       52231       19.449000     0.027000000       52231       19.254000     0.021000000       52231       19.230000     0.025000000       52231       19.085000     0.043000000
       52253       19.688000     0.053000000       52253       19.479000     0.031000000       52253       19.311000     0.026000000       52253       19.304000     0.024000000       52253       18.935000     0.043000000
       52253       19.686000     0.031000000       52253       19.483000     0.025000000       52253       19.310000     0.031000000       52253       19.204000     0.027000000       52253       19.088000     0.044000000
       52557       19.490000     0.036000000       52557       19.355000     0.028000000       52557       19.188000     0.021000000       52557       19.182000     0.026000000       52557       18.979000     0.056000000
       52578       19.488000     0.034000000       52578       19.353000     0.023000000       52578       19.164000     0.020000000       52578       19.150000     0.026000000       52578       18.957000     0.041000000
       52908       19.620000     0.038000000       52908       19.426000     0.021000000       52908       19.230000     0.024000000       52908       19.252000     0.021000000       52908       19.055000     0.055000000
       52934       19.616000     0.048000000       52934       19.470000     0.031000000       52934       19.335000     0.033000000       52934       19.205000     0.029000000       52934       19.237000     0.078000000
       52936       19.670000     0.032000000       52936       19.458000     0.023000000       52936       19.275000     0.030000000       52936       19.267000     0.025000000       52936       19.113000     0.044000000
       52962       19.570000     0.036000000       52962       19.458000     0.030000000       52962       19.265000     0.024000000       52962       19.165000     0.033000000       52962       19.127000     0.070000000
       53270       19.826000     0.039000000       53270       19.674000     0.023000000       53270       19.439000     0.020000000       53270       19.448000     0.022000000       53270       19.244000     0.046000000
       53272       19.874000     0.041000000       53272       19.699000     0.027000000       53272       19.462000     0.020000000       53272       19.428000     0.024000000       53272       19.214000     0.049000000
       53286       20.074000     0.051000000       53286       19.691000     0.022000000       53286       19.430000     0.028000000       53286       19.422000     0.022000000       53286       19.247000     0.054000000
       53288       19.869000     0.051000000       53288       19.639000     0.020000000       53288       19.443000     0.023000000       53288       19.366000     0.025000000       53288       19.164000     0.052000000
       53294       19.890000     0.044000000       53294       19.579000     0.025000000       53294       19.413000     0.024000000       53294       19.413000     0.031000000       53294       19.152000     0.061000000
       53298       19.795000     0.044000000       53298       19.586000     0.033000000       53298       19.443000     0.024000000       53298       19.405000     0.025000000       53298       19.150000     0.066000000
       53312       19.825000     0.058000000       53312       19.662000     0.027000000       53312       19.513000     0.022000000       53312       19.432000     0.033000000       53312       19.209000     0.072000000
       53314       19.941000     0.045000000       53314       19.645000     0.025000000       53314       19.509000     0.022000000       53314       19.386000     0.024000000       53314       19.207000     0.060000000
