       51075.310      19.6200    0.0330000      51075.3      19.7370    0.0150000      51075.3      19.3800    0.0150000      51075.3      19.4350    0.0250000      51075.3      19.4200    0.0860000
       52196.310      20.1550    0.0450000      52196.3      20.2350    0.0190000      52196.3      19.7070    0.0170000      52196.3      19.7800    0.0250000      52196.3      19.8110    0.0840000
       52197.324      20.1260    0.0460000      52197.3      20.1800    0.0200000      52197.3      19.6760    0.0170000      52197.3      19.7900    0.0290000      52197.3      19.7820    0.0860000
       52225.174     -99.9900    0.0440000      52225.2      20.1150    0.0180000      52225.2      19.6910    0.0180000      52225.2      19.7410    0.0290000      52225.2      19.8410    0.0930000
       52231.209      20.0390    0.0420000      52231.2      20.0630    0.0180000      52231.2      19.6680    0.0160000      52231.2      19.7200    0.0230000      52231.2      19.6920    0.0660000
       52253.196      20.0220    0.0730000      52253.2      19.9770    0.0250000      52253.2      19.5720    0.0260000      52253.2      19.6060    0.0380000      52253.2     -99.9900     0.114000
       52557.317      19.7400    0.0370000      52557.3      19.8030    0.0170000      52557.3      19.4530    0.0170000      52557.3      19.5020    0.0250000      52557.3      19.5810    0.0740000
       52578.214      19.7720    0.0350000      52578.2      19.7320    0.0150000      52578.2      19.4080    0.0140000      52578.2      19.4770    0.0220000      52578.2      19.4570    0.0590000
       52908.292      19.6270    0.0350000      52908.3      19.6760    0.0150000      52908.3      19.3320    0.0150000      52908.3      19.3390    0.0210000      52908.3      19.3850    0.0650000
       52911.306      19.5360    0.0360000      52911.3      19.6450    0.0160000      52911.3      19.3240    0.0160000      52911.3      19.3170    0.0280000      52911.3      19.2830    0.0680000
       52930.183      19.6460    0.0420000      52930.2      19.7170    0.0170000      52930.2      19.3830    0.0160000      52930.2      19.4040    0.0240000      52930.2      19.3770    0.0790000
       52934.224      19.7300    0.0420000      52934.2      19.7450    0.0170000      52934.2      19.3540    0.0150000      52934.2      19.3400    0.0230000      52934.2      19.4480    0.0830000
       52936.220      19.6910    0.0330000      52936.2      19.7280    0.0140000      52936.2      19.4000    0.0140000      52936.2      19.3950    0.0200000      52936.2      19.3820    0.0550000
       52962.145      19.7530    0.0350000      52962.1      19.7960    0.0160000      52962.1      19.4060    0.0160000      52962.1      19.3790    0.0210000      52962.1      19.4470    0.0730000
       53270.284      19.3070    0.0270000      53270.3      19.3980    0.0280000      53270.3      19.1950    0.0140000      53270.3      19.2040    0.0230000      53270.3      19.0500    0.0440000
       53272.334      19.4160    0.0350000      53272.3      19.3780    0.0180000      53272.3      19.1440    0.0170000      53272.3      19.1670    0.0220000      53272.3      19.2400    0.0590000
       53286.303     -99.9900    0.0370000      53286.3      19.3730    0.0160000      53286.3      19.1280    0.0140000      53286.3      19.1730    0.0220000      53286.3      19.3210    0.0680000
       53288.261      19.3780    0.0320000      53288.3      19.3510    0.0140000      53288.3      19.1080    0.0120000      53288.3      19.1540    0.0180000      53288.3      19.2310    0.0630000
       53294.309      19.3350    0.0300000      53294.3      19.3500    0.0140000      53294.3      19.1340    0.0130000      53294.3      19.0700    0.0180000      53294.3      19.2190    0.0540000
       53302.257      19.3140    0.0470000      53302.3      19.3310    0.0240000      53302.3      19.1270    0.0180000      53302.3      19.1970    0.0230000      53302.3      19.1760    0.0550000
       53312.212      19.2430    0.0310000      53312.2      19.3650    0.0170000      53312.2      19.1310    0.0170000      53312.2      19.1620    0.0220000      53312.2      19.2250    0.0650000
       53314.213      19.3040    0.0280000      53314.2      19.3320    0.0120000      53314.2      19.1560    0.0130000      53314.2      19.1290    0.0180000      53314.2      19.1130    0.0520000
       53616.318      19.0930    0.0380000      53616.3      19.3030    0.0140000      53616.3     -99.9900    0.0920000      53616.3      19.1110    0.0490000      53616.3      19.1080    0.0690000
       53623.308      19.2520    0.0340000      53623.3     -99.9900    0.0250000      53623.3      19.1180    0.0130000      53623.3      19.1270    0.0210000      53623.3     -99.9900    0.0730000
       53626.294      19.1880    0.0280000      53626.3      19.2740    0.0140000      53626.3      19.0890    0.0130000      53626.3      19.1200    0.0190000      53626.3      19.2730    0.0580000
       53628.279      19.1290    0.0430000      53628.3      19.2860    0.0240000      53628.3      19.1000    0.0190000      53628.3      19.1420    0.0220000      53628.3      19.1930    0.0640000
       53637.281      19.2450    0.0450000      53637.3      19.3670    0.0190000      53637.3      19.1380    0.0180000      53637.3      19.0890    0.0250000      53637.3      19.0260    0.0710000
       53639.326      19.2890    0.0290000      53639.3      19.3340    0.0130000      53639.3      19.1000    0.0120000      53639.3      19.1480    0.0170000      53639.3      19.2470    0.0460000
       53654.308      19.2460    0.0280000      53654.3      19.2850    0.0120000      53654.3      19.1150    0.0120000      53654.3      19.1210    0.0170000      53654.3      19.1970    0.0520000
       53663.269      19.2900    0.0390000      53663.3      19.3070    0.0170000      53663.3      19.1120    0.0140000      53663.3      19.1140    0.0170000      53663.3      19.2350    0.0440000
       53665.247     -99.9900     0.339000      53665.2     -99.9900     0.131000      53665.2      19.0320     0.170000      53665.2     -99.9900     0.418000      53665.2     -99.9900     0.576000
       53666.339      19.2500    0.0450000      53666.3      19.3230    0.0180000      53666.3      19.1070    0.0160000      53666.3      19.0900    0.0190000      53666.3      19.2690    0.0600000
       53668.258     -99.9900    0.0320000      53668.3      19.3150    0.0130000      53668.3      19.0740    0.0170000      53668.3      19.1300    0.0240000      53668.3      19.1990    0.0790000
       53670.263      19.2460    0.0280000      53670.3      19.3290    0.0120000      53670.3      19.1160    0.0130000      53670.3      19.1340    0.0180000      53670.3      19.2520    0.0550000
       53673.231      19.2680    0.0270000      53673.2      19.3040    0.0110000      53673.2      19.0940    0.0130000      53673.2      19.0870    0.0160000      53673.2      19.1940    0.0450000
       53675.228      19.2980    0.0290000      53675.2      19.3190    0.0120000      53675.2      19.1150    0.0130000      53675.2      19.0720    0.0200000      53675.2      19.1740    0.0570000
       53677.249      19.2390    0.0260000      53677.2      19.3140    0.0110000      53677.2      19.0920    0.0110000      53677.2      19.1380    0.0150000      53677.2      19.1880    0.0410000
       53680.236      19.2600    0.0280000      53680.2      19.3130    0.0120000      53680.2      19.1130    0.0120000      53680.2      19.1120    0.0160000      53680.2      19.2330    0.0470000
       53693.238      19.3680    0.0480000      53693.2      19.3420    0.0210000      53693.2      19.1210    0.0160000      53693.2      19.1200    0.0200000      53693.2      19.2020    0.0500000
       53698.235      19.3070    0.0310000      53698.2      19.3170    0.0120000      53698.2      19.0940    0.0240000      53698.2      19.0970    0.0190000      53698.2     -99.9900    0.0520000
       53704.221      19.3080    0.0300000      53704.2      19.3740    0.0120000      53704.2      19.1360    0.0130000      53704.2      19.1520    0.0190000      53704.2      19.1740    0.0540000
       53974.314      19.2040    0.0250000      53974.3      19.1880    0.0200000      53974.3      18.9960    0.0150000      53974.3      19.0910    0.0180000      53974.3      19.1070    0.0420000
       53989.317      19.1080    0.0370000      53989.3      19.2020    0.0220000      53989.3      18.9840    0.0210000      53989.3      18.9360    0.0240000      53989.3      19.1770    0.0500000
       53997.413      19.1570    0.0310000      53997.4     -99.9900    0.0240000      53997.4     -99.9900    0.0160000      53997.4      18.9540    0.0250000      53997.4     -99.9900    0.0480000
       54000.292      19.1500    0.0310000      54000.3      19.1270    0.0190000      54000.3      18.9490    0.0180000      54000.3      18.9740    0.0220000      54000.3      19.0060    0.0460000
       54006.240     -99.9900    0.0670000      54006.2      21.5350      1.13000      54006.2     -99.9900    0.0370000      54006.2      18.8680    0.0340000      54006.2     -99.9900     0.230000
       54007.343      19.1560    0.0400000      54007.3      19.1170    0.0180000      54007.3      18.9370    0.0150000      54007.3      19.0050    0.0230000      54007.3      19.0500    0.0420000
       54009.266     -99.9900    0.0260000      54009.3      19.0880    0.0240000      54009.3      18.9410    0.0150000      54009.3      18.9380    0.0170000      54009.3      19.0110    0.0440000
       54011.331      19.0750    0.0290000      54011.3      19.1340    0.0180000      54011.3      18.9370    0.0160000      54011.3      18.9640    0.0200000      54011.3      19.0570    0.0400000
       54019.281      19.0380    0.0310000      54019.3      19.1150    0.0210000      54019.3      18.9320    0.0130000      54019.3      18.9400    0.0200000      54019.3      19.0170    0.0370000
       54025.330      19.0870    0.0330000      54025.3      19.0870    0.0280000      54025.3      18.8960    0.0180000      54025.3      18.9310    0.0170000      54025.3      18.9710    0.0500000
       54029.260      19.0780    0.0340000      54029.3      19.0680    0.0290000      54029.3      18.9370    0.0280000      54029.3      19.0410    0.0290000      54029.3      18.8240    0.0550000
       54348.328     -99.9900    0.0290000      54348.3      19.1480    0.0150000      54348.3      18.9490    0.0210000      54348.3      18.9480    0.0200000      54348.3      19.0640    0.0480000
       54358.283      19.0690    0.0320000      54358.3     -99.9900    0.0250000      54358.3      18.9020    0.0300000      54358.3     -99.9900     0.129000      54358.3      19.0250    0.0600000
       54359.278      19.0010    0.0440000      54359.3      19.1950    0.0310000      54359.3      18.9500    0.0230000      54359.3      18.9860    0.0330000      54359.3      19.1110     0.119000
       54365.317     -99.9900    0.0240000      54365.3      19.1870    0.0150000      54365.3      18.9580    0.0190000      54365.3      18.9650    0.0250000      54365.3      19.0860    0.0380000
       54381.336      19.0990    0.0260000      54381.3      19.1080    0.0220000      54381.3      18.8900    0.0160000      54381.3      18.9270    0.0210000      54381.3      18.9740    0.0440000
       54386.328      19.0200    0.0260000      54386.3      19.0890    0.0230000      54386.3      18.9260    0.0180000      54386.3      18.9600    0.0180000      54386.3      18.9630    0.0470000
       54388.333      19.0230    0.0270000      54388.3      19.1120    0.0220000      54388.3      18.9060    0.0160000      54388.3      18.9410    0.0210000      54388.3      19.0630    0.0400000
       54403.246      19.0710    0.0320000      54403.2     -99.9900    0.0340000      54403.2      18.8840    0.0220000      54403.2      18.9570    0.0230000      54403.2      19.1350    0.0600000
       54404.304      19.0360    0.0330000      54404.3      19.1810    0.0150000      54404.3      18.9520    0.0170000      54404.3      18.9820    0.0190000      54404.3      19.0570    0.0400000
       54405.302      19.0340    0.0370000      54405.3      19.1340    0.0160000      54405.3      18.9340    0.0140000      54405.3      18.9920    0.0170000      54405.3      19.1240    0.0430000
       54406.240      19.0190    0.0220000      54406.2      19.1520    0.0260000      54406.2      18.9570    0.0170000      54406.2      18.9780    0.0160000      54406.2      19.0530    0.0350000
       54412.243     -99.9900    0.0370000      54412.2      19.1620    0.0210000      54412.2      18.9440    0.0210000      54412.2      18.9760    0.0250000      54412.2      18.9500    0.0480000
       52197.000       20.129000     0.045000000       52197.000       20.176000     0.031000000       52197.000       19.690000     0.020000000       52197.000       19.804000     0.028000000       52197.000       19.785000     0.081000000
       51075       19.691000     0.036000000       51075       19.727000     0.021000000       51075       19.345000     0.018000000       51075       19.410000     0.025000000       51075       19.404000     0.086000000
       52196       20.192000     0.044000000       52196       20.252000     0.021000000       52196       19.691000     0.022000000       52196       19.764000     0.027000000       52196       19.832000     0.083000000
       52197       20.129000     0.043000000       52197       20.172000     0.025000000       52197       19.698000     0.021000000       52197       19.809000     0.027000000       52197       19.775000     0.081000000
       52225       20.149000     0.042000000       52225       20.110000     0.025000000       52225       19.657000     0.023000000       52225       19.732000     0.030000000       52225       19.840000     0.090000000
       52253       20.085000     0.065000000       52253       20.049000     0.034000000       52253       19.677000     0.033000000       52253       19.672000     0.040000000       52253       19.724000      0.11600000
       52557       19.751000     0.033000000       52557       19.812000     0.023000000       52557       19.421000     0.019000000       52557       19.481000     0.024000000       52557       19.582000     0.071000000
       52578       19.794000     0.036000000       52578       19.723000     0.020000000       52578       19.386000     0.023000000       52578       19.458000     0.027000000       52578       19.421000     0.058000000
       52908       19.595000     0.032000000       52908       19.703000     0.020000000       52908       19.354000     0.022000000       52908       19.341000     0.025000000       52908       19.393000     0.064000000
       52911       19.565000     0.038000000       52911       19.670000     0.029000000       52911       19.360000     0.019000000       52911       19.333000     0.029000000       52911       19.302000     0.068000000
       52930       19.653000     0.043000000       52930       19.730000     0.021000000       52930       19.374000     0.018000000       52930       19.384000     0.027000000       52930       19.346000     0.077000000
       52934       19.795000     0.051000000       52934       19.756000     0.025000000       52934       19.393000     0.022000000       52934       19.376000     0.026000000       52934       19.467000     0.082000000
       52936       19.670000     0.034000000       52936       19.750000     0.022000000       52936       19.391000     0.024000000       52936       19.406000     0.020000000       52936       19.403000     0.056000000
       52962       19.743000     0.035000000       52962       19.811000     0.030000000       52962       19.405000     0.022000000       52962       19.383000     0.024000000       52962       19.429000     0.072000000
       53270       19.313000     0.025000000       53270       19.389000     0.027000000       53270       19.162000     0.020000000       53270       19.192000     0.022000000       53270       19.017000     0.046000000
       53272       19.450000     0.038000000       53272       19.379000     0.024000000       53272       19.131000     0.017000000       53272       19.173000     0.022000000       53272       19.267000     0.059000000
       53286       19.366000     0.035000000       53286       19.370000     0.020000000       53286       19.137000     0.018000000       53286       19.159000     0.025000000       53286       19.297000     0.065000000
       53288       19.362000     0.029000000       53288       19.342000     0.025000000       53288       19.078000     0.017000000       53288       19.136000     0.020000000       53288       19.191000     0.060000000
       53294       19.352000     0.028000000       53294       19.350000     0.023000000       53294       19.121000     0.020000000       53294       19.071000     0.020000000       53294       19.190000     0.052000000
       53312       19.268000     0.030000000       53312       19.369000     0.021000000       53312       19.115000     0.018000000       53312       19.142000     0.024000000       53312       19.198000     0.069000000
       53314       19.315000     0.026000000       53314       19.349000     0.019000000       53314       19.142000     0.018000000       53314       19.126000     0.021000000       53314       19.066000     0.059000000
