       52075.337      20.4380    0.0680000      52075.3      20.3220    0.0240000      52075.3      20.1250    0.0270000      52075.3      20.0530    0.0320000      52075.3      20.1600     0.125000
       52197.146      20.4030    0.0530000      52197.1      20.4460    0.0220000      52197.1      20.1190    0.0230000      52197.1      20.0760    0.0310000      52197.1      19.9280    0.0980000
       52557.184      20.7360     0.115000      52557.2      20.4320    0.0270000      52557.2      20.1360    0.0280000      52557.2     -99.9900    0.0370000      52557.2      19.9710     0.138000
       52578.080      20.7350    0.0960000      52578.1      20.5660    0.0260000      52578.1     -99.9900    0.0440000      52578.1      20.1410    0.0490000      52578.1     -99.9900     0.141000
       52929.110      20.2960    0.0520000      52929.1      20.2640    0.0210000      52929.1      20.0210    0.0220000      52929.1      19.9430    0.0280000      52929.1      20.1460     0.123000
       52934.090      20.4000    0.0670000      52934.1      20.2640    0.0230000      52934.1      20.0200    0.0250000      52934.1      20.0100    0.0350000      52934.1      19.9280     0.126000
       52936.086      20.3630    0.0480000      52936.1      20.2940    0.0190000      52936.1      20.0660    0.0210000      52936.1      19.9770    0.0260000      52936.1      19.8560    0.0900000
       53243.271      20.7420     0.138000      53243.3      20.4050    0.0500000      53243.3      20.0500    0.0340000      53243.3      20.0610    0.0390000      53243.3      20.0680     0.118000
       53270.150      20.5570    0.0860000      53270.2      20.4410    0.0400000      53270.1      20.1420    0.0270000      53270.1      20.0590    0.0310000      53270.2     -99.9900     0.144000
       53272.200      20.6990     0.188000      53272.2      20.3670    0.0610000      53272.2      20.1000    0.0430000      53272.2      19.9650    0.0440000      53272.2      20.1230     0.146000
       53288.127      20.6080    0.0830000      53288.1      20.4810    0.0260000      53288.1      20.1400    0.0260000      53288.1      20.1300    0.0360000      53288.1      20.0220     0.124000
       53302.123      20.5520     0.124000      53302.1      20.5250    0.0530000      53302.1      20.1180    0.0350000      53302.1      20.0860    0.0400000      53302.1      19.9560     0.115000
       53312.079      20.6860    0.0830000      53312.1      20.3600    0.0290000      53312.1      20.1580    0.0320000      53312.1      20.0840    0.0480000      53312.1      19.9630     0.154000
       53314.080      20.6810    0.0760000      53314.1      20.4920    0.0250000      53314.1      20.1560    0.0270000      53314.1      20.0820    0.0360000      53314.1      20.1330     0.151000
       53623.174      20.2870    0.0540000      53623.2      20.2060    0.0230000      53623.2      19.9430    0.0220000      53623.2      19.8820    0.0260000      53623.2      19.8540    0.0870000
       53626.161      20.3240    0.0900000      53626.2      20.1380    0.0350000      53626.2      19.9120    0.0290000      53626.2      19.8800    0.0330000      53626.2      19.9000     0.100000
       53628.145      20.3340     0.170000      53628.1      20.1510    0.0700000      53628.1      19.9250    0.0480000      53628.1      19.9550    0.0580000      53628.1      19.8880     0.157000
       53637.147      20.2780    0.0770000      53637.1      20.1860    0.0240000      53637.1      19.9470    0.0250000      53637.1      19.9350    0.0390000      53637.1      19.8750     0.129000
       53644.139      20.3050    0.0500000      53644.1      20.1890    0.0170000      53644.1      19.8850    0.0180000      53644.1      19.9030    0.0250000      53644.1      20.1790     0.106000
       53654.174      20.2530    0.0790000      53654.2      20.3180    0.0380000      53654.2      19.9470    0.0290000      53654.2      19.8920    0.0330000      53654.2      19.9440     0.126000
       53656.122      20.1650     0.135000      53656.1      20.2770    0.0660000      53656.1      19.9000    0.0450000      53656.1      19.9070    0.0510000      53656.1      19.8280     0.149000
       53665.113      20.0420     0.124000      53665.1      20.1220    0.0610000      53665.1      19.8770    0.0580000      53665.1      19.7660    0.0690000      53665.1      19.9060     0.349000
       53668.125      20.2960    0.0690000      53668.1      20.2290    0.0230000      53668.1      19.9590    0.0270000      53668.1      19.8060    0.0380000      53668.1      19.8400     0.156000
       53670.129      20.1770    0.0640000      53670.1      20.1490    0.0230000      53670.1      19.9140    0.0270000      53670.1      19.8940    0.0400000      53670.1      19.7000     0.139000
       53673.097      20.2890    0.0570000      53673.1      20.1310    0.0190000      53673.1      19.9320    0.0240000      53673.1      19.8870    0.0300000      53673.1      19.8160     0.103000
       53675.094      20.2550    0.0540000      53675.1      20.1750    0.0200000      53675.1      19.9340    0.0240000      53675.1      19.8940    0.0310000      53675.1      20.0490     0.131000
       53677.115      20.1930    0.0530000      53677.1      20.1850    0.0200000      53677.1      19.9700    0.0240000      53677.1      19.8440    0.0320000      53677.1      20.1070     0.134000
       53680.102      20.2510    0.0570000      53680.1      20.1680    0.0200000      53680.1      19.9420    0.0220000      53680.1      19.8250    0.0270000      53680.1      19.7440    0.0850000
       53693.104      20.1210    0.0940000      53693.1      20.1910    0.0480000      53693.1      20.0090    0.0360000      53693.1      20.0000    0.0470000      53693.1      20.1700     0.165000
       53702.100      20.3510    0.0990000      53702.1      20.3070    0.0340000      53702.1      19.9670    0.0370000      53702.1      19.9880    0.0620000      53702.1      19.6420     0.154000
       53703.109      20.2880     0.153000      53703.1     -99.9900    0.0590000      53703.1      19.9670    0.0450000      53703.1      19.9700    0.0610000      53703.1      19.5920     0.163000
       53704.087      20.4210    0.0780000      53704.1      20.3430    0.0270000      53704.1      20.0660    0.0290000      53704.1      19.9550    0.0360000      53704.1      19.9880     0.133000
       53974.175      20.4080    0.0530000      53974.2      20.3250    0.0200000      53974.2      20.0360    0.0200000      53974.2      19.9600    0.0260000      53974.2      19.9530    0.0960000
       53989.183      20.5440    0.0780000      53989.2      20.3790    0.0310000      53989.2      20.0080    0.0220000      53989.2      19.9700    0.0270000      53989.2      20.0760    0.0840000
       53995.173      20.4700    0.0510000      53995.2      20.3240    0.0190000      53995.2      20.0230    0.0200000      53995.2      19.9280    0.0240000      53995.2      19.8530    0.0770000
       53997.151      20.2650    0.0520000      53997.2      20.3520    0.0240000      53997.1      20.0380    0.0280000      53997.1      19.9380    0.0290000      53997.2      19.9720     0.115000
       54005.123      20.4840    0.0530000      54005.1      20.3280    0.0190000      54005.1      20.0210    0.0190000      54005.1      19.9800    0.0230000      54005.1      19.9160    0.0760000
       54007.135      20.5100    0.0630000      54007.1      20.3430    0.0220000      54007.1      20.0460    0.0210000      54007.1      19.9480    0.0260000      54007.1      19.8460    0.0810000
       54009.133      20.4490    0.0670000      54009.1      20.3940    0.0290000      54009.1      19.9900    0.0200000      54009.1      19.9350    0.0260000      54009.1      20.0070    0.0820000
       54011.197      20.5750     0.110000      54011.2      20.3780    0.0440000      54011.2      20.1020    0.0330000      54011.2      19.9650    0.0360000      54011.2      19.8740    0.0810000
       54019.147      20.5070    0.0610000      54019.1      20.3930    0.0270000      54019.1      20.0360    0.0210000      54019.1      19.9570    0.0250000      54019.1      19.9610    0.0810000
       54025.196      20.4510    0.0620000      54025.2      20.3660    0.0210000      54025.2      20.0430    0.0210000      54025.2      19.9390    0.0270000      54025.2      20.1970     0.129000
       54029.126      20.3940    0.0510000      54029.1      20.3870    0.0180000      54029.1      20.0460    0.0200000      54029.1      19.9520    0.0240000      54029.1      19.9770    0.0860000
       54051.103      20.2580     0.125000      54051.1      20.3170    0.0330000      54051.1     -99.9900     0.146000      54051.1     -99.9900     0.146000      54051.1      20.3010     0.414000
       54356.205      20.0840    0.0470000      54356.2      20.0680    0.0170000      54356.2      19.8430    0.0220000      54356.2      19.7660    0.0230000      54356.2      19.7130    0.0660000
       54358.150      20.1620    0.0650000      54358.2      20.1130    0.0240000      54358.1      19.8460    0.0230000      54358.1      19.7970    0.0330000      54358.2      19.7270    0.0950000
       54373.182      20.1820    0.0790000      54373.2      20.0430    0.0330000      54373.2      19.8170    0.0250000      54373.2      19.7770    0.0300000      54373.2      19.6730    0.0860000
       54381.194      20.1620    0.0710000      54381.2      19.9980    0.0230000      54381.2      19.8160    0.0680000      54381.2      19.7750    0.0420000      54381.2      20.0090     0.167000
       54382.192     -99.9900     0.115000      54382.2      20.0380    0.0230000      54382.2     -99.9900    0.0300000      54382.2     -99.9900    0.0530000      54382.2      19.7090     0.114000
       54383.198      20.1480    0.0520000      54383.2      20.0440    0.0200000      54383.2      19.8080    0.0210000      54383.2      19.7300    0.0270000      54383.2      19.8150    0.0940000
       54386.195      20.2060    0.0510000      54386.2      20.0020    0.0200000      54386.2      19.8080    0.0180000      54386.2      19.7590    0.0220000      54386.2      19.7690    0.0670000
       54388.199      20.0910    0.0580000      54388.2      20.0130    0.0180000      54388.2      19.7370    0.0200000      54388.2      19.7560    0.0290000      54388.2      19.8640     0.101000
       54403.113      20.1610    0.0430000      54403.1      19.9960    0.0190000      54403.1      19.7900    0.0160000      54403.1      19.7530    0.0220000      54403.1      19.6270    0.0610000
       54406.106      20.1030    0.0420000      54406.1      20.0300    0.0160000      54406.1      19.7920    0.0210000      54406.1      19.7310    0.0300000      54406.1      19.7870    0.0940000
       54412.109      20.1330    0.0500000      54412.1      20.0020    0.0190000      54412.1      19.7630    0.0190000      54412.1      19.7260    0.0230000      54412.1      19.7190    0.0820000
       54415.147      20.1840    0.0520000      54415.1      20.0090    0.0170000      54415.1      19.7870    0.0170000      54415.1      19.7360    0.0270000      54415.1      19.7240    0.0860000
       52197.000       20.419000     0.051000000       52197.000       20.469000     0.021000000       52197.000       20.153000     0.021000000       52197.000       20.082000     0.028000000       52197.000       19.955000     0.093000000
       51459       20.566000     0.091000000       51459       20.304000     0.031000000       51459       20.074000     0.035000000       51459       19.942000     0.043000000       51459       20.532000      0.27500000
       52075       20.445000     0.059000000       52075       20.346000     0.024000000       52075       20.132000     0.026000000       52075       20.068000     0.030000000       52075       20.145000      0.11800000
       52197       20.416000     0.047000000       52197       20.467000     0.021000000       52197       20.151000     0.021000000       52197       20.080000     0.028000000       52197       19.963000     0.094000000
       52225       20.415000     0.052000000       52225       20.448000     0.026000000       52225       20.214000     0.026000000       52225       20.055000     0.029000000       52225       20.003000     0.098000000
       52522       20.614000     0.078000000       52522       20.439000     0.027000000       52522       20.267000     0.032000000       52522       20.129000     0.041000000       52522       19.904000      0.11100000
       52557       20.776000      0.10400000       52557       20.449000     0.027000000       52557       20.157000     0.028000000       52557       20.117000     0.038000000       52557       19.945000      0.13100000
       52578       20.656000     0.084000000       52578       20.549000     0.025000000       52578       20.232000     0.044000000       52578       20.107000     0.050000000       52578       19.816000      0.14100000
       52929       20.316000     0.047000000       52929       20.274000     0.022000000       52929       20.054000     0.021000000       52929       19.958000     0.027000000       52929       20.113000      0.11500000
       52934       20.403000     0.059000000       52934       20.276000     0.027000000       52934       20.033000     0.025000000       52934       20.021000     0.035000000       52934       19.944000      0.12500000
       53243       20.708000      0.12700000       53243       20.421000     0.050000000       53243       20.032000     0.034000000       53243       20.045000     0.038000000       53243       20.065000      0.11700000
       53263       20.654000     0.079000000       53263       20.463000     0.029000000       53263       20.177000     0.023000000       53263       20.034000     0.027000000       53263       20.053000     0.094000000
       53270       20.575000     0.091000000       53270       20.429000     0.043000000       53270       20.138000     0.030000000       53270       20.050000     0.033000000       53270       20.237000      0.15300000
       53272       20.711000      0.17900000       53272       20.386000     0.060000000       53272       20.122000     0.043000000       53272       19.980000     0.044000000       53272       20.055000      0.13600000
       53288       20.633000     0.073000000       53288       20.487000     0.026000000       53288       20.139000     0.026000000       53288       20.160000     0.034000000       53288       20.003000      0.12000000
       53312       20.708000     0.082000000       53312       20.372000     0.031000000       53312       20.153000     0.035000000       53312       20.071000     0.051000000       53312       19.936000      0.16700000
       53314       20.721000     0.067000000       53314       20.483000     0.024000000       53314       20.137000     0.026000000       53314       20.073000     0.035000000       53314       20.133000      0.14900000
