       51819.240      21.1370     0.116000      51819.2      20.9890    0.0400000      51819.2      20.7420    0.0380000      51819.2      20.7060    0.0550000      51819.2      20.6970     0.224000
       52172.255      20.5870    0.0670000      52172.3      20.6740    0.0270000      52172.3      20.5310    0.0300000      52172.3      20.5810    0.0410000      52172.3      20.6370     0.173000
       52577.092      20.8820    0.0820000      52577.1      20.8960    0.0340000      52577.1      20.5840    0.0410000      52577.1      20.5660    0.0590000      52577.1      20.6500     0.244000
       52930.106      20.8690    0.0710000      52930.1      20.9060    0.0280000      52930.1      20.6550    0.0300000      52930.1      20.6730    0.0410000      52930.1      20.7680     0.169000
       52931.106      20.9120    0.0820000      52931.1      20.8130    0.0310000      52931.1      20.6330    0.0360000      52931.1      20.5890    0.0460000      52931.1      20.7110     0.193000
       52935.103      20.9510     0.104000      52935.1      20.8150    0.0330000      52935.1      20.5910    0.0460000      52935.1      20.6020    0.0600000      52935.1      20.6360     0.228000
       53313.097      20.7590     0.154000      53313.1      20.7130    0.0500000      53313.1      20.3300    0.0560000      53313.1     -99.9900    0.0970000      53313.1      20.5970     0.435000
       53622.206      20.7120     0.135000      53622.2      20.6520    0.0420000      53622.2      20.4060    0.0470000      53622.2      20.3600    0.0700000      53622.2      20.3190     0.271000
       53625.202      20.7790    0.0810000      53625.2      20.7270    0.0360000      53625.2      20.4790    0.0320000      53625.2      20.5140    0.0410000      53625.2      20.2870     0.114000
       53634.155      20.5760     0.238000      53634.2      20.6380    0.0940000      53634.2      20.2910    0.0770000      53634.2      20.4970     0.113000      53634.2     -99.9900     0.339000
       53636.161      20.8010    0.0850000      53636.2      20.7420    0.0300000      53636.2      20.5600    0.0310000      53636.2      20.6630    0.0470000      53636.2      20.5200     0.194000
       53655.133      20.9960     0.151000      53655.1      20.7910    0.0600000      53655.1      20.6480    0.0520000      53655.1      20.6260    0.0580000      53655.1      20.5620     0.178000
       53664.158      20.8090     0.151000      53664.2      20.7710    0.0600000      53664.2      20.4810    0.0460000      53664.2      20.5150    0.0580000      53664.2      20.2900     0.173000
       53666.121      20.8090    0.0690000      53666.1      20.8000    0.0250000      53666.1      20.5590    0.0300000      53666.1      20.6360    0.0460000      53666.1      20.5250     0.166000
       53669.117      20.9410    0.0800000      53669.1      20.8650    0.0270000      53669.1      20.5530    0.0300000      53669.1      20.5070    0.0420000      53669.1      20.6420     0.171000
       53674.101      20.8340    0.0930000      53674.1      20.8260    0.0350000      53674.1      20.5360    0.0340000      53674.1      20.6280    0.0540000      53674.1      20.5500     0.211000
       53676.191      21.0090    0.0970000      53676.2      20.8730    0.0290000      53676.2      20.5720    0.0330000      53676.2      20.6200    0.0450000      53676.2      20.5800     0.150000
       53679.163      20.9130     0.137000      53679.2      20.7890    0.0400000      53679.2      20.4910    0.0460000      53679.2      20.5100    0.0620000      53679.2      20.0090     0.155000
       53681.154     -99.9900     0.157000      53681.2      20.9070    0.0430000      53681.2      20.6530     0.129000      53681.2      20.6580     0.113000      53681.2      20.4900     0.224000
       53685.113      20.7230     0.224000      53685.1      20.7480     0.122000      53685.1      20.4750    0.0870000      53685.1      20.9120     0.129000      53685.1      20.6790     0.296000
       53687.152      20.8610     0.308000      53687.2      20.8310     0.111000      53687.1      20.5450    0.0670000      53687.2      20.4450    0.0660000      53687.2      20.6580     0.211000
       53700.110     -99.9900     0.156000      53700.1     -99.9900    0.0560000      53700.1      20.4760    0.0500000      53700.1     -99.9900     0.113000      53700.1     -99.9900     0.523000
       53705.097      20.7280    0.0890000      53705.1      20.8620    0.0370000      53705.1      20.5430    0.0410000      53705.1      20.6500    0.0690000      53705.1      20.4000     0.178000
       53996.189      21.1440    0.0880000      53996.2      21.0700    0.0310000      53996.2      20.7840    0.0320000      53996.2      20.7710    0.0480000      53996.2      20.8460     0.177000
       53998.157      21.3970     0.104000      53998.2      21.1200    0.0300000      53998.2      20.7460    0.0280000      53998.2      20.7330    0.0440000      53998.2      20.7690     0.158000
       54005.194      21.0970    0.0950000      54005.2      21.1960    0.0340000      54005.2      20.7600    0.0310000      54005.2      20.6920    0.0410000      54005.2      20.6900     0.161000
       54010.143      21.3750     0.169000      54010.1      21.1280    0.0610000      54010.1      20.8030    0.0450000      54010.1      20.6710    0.0450000      54010.1      21.0720     0.360000
       54012.136      21.4530     0.373000      54012.1      21.1460     0.136000      54012.1      20.7750    0.0790000      54012.1      20.8890    0.0930000      54012.1      20.4410     0.180000
       54020.142      21.2780     0.100000      54020.1      21.0620    0.0270000      54020.1      20.7580    0.0330000      54020.1      20.9250    0.0550000      54020.1      21.0450     0.226000
       54028.132      21.3340     0.173000      54028.1      21.2020    0.0510000      54028.1      20.7520    0.0460000      54028.1      20.7800    0.0730000      54028.1      20.7020     0.244000
       54030.135      21.2930     0.100000      54030.1      21.1490    0.0300000      54030.1      20.7250    0.0290000      54030.1      20.8070    0.0420000      54030.1      20.7800     0.154000
       54032.124      21.1540     0.141000      54032.1     -99.9900    0.0490000      54032.1      20.7710    0.0590000      54032.1     -99.9900    0.0640000      54032.1     -99.9900     0.346000
       54034.195      21.1240     0.159000      54034.2     -99.9900    0.0430000      54034.2      20.6490    0.0580000      54034.2     -99.9900     0.105000      54034.2     -99.9900     0.546000
       54037.116      21.2180     0.122000      54037.1      21.0890    0.0470000      54037.1      20.6560    0.0380000      54037.1      20.8030    0.0530000      54037.1      20.9680     0.226000
       54040.131      20.7240     0.170000      54040.1      20.9670    0.0950000      54040.1      20.6510    0.0670000      54040.1      20.7660    0.0970000      54040.1      20.9340     0.312000
       54050.115      20.8740    0.0990000      54050.1      21.0460    0.0410000      54050.1      20.6150    0.0420000      54050.1      20.6610    0.0630000      54050.1      21.0750     0.346000
       54053.122      21.1150     0.110000      54053.1      21.0210    0.0360000      54053.1      20.7600    0.0440000      54053.1      20.7300    0.0830000      54053.1      21.0480     0.350000
       54057.092      21.0710    0.0980000      54057.1      21.0390    0.0320000      54057.1      20.6490    0.0380000      54057.1      20.7870    0.0620000      54057.1      20.7270     0.221000
       54059.118      21.0060     0.100000      54059.1      20.9120    0.0310000      54059.1      20.5420    0.0560000      54059.1      20.7220    0.0640000      54059.1      20.9620     0.240000
       54061.129      20.7490     0.119000      54061.1      21.0330    0.0460000      54061.1      20.7000    0.0530000      54061.1      20.8520    0.0880000      54061.1      20.8990     0.371000
       54068.112      21.1730     0.354000      54068.1      20.8410     0.130000      54068.1      20.7290     0.105000      54068.1      20.6870     0.100000      54068.1      21.2490     0.656000
       54357.161      21.5360     0.133000      54357.2      21.2500    0.0380000      54357.2      20.7740    0.0330000      54357.2      20.7630    0.0490000      54357.2      20.5980     0.167000
       54365.159      21.2080     0.226000      54365.2      21.2310     0.107000      54365.2      20.8100    0.0660000      54365.2      20.7720    0.0760000      54365.2      20.6820     0.234000
       54385.209      21.1410     0.114000      54385.2      21.2980    0.0400000      54385.2      20.8010    0.0400000      54385.2      20.8170    0.0530000      54385.2      20.7000     0.163000
       54387.209      21.1630     0.154000      54387.2      21.2690    0.0500000      54387.2      20.8460    0.0500000      54387.2      20.9090    0.0750000      54387.2      20.7890     0.273000
       54392.204      22.1980     0.561000      54392.2      21.3340     0.113000      54392.2      20.6070    0.0780000      54392.2      20.8350     0.110000      54392.2      21.3180     0.630000
       52172.000       20.579000     0.064000000       52172.000       20.692000     0.028000000       52172.000       20.516000     0.030000000       52172.000       20.580000     0.039000000       52172.000       20.611000      0.15900000
       51465       21.324000      0.12300000       51465       21.179000     0.048000000       51465       20.898000     0.056000000       51465       20.818000     0.070000000       51465       20.534000      0.21700000
       51819       21.183000     0.099000000       51819       21.006000     0.039000000       51819       20.784000     0.037000000       51819       20.750000     0.059000000       51819       20.667000      0.20300000
       52172       20.577000     0.060000000       52172       20.693000     0.028000000       52172       20.515000     0.030000000       52172       20.581000     0.038000000       52172       20.628000      0.16300000
       52522       21.045000      0.10000000       52522       20.936000     0.037000000       52522       20.620000     0.045000000       52522       20.813000     0.064000000       52522       20.357000      0.15800000
       52552       20.937000     0.078000000       52552       20.928000     0.031000000       52552       20.639000     0.036000000       52552       20.658000     0.049000000       52552       20.209000      0.12200000
       52558       20.765000      0.10400000       52558       20.991000     0.068000000       52558       20.590000     0.055000000       52558       20.745000     0.097000000       52558       20.306000      0.31700000
       52576       21.050000     0.080000000       52576       20.855000     0.031000000       52576       20.617000     0.036000000       52576       20.602000     0.050000000       52576       20.427000      0.18100000
       52577       20.873000     0.071000000       52577       20.924000     0.032000000       52577       20.617000     0.040000000       52577       20.579000     0.056000000       52577       20.674000      0.24100000
       52931       20.994000     0.085000000       52931       20.878000     0.032000000       52931       20.616000     0.035000000       52931       20.547000     0.050000000       52931       20.826000      0.20400000
       52931       20.930000     0.071000000       52931       20.837000     0.033000000       52931       20.659000     0.035000000       52931       20.625000     0.044000000       52931       20.668000      0.17800000
       52935       20.931000     0.089000000       52935       20.845000     0.035000000       52935       20.635000     0.046000000       52935       20.648000     0.054000000       52935       20.648000      0.21900000
       53264       21.146000     0.099000000       53264       21.199000     0.045000000       53264       20.781000     0.040000000       53264       20.751000     0.060000000       53264       20.935000      0.26200000
       53313       20.965000      0.12600000       53313       20.966000     0.050000000       53313       20.645000     0.057000000       53313       20.641000     0.093000000       53313       20.781000      0.38800000
