       52172.253      20.0010    0.0530000      52172.3      19.6260    0.0150000      52172.2      19.4870    0.0160000      52172.2      19.2160    0.0160000      52172.3      19.1020    0.0510000
       52197.152      20.0990    0.0500000      52197.2      19.6970    0.0150000      52197.2      19.5050    0.0160000      52197.2      19.2660    0.0170000      52197.2      19.0870    0.0520000
       52557.190      19.8350    0.0530000      52557.2      19.4300    0.0140000      52557.2      19.3510    0.0170000      52557.2      19.1140    0.0180000      52557.2      19.0330    0.0610000
       52558.202      19.8150    0.0690000      52558.2      19.4570    0.0150000      52558.2      19.3140    0.0210000      52558.2      19.0950    0.0220000      52558.2      18.8680    0.0660000
       52576.115      19.8100    0.0460000      52576.1      19.4730    0.0130000      52576.1      19.3190    0.0170000      52576.1      19.1420    0.0180000      52576.1      18.9550    0.0540000
       52577.090      19.8740    0.0470000      52577.1      19.5170    0.0160000      52577.1      19.3620    0.0170000      52577.1      19.1890    0.0200000      52577.1      18.9920    0.0610000
       52578.086      19.9720    0.0490000      52578.1      19.5580    0.0140000      52578.1      19.4000    0.0160000      52578.1      19.1390    0.0170000      52578.1      18.9430    0.0500000
       52930.103      20.1650    0.0530000      52930.1      19.7370    0.0140000      52930.1      19.5840    0.0160000      52930.1      19.3310    0.0160000      52930.1      19.1100    0.0460000
       52931.104      20.1600    0.0580000      52931.1      19.7400    0.0160000      52931.1      19.5320    0.0170000      52931.1      19.3400    0.0180000      52931.1      19.0630    0.0540000
       52935.101      20.1770    0.0730000      52935.1      19.7490    0.0170000      52935.1      19.5250    0.0190000      52935.1      19.3030    0.0210000      52935.1      19.0340    0.0650000
       52936.092      20.1840    0.0510000      52936.1      19.7900    0.0140000      52936.1      19.6420    0.0170000      52936.1      19.3520    0.0170000      52936.1      19.2810    0.0570000
       53243.278      20.2430    0.0990000      53243.3      19.8750    0.0320000      53243.3      19.6590    0.0260000      53243.3      19.3690    0.0220000      53243.3      19.1490    0.0520000
       53270.156      20.2080    0.0790000      53270.2      19.8220    0.0240000      53270.2      19.6540    0.0220000      53270.2      19.4450    0.0250000      53270.2      19.1740    0.0540000
       53288.134      20.0970    0.0640000      53288.1      19.8040    0.0170000      53288.1      19.5910    0.0210000      53288.1      19.3260    0.0200000      53288.1      19.0770    0.0550000
       53302.129      20.0440    0.0920000      53302.1      19.7440    0.0310000      53302.1      19.6240    0.0260000      53302.1      19.3430    0.0220000      53302.1      19.0720    0.0540000
       53312.085      20.1210    0.0600000      53312.1      19.8260    0.0200000      53312.1      19.6240    0.0230000      53312.1      19.3830    0.0260000      53312.1      19.2270    0.0770000
       53313.094      20.1260    0.0810000      53313.1      19.7990    0.0230000      53313.1      19.5650    0.0230000      53313.1      19.3590    0.0270000      53313.1      19.1220    0.0900000
       53314.086      20.2560    0.0660000      53314.1      19.7610    0.0160000      53314.1      19.6020    0.0210000      53314.1      19.3380    0.0220000      53314.1      19.1360    0.0690000
       53622.204      20.1460    0.0950000      53622.2      19.7750    0.0230000      53622.2      19.5310    0.0240000      53622.2      19.2750    0.0270000      53622.2      19.1080    0.0870000
       53623.181      20.1740    0.0650000      53623.2      19.8140    0.0190000      53623.2      19.6800    0.0200000      53623.2      19.3230    0.0190000      53623.2      19.1580    0.0530000
       53625.199      20.3010    0.0680000      53625.2      19.8460    0.0210000      53625.2      19.7150    0.0200000      53625.2      19.4630    0.0190000      53625.2      19.2120    0.0500000
       53626.167      20.2030    0.0960000      53626.2      19.8410    0.0330000      53626.2      19.5750    0.0270000      53626.2      19.3220    0.0240000      53626.2      19.1190    0.0570000
       53628.152      20.6310     0.268000      53628.2      19.7090    0.0470000      53628.1      19.6540    0.0430000      53628.2      19.3990    0.0350000      53628.2      19.2020    0.0860000
       53634.153      20.2260     0.170000      53634.2      19.8000    0.0480000      53634.2      19.5890    0.0400000      53634.2      19.3400    0.0390000      53634.2      18.9530    0.0810000
       53637.153      20.2880    0.0940000      53637.2      19.8040    0.0210000      53637.2      19.5690    0.0240000      53637.2      19.3290    0.0240000      53637.2      19.1250    0.0790000
       53644.146      20.4200    0.0580000      53644.1      19.9160    0.0170000      53644.1      19.7910    0.0190000      53644.1      19.5780    0.0210000      53644.1      19.3780    0.0540000
       53656.128      20.3790     0.207000      53656.1      19.8760    0.0550000      53656.1      19.6040    0.0400000      53656.1      19.3230    0.0350000      53656.1      19.0840    0.0880000
       53664.155      20.0910    0.0960000      53664.2      19.7830    0.0290000      53664.2      19.6350    0.0270000      53664.2      19.3170    0.0240000      53664.2      19.1090    0.0650000
       53665.119      20.1630     0.170000      53665.1      19.8310    0.0330000      53665.1      19.7640    0.0710000      53665.1      19.3880    0.0520000      53665.1      19.0900     0.161000
       53668.131      20.2920    0.0830000      53668.1      19.7760    0.0170000      53668.1      19.6140    0.0230000      53668.1      19.3410    0.0250000      53668.1      18.9850    0.0810000
       53675.100      20.2990    0.0710000      53675.1      19.8720    0.0170000      53675.1      19.6650    0.0220000      53675.1      19.3720    0.0220000      53675.1      19.2160    0.0670000
       53679.160      20.2040    0.0850000      53679.2      19.8510    0.0200000      53679.2      19.6290    0.0230000      53679.2      19.3680    0.0220000      53679.2      19.1250    0.0650000
       53681.152     -99.9900     0.263000      53681.2      20.0280    0.0340000      53681.1     -99.9900     0.101000      53681.2      19.6120    0.0530000      53681.2      19.5570     0.189000
       53685.111      20.2710     0.198000      53685.1      19.8700    0.0550000      53685.1      19.6700    0.0540000      53685.1      19.4510    0.0440000      53685.1      19.2090    0.0940000
       53686.175      20.9530     0.606000      53686.2      19.8200    0.0850000      53686.2      19.6600    0.0600000      53686.2      19.3190    0.0440000      53686.2      18.9990     0.121000
       53687.149      20.5380     0.238000      53687.2      19.9690    0.0530000      53687.1      19.7190    0.0340000      53687.1      19.4680    0.0270000      53687.1      19.3270    0.0730000
       53693.110      20.3320     0.127000      53693.1      19.9050    0.0410000      53693.1      19.6580    0.0280000      53693.1      19.4330    0.0300000      53693.1      19.2430    0.0680000
       53700.108     -99.9900     0.195000      53700.1     -99.9900    0.0310000      53700.1      19.5930    0.0240000      53700.1      19.3690    0.0270000      53700.1      19.0210    0.0920000
       53702.106      20.1590    0.0920000      53702.1      19.8240    0.0230000      53702.1      19.6850    0.0260000      53702.1      19.3870    0.0320000      53702.1      19.1500    0.0870000
       53703.115      20.2410     0.108000      53703.1      19.8670    0.0350000      53703.1      19.7060    0.0290000      53703.1      19.4210    0.0290000      53703.1      19.2090    0.0960000
       53705.095      20.1470    0.0710000      53705.1      19.8750    0.0200000      53705.1      19.6460    0.0200000      53705.1      19.3850    0.0220000      53705.1      19.0520    0.0660000
       53975.180      20.3940    0.0800000      53975.2      19.9280    0.0200000      53975.2      19.7200    0.0210000      53975.2      19.5090    0.0220000      53975.2      19.2040    0.0730000
       53989.189      20.4150    0.0780000      53989.2      19.9370    0.0250000      53989.2      19.7840    0.0260000      53989.2      19.5540    0.0210000      53989.2      19.2580    0.0460000
       53995.179      20.2620    0.0530000      53995.2      19.8700    0.0170000      53995.2      19.7270    0.0170000      53995.2      19.4600    0.0210000      53995.2      19.1920    0.0440000
       53996.186      20.3210    0.0560000      53996.2      19.8340    0.0170000      53996.2      19.6910    0.0170000      53996.2      19.4460    0.0170000      53996.2      19.2360    0.0450000
       53998.155      20.2880    0.0550000      53998.2      19.8520    0.0170000      53998.2      19.7210    0.0170000      53998.2      19.4990    0.0180000      53998.2      19.3820    0.0470000
       54007.142      20.4050    0.0630000      54007.1      19.8790    0.0190000      54007.1      19.7350    0.0200000      54007.1      19.5490    0.0200000      54007.1      19.3300    0.0550000
       54010.140      20.1480    0.0720000      54010.1      19.8740    0.0270000      54010.1      19.7680    0.0240000      54010.1      19.5130    0.0200000      54010.1      19.2360    0.0410000
       54012.133      20.1710     0.146000      54012.1      19.8250    0.0400000      54012.1      19.6640    0.0390000      54012.1      19.5340    0.0320000      54012.1      19.3400    0.0600000
       54019.154      20.3090    0.0610000      54019.2      19.8480    0.0230000      54019.2      19.7550    0.0180000      54019.2      19.4700    0.0180000      54019.2      19.3780    0.0520000
       54020.139      20.3320    0.0560000      54020.1      19.8810    0.0170000      54020.1      19.6970    0.0160000      54020.1      19.5070    0.0170000      54020.1      19.2980    0.0540000
       54022.188     -99.9900     0.123000      54022.2      19.7690    0.0200000      54022.2     -99.9900     0.101000      54022.2     -99.9900     0.192000      54022.2      19.1330    0.0600000
       54028.130      20.2710    0.0750000      54028.1      19.8080    0.0200000      54028.1      19.6450    0.0220000      54028.1      19.4540    0.0200000      54028.1      19.2170    0.0670000
       54029.133      20.3050    0.0490000      54029.1      19.8680    0.0190000      54029.1      19.7570    0.0200000      54029.1      19.5260    0.0200000      54029.1      19.2120    0.0430000
       54030.133      20.2810    0.0530000      54030.1      19.8410    0.0190000      54030.1      19.7240    0.0160000      54030.1      19.5340    0.0160000      54030.1      19.1780    0.0410000
       54032.122      20.1690    0.0740000      54032.1      19.8420    0.0240000      54032.1      19.7390    0.0280000      54032.1      19.5020    0.0280000      54032.1      19.2590    0.0740000
       54034.192     -99.9900    0.0720000      54034.2      19.8810    0.0210000      54034.2      19.5470    0.0250000      54034.2      19.3600    0.0270000      54034.2      19.4310     0.107000
       54040.128      20.1630     0.120000      54040.1      19.7720    0.0360000      54040.1      19.6910    0.0330000      54040.1      19.4470    0.0280000      54040.1      19.1670    0.0620000
       54051.109      20.0990    0.0760000      54051.1      19.7690    0.0280000      54051.1      19.6580    0.0250000      54051.1      19.4530    0.0300000      54051.1      19.1520     0.119000
       54053.119      20.1040    0.0590000      54053.1      19.7420    0.0200000      54053.1      19.5610    0.0190000      54053.1      19.3110    0.0230000      54053.1      19.1660    0.0710000
       54056.121      19.9530     0.105000      54056.1      19.6510    0.0260000      54056.1      19.4910    0.0290000      54056.1      19.2980    0.0240000      54056.1     -99.9900     0.117000
       54057.090      20.1790    0.0620000      54057.1      19.6920    0.0190000      54057.1      19.5810    0.0200000      54057.1      19.2960    0.0220000      54057.1      19.1120    0.0600000
       54061.126      20.1390    0.0820000      54061.1      19.7090    0.0190000      54061.1      19.5260    0.0220000      54061.1      19.3570    0.0260000      54061.1      19.0130    0.0720000
       54062.120      20.2260    0.0960000      54062.1      19.6980    0.0230000      54062.1      19.6150    0.0260000      54062.1      19.3350    0.0280000      54062.1      19.0790    0.0790000
       54068.110      20.2860     0.202000      54068.1      19.7740    0.0490000      54068.1      19.5700    0.0370000      54068.1      19.3060    0.0340000      54068.1      19.1430    0.0870000
       54356.211      20.1280    0.0580000      54356.2      19.8240    0.0180000      54356.2      19.6560    0.0190000      54356.2      19.3950    0.0240000      54356.2      19.1780    0.0500000
       54357.158      20.1540    0.0530000      54357.2      19.7780    0.0200000      54357.2      19.6740    0.0190000      54357.2      19.4400    0.0200000      54357.2      19.1850    0.0500000
       54358.156      20.2150    0.0670000      54358.2      19.8050    0.0190000      54358.2      19.5780    0.0220000      54358.2      19.3660    0.0280000      54358.2      19.1940    0.0470000
       54365.156      20.1410     0.100000      54365.2      19.7360    0.0290000      54365.2      19.6320    0.0270000      54365.2      19.3830    0.0240000      54365.2      19.2320    0.0580000
       54381.201      20.1410    0.0710000      54381.2      19.7690    0.0170000      54381.2      19.5850    0.0200000      54381.2      19.2900    0.0220000      54381.2      19.1760    0.0740000
       54382.198      20.0180    0.0690000      54382.2      19.7090    0.0230000      54382.2      19.5420    0.0180000      54382.2      19.3630    0.0230000      54382.2      19.1550    0.0760000
       54383.204      20.1600    0.0650000      54383.2      19.7290    0.0220000      54383.2      19.5910    0.0180000      54383.2      19.3950    0.0190000      54383.2      19.1690    0.0590000
       54386.201      20.2490    0.0520000      54386.2      19.7610    0.0190000      54386.2      19.6860    0.0180000      54386.2      19.4730    0.0180000      54386.2      19.2180    0.0420000
       54387.207      20.1310    0.0740000      54387.2      19.6900    0.0170000      54387.2      19.5560    0.0200000      54387.2      19.3610    0.0200000      54387.2      19.1190    0.0580000
       54392.201      20.0590     0.178000      54392.2     -99.9900    0.0600000      54392.2      19.4500    0.0310000      54392.2      19.2720    0.0290000      54392.2      19.1260    0.0870000
       54402.200      20.0880     0.133000      54402.2      19.7980    0.0410000      54402.2      19.6010    0.0290000      54402.2      19.4020    0.0250000      54402.2      19.2240    0.0610000
       54403.119      20.1740    0.0460000      54403.1      19.7750    0.0160000      54403.1      19.6670    0.0170000      54403.1      19.4420    0.0190000      54403.1      19.1590    0.0440000
       54406.113      20.1160    0.0460000      54406.1      19.7820    0.0180000      54406.1      19.6130    0.0180000      54406.1      19.4420    0.0210000      54406.1      19.2390    0.0650000
       54412.116      20.2200    0.0570000      54412.1      19.7460    0.0210000      54412.1      19.6030    0.0200000      54412.1      19.3620    0.0210000      54412.1      19.0670    0.0470000
       54415.153      20.2450    0.0580000      54415.2      19.8110    0.0190000      54415.2      19.6610    0.0180000      54415.2      19.4410    0.0200000      54415.2      19.2270    0.0510000
       52172.000       20.071000     0.052000000       52172.000       19.736000     0.023000000       52172.000       19.636000     0.019000000       52172.000       19.371000     0.024000000       52172.000       19.238000     0.051000000
       51459       20.024000     0.075000000       51459       19.641000     0.024000000       51459       19.492000     0.025000000       51459       19.243000     0.028000000       51459       18.872000     0.073000000
       51465       20.086000     0.056000000       51465       19.669000     0.019000000       51465       19.571000     0.023000000       51465       19.298000     0.023000000       51465       19.035000     0.065000000
       52053       19.894000     0.060000000       52053       19.557000     0.030000000       52053       19.402000     0.023000000       52053       19.116000     0.024000000       52053       19.005000     0.053000000
       52075       20.045000     0.044000000       52075       19.639000     0.018000000       52075       19.466000     0.021000000       52075       19.293000     0.020000000       52075       19.049000     0.039000000
       52172       20.073000     0.048000000       52172       19.736000     0.024000000       52172       19.635000     0.018000000       52172       19.369000     0.025000000       52172       19.236000     0.050000000
       52197       20.129000     0.039000000       52197       19.744000     0.021000000       52197       19.582000     0.019000000       52197       19.375000     0.022000000       52197       19.172000     0.052000000
       52225       20.030000     0.038000000       52225       19.639000     0.021000000       52225       19.524000     0.020000000       52225       19.287000     0.019000000       52225       19.059000     0.047000000
       52522       19.918000     0.053000000       52522       19.504000     0.022000000       52522       19.462000     0.021000000       52522       19.210000     0.021000000       52522       18.987000     0.056000000
       52552       19.926000     0.040000000       52552       19.487000     0.017000000       52552       19.441000     0.015000000       52552       19.223000     0.020000000       52552       18.971000     0.044000000
       52557       19.848000     0.046000000       52557       19.490000     0.021000000       52557       19.416000     0.022000000       52557       19.226000     0.025000000       52557       19.125000     0.062000000
       52578       20.009000     0.040000000       52578       19.628000     0.018000000       52578       19.474000     0.019000000       52578       19.259000     0.021000000       52578       19.026000     0.050000000
       52929       20.206000     0.046000000       52929       19.786000     0.020000000       52929       19.655000     0.018000000       52929       19.455000     0.022000000       52929       19.217000     0.051000000
       52931       20.308000     0.056000000       52931       19.847000     0.019000000       52931       19.638000     0.021000000       52931       19.417000     0.024000000       52931       19.274000     0.055000000
       52931       20.205000     0.045000000       52931       19.842000     0.020000000       52931       19.633000     0.019000000       52931       19.468000     0.022000000       52931       19.149000     0.053000000
       52934       20.194000     0.051000000       52934       19.833000     0.022000000       52934       19.717000     0.028000000       52934       19.440000     0.023000000       52934       19.233000     0.060000000
       52936       20.146000     0.040000000       52936       19.857000     0.019000000       52936       19.709000     0.018000000       52936       19.480000     0.027000000       52936       19.301000     0.056000000
       53243       20.239000     0.085000000       53243       19.913000     0.033000000       53243       19.708000     0.030000000       53243       19.470000     0.025000000       53243       19.227000     0.051000000
       53263       20.123000     0.049000000       53263       19.802000     0.018000000       53263       19.614000     0.025000000       53263       19.436000     0.020000000       53263       19.310000     0.052000000
       53270       20.142000     0.074000000       53270       19.792000     0.026000000       53270       19.605000     0.024000000       53270       19.434000     0.029000000       53270       19.121000     0.058000000
       53272       20.167000     0.097000000       53272       19.785000     0.039000000       53272       19.677000     0.040000000       53272       19.421000     0.027000000       53272       19.140000     0.057000000
       53288       20.095000     0.052000000       53288       19.827000     0.018000000       53288       19.666000     0.024000000       53288       19.445000     0.027000000       53288       19.158000     0.055000000
       53312       20.080000     0.054000000       53312       19.801000     0.021000000       53312       19.607000     0.024000000       53312       19.366000     0.029000000       53312       19.176000     0.083000000
       53314       20.287000     0.053000000       53314       19.808000     0.019000000       53314       19.702000     0.021000000       53314       19.443000     0.026000000       53314       19.252000     0.069000000
       54769       20.132000     0.052000000       54769       19.688000     0.018000000       54769       19.566000     0.023000000       54769       19.332000     0.024000000       54769       19.101000     0.055000000
