       51075.274      19.6250    0.0330000      51075.3      19.3930    0.0130000      51075.3      19.3310    0.0150000      51075.3      19.0230    0.0180000      51075.3      19.0770    0.0790000
       51464.262      19.6870    0.0410000      51464.3      19.3720    0.0130000      51464.3      19.2900    0.0160000      51464.3      19.0190    0.0180000      51464.3      19.0120    0.0710000
       52196.275      19.4740    0.0350000      52196.3      19.2680    0.0110000      52196.3      19.1920    0.0130000      52196.3      18.9790    0.0150000      52196.3      19.1090    0.0670000
       52197.288      19.5720    0.0340000      52197.3      19.2300    0.0110000      52197.3      19.1910    0.0120000      52197.3      18.9450    0.0140000      52197.3      19.0730    0.0540000
       52225.138      19.5180    0.0320000      52225.1      19.1930    0.0100000      52225.1      19.1510    0.0130000      52225.1      18.9700    0.0140000      52225.1      18.9730    0.0530000
       52231.174      19.4110    0.0310000      52231.2      19.2090    0.0100000      52231.2      19.1710    0.0130000      52231.2      18.9400    0.0130000      52231.2      18.9580    0.0480000
       52253.160      19.4890    0.0420000      52253.2      19.1990    0.0130000      52253.2      19.1820    0.0150000      52253.2      18.9650    0.0160000      52253.2      18.9550    0.0610000
       52557.282      19.6410    0.0410000      52557.3      19.3500    0.0120000      52557.3      19.3360    0.0150000      52557.3      19.0630    0.0160000      52557.3      19.1070    0.0720000
       52578.178      19.6380    0.0370000      52578.2      19.3400    0.0110000      52578.2      19.2800    0.0140000      52578.2      19.0580    0.0150000      52578.2      19.1550    0.0610000
       52908.256      19.4700    0.0370000      52908.3      19.2390    0.0120000      52908.3      19.2050    0.0130000      52908.3      18.9870    0.0150000      52908.3      19.0580    0.0630000
       52911.270      19.5040    0.0370000      52911.3      19.2290    0.0110000      52911.3      19.2090    0.0140000      52911.3      18.9600    0.0160000      52911.3      19.0560    0.0640000
       52930.147      19.5070    0.0340000      52930.1      19.2600    0.0110000      52930.1      19.2210    0.0120000      52930.1      19.0070    0.0140000      52930.1      19.0050    0.0520000
       52934.188      19.5240    0.0380000      52934.2      19.2960    0.0120000      52934.2      19.2080    0.0140000      52934.2      18.9860    0.0150000      52934.2      19.0650    0.0650000
       52936.184      19.5460    0.0330000      52936.2      19.2690    0.0110000      52936.2      19.2100    0.0130000      52936.2      19.0020    0.0140000      52936.2      19.0930    0.0560000
       52962.110      19.5760    0.0360000      52962.1      19.2990    0.0110000      52962.1      19.2450    0.0140000      52962.1      18.9890    0.0150000      52962.1      19.0680    0.0590000
       53270.248      19.5300    0.0340000      53270.2      19.2820    0.0170000      53270.2      19.2310    0.0170000      53270.2      19.0310    0.0240000      53270.2      19.0250    0.0570000
       53272.298     -99.9900    0.0590000      53272.3      19.2780    0.0190000      53272.3      19.2400    0.0190000      53272.3      19.0310    0.0180000      53272.3      19.0120    0.0620000
       53286.267      19.5050    0.0480000      53286.3      19.3110    0.0140000      53286.3      19.2000    0.0190000      53286.3      19.0240    0.0250000      53286.3      19.1680    0.0770000
       53288.225      19.5060    0.0340000      53288.2      19.2610    0.0110000      53288.2      19.2290    0.0130000      53288.2      19.0380    0.0130000      53288.2      19.0690    0.0480000
       53294.253      19.5680    0.0410000      53294.3      19.2760    0.0300000      53294.2      19.2460    0.0160000      53294.2      19.0350    0.0220000      53294.3      19.0690    0.0640000
       53302.221      19.4550    0.0680000      53302.2      19.2600    0.0250000      53302.2      19.3050    0.0310000      53302.2      19.0000    0.0230000      53302.2      19.0090    0.0680000
       53312.176      19.4860    0.0350000      53312.2      19.2830    0.0140000      53312.2      19.2580    0.0170000      53312.2      19.0140    0.0200000      53312.2      19.0650    0.0680000
       53314.178      19.4590    0.0330000      53314.2      19.2450    0.0110000      53314.2      19.2140    0.0140000      53314.2      19.0200    0.0160000      53314.2      19.0250    0.0620000
       53616.282      19.5820    0.0640000      53616.3      19.4410    0.0150000      53616.3      19.3900    0.0160000      53616.3      19.0650    0.0250000      53616.3      19.0490     0.128000
       53623.272      19.7900    0.0510000      53623.3      19.4590    0.0130000      53623.3      19.3950    0.0190000      53623.3      19.1310    0.0200000      53623.3      19.3630    0.0880000
       53626.258      19.7300    0.0510000      53626.3      19.4090    0.0170000      53626.3      19.3640    0.0190000      53626.3      19.1310    0.0190000      53626.3      19.0630    0.0590000
       53628.243      19.5860    0.0750000      53628.2      19.3910    0.0250000      53628.2      19.4170    0.0260000      53628.2      19.1200    0.0220000      53628.2      19.1220    0.0710000
       53637.245      19.6630    0.0600000      53637.2      19.4250    0.0210000      53637.2      19.3740    0.0200000      53637.2      19.0880    0.0200000      53637.2      19.0740    0.0890000
       53639.290      19.6330    0.0400000      53639.3      19.4130    0.0120000      53639.3      19.3860    0.0150000      53639.3      19.1160    0.0160000      53639.3      19.1340    0.0560000
       53644.237      19.6850    0.0330000      53644.2      19.3850    0.0150000      53644.2      19.3590    0.0170000      53644.2      19.0900    0.0170000      53644.2      19.1200    0.0460000
       53654.272      19.6620    0.0400000      53654.3      19.3870    0.0120000      53654.3      19.3150    0.0150000      53654.3      19.1060    0.0170000      53654.3      19.1550    0.0630000
       53656.220      19.4640    0.0860000      53656.2      19.3550    0.0360000      53656.2      19.3180    0.0320000      53656.2      19.0140    0.0280000      53656.2      19.1640     0.104000
       53663.233      19.6270    0.0520000      53663.2      19.3990    0.0190000      53663.2      19.3210    0.0160000      53663.2      19.0640    0.0150000      53663.2      19.0700    0.0490000
       53665.211     -99.9900      1.23600      53665.2     -99.9900     0.205000      53665.2     -99.9900     0.212000      53665.2      19.1240     0.312000      53665.2      19.6100      1.49000
       53668.223      19.6250    0.0460000      53668.2      19.3660    0.0130000      53668.2      19.3230    0.0160000      53668.2      19.1040    0.0190000      53668.2      19.0440    0.0770000
       53670.227      19.6010    0.0380000      53670.2      19.3500    0.0120000      53670.2      19.3330    0.0150000      53670.2      19.0650    0.0160000      53670.2      19.0830    0.0610000
       53673.195      19.6380    0.0400000      53673.2      19.3850    0.0120000      53673.2      19.3280    0.0150000      53673.2      19.1100    0.0160000      53673.2      19.2320    0.0670000
       53675.192      19.6380    0.0520000      53675.2      19.3240    0.0120000      53675.2      19.3550    0.0190000      53675.2      19.0600    0.0210000      53675.2      19.0620    0.0880000
       53677.213      19.6060    0.0410000      53677.2      19.3560    0.0110000      53677.2      19.3450    0.0140000      53677.2      19.0810    0.0150000      53677.2      19.0940    0.0560000
       53680.200      19.6060    0.0380000      53680.2      19.3700    0.0120000      53680.2      19.3170    0.0150000      53680.2      19.0840    0.0160000      53680.2      19.0710    0.0560000
       53693.202      19.5400    0.0660000      53693.2      19.4200    0.0270000      53693.2      19.3220    0.0210000      53693.2      19.0930    0.0180000      53693.2      19.0710    0.0610000
       53702.198      19.8010    0.0950000      53702.2      19.3530    0.0230000      53702.2      19.3430    0.0290000      53702.2      19.0640    0.0400000      53702.2      19.1820     0.187000
       53704.185      19.5540    0.0390000      53704.2      19.3750    0.0120000      53704.2      19.3490    0.0140000      53704.2      19.1020    0.0160000      53704.2      19.1860    0.0650000
       53974.278      19.8440    0.0390000      53974.3      19.5600    0.0150000      53974.3      19.4440    0.0170000      53974.3      19.1890    0.0180000      53974.3      19.1720    0.0510000
       53989.281      19.8780    0.0680000      53989.3      19.5710    0.0270000      53989.3      19.4770    0.0230000      53989.3      19.1750    0.0200000      53989.3      19.2440    0.0640000
       53997.377      19.9390    0.0530000      53997.4     -99.9900    0.0210000      53997.4     -99.9900    0.0170000      53997.4      19.1770    0.0190000      53997.4     -99.9900    0.0700000
       54000.257      19.7860    0.0440000      54000.3      19.5840    0.0220000      54000.3      19.4270    0.0200000      54000.3      19.2120    0.0220000      54000.3      19.1140    0.0780000
       54007.307      19.6870    0.0440000      54007.3      19.5510    0.0220000      54007.3      19.4680    0.0180000      54007.3      19.1850    0.0190000      54007.3      19.2100    0.0740000
       54009.231      19.8060    0.0450000      54009.2      19.5160    0.0220000      54009.2      19.3560    0.0220000      54009.2      19.1480    0.0190000      54009.2      19.1450    0.0530000
       54011.295      19.8290    0.0490000      54011.3      19.5770    0.0210000      54011.3      19.4350    0.0180000      54011.3      19.1380    0.0190000      54011.3      19.2530    0.0520000
       54025.294      19.8810    0.0930000      54025.3      19.5780    0.0220000      54025.3      19.4150    0.0230000      54025.3      19.1700    0.0230000      54025.3      19.1570    0.0880000
       54029.224      19.7280    0.0590000      54029.2      19.5230    0.0160000      54029.2      19.4550    0.0190000      54029.2      19.1720    0.0280000      54029.2      19.2440    0.0630000
       54348.292      19.5840    0.0430000      54348.3      19.3610    0.0200000      54348.3      19.4200    0.0250000      54348.3      19.0770    0.0200000      54348.3      19.0030    0.0640000
       54358.248      19.6120    0.0420000      54358.2      19.3630    0.0160000      54358.2      19.3440    0.0190000      54358.2      19.0980    0.0240000      54358.2      19.1350    0.0650000
       54365.281      19.5710    0.0460000      54365.3      19.3500    0.0230000      54365.3      19.2890    0.0270000      54365.3      19.0250    0.0250000      54365.3      19.0970    0.0770000
       54373.355      19.5730     0.108000      54373.4      19.3830    0.0370000      54373.4      19.3270    0.0260000      54373.4      19.0940    0.0250000      54373.4      19.0750    0.0750000
       54381.300      19.6170    0.0400000      54381.3      19.4010    0.0190000      54381.3      19.3230    0.0200000      54381.3      19.0930    0.0240000      54381.3      19.0430    0.0560000
       54386.293      19.6510    0.0430000      54386.3      19.3930    0.0170000      54386.3      19.3410    0.0170000      54386.3      19.0760    0.0180000      54386.3      19.1610    0.0550000
       54388.297      19.7140    0.0450000      54388.3      19.3930    0.0150000      54388.3      19.3380    0.0160000      54388.3      19.0410    0.0180000      54388.3      19.0730    0.0530000
       54403.211      19.7150    0.0510000      54403.2      19.4010    0.0220000      54403.2      19.3350    0.0190000      54403.2      19.0530    0.0220000      54403.2      19.1470    0.0590000
       54405.266      19.5810    0.0510000      54405.3      19.4000    0.0250000      54405.3      19.3450    0.0190000      54405.3      19.0530    0.0170000      54405.3      19.1970    0.0650000
       54406.204      19.6090    0.0410000      54406.2      19.3960    0.0250000      54406.2      19.3460    0.0220000      54406.2      19.0720    0.0200000      54406.2      19.0780    0.0530000
       54412.207      19.6600    0.0350000      54412.2      19.3830    0.0190000      54412.2      19.3320    0.0160000      54412.2      19.0920    0.0170000      54412.2      19.1200    0.0560000
       52197.000       19.603000     0.033000000       52197.000       19.244000     0.024000000       52197.000       19.182000     0.023000000       52197.000       18.920000     0.019000000       52197.000       19.077000     0.055000000
       51075       19.593000     0.039000000       51075       19.376000     0.017000000       51075       19.285000     0.018000000       51075       18.985000     0.021000000       51075       19.057000     0.074000000
       51464       19.691000     0.037000000       51464       19.359000     0.023000000       51464       19.283000     0.021000000       51464       19.027000     0.023000000       51464       19.002000     0.066000000
       52196       19.467000     0.036000000       52196       19.271000     0.014000000       52196       19.174000     0.020000000       52196       18.965000     0.020000000       52196       19.085000     0.065000000
       52197       19.597000     0.031000000       52197       19.239000     0.025000000       52197       19.186000     0.021000000       52197       18.920000     0.019000000       52197       19.071000     0.051000000
       52225       19.487000     0.033000000       52225       19.200000     0.017000000       52225       19.139000     0.018000000       52225       18.957000     0.019000000       52225       18.948000     0.049000000
       52231       19.400000     0.028000000       52231       19.221000     0.020000000       52231       19.157000     0.017000000       52231       18.940000     0.020000000       52231       18.958000     0.044000000
       52253       19.443000     0.042000000       52253       19.196000     0.019000000       52253       19.166000     0.019000000       52253       18.940000     0.021000000       52253       18.914000     0.057000000
       52557       19.634000     0.041000000       52557       19.351000     0.021000000       52557       19.318000     0.025000000       52557       19.056000     0.023000000       52557       19.079000     0.065000000
       52578       19.609000     0.035000000       52578       19.334000     0.023000000       52578       19.256000     0.021000000       52578       19.033000     0.025000000       52578       19.106000     0.056000000
       52908       19.445000     0.033000000       52908       19.212000     0.022000000       52908       19.174000     0.030000000       52908       18.961000     0.026000000       52908       19.033000     0.059000000
       52911       19.501000     0.036000000       52911       19.231000     0.025000000       52911       19.215000     0.018000000       52911       18.965000     0.019000000       52911       19.031000     0.057000000
       52930       19.486000     0.032000000       52930       19.259000     0.019000000       52930       19.198000     0.014000000       52930       18.979000     0.020000000       52930       18.988000     0.047000000
       52934       19.504000     0.035000000       52934       19.287000     0.017000000       52934       19.184000     0.016000000       52934       18.970000     0.022000000       52934       19.023000     0.061000000
       52936       19.502000     0.033000000       52936       19.256000     0.018000000       52936       19.182000     0.020000000       52936       18.962000     0.018000000       52936       19.069000     0.052000000
       52962       19.574000     0.039000000       52962       19.313000     0.022000000       52962       19.265000     0.020000000       52962       18.979000     0.019000000       52962       19.020000     0.062000000
       52962       19.556000     0.044000000       52962       19.290000     0.016000000       52962       19.234000     0.018000000       52962       18.968000     0.020000000       52962       19.068000     0.051000000
       53270       19.492000     0.033000000       53270       19.267000     0.019000000       53270       19.225000     0.019000000       53270       19.003000     0.023000000       53270       19.016000     0.057000000
       53272       19.473000     0.053000000       53272       19.259000     0.022000000       53272       19.219000     0.020000000       53272       19.000000     0.021000000       53272       18.989000     0.060000000
       53286       19.477000     0.043000000       53286       19.287000     0.021000000       53286       19.139000     0.021000000       53286       19.060000     0.026000000       53286       19.115000     0.067000000
       53294       19.520000     0.040000000       53294       19.313000     0.027000000       53294       19.221000     0.018000000       53294       19.008000     0.023000000       53294       19.006000     0.064000000
       53312       19.476000     0.035000000       53312       19.267000     0.016000000       53312       19.241000     0.022000000       53312       19.010000     0.019000000       53312       19.032000     0.071000000
       53314       19.449000     0.033000000       53314       19.272000     0.027000000       53314       19.222000     0.024000000       53314       19.019000     0.024000000       53314       19.012000     0.057000000
