       51081.409      20.2790    0.0600000      51081.4      19.7190    0.0160000      51081.4      19.5190    0.0180000      51081.4      19.4540    0.0240000      51081.4      19.2330    0.0570000
       51819.480      20.5060    0.0750000      51819.5      19.8090    0.0180000      51819.5      19.5730    0.0190000      51819.5      19.5140    0.0250000      51819.5      19.2790    0.0590000
       51875.224      20.3310    0.0550000      51875.2      19.6990    0.0160000      51875.2      19.5150    0.0170000      51875.2      19.4810    0.0230000      51875.2      19.2770    0.0640000
       52171.456      20.4520    0.0600000      52171.5     -99.9900    0.0160000      52171.5      19.5750    0.0160000      52171.5      19.5370    0.0220000      52171.5      19.2410    0.0490000
       52225.305      20.3530    0.0520000      52225.3      19.8090    0.0170000      52225.3      19.6090    0.0190000      52225.3      19.5520    0.0250000      52225.3      19.2860    0.0510000
       52288.139      20.5960    0.0660000      52288.1      19.7970    0.0150000      52288.1      19.5840    0.0160000      52288.1      19.5080    0.0230000      52288.1      19.2740    0.0490000
       52551.412      20.4270    0.0590000      52551.4      19.6530    0.0150000      52551.4      19.4470    0.0160000      52551.4      19.3970    0.0220000      52551.4      19.2030    0.0520000
       52558.445      20.4470    0.0560000      52558.4      19.7060    0.0140000      52558.4      19.4710    0.0150000      52558.4      19.4000    0.0200000      52558.4      19.2100    0.0510000
       52578.317      20.3210    0.0480000      52578.3      19.6770    0.0130000      52578.3      19.4960    0.0140000      52578.3      19.4410    0.0190000      52578.3      19.1900    0.0470000
       52585.280      20.2110    0.0490000      52585.3      19.6680    0.0150000      52585.3      19.4660    0.0160000      52585.3      19.3850    0.0240000      52585.3      19.2070    0.0650000
       52909.446      20.4850    0.0580000      52909.4      19.8230    0.0180000      52909.4      19.6010    0.0190000      52909.4      19.5060    0.0240000      52909.4      19.2300    0.0500000
       52910.417      20.2880    0.0630000      52910.4      19.7640    0.0170000      52910.4      19.5660    0.0180000      52910.4      19.5240    0.0260000      52910.4      19.2620    0.0550000
       52935.344      20.6270    0.0650000      52935.3      19.8010    0.0150000      52935.3      19.5590    0.0160000      52935.3      19.4980    0.0230000      52935.3      19.2040    0.0570000
       52963.267      20.4460    0.0500000      52963.3      19.7740    0.0140000      52963.3      19.5690    0.0150000      52963.3      19.4940    0.0200000      52963.3      19.1890    0.0480000
       52971.258      20.6040    0.0800000      52971.3      19.7950    0.0200000      52971.3      19.6140    0.0200000      52971.3      19.5060    0.0250000      52971.3      19.2600    0.0640000
       53351.189      20.3710    0.0610000      53351.2      19.6830    0.0140000      53351.2      19.5140    0.0180000      53351.2      19.4030    0.0240000      53351.2      19.2010    0.0640000
       53622.446      20.5880    0.0590000      53622.4      19.8380    0.0150000      53622.4      19.6830    0.0160000      53622.4      19.5500    0.0200000      53622.4      19.3140    0.0460000
       53627.403     -99.9900    0.0720000      53627.4      19.8840    0.0180000      53627.4      19.6620    0.0200000      53627.4      19.5660    0.0250000      53627.4      19.2950    0.0530000
       53634.396      20.8120     0.192000      53634.4      19.9130    0.0440000      53634.4      19.6080    0.0300000      53634.4      19.5660    0.0310000      53634.4      19.3010    0.0640000
       53638.437      20.5980    0.0900000      53638.4      19.9400    0.0220000      53638.4      19.6810    0.0190000      53638.4      19.5470    0.0250000      53638.4      19.3000    0.0600000
       53640.401      20.6690    0.0860000      53640.4      19.9110    0.0200000      53640.4      19.6590    0.0180000      53640.4      19.5930    0.0250000      53640.4      19.2930    0.0570000
       53643.444      20.5200    0.0860000      53643.4      19.8550    0.0190000      53643.4      19.6130    0.0200000      53643.4      19.5370    0.0280000      53643.4      19.3620    0.0710000
       53646.463      20.7300    0.0850000      53646.5      19.8720    0.0180000      53646.5      19.6890    0.0230000      53646.5      19.5370    0.0270000      53646.5      19.2120    0.0570000
       53663.463      21.0450     0.325000      53663.5      19.8710    0.0480000      53663.5      19.6360    0.0330000      53663.5      19.5730    0.0350000      53663.5      19.2490    0.0630000
       53664.398      20.8800     0.183000      53664.4      19.9010    0.0320000      53664.4      19.7120    0.0350000      53664.4      19.5150    0.0390000      53664.4      19.3430    0.0640000
       53665.463      20.8350     0.184000      53665.5      19.9040    0.0310000      53665.5      19.6850    0.0270000      53665.5      19.5350    0.0310000      53665.5      19.2760    0.0720000
       53668.451      20.3830     0.125000      53668.5      19.9570    0.0320000      53668.4      19.6440    0.0270000      53668.4      19.5700    0.0350000      53668.5      19.3110    0.0810000
       53669.357      20.5180    0.0900000      53669.4      19.8640    0.0230000      53669.4      19.6770    0.0210000      53669.4      19.5450    0.0270000      53669.4      19.3200    0.0690000
       53670.457      20.4970     0.108000      53670.5      19.8740    0.0230000      53670.5      19.6130    0.0230000      53670.5      19.5340    0.0290000      53670.5      19.1860    0.0640000
       53671.442      20.5080    0.0960000      53671.4      19.9030    0.0210000      53671.4      19.6760    0.0210000      53671.4      19.6470    0.0290000      53671.4      19.3450    0.0650000
       53674.342      20.6510    0.0890000      53674.3      19.8980    0.0190000      53674.3      19.6760    0.0200000      53674.3      19.6440    0.0290000      53674.3      19.3230    0.0650000
       53676.431      20.8000     0.102000      53676.4      19.8670    0.0180000      53676.4      19.6340    0.0230000      53676.4      19.5390    0.0300000      53676.4      19.2580    0.0520000
       53679.403      20.6130    0.0890000      53679.4      19.8410    0.0190000      53679.4      19.6980    0.0240000      53679.4      19.5310    0.0300000      53679.4      19.2580    0.0770000
       53681.395     -99.9900    0.0930000      53681.4      19.8660    0.0180000      53681.4      19.6580    0.0190000      53681.4      19.5640    0.0240000      53681.4      19.2870    0.0540000
       53684.356      20.5390     0.198000      53684.4      19.8590    0.0300000      53684.4      19.6970    0.0750000      53684.4      19.5290    0.0800000      53684.4      19.2820     0.140000
       53687.297     -99.9900     0.263000      53687.3      19.8790    0.0590000      53687.3     -99.9900    0.0470000      53687.3      19.5890    0.0520000      53687.3      19.3400    0.0940000
       53694.368      20.1960     0.145000      53694.4      19.8800    0.0420000      53694.4      19.6050    0.0280000      53694.4      19.5520    0.0330000      53694.4      19.2310    0.0720000
       53696.360      20.6270     0.119000      53696.4      19.8720    0.0230000      53696.4      19.4400    0.0190000      53696.4      19.5780    0.0260000      53696.4      19.3240    0.0550000
       53697.352      20.6780     0.115000      53697.4      19.8280    0.0240000      53697.4      19.6520    0.0230000      53697.4      19.5510    0.0290000      53697.4      19.2100    0.0560000
       53700.351      20.5450    0.0760000      53700.4      19.8700    0.0190000      53700.3      19.6300    0.0210000      53700.4      19.5790    0.0300000      53700.4      19.2350    0.0650000
       53705.337      20.4420    0.0850000      53705.3      19.8820    0.0190000      53705.3      19.6870    0.0220000      53705.3      19.5990    0.0330000      53705.3      19.1940    0.0600000
       53975.422      20.7340    0.0810000      53975.4      19.9170    0.0430000      53975.4      19.6830    0.0220000      53975.4      19.6540    0.0280000      53975.4      19.3320    0.0610000
       53994.445     -99.9900    0.0840000      53994.4      19.9530    0.0220000      53994.4      19.6780    0.0210000      53994.4      19.6010    0.0260000      53994.4      19.3480    0.0520000
       53996.429     -99.9900    0.0830000      53996.4      19.9690    0.0260000      53996.4      19.7050    0.0210000      53996.4      19.6510    0.0420000      53996.4      19.3330    0.0670000
       54005.442      20.6480    0.0650000      54005.4      19.9740    0.0210000      54005.4      19.6930    0.0260000      54005.4      19.6430    0.0240000      54005.4      19.3180    0.0490000
       54009.456      20.7930    0.0620000      54009.5      19.9920    0.0210000      54009.5      19.7240    0.0200000      54009.5      19.6010    0.0210000      54009.5      19.3410    0.0460000
       54010.383      20.7730    0.0590000      54010.4      19.9570    0.0170000      54010.4      19.7260    0.0180000      54010.4      19.6020    0.0220000      54010.4      19.2530    0.0390000
       54012.376     -99.9900    0.0920000      54012.4      19.9550    0.0270000      54012.4      19.7010    0.0280000      54012.4      19.6780    0.0280000      54012.4      19.4400    0.0640000
       54020.414      20.7720     0.145000      54020.4      19.9870    0.0300000      54020.4      19.6590    0.0260000      54020.4      19.6410    0.0340000      54020.4      19.3620    0.0660000
       54024.464      20.6880     0.109000      54024.5      19.9620    0.0280000      54024.5      19.6900    0.0240000      54024.5      19.6080    0.0300000      54024.5      19.4180    0.0660000
       54028.452      20.5350    0.0720000      54028.5      19.9050    0.0230000      54028.4      19.7250    0.0240000      54028.4      19.5560    0.0280000      54028.5      19.3150    0.0550000
       54030.407      20.8570    0.0710000      54030.4      19.9330    0.0250000      54030.4      19.6880    0.0220000      54030.4      19.6210    0.0280000      54030.4      19.3670    0.0550000
       54035.451      20.7370    0.0960000      54035.5      19.9410    0.0320000      54035.4      19.7180    0.0290000      54035.4      19.6330    0.0310000      54035.5      19.3720    0.0790000
       54037.357      20.6150    0.0580000      54037.4      19.9370    0.0220000      54037.4      19.6750    0.0220000      54037.4      19.6080    0.0230000      54037.4      19.3100    0.0420000
       54040.371      20.5790    0.0560000      54040.4      19.9710    0.0240000      54040.4      19.6710    0.0200000      54040.4      19.6280    0.0260000      54040.4      19.2530    0.0500000
       54041.407      20.7160    0.0890000      54041.4      19.9680    0.0260000      54041.4      19.6980    0.0240000      54041.4      19.5990    0.0290000      54041.4      19.3000    0.0500000
       54047.402      21.2450     0.553000      54047.4      19.9450    0.0550000      54047.4      19.7400    0.0790000      54047.4      19.5640    0.0460000      54047.4      19.3980    0.0900000
       54049.398      20.4100     0.127000      54049.4      19.9200    0.0340000      54049.4      19.6310    0.0270000      54049.4      19.5960    0.0340000      54049.4      19.3720    0.0720000
       54050.358      20.3250     0.116000      54050.4      19.8920    0.0350000      54050.4      19.6640    0.0320000      54050.4      19.6200    0.0390000      54050.4      19.4150    0.0970000
       54053.377      20.4870    0.0730000      54053.4     -99.9900    0.0240000      54053.4     -99.9900    0.0220000      54053.4      19.5290    0.0300000      54053.4     -99.9900    0.0680000
       54056.364      20.5070    0.0680000      54056.4      19.8600    0.0300000      54056.4      19.6690    0.0250000      54056.4      19.5980    0.0280000      54056.4      19.3290    0.0650000
       54059.358      20.5210    0.0750000      54059.4      19.8420    0.0200000      54059.4      19.6190    0.0260000      54059.4      19.5570    0.0290000      54059.4      19.3660    0.0700000
       54061.369      20.6950     0.133000      54061.4      19.8600    0.0300000      54061.4      19.6320    0.0370000      54061.4      19.5430    0.0400000      54061.4      19.3120    0.0940000
       54062.363      20.5480    0.0670000      54062.4      19.9330    0.0240000      54062.4      19.6210    0.0180000      54062.4      19.5440    0.0260000      54062.4      19.2340    0.0520000
       54064.359     -99.9900    0.0750000      54064.4      19.9040    0.0220000      54064.4      19.6180    0.0230000      54064.4      19.5920    0.0280000      54064.4      19.1830    0.0530000
       54068.343      20.6330    0.0920000      54068.3      19.8170    0.0250000      54068.3      19.6270    0.0310000      54068.3      19.5710    0.0350000      54068.3      19.2580    0.0770000
       54357.401      20.6390    0.0610000      54357.4      19.8790    0.0200000      54357.4      19.6720    0.0220000      54357.4      19.5920    0.0260000      54357.4      19.3370    0.0420000
       54362.451      20.5520    0.0570000      54362.5      19.9200    0.0180000      54362.4      19.6790    0.0200000      54362.4      19.6310    0.0270000      54362.5      19.2290    0.0440000
       54376.446      20.5160    0.0720000      54376.4      19.9490    0.0260000      54376.4      19.6810    0.0210000      54376.4      19.5730    0.0290000      54376.4      19.2590    0.0490000
       54382.431      20.6000    0.0810000      54382.4      19.9030    0.0210000      54382.4      19.6660    0.0280000      54382.4      19.6000    0.0340000      54382.4      19.3000    0.0730000
       54385.449      20.5870    0.0650000      54385.4      19.9080    0.0210000      54385.4      19.6580    0.0210000      54385.4      19.6140    0.0260000      54385.4      19.4650    0.0510000
       54387.449     -99.9900     0.102000      54387.4      19.9030    0.0230000      54387.4      19.6800    0.0280000      54387.4      19.5720    0.0330000      54387.4      19.1970    0.0580000
       54390.442      20.7850     0.148000      54390.4      19.8620    0.0260000      54390.4      19.7120    0.0320000      54390.4      19.5960    0.0460000      54390.4      19.5030     0.117000
       54391.450      20.5530     0.121000      54391.5      19.8510    0.0580000      54391.4      19.6810    0.0350000      54391.4      19.5760    0.0420000      54391.4      19.5770     0.139000
       54402.443      21.0630     0.333000      54402.4     -99.9900    0.0490000      54402.4      19.6870    0.0350000      54402.4      19.4900    0.0330000      54402.4      19.1940    0.0600000
       52522.000       20.335000     0.051000000       52522.000       19.702000     0.023000000       52522.000       19.499000     0.016000000       52522.000       19.443000     0.026000000       52522.000       19.181000     0.049000000
       51078       20.377000     0.039000000       51078       19.726000     0.025000000       51078       19.576000     0.024000000       51078       19.467000     0.025000000       51078       19.203000     0.042000000
       51081       20.355000     0.054000000       51081       19.705000     0.026000000       51081       19.520000     0.022000000       51081       19.454000     0.027000000       51081       19.215000     0.054000000
       51115       20.333000     0.052000000       51115       19.752000     0.024000000       51115       19.565000     0.024000000       51115       19.464000     0.029000000       51115       19.093000     0.062000000
       51132       20.376000     0.053000000       51132       19.781000     0.029000000       51132       19.562000     0.032000000       51132       19.443000     0.038000000       51132       19.191000     0.086000000
       51136       20.326000     0.047000000       51136       19.747000     0.019000000       51136       19.546000     0.024000000       51136       19.477000     0.027000000       51136       19.219000     0.060000000
       51138       20.508000     0.060000000       51138       19.756000     0.020000000       51138       19.527000     0.024000000       51138       19.440000     0.030000000       51138       19.235000     0.077000000
       51819       20.543000     0.064000000       51819       19.822000     0.024000000       51819       19.565000     0.021000000       51819       19.499000     0.028000000       51819       19.239000     0.059000000
       51875       20.349000     0.053000000       51875       19.717000     0.026000000       51875       19.534000     0.020000000       51875       19.490000     0.027000000       51875       19.273000     0.063000000
       52171       20.505000     0.054000000       52171       19.782000     0.025000000       52171       19.569000     0.024000000       52171       19.520000     0.022000000       52171       19.202000     0.047000000
       52173       20.391000     0.053000000       52173       19.843000     0.045000000       52173       19.611000     0.025000000       52173       19.477000     0.030000000       52173       19.990000      0.14200000
       52225       20.426000     0.051000000       52225       19.839000     0.024000000       52225       19.617000     0.021000000       52225       19.541000     0.024000000       52225       19.282000     0.050000000
       52288       20.684000     0.064000000       52288       19.837000     0.024000000       52288       19.603000     0.020000000       52288       19.537000     0.028000000       52288       19.273000     0.049000000
       52522       20.316000     0.049000000       52522       19.706000     0.019000000       52522       19.496000     0.017000000       52522       19.431000     0.024000000       52522       19.176000     0.049000000
       52551       20.522000     0.053000000       52551       19.688000     0.028000000       52551       19.461000     0.020000000       52551       19.409000     0.025000000       52551       19.212000     0.052000000
       52558       20.506000     0.051000000       52558       19.748000     0.022000000       52558       19.487000     0.019000000       52558       19.420000     0.021000000       52558       19.188000     0.050000000
       52585       20.234000     0.047000000       52585       19.679000     0.029000000       52585       19.489000     0.024000000       52585       19.385000     0.029000000       52585       19.187000     0.063000000
       52909       20.521000     0.049000000       52909       19.871000     0.025000000       52909       19.600000     0.017000000       52909       19.515000     0.022000000       52909       19.235000     0.048000000
       52910       20.320000     0.056000000       52910       19.793000     0.029000000       52910       19.569000     0.028000000       52910       19.525000     0.031000000       52910       19.284000     0.057000000
       52935       20.690000     0.058000000       52935       19.828000     0.022000000       52935       19.577000     0.030000000       52935       19.502000     0.027000000       52935       19.206000     0.057000000
       52963       20.530000     0.045000000       52963       19.796000     0.020000000       52963       19.579000     0.020000000       52963       19.502000     0.024000000       52963       19.172000     0.047000000
       52971       20.657000     0.072000000       52971       19.840000     0.025000000       52971       19.603000     0.025000000       52971       19.494000     0.025000000       52971       19.229000     0.064000000
       53351       20.437000     0.056000000       53351       19.712000     0.042000000       53351       19.531000     0.023000000       53351       19.428000     0.035000000       53351       19.222000     0.064000000
       54057       20.607000     0.065000000       54057       19.869000     0.027000000       54057       19.637000     0.027000000       54057       19.602000     0.025000000       54057       19.297000     0.057000000
       54424       20.558000     0.095000000       54424       19.902000     0.028000000       54424       19.700000     0.025000000       54424       19.578000     0.025000000       54424       19.253000     0.046000000
