       51081.412      20.2450    0.0550000      51081.4      20.3080    0.0270000      51081.4      19.9430    0.0220000      51081.4      19.8020    0.0260000      51081.4      19.8300     0.102000
       51875.227      20.2270    0.0480000      51875.2      20.2110    0.0210000      51875.2      19.9520    0.0240000      51875.2      19.7840    0.0300000      51875.2      19.8530     0.106000
       52171.460      20.3170    0.0500000      52171.5      20.1490    0.0180000      52171.5      19.8760    0.0200000      52171.5      19.7570    0.0230000      52171.5      19.8160    0.0790000
       52225.308      20.2910    0.0490000      52225.3      20.1870    0.0190000      52225.3      19.9170    0.0200000      52225.3      19.7860    0.0220000      52225.3      19.8580    0.0820000
       52288.143      20.3180    0.0530000      52288.1      20.1900    0.0200000      52288.1      19.9130    0.0210000      52288.1      19.8000    0.0250000      52288.1      19.7570    0.0830000
       52551.416      20.4690    0.0630000      52551.4      20.3070    0.0220000      52551.4      19.9720    0.0220000      52551.4      19.8880    0.0290000      52551.4      19.9130    0.0980000
       52558.449      20.4450    0.0550000      52558.4      20.2370    0.0190000      52558.4      19.9770    0.0200000      52558.4      19.8510    0.0250000      52558.4      19.7950    0.0850000
       52578.320      20.4520    0.0560000      52578.3      20.2570    0.0180000      52578.3      19.9770    0.0200000      52578.3      19.8870    0.0240000      52578.3      19.8760    0.0760000
       52585.283      20.3900    0.0540000      52585.3      20.2370    0.0200000      52585.3      19.9440    0.0230000      52585.3      19.8670    0.0310000      52585.3      19.7970     0.107000
       52909.450      20.5210    0.0610000      52909.5      20.3660    0.0200000      52909.4      20.0400    0.0200000      52909.4      19.9210    0.0240000      52909.4      19.8260    0.0790000
       52910.420      20.6280    0.0700000      52910.4      20.4930    0.0290000      52910.4      20.1130    0.0250000      52910.4      19.9160    0.0280000      52910.4      19.8400    0.0820000
       52935.347      20.5650    0.0660000      52935.3      20.3360    0.0220000      52935.3      20.0310    0.0230000      52935.3      19.8890    0.0280000      52935.3      19.8790     0.104000
       52963.270      20.5760    0.0610000      52963.3      20.3210    0.0200000      52963.3      19.9890    0.0190000      52963.3      19.8810    0.0240000      52963.3      19.6860    0.0720000
       53351.193      20.2700    0.0580000      53351.2      20.1250    0.0190000      53351.2      19.8160    0.0200000      53351.2      19.7380    0.0290000      53351.2      19.6410    0.0890000
       53622.450      20.2420    0.0480000      53622.5      20.0810    0.0170000      53622.4      19.7650    0.0170000      53622.4      19.6600    0.0200000      53622.4      19.5910    0.0580000
       53627.407      20.1660    0.0540000      53627.4      20.1080    0.0190000      53627.4      19.7830    0.0200000      53627.4      19.6970    0.0250000      53627.4      19.7030    0.0810000
       53634.399      19.9750     0.114000      53634.4      20.0700    0.0510000      53634.4      19.7970    0.0360000      53634.4      19.6910    0.0350000      53634.4      19.5520    0.0900000
       53638.441      20.2870    0.0690000      53638.4      20.1280    0.0250000      53638.4      19.8550    0.0220000      53638.4      19.7210    0.0260000      53638.4      19.4730    0.0700000
       53640.405      20.4110    0.0760000      53640.4      20.1160    0.0230000      53640.4      19.8080    0.0210000      53640.4      19.7100    0.0240000      53640.4      19.6410    0.0830000
       53643.447      20.2630    0.0730000      53643.4      20.1440    0.0240000      53643.4      19.8080    0.0220000      53643.4      19.7180    0.0270000      53643.4      19.5920    0.0910000
       53646.466      20.2630    0.0620000      53646.5      20.1360    0.0200000      53646.5      19.7910    0.0220000      53646.5      19.6800    0.0240000      53646.5      19.6460    0.0810000
       53663.466      20.3080     0.178000      53663.5     -99.9900    0.0580000      53663.5      19.7610    0.0380000      53663.5      19.6400    0.0330000      53663.5      19.5510    0.0940000
       53664.402      20.1060    0.0930000      53664.4      20.1070    0.0410000      53664.4      19.8720    0.0290000      53664.4      19.7190    0.0310000      53664.4      19.5690    0.0890000
       53665.466      20.2780     0.121000      53665.5      20.1370    0.0410000      53665.5      19.8030    0.0280000      53665.5      19.6320    0.0300000      53665.5      19.6850     0.112000
       53668.455      20.0690     0.103000      53668.5      20.1770    0.0350000      53668.5      19.8650    0.0320000      53668.5      19.6710    0.0350000      53668.5      19.6460     0.125000
       53669.361     -99.9900    0.0780000      53669.4      20.1500    0.0270000      53669.4      19.7940    0.0230000      53669.4      19.7300    0.0310000      53669.4      19.7210     0.104000
       53670.461      20.3090    0.0990000      53670.5      20.0950    0.0330000      53670.5      19.8240    0.0260000      53670.5      19.6920    0.0310000      53670.5      19.8550     0.132000
       53671.446      20.1940    0.0750000      53671.4      20.1560    0.0250000      53671.4      19.8060    0.0240000      53671.4      19.6990    0.0260000      53671.4      19.7790     0.109000
       53674.345      20.3660    0.0720000      53674.3      20.0470    0.0220000      53674.3      19.7760    0.0230000      53674.3      19.6810    0.0290000      53674.3      19.5340    0.0980000
       53676.435      20.1350    0.0620000      53676.4      20.1300    0.0240000      53676.4      19.8040    0.0220000      53676.4      19.6500    0.0240000      53676.4      19.8300     0.110000
       53679.407      20.3220    0.0780000      53679.4      20.1330    0.0230000      53679.4      19.8060    0.0270000      53679.4      19.6460    0.0310000      53679.4      19.5580     0.106000
       53681.398      20.1500    0.0680000      53681.4      20.0980    0.0200000      53681.4      19.8130    0.0220000      53681.4      19.7390    0.0250000      53681.4      19.6670    0.0810000
       53684.360      20.0820     0.129000      53684.4      20.1040    0.0440000      53684.4      19.8180    0.0450000      53684.4      19.6600    0.0590000      53684.4      19.9870     0.317000
       53687.301      20.3990     0.230000      53687.3      20.0680    0.0570000      53687.3      19.7950    0.0460000      53687.3      19.6590    0.0400000      53687.3      19.5130    0.0990000
       53694.371     -99.9900     0.125000      53694.4      19.9820    0.0460000      53694.4      19.7210    0.0340000      53694.4      19.6680    0.0340000      53694.4      19.7340     0.128000
       53696.364      20.3410    0.0950000      53696.4      20.0520    0.0270000      53696.4      19.7810    0.0220000      53696.4      19.6420    0.0240000      53696.4      19.6030    0.0780000
       53697.355      20.1320    0.0740000      53697.4      20.0740    0.0280000      53697.4      19.7490    0.0220000      53697.4      19.6610    0.0260000      53697.4      19.5360    0.0750000
       53700.354      20.2350    0.0710000      53700.4      20.0590    0.0210000      53700.4      19.7880    0.0240000      53700.4      19.6450    0.0310000      53700.4      19.5750     0.108000
       53705.341      20.2480    0.0740000      53705.3      20.1220    0.0230000      53705.3      19.7770    0.0230000      53705.3      19.6600    0.0280000      53705.3      19.6300     0.104000
       53975.426      20.3970    0.0780000      53975.4      20.2350    0.0310000      53975.4      19.9040    0.0270000      53975.4      19.7900    0.0320000      53975.4      19.5560    0.0900000
       53994.449      20.5300    0.0630000      53994.4      20.3100    0.0270000      53994.4      19.9440    0.0210000      53994.4      19.8000    0.0250000      53994.4      19.6930    0.0740000
       53996.433      20.5340    0.0720000      53996.4      20.2870    0.0360000      53996.4      19.9560    0.0430000      53996.4     -99.9900    0.0400000      53996.4      19.6800    0.0840000
       54005.446      20.3850    0.0530000      54005.4      20.3490    0.0330000      54005.4      19.9400    0.0220000      54005.4      19.8160    0.0250000      54005.4      19.6320    0.0650000
       54009.459      20.4540    0.0540000      54009.5      20.3040    0.0210000      54009.5      20.0010    0.0210000      54009.5      19.8130    0.0230000      54009.5      19.8110    0.0700000
       54010.387      20.5370    0.0540000      54010.4      20.3620    0.0230000      54010.4      19.9700    0.0180000      54010.4      19.8120    0.0230000      54010.4      19.7500    0.0590000
       54012.379      20.4880    0.0760000      54012.4      20.3690    0.0310000      54012.4      19.9490    0.0240000      54012.4      19.8000    0.0260000      54012.4      20.0430     0.159000
       54020.418      20.2400    0.0860000      54020.4      20.3930    0.0410000      54020.4      20.0110    0.0300000      54020.4      19.7640    0.0320000      54020.4      19.6980    0.0890000
       54024.467      20.5960    0.0960000      54024.5      20.3080    0.0300000      54024.5      19.9650    0.0280000      54024.5      19.7800    0.0280000      54024.5      19.8880     0.110000
       54028.455      20.4440    0.0620000      54028.5      20.3710    0.0280000      54028.5      19.9240    0.0270000      54028.5      19.8470    0.0280000      54028.5      19.7960    0.0910000
       54030.411      20.4930    0.0550000      54030.4      20.3480    0.0230000      54030.4      19.9660    0.0190000      54030.4      19.7640    0.0240000      54030.4      19.8300    0.0770000
       54035.455      20.4660    0.0920000      54035.5      20.3240    0.0290000      54035.5      19.9870    0.0300000      54035.5      19.7640    0.0330000      54035.5      19.8330     0.114000
       54037.360      20.4990    0.0530000      54037.4      20.3480    0.0250000      54037.4      19.9510    0.0230000      54037.4      19.7890    0.0230000      54037.4      19.7540    0.0690000
       54040.375      20.4900    0.0550000      54040.4      20.3360    0.0270000      54040.4      19.9630    0.0240000      54040.4      19.8250    0.0250000      54040.4      19.8160    0.0790000
       54041.410      20.5460    0.0690000      54041.4      20.3250    0.0280000      54041.4      19.9530    0.0240000      54041.4      19.8170    0.0250000      54041.4      19.8560    0.0920000
       54047.405      20.2380     0.217000      54047.4      20.2650    0.0860000      54047.4      19.9950    0.0490000      54047.4      19.7820    0.0510000      54047.4      19.5450    0.0950000
       54049.401      20.7530     0.189000      54049.4      20.3100    0.0450000      54049.4      20.0410    0.0360000      54049.4      19.8380    0.0370000      54049.4      19.5870     0.115000
       54050.361      20.3100     0.124000      54050.4      20.2590    0.0470000      54050.4      19.9990    0.0380000      54050.4      19.8710    0.0390000      54050.4      19.5770     0.118000
       54053.381     -99.9900    0.0720000      54053.4     -99.9900    0.0280000      54053.4      19.9690    0.0270000      54053.4     -99.9900    0.0410000      54053.4     -99.9900     0.139000
       54056.367      20.4500    0.0740000      54056.4      20.2840    0.0250000      54056.4      19.9440    0.0260000      54056.4      19.7950    0.0310000      54056.4      19.6440    0.0790000
       54059.361      20.3890    0.0720000      54059.4      20.2740    0.0310000      54059.4      19.9760    0.0270000      54059.4      19.8230    0.0320000      54059.4      19.7960     0.122000
       54061.373      20.4020     0.107000      54061.4      20.2380    0.0400000      54061.4      19.9310    0.0380000      54061.4      19.8540    0.0440000      54061.4      19.7330     0.136000
       54062.366      20.3850    0.0580000      54062.4      20.2530    0.0250000      54062.4      19.9740    0.0210000      54062.4      19.7950    0.0270000      54062.4      19.7040    0.0830000
       54064.363      20.4820    0.0690000      54064.4      20.2830    0.0250000      54064.4      19.9100    0.0230000      54064.4      19.7910    0.0290000      54064.4      19.5790    0.0840000
       54068.347      20.3480    0.0890000      54068.3      20.2620    0.0320000      54068.3      19.9530    0.0290000      54068.3      19.8610    0.0400000      54068.3      19.6650     0.154000
       54357.405      20.2270    0.0450000      54357.4      20.1570    0.0370000      54357.4      19.8400    0.0200000      54357.4      19.7120    0.0230000      54357.4     -99.9900    0.0590000
       54362.454      20.2520    0.0500000      54362.5      20.1150    0.0190000      54362.5      19.8390    0.0220000      54362.5      19.7370    0.0280000      54362.5      19.7280    0.0720000
       54376.450      20.1360    0.0570000      54376.5      20.1100    0.0220000      54376.4      19.8260    0.0210000      54376.4      19.6990    0.0270000      54376.4      19.6820    0.0690000
       54382.435      20.2280    0.0580000      54382.4      20.1270    0.0300000      54382.4      19.8260    0.0250000      54382.4      19.6780    0.0280000      54382.4      19.6580    0.0850000
       54385.452      20.1810    0.0500000      54385.5      20.1170    0.0270000      54385.4      19.8130    0.0200000      54385.5      19.7210    0.0240000      54385.5      19.5840    0.0730000
       54387.453      20.1650    0.0640000      54387.5      20.1190    0.0270000      54387.5      19.8110    0.0290000      54387.5      19.6360    0.0280000      54387.5      19.6440    0.0950000
       54390.445      20.1810    0.0880000      54390.4     -99.9900    0.0320000      54390.4      19.8300    0.0330000      54390.4      19.6470    0.0400000      54390.4      19.5760     0.151000
       54391.454      20.1420    0.0830000      54391.5      20.1720    0.0370000      54391.5      19.8480    0.0450000      54391.5      19.7500    0.0460000      54391.5      19.8400     0.169000
       54402.446      20.3360     0.204000      54402.4      20.1350    0.0630000      54402.4      19.8820    0.0430000      54402.4      19.6830    0.0410000      54402.4      19.7880     0.109000
       52522.000       20.429000     0.056000000       52522.000       20.324000     0.021000000       52522.000       20.058000     0.025000000       52522.000       19.889000     0.026000000       52522.000       19.862000     0.077000000
       51078       20.484000     0.044000000       51078       20.281000     0.026000000       51078       19.934000     0.019000000       51078       19.792000     0.022000000       51078       19.617000     0.058000000
       51081       20.226000     0.050000000       51081       20.300000     0.025000000       51081       19.953000     0.027000000       51081       19.805000     0.029000000       51081       19.801000      0.10100000
       51115       20.361000     0.054000000       51115       20.303000     0.031000000       51115       19.971000     0.027000000       51115       19.817000     0.030000000       51115       19.722000     0.098000000
       51132       20.403000     0.051000000       51132       20.330000     0.037000000       51132       20.071000     0.032000000       51132       19.813000     0.043000000       51132       19.723000      0.14300000
       51136       20.388000     0.044000000       51136       20.328000     0.021000000       51136       20.007000     0.025000000       51136       19.863000     0.031000000       51136       19.785000      0.11700000
       51138       20.460000     0.053000000       51138       20.302000     0.027000000       51138       20.014000     0.027000000       51138       19.819000     0.033000000       51138       19.923000      0.13700000
       51875       20.261000     0.047000000       51875       20.215000     0.026000000       51875       19.956000     0.038000000       51875       19.774000     0.036000000       51875       19.851000      0.10300000
       52171       20.323000     0.043000000       52171       20.153000     0.031000000       52171       19.859000     0.022000000       52171       19.749000     0.025000000       52171       19.799000     0.074000000
       52173       20.245000     0.051000000       52173       20.202000     0.031000000       52173       19.897000     0.028000000       52173       19.759000     0.031000000       52173       19.869000      0.12100000
       52225       20.306000     0.046000000       52225       20.204000     0.029000000       52225       19.923000     0.026000000       52225       19.790000     0.024000000       52225       19.891000     0.080000000
       52288       20.323000     0.045000000       52288       20.192000     0.023000000       52288       19.891000     0.027000000       52288       19.768000     0.029000000       52288       19.742000     0.082000000
       52522       20.405000     0.050000000       52522       20.314000     0.022000000       52522       20.055000     0.023000000       52522       19.887000     0.026000000       52522       19.867000     0.078000000
       52551       20.453000     0.055000000       52551       20.301000     0.022000000       52551       19.948000     0.026000000       52551       19.872000     0.032000000       52551       19.896000     0.097000000
       52558       20.474000     0.048000000       52558       20.265000     0.034000000       52558       19.966000     0.023000000       52558       19.836000     0.029000000       52558       19.775000     0.078000000
       52578       20.483000     0.051000000       52578       20.271000     0.022000000       52578       19.976000     0.020000000       52578       19.902000     0.025000000       52578       19.860000     0.073000000
       52585       20.392000     0.047000000       52585       20.240000     0.023000000       52585       19.936000     0.025000000       52585       19.826000     0.036000000       52585       19.801000      0.10600000
       52909       20.591000     0.053000000       52909       20.363000     0.022000000       52909       20.050000     0.022000000       52909       19.907000     0.026000000       52909       19.820000     0.075000000
       52910       20.634000     0.060000000       52910       20.513000     0.054000000       52910       20.107000     0.041000000       52910       19.919000     0.028000000       52910       19.855000     0.081000000
       52935       20.575000     0.057000000       52935       20.332000     0.028000000       52935       20.030000     0.023000000       52935       19.877000     0.029000000       52935       19.817000     0.092000000
       53351       20.283000     0.052000000       53351       20.143000     0.026000000       53351       19.801000     0.023000000       53351       19.730000     0.034000000       53351       19.620000     0.087000000
       54424       20.199000     0.075000000       54424       20.084000     0.032000000       54424       19.730000     0.027000000       54424       19.671000     0.024000000       54424       19.570000     0.058000000
       54466       20.163000     0.052000000       54466       19.961000     0.026000000       54466       19.749000     0.021000000       54466       19.746000     0.056000000       54466       19.439000     0.066000000
