       51081.409      20.4390    0.0620000      51081.4      20.0930    0.0220000      51081.4      19.9210    0.0240000      51081.4      19.8370    0.0330000      51081.4      19.9570     0.114000
       51819.480      20.1920    0.0590000      51819.5      20.0130    0.0230000      51819.5      19.8590    0.0220000      51819.5      19.8320    0.0280000      51819.5      19.8550     0.104000
       51875.224      20.4600    0.0570000      51875.2      20.2220    0.0270000      51875.2      20.0110    0.0240000      51875.2      19.8800    0.0330000      51875.2      20.1260     0.133000
       52171.456      20.5400    0.0600000      52171.5      20.3580    0.0250000      52171.5      20.1750    0.0250000      52171.5      20.0400    0.0310000      52171.5      20.0640     0.109000
       52225.305      20.6410    0.0620000      52225.3      20.3540    0.0230000      52225.3      20.1790    0.0240000      52225.3      20.1070    0.0310000      52225.3      19.9440    0.0900000
       52288.139      20.5780    0.0600000      52288.1      20.3610    0.0260000      52288.1      20.1810    0.0260000      52288.1      20.0980    0.0360000      52288.1      19.9470    0.0980000
       52551.413      20.5000    0.0600000      52551.4      20.2360    0.0240000      52551.4      20.0680    0.0240000      52551.4      19.9930    0.0310000      52551.4      19.9990     0.107000
       52558.445      20.3930    0.0540000      52558.4      20.2610    0.0220000      52558.4      20.0750    0.0220000      52558.4      20.2850    0.0620000      52558.4      20.1770     0.166000
       52578.317      20.3470    0.0490000      52578.3      20.2720    0.0220000      52578.3      20.1360    0.0210000      52578.3      19.9450    0.0270000      52578.3      20.1250     0.104000
       52585.280      20.4160    0.0550000      52585.3      20.2170    0.0230000      52585.3      20.0480    0.0240000      52585.3      20.0650    0.0380000      52585.3      19.8700     0.118000
       52909.447      20.1270    0.0450000      52909.4      19.9420    0.0180000      52909.4      19.7740    0.0170000      52909.4      19.6860    0.0230000      52909.4      19.6270    0.0680000
       52910.417      20.1260    0.0540000      52910.4      19.9180    0.0210000      52910.4      19.7640    0.0210000      52910.4      19.7010    0.0300000      52910.4      19.8020    0.0890000
       52935.344      20.1450    0.0470000      52935.3      19.9110    0.0200000      52935.3      19.7330    0.0210000      52935.3      19.6610    0.0280000      52935.3      19.7660     0.102000
       52963.267      20.1330    0.0720000      52963.3      19.9680    0.0180000      52963.3      19.7620    0.0170000      52963.3      19.7140    0.0220000      52963.3      19.7930    0.0770000
       52971.258      19.9410    0.0480000      52971.3      19.8740    0.0250000      52971.3      19.7600    0.0210000      52971.3      19.6920    0.0290000      52971.3      19.6470     0.100000
       53351.189     -99.9900    0.0490000      53351.2      19.9460    0.0190000      53351.2      19.7460    0.0210000      53351.2      19.6620    0.0290000      53351.2      19.9020     0.113000
       53622.447      20.7620    0.0650000      53622.4      20.4400    0.0240000      53622.4      20.1310    0.0210000      53622.4      19.9620    0.0260000      53622.4      19.9090    0.0800000
       53627.404      20.7160    0.0710000      53627.4      20.4660    0.0280000      53627.4      20.2080    0.0250000      53627.4      20.0000    0.0300000      53627.4      20.0660    0.0960000
       53634.396      20.8580     0.222000      53634.4      20.5530    0.0820000      53634.4      20.1110    0.0500000      53634.4      20.0320    0.0510000      53634.4      19.9910     0.135000
       53638.437      20.6790    0.0990000      53638.4      20.4970    0.0350000      53638.4      20.1620    0.0280000      53638.4      20.0410    0.0340000      53638.4      20.1830     0.135000
       53640.401      20.8960     0.105000      53640.4      20.5510    0.0350000      53640.4      20.2020    0.0300000      53640.4      20.0690    0.0360000      53640.4      20.0760     0.118000
       53643.444      20.5950    0.0950000      53643.4      20.5490    0.0370000      53643.4      20.1920    0.0290000      53643.4      20.0720    0.0400000      53643.4      20.3210     0.169000
       53646.463      20.9040     0.109000      53646.5      20.4830    0.0300000      53646.5      20.2150    0.0320000      53646.5      20.0400    0.0340000      53646.5      20.5440     0.196000
       53657.282     -99.9900     0.439000      53657.3      20.2370     0.134000      53657.3      20.1890    0.0780000      53657.3      20.0640    0.0930000      53657.3     -99.9900     0.274000
       53663.463      20.7320     0.256000      53663.5      20.5310    0.0930000      53663.5      20.1520    0.0500000      53663.5      20.0430    0.0500000      53663.5      20.0400     0.136000
       53664.399      20.7870     0.168000      53664.4      20.3860    0.0510000      53664.4      20.1880    0.0510000      53664.4      20.1170    0.0540000      53664.4      19.7810     0.106000
       53665.463      20.6540     0.167000      53665.5      20.4420    0.0540000      53665.5      20.2090    0.0390000      53665.5      20.0280    0.0440000      53665.5      19.9390     0.139000
       53668.452      20.5360     0.149000      53668.5      20.4640    0.0560000      53668.4      20.1370    0.0450000      53668.4      19.8290    0.0450000      53668.5      19.9400     0.171000
       53669.358      20.7210     0.101000      53669.4      20.4100    0.0370000      53669.4      20.1610    0.0300000      53669.4      20.0580    0.0390000      53669.4      20.0300     0.124000
       53670.458      20.4880     0.113000      53670.5      20.4950    0.0410000      53670.5      20.1850    0.0340000      53670.5      20.0620    0.0390000      53670.5      19.8740     0.122000
       53671.443      20.5140    0.0950000      53671.4      20.4260    0.0330000      53671.4      20.1640    0.0300000      53671.4      20.0830    0.0380000      53671.4      20.1080     0.143000
       53674.342      20.7400    0.0910000      53674.3      20.3990    0.0300000      53674.3      20.1620    0.0300000      53674.3      20.0400    0.0400000      53674.3      20.1830     0.152000
       53676.431      20.4810    0.0820000      53676.4      20.4840    0.0330000      53676.4      20.1770    0.0340000      53676.4      20.0690    0.0390000      53676.4      20.0060     0.111000
       53679.403      20.7760     0.101000      53679.4      20.4320    0.0340000      53679.4      20.1650    0.0320000      53679.4      20.0710    0.0420000      53679.4      20.2900     0.205000
       53681.395      20.6910    0.0920000      53681.4      20.4590    0.0310000      53681.4      20.1490    0.0270000      53681.4      20.1110    0.0340000      53681.4      19.9410    0.0990000
       53684.356      20.3140     0.171000      53684.4      20.2750    0.0560000      53684.4      20.0600     0.116000      53684.4      20.1430     0.141000      53684.4      19.9140     0.256000
       53687.298      20.9420     0.391000      53687.3      20.3650    0.0910000      53687.3      20.1450    0.0700000      53687.3      20.0830    0.0800000      53687.3      19.8850     0.162000
       53694.368      20.6440     0.215000      53694.4      20.3350    0.0640000      53694.4      20.1520    0.0440000      53694.4      20.0480    0.0470000      53694.4      20.0100     0.139000
       53696.361      20.4530     0.104000      53696.4      20.4220    0.0400000      53696.4      20.1660    0.0310000      53696.4      20.2130    0.0410000      53696.4      19.9440     0.110000
       53697.352      20.6480     0.114000      53697.4      20.3690    0.0370000      53697.4      20.1560    0.0300000      53697.4      19.9350    0.0330000      53697.4      20.1380     0.138000
       53700.351      20.7160    0.0880000      53700.4      20.3760    0.0310000      53700.3      20.1790    0.0300000      53700.4      19.9730    0.0350000      53700.4      19.9220     0.130000
       53705.338      20.4220    0.0850000      53705.3      20.3080    0.0310000      53705.3      20.1200    0.0310000      53705.3      20.0380    0.0450000      53705.3      20.0680     0.147000
       53975.423      20.5030    0.0660000      53975.4      20.4070    0.0350000      53975.4      20.1760    0.0290000      53975.4      20.0790    0.0350000      53975.4      20.0340     0.111000
       53994.446      20.5790    0.0610000      53994.4      20.4320    0.0310000      53994.4      20.2180    0.0270000      53994.4      20.0830    0.0310000      53994.4      20.2330     0.118000
       53996.429      20.6680    0.0840000      53996.4      20.4080    0.0330000      53996.4      20.2250    0.0320000      53996.4      20.0620    0.0400000      53996.4      19.9840     0.112000
       54005.442      20.6120    0.0630000      54005.4      20.3740    0.0310000      54005.4      20.1800    0.0240000      54005.4      20.0770    0.0290000      54005.4      20.0420    0.0960000
       54009.456      20.5330    0.0540000      54009.5      20.3960    0.0240000      54009.5      20.1880    0.0250000      54009.5      20.0640    0.0240000      54009.5      20.0300    0.0820000
       54010.383      20.4710    0.0470000      54010.4      20.3870    0.0230000      54010.4      20.1510    0.0220000      54010.4      20.0320    0.0230000      54010.4      20.0210    0.0640000
       54012.376      20.4480    0.0790000      54012.4      20.4420    0.0400000      54012.4      20.1190    0.0290000      54012.4      20.0410    0.0340000      54012.4      19.9550    0.0940000
       54020.414      20.3980     0.101000      54020.4      20.3000    0.0450000      54020.4      20.1750    0.0360000      54020.4      20.0560    0.0400000      54020.4      19.8730     0.104000
       54024.464      20.0600    0.0730000      54024.5      20.2300    0.0290000      54024.5      20.1020    0.0290000      54024.5      19.9360    0.0370000      54024.5      20.3330     0.159000
       54028.452      20.3290    0.0560000      54028.5      20.3120    0.0290000      54028.4      20.0910    0.0270000      54028.5      20.0000    0.0330000      54028.5      20.1200     0.118000
       54030.408      20.3640    0.0610000      54030.4      20.2960    0.0240000      54030.4      20.0680    0.0240000      54030.4      19.9350    0.0290000      54030.4      20.0070    0.0940000
       54035.452      20.5090    0.0930000      54035.5      20.2380    0.0320000      54035.4      20.0930    0.0310000      54035.4      20.0430    0.0460000      54035.5      20.4710     0.193000
       54037.357      20.5200    0.0490000      54037.4      20.3060    0.0240000      54037.4      20.0630    0.0260000      54037.4      20.0570    0.0270000      54037.4      20.1140    0.0830000
       54040.372      20.3140    0.0540000      54040.4      20.3040    0.0290000      54040.4      20.1060    0.0220000      54040.4      20.0680    0.0490000      54040.4      19.9700    0.0970000
       54041.407      20.5000    0.0740000      54041.4      20.2980    0.0320000      54041.4      20.1190    0.0270000      54041.4      20.0090    0.0350000      54041.4      20.2030     0.114000
       54047.402     -99.9900     0.302000      54047.4      20.3510    0.0860000      54047.4      19.9810    0.0630000      54047.4      20.0290    0.0720000      54047.4      20.0070     0.142000
       54049.398      20.5900     0.192000      54049.4      20.2340    0.0470000      54049.4      20.1700    0.0390000      54049.4      20.0710    0.0440000      54049.4      20.1580     0.155000
       54050.358      20.3890     0.121000      54050.4      20.3360    0.0480000      54050.4      20.1340    0.0400000      54050.4      19.9530    0.0520000      54050.4      20.0090     0.168000
       54053.378      20.4100    0.0740000      54053.4      20.3500    0.0330000      54053.4      20.1110    0.0280000      54053.4      19.9240    0.0360000      54053.4     -99.9900     0.577000
       54056.364     -99.9900    0.0780000      54056.4      20.3000    0.0290000      54056.4      20.1070    0.0280000      54056.4      19.9990    0.0310000      54056.4      20.0160     0.122000
       54059.358      20.6350    0.0810000      54059.4      20.3060    0.0340000      54059.4      20.1120    0.0280000      54059.4      20.0140    0.0380000      54059.4      20.1620     0.155000
       54061.369      20.6900     0.133000      54061.4      20.3400    0.0480000      54061.4      20.0980    0.0710000      54061.4      20.0670    0.0570000      54061.4      19.9920     0.174000
       54062.363      20.4510    0.0640000      54062.4      20.3360    0.0240000      54062.4      20.1230    0.0250000      54062.4      20.0460    0.0320000      54062.4      20.2340     0.138000
       54064.360      20.5410    0.0780000      54064.4      20.3720    0.0280000      54064.4      20.1760    0.0280000      54064.4      20.0250    0.0370000      54064.4      19.9440     0.111000
       54068.344      20.5130    0.0960000      54068.3      20.3680    0.0330000      54068.3      20.0930    0.0310000      54068.3      20.1270    0.0530000      54068.3      20.1160     0.186000
       54357.401      21.0240    0.0770000      54357.4      20.8080    0.0320000      54357.4      20.4410    0.0260000      54357.4      20.3740    0.0360000      54357.4      20.3760    0.0980000
       54362.451      20.9410    0.0680000      54362.5      20.7500    0.0350000      54362.4      20.4910    0.0280000      54362.4      20.3490    0.0400000      54362.5      20.4560     0.146000
       54376.446      21.0530     0.139000      54376.4      20.7860    0.0430000      54376.4      20.4730    0.0320000      54376.4      20.4160    0.0410000      54376.4      20.3200     0.122000
       54382.431      21.0360     0.139000      54382.4      20.7250    0.0400000      54382.4      20.5100    0.0380000      54382.4      20.3510    0.0570000      54382.4      20.2680     0.166000
       54385.449      20.9230    0.0900000      54385.4      20.7170    0.0330000      54385.4      20.5220    0.0290000      54385.4      20.3180    0.0370000      54385.4      19.9960    0.0910000
       54391.451      20.5610     0.132000      54391.5      20.7820    0.0670000      54391.4      20.5080    0.0590000      54391.4      20.1660    0.0770000      54391.5      21.0000     0.639000
       52522.000       20.468000     0.072000000       52522.000       20.205000     0.025000000       52522.000       20.095000     0.025000000       52522.000       19.884000     0.032000000       52522.000       20.039000     0.093000000
       51078       20.319000     0.039000000       51078       20.096000     0.021000000       51078       19.923000     0.023000000       51078       19.858000     0.030000000       51078       19.803000     0.073000000
       51081       20.425000     0.062000000       51081       20.071000     0.024000000       51081       19.905000     0.028000000       51081       19.850000     0.034000000       51081       19.932000      0.10700000
       51115       20.233000     0.055000000       51115       19.965000     0.024000000       51115       19.888000     0.026000000       51115       19.842000     0.037000000       51115       19.778000      0.11300000
       51132       20.014000     0.039000000       51132       19.946000     0.031000000       51132       19.817000     0.029000000       51132       19.831000     0.043000000       51132       19.767000      0.14300000
       51136       20.056000     0.037000000       51136       19.899000     0.020000000       51136       19.813000     0.023000000       51136       19.743000     0.036000000       51136       19.516000     0.091000000
       51138       20.059000     0.043000000       51138       19.915000     0.023000000       51138       19.804000     0.025000000       51138       19.805000     0.041000000       51138       19.872000      0.14900000
       51819       20.217000     0.054000000       51819       19.998000     0.024000000       51819       19.852000     0.024000000       51819       19.825000     0.030000000       51819       19.805000      0.10000000
       51875       20.460000     0.049000000       51875       20.269000     0.029000000       51875       20.020000     0.030000000       51875       19.898000     0.034000000       51875       20.171000      0.13500000
       52171       20.489000     0.052000000       52171       20.331000     0.027000000       52171       20.158000     0.030000000       52171       20.014000     0.031000000       52171       20.016000      0.10600000
       52173       20.523000     0.067000000       52173       20.399000     0.055000000       52173       20.092000     0.034000000       52173       20.052000     0.036000000       52173       21.431000      0.49200000
       52225       20.594000     0.051000000       52225       20.336000     0.025000000       52225       20.159000     0.027000000       52225       20.096000     0.031000000       52225       19.919000     0.088000000
       52288       20.492000     0.060000000       52288       20.328000     0.029000000       52288       20.173000     0.026000000       52288       20.072000     0.034000000       52288       19.915000     0.092000000
       52522       20.512000     0.055000000       52522       20.202000     0.024000000       52522       20.098000     0.024000000       52522       19.874000     0.031000000       52522       20.055000     0.095000000
       52551       20.478000     0.051000000       52551       20.223000     0.029000000       52551       20.079000     0.026000000       52551       20.018000     0.032000000       52551       20.011000      0.10600000
       52578       20.352000     0.044000000       52578       20.292000     0.028000000       52578       20.109000     0.023000000       52578       19.933000     0.026000000       52578       20.108000      0.10000000
       52585       20.341000     0.047000000       52585       20.193000     0.029000000       52585       20.028000     0.031000000       52585       20.028000     0.048000000       52585       19.836000      0.11600000
       52909       20.104000     0.045000000       52909       19.956000     0.022000000       52909       19.800000     0.021000000       52909       19.711000     0.028000000       52909       19.639000     0.064000000
       52910       20.114000     0.053000000       52910       19.965000     0.031000000       52910       19.761000     0.026000000       52910       19.709000     0.029000000       52910       19.808000     0.088000000
       52935       20.137000     0.040000000       52935       19.973000     0.028000000       52935       19.771000     0.021000000       52935       19.704000     0.029000000       52935       19.805000      0.10000000
       52963       20.048000     0.035000000       52963       19.957000     0.024000000       52963       19.735000     0.017000000       52963       19.685000     0.022000000       52963       19.751000     0.073000000
       52971       19.959000     0.044000000       52971       19.918000     0.028000000       52971       19.765000     0.022000000       52971       19.698000     0.028000000       52971       19.683000      0.10200000
       53351       20.085000     0.043000000       53351       19.927000     0.020000000       53351       19.710000     0.028000000       53351       19.636000     0.040000000       53351       19.883000      0.15000000
       54057       20.402000     0.048000000       54057       20.281000     0.020000000       54057       20.091000     0.023000000       54057       19.982000     0.028000000       54057       20.078000     0.093000000
       54424       20.962000      0.14600000       54424       20.720000     0.053000000       54424       20.449000     0.037000000       54424       20.342000     0.043000000       54424       20.375000      0.12200000
       54769       20.723000     0.074000000       54769       20.542000     0.033000000       54769       20.249000     0.033000000       54769       20.213000     0.051000000       54769       20.209000      0.13600000
