       51081.411      20.5170    0.0710000      51081.4      20.1890    0.0240000      51081.4      20.3330    0.0320000      51081.4      19.9690    0.0320000      51081.4      19.8310     0.104000
       51875.226      20.1280    0.0540000      51875.2     -99.9900    0.0170000      51875.2      19.9680    0.0230000      51875.2      19.6970    0.0240000      51875.2      19.6390    0.0790000
       52171.459      20.3380    0.0620000      52171.5      19.9820    0.0170000      52171.5      20.1050    0.0250000      52171.5      19.7880    0.0230000      52171.5      19.1220    0.0430000
       52225.307      20.6540    0.0710000      52225.3      20.2450    0.0200000      52225.3      20.3950    0.0280000      52225.3      19.9230    0.0250000      52225.3      19.4980    0.0580000
       52551.415      20.1060    0.0560000      52551.4      19.8310    0.0160000      52551.4      19.9280    0.0210000      52551.4      19.6750    0.0230000      52551.4      19.4890    0.0690000
       52558.448      20.0750    0.0490000      52558.4      19.8700    0.0150000      52558.4      19.9430    0.0210000      52558.4      19.7090    0.0210000      52558.4      19.5520    0.0670000
       52578.319      20.0470    0.0460000      52578.3      19.7350    0.0140000      52578.3      19.8530    0.0190000      52578.3      19.6660    0.0200000      52578.3      19.4960    0.0580000
       52585.282      19.9830    0.0480000      52585.3      19.6890    0.0140000      52585.3      19.7700    0.0210000      52585.3      19.5310    0.0250000      52585.3      19.2320    0.0670000
       52909.449      20.8430    0.0910000      52909.4      20.5180    0.0240000      52909.4      20.4710    0.0320000      52909.4      20.0950    0.0280000      52909.4      19.8000    0.0820000
       52910.419      20.8310     0.109000      52910.4      20.5060    0.0270000      52910.4      20.5170    0.0390000      52910.4      20.2190    0.0390000      52910.4      19.7610    0.0810000
       52935.346      20.6890    0.0820000      52935.3      20.4570    0.0240000      52935.3      20.4210    0.0330000      52935.3      20.0490    0.0300000      52935.3      19.9250     0.105000
       52963.269      20.5780    0.0660000      52963.3      20.3540    0.0210000      52963.3      20.4290    0.0280000      52963.3      20.0900    0.0260000      52963.3      19.7380    0.0730000
       53351.192      20.7100    0.0980000      53351.2      20.4640    0.0260000      53351.2      20.5330    0.0400000      53351.2      19.9770    0.0330000      53351.2      20.0090     0.136000
       53622.449      20.5230    0.0670000      53622.4      20.1480    0.0180000      53622.4      20.2000    0.0230000      53622.4      19.9420    0.0230000      53622.4      19.7930    0.0690000
       53627.406      20.4580    0.0740000      53627.4      20.2050    0.0220000      53627.4      20.1750    0.0250000      53627.4      19.9280    0.0260000      53627.4      19.6860    0.0770000
       53634.398      20.6040     0.192000      53634.4      20.1520    0.0620000      53634.4      20.2270    0.0560000      53634.4      19.7900    0.0370000      53634.4      19.7970     0.107000
       53638.440      20.3580    0.0830000      53638.4      20.1440    0.0250000      53638.4      20.2790    0.0310000      53638.4      19.9940    0.0300000      53638.4      20.0530     0.113000
       53640.404      20.4820    0.0850000      53640.4      20.1340    0.0240000      53640.4      20.0810    0.0270000      53640.4      19.9530    0.0290000      53640.4      19.6720    0.0810000
       53643.446      20.4370    0.0940000      53643.4      20.2290    0.0260000      53643.4      20.1870    0.0330000      53643.4      19.8500    0.0320000      53643.4      19.6690     0.104000
       53646.465      20.5890    0.0920000      53646.5      20.2870    0.0220000      53646.5      20.1990    0.0280000      53646.5      20.1520    0.0350000      53646.5      19.9460    0.0990000
       53663.466      20.7220     0.289000      53663.5      20.2520    0.0680000      53663.5      20.3570    0.0600000      53663.5      20.0580    0.0460000      53663.5      19.7670     0.110000
       53664.401      20.6220     0.156000      53664.4      20.3780    0.0510000      53664.4      20.4290    0.0490000      53664.4      20.1060    0.0380000      53664.4      19.9310     0.114000
       53665.465      20.6680     0.187000      53665.5      20.3380    0.0480000      53665.5      20.3500    0.0460000      53665.5      20.1580    0.0420000      53665.5      19.6370     0.106000
       53668.454      20.6970     0.188000      53668.5      20.2980    0.0430000      53668.5      20.4540    0.0530000      53668.5      19.9840    0.0460000      53668.5      19.9190     0.164000
       53669.360      20.5060     0.111000      53669.4      20.2240    0.0310000      53669.4      20.3490    0.0400000      53669.4      19.9710    0.0350000      53669.4      20.1310     0.166000
       53670.460      20.5530     0.132000      53670.5      20.2170    0.0320000      53670.5      20.3940    0.0430000      53670.5      20.0420    0.0350000      53670.5      19.7910     0.113000
       53671.445      20.5760     0.116000      53671.4      20.3290    0.0310000      53671.4      20.3210    0.0390000      53671.4      19.9360    0.0330000      53671.4      19.4440    0.0790000
       53674.344      20.8070     0.117000      53674.3      20.3090    0.0260000      53674.3      20.3840    0.0360000      53674.3      20.0390    0.0380000      53674.3      19.8410     0.113000
       53676.434      20.7000     0.102000      53676.4      20.3590    0.0270000      53676.4      20.4680    0.0360000      53676.4      20.0230    0.0310000      53676.4      19.6810    0.0790000
       53679.406      20.7470     0.126000      53679.4      20.3280    0.0280000      53679.4      20.2860    0.0420000      53679.4      19.9490    0.0420000      53679.4      19.8980     0.147000
       53681.397      20.9110     0.132000      53681.4      20.3490    0.0260000      53681.4      20.3130    0.0320000      53681.4      20.0360    0.0310000      53681.4      19.6720    0.0880000
       53684.359      20.6770     0.262000      53684.4      20.2390    0.0630000      53684.4      20.3860    0.0980000      53684.4      20.0080    0.0870000      53684.4      19.5420     0.277000
       53696.363      20.6290     0.138000      53696.4      20.3910    0.0380000      53696.4      20.3530    0.0350000      53696.4      20.1380    0.0340000      53696.4      19.6360    0.0820000
       53697.354      20.6170     0.125000      53697.4      20.4390    0.0360000      53697.4      20.3100    0.0360000      53697.4      20.1110    0.0350000      53697.4      19.6740    0.0860000
       53700.353      20.8580     0.152000      53700.4      20.2980    0.0280000      53700.4      20.2120    0.0340000      53700.4      20.2170    0.0530000      53700.4      19.6930     0.126000
       53705.340      20.8570     0.137000      53705.3      20.3980    0.0300000      53705.3      20.3470    0.0360000      53705.3      20.1060    0.0370000      53705.3      20.1460     0.151000
       53975.425      20.3620    0.0890000      53975.4      19.9550    0.0440000      53975.4      20.1240     0.129000      53975.4      19.7630     0.146000      53975.4      19.5840     0.143000
       53994.448      20.1520    0.0560000      53994.4      19.8560    0.0380000      53994.4      20.0090     0.104000      53994.4      19.7600     0.131000      53994.4      19.6330     0.111000
       53996.432      20.3440    0.0890000      53996.4      19.8300    0.0360000      53996.4      20.0320    0.0770000      53996.4      19.7270    0.0760000      53996.4      19.5700    0.0970000
       54005.445      19.9920    0.0490000      54005.4      19.8710    0.0250000      54005.4      19.9740    0.0340000      54005.4      19.7730    0.0350000      54005.4      19.5590    0.0700000
       54009.459      20.1680    0.0510000      54009.5      19.8890    0.0240000      54009.5      19.9740    0.0300000      54009.5      19.8090    0.0340000      54009.5      19.5320    0.0610000
       54010.386      20.0920    0.0430000      54010.4      19.8360    0.0220000      54010.4      19.9960    0.0300000      54010.4      19.7490    0.0280000      54010.4      19.6120    0.0690000
       54012.379      20.1520    0.0640000      54012.4      19.8890    0.0290000      54012.4      19.9690    0.0340000      54012.4      19.7450    0.0320000      54012.4      19.5620    0.0660000
       54020.417      20.1570    0.0890000      54020.4      19.8360    0.0460000      54020.4      19.9280     0.108000      54020.4      19.7360     0.129000      54020.4      19.4570     0.125000
       54024.466      20.0770    0.0680000      54024.5      19.8190    0.0350000      54024.5      19.8870     0.107000      54024.5      19.7020     0.129000      54024.5      19.6030     0.167000
       54028.454      20.1960    0.0600000      54028.5      19.8000    0.0240000      54028.5      19.9200    0.0350000      54028.5      19.6900    0.0380000      54028.5      19.5360    0.0850000
       54030.410      20.0470    0.0480000      54030.4      19.8650    0.0280000      54030.4      19.9870    0.0310000      54030.4      19.7220    0.0320000      54030.4      19.5110    0.0680000
       54035.454      20.1420    0.0760000      54035.5      19.8730    0.0350000      54035.5      19.9260    0.0760000      54035.5      19.7970    0.0520000      54035.5      19.6280     0.116000
       54037.359      20.2440    0.0560000      54037.4      19.8820    0.0250000      54037.4      19.9260    0.0270000      54037.4      19.7230    0.0270000      54037.4      19.4780    0.0540000
       54040.374      20.1750    0.0500000      54040.4      19.8840    0.0240000      54040.4      19.9540    0.0320000      54040.4      19.8310    0.0360000      54040.4      19.4580    0.0630000
       54041.409      20.1530    0.0600000      54041.4      19.8650    0.0400000      54041.4      19.9540    0.0920000      54041.4      19.7750    0.0430000      54041.4      19.3880    0.0610000
       54047.404      19.9640     0.169000      54047.4      19.9720    0.0770000      54047.4      19.9550     0.119000      54047.4      19.7700     0.126000      54047.4      19.9070     0.263000
       54050.361      20.0270    0.0970000      54050.4      19.9110    0.0660000      54050.4      20.0770     0.121000      54050.4      19.9300     0.165000      54050.4      19.8780     0.274000
       54053.380      20.1000    0.0790000      54053.4      19.7560    0.0270000      54053.4      19.9060    0.0380000      54053.4      19.7230    0.0420000      54053.4      19.6610     0.121000
       54056.366      19.9970    0.0600000      54056.4     -99.9900    0.0320000      54056.4      19.9120    0.0350000      54056.4      19.6430    0.0410000      54056.4      19.7180     0.115000
       54059.361      20.0830    0.0680000      54059.4      19.8050    0.0410000      54059.4      19.8790    0.0970000      54059.4      19.7980     0.143000      54059.4      19.9590     0.186000
       54062.365      20.1420    0.0550000      54062.4      19.7980    0.0240000      54062.4      19.8690    0.0270000      54062.4      19.7650    0.0390000      54062.4      19.4330    0.0770000
       54064.362      20.1160    0.0620000      54064.4      19.7920    0.0350000      54064.4      19.9390    0.0720000      54064.4      19.7280    0.0750000      54064.4      19.4010    0.0780000
       54068.346      19.9190    0.0710000      54068.3     -99.9900    0.0530000      54068.3      20.0190     0.110000      54068.3      19.6880     0.132000      54068.3      19.8380     0.218000
       54357.404      20.6280    0.0650000      54357.4     -99.9900    0.0290000      54357.4      20.3350    0.0370000      54357.4      20.0440    0.0360000      54357.4      19.8050    0.0810000
       54362.454      20.7610    0.0790000      54362.5      20.3010    0.0270000      54362.5      20.4400    0.0380000      54362.5      20.0660    0.0460000      54362.5      19.8460    0.0960000
       54376.449      20.5910    0.0920000      54376.4      20.3640    0.0430000      54376.4      20.3120    0.0820000      54376.4      20.1110    0.0880000      54376.4      19.8470     0.109000
       54382.434      20.6190    0.0970000      54382.4      20.2680    0.0480000      54382.4      20.4020     0.166000      54382.4      19.9530     0.182000      54382.4      20.3200     0.254000
       54385.452      20.4460    0.0720000      54385.5      20.2780    0.0340000      54385.4      20.3500    0.0440000      54385.4      20.0750    0.0450000      54385.5      19.6940    0.0790000
       54387.452      20.5530     0.114000      54387.5      20.2400    0.0550000      54387.4      20.3490     0.158000      54387.5      20.3670     0.253000      54387.5      19.7200     0.180000
       54390.445      20.5210     0.128000      54390.4      20.3430    0.0560000      54390.4      20.3510     0.129000      54390.4      19.9740     0.139000      54390.4      19.9020     0.239000
       54391.453      20.5940     0.147000      54391.5      20.3530    0.0620000      54391.5      20.2410     0.155000      54391.5      20.3760     0.290000      54391.5      19.7630     0.222000
       52522.000       20.135000     0.052000000       52522.000       19.884000     0.027000000       52522.000       19.996000      0.10600000       52522.000       19.722000      0.10000000       52522.000       19.512000     0.067000000
       51078       20.484000     0.047000000       51078       20.121000     0.036000000       51078       20.168000      0.10700000       51078       19.861000      0.11900000       51078       19.643000      0.12700000
       51081       20.485000     0.063000000       51081       20.183000     0.047000000       51081       20.291000      0.11100000       51081       20.030000      0.12200000       51081       19.750000      0.17500000
       51115       20.443000     0.059000000       51115       20.066000     0.039000000       51115       20.147000      0.11300000       51115       19.920000      0.13500000       51115       19.675000      0.19100000
       51132       20.306000     0.054000000       51132       20.086000     0.072000000       51132       20.129000      0.11900000       51132       19.995000      0.14500000       51132       19.391000      0.14300000
       51136       20.390000     0.049000000       51136       20.091000     0.040000000       51136       20.227000      0.11500000       51136       20.028000      0.13200000       51136       19.519000      0.15700000
       51819       20.062000     0.049000000       51819       19.840000     0.030000000       51819       19.927000     0.074000000       51819       19.727000      0.10000000       51819       19.488000      0.11100000
       51875       20.125000     0.046000000       51875       19.770000     0.033000000       51875       19.890000     0.034000000       51875       19.704000     0.044000000       51875       19.482000     0.083000000
       52171       20.268000     0.053000000       52171       19.972000     0.034000000       52171       20.072000     0.096000000       52171       19.763000      0.11300000       52171       19.111000     0.085000000
       52173       20.405000     0.073000000       52173       19.994000     0.035000000       52173       20.353000      0.17500000       52173       20.014000      0.17000000       52173       19.614000      0.15600000
       52225       20.621000     0.059000000       52225       20.233000     0.040000000       52225       20.258000     0.084000000       52225       19.979000     0.096000000       52225       19.522000     0.080000000
       52288       21.060000     0.087000000       52288       20.777000     0.064000000       52288       20.888000      0.17900000       52288       20.395000      0.15300000       52288       19.961000      0.16100000
       52522       20.130000     0.045000000       52522       19.855000     0.027000000       52522       19.903000     0.069000000       52522       19.681000     0.069000000       52522       19.475000     0.097000000
       52551       20.099000     0.045000000       52551       19.803000     0.024000000       52551       19.835000     0.032000000       52551       19.581000     0.039000000       52551       19.402000     0.072000000
       52558       20.002000     0.041000000       52558       19.841000     0.029000000       52558       19.877000     0.033000000       52558       19.719000     0.031000000       52558       19.563000     0.078000000
       52578       19.976000     0.042000000       52578       19.749000     0.023000000       52578       19.838000     0.027000000       52578       19.684000     0.029000000       52578       19.544000     0.067000000
       52585       19.967000     0.055000000       52585       19.715000     0.025000000       52585       19.792000     0.068000000       52585       19.575000     0.087000000       52585       19.296000      0.10800000
       52909       20.776000     0.068000000       52909       20.509000     0.052000000       52909       20.471000      0.20500000       52909       20.194000      0.13900000       52909       19.860000      0.12600000
       52910       20.831000     0.084000000       52910       20.451000     0.038000000       52910       20.596000      0.16100000       52910       20.150000      0.14700000       52910       19.840000      0.14000000
       52935       20.693000     0.074000000       52935       20.346000     0.047000000       52935       20.394000      0.14600000       52935       20.070000      0.15600000       52935       19.800000      0.17500000
       53351       20.710000     0.076000000       53351       20.520000     0.051000000       53351       20.524000      0.14200000       53351       20.123000      0.14300000       53351       19.818000      0.19200000
       54057       20.018000     0.041000000       54057       19.744000     0.030000000       54057       19.841000     0.076000000       54057       19.709000     0.089000000       54057       19.478000     0.094000000
       54424       20.647000      0.10600000       54424       20.360000     0.059000000       54424       20.358000      0.14100000       54424       20.111000      0.16300000       54424       19.806000      0.17200000
