       51075.425     -99.9900    0.0420000      51075.4      19.6900    0.0150000      51075.4      19.5610    0.0170000      51075.4      19.4340    0.0240000      51075.4      19.2430    0.0720000
       51818.395      20.0650    0.0420000      51818.4      19.7130    0.0150000      51818.4      19.5710    0.0150000      51818.4      19.4650    0.0210000      51818.4      19.3890    0.0620000
       52171.383      19.8820    0.0400000      52171.4      19.6980    0.0150000      52171.4      19.5530    0.0150000      52171.4      19.4890    0.0210000      52171.4      19.2850    0.0530000
       52173.359      20.0560    0.0510000      52173.4      19.7020    0.0160000      52173.4      19.5560    0.0170000      52173.4      19.3930    0.0230000      52173.4      19.2780    0.0780000
       52224.339      20.0300    0.0410000      52224.3      19.7220    0.0140000      52224.3      19.5720    0.0150000      52224.3      19.5060    0.0210000      52224.3      19.3800    0.0550000
       52234.296      20.0890    0.0520000      52234.3     -99.9900    0.0160000      52234.3      19.5530    0.0160000      52234.3      19.4340    0.0240000      52234.3      19.2280    0.0520000
       52261.259      20.1620    0.0490000      52261.3      19.7470    0.0150000      52261.3      19.6020    0.0160000      52261.3      19.5140    0.0200000      52261.3      19.3430    0.0550000
       52283.126      20.1470    0.0530000      52283.1      19.8030    0.0190000      52283.1      19.6130    0.0200000      52283.1      19.5760    0.0300000      52283.1      19.3200    0.0800000
       52287.139      20.0370    0.0430000      52287.1     -99.9900    0.0190000      52287.1      19.6200    0.0180000      52287.1      19.4950    0.0230000      52287.1      19.2940    0.0640000
       52552.458      20.1520    0.0440000      52552.5      19.8220    0.0150000      52552.5      19.6470    0.0160000      52552.5      19.5500    0.0230000      52552.5      19.2850    0.0560000
       52557.432      20.1380    0.0500000      52557.4      19.8060    0.0150000      52557.4      19.6610    0.0190000      52557.4      19.5400    0.0250000      52557.4      19.3240    0.0700000
       52585.334      20.0170    0.0370000      52585.3      19.7900    0.0140000      52585.3      19.6310    0.0150000      52585.3      19.5580    0.0210000      52585.3      19.4570    0.0600000
       52908.407      19.9860    0.0420000      52908.4      19.7260    0.0150000      52908.4      19.6170    0.0160000      52908.4      19.4990    0.0230000      52908.4      19.2940    0.0610000
       52912.386      20.0070    0.0480000      52912.4      19.7220    0.0150000      52912.4      19.6040    0.0160000      52912.4      19.4950    0.0220000      52912.4      19.2200    0.0540000
       52934.339      20.0030    0.0430000      52934.3      19.7480    0.0150000      52934.3      19.5750    0.0160000      52934.3      19.5170    0.0220000      52934.3      19.2370    0.0580000
       52936.335      20.0240    0.0410000      52936.3      19.7310    0.0140000      52936.3      19.5710    0.0160000      52936.3      19.4950    0.0220000      52936.3      19.3470    0.0550000
       53270.399      20.0890    0.0380000      53270.4      19.7740    0.0170000      53270.4      19.6320    0.0220000      53270.4      19.5350    0.0210000      53270.4      19.4010    0.0460000
       53272.449      20.1650    0.0550000      53272.4      19.7640    0.0160000      53272.4      19.5830    0.0170000      53272.4      19.6090    0.0500000      53272.4      19.2610    0.0610000
       53286.418      20.0850    0.0530000      53286.4      19.7940    0.0180000      53286.4      19.5750    0.0190000      53286.4      19.5060    0.0250000      53286.4      19.4070    0.0630000
       53288.376      20.0590    0.0450000      53288.4      19.7450    0.0150000      53288.4      19.6180    0.0170000      53288.4      19.5690    0.0220000      53288.4      19.2950    0.0550000
       53294.424      19.9520    0.0530000      53294.4     -99.9900    0.0240000      53294.4     -99.9900    0.0420000      53294.4      19.4250    0.0370000      53294.4      19.4560    0.0780000
       53296.371      20.1700    0.0540000      53296.4      19.7690    0.0180000      53296.4      19.6150    0.0210000      53296.4      19.5150    0.0290000      53296.4      19.3200    0.0560000
       53298.421      20.0030    0.0440000      53298.4      19.7480    0.0150000      53298.4      19.5980    0.0180000      53298.4      19.4610    0.0240000      53298.4      19.3740    0.0680000
       53302.372      20.1770    0.0630000      53302.4      19.7200    0.0230000      53302.4      19.5970    0.0210000      53302.4      19.5520    0.0250000      53302.4      19.3480    0.0600000
       53312.327      20.0470    0.0580000      53312.3      19.7160    0.0240000      53312.3      19.5890    0.0220000      53312.3      19.5310    0.0270000      53312.3      19.4580    0.0720000
       53314.328      20.0790    0.0590000      53314.3      19.7400    0.0210000      53314.3      19.5810    0.0200000      53314.3      19.5080    0.0260000      53314.3      19.3420    0.0690000
       53319.316      20.0500    0.0520000      53319.3      19.7380    0.0170000      53319.3      19.6100    0.0210000      53319.3      19.5410    0.0270000      53319.3      19.3640    0.0720000
       53616.433      20.0010    0.0490000      53616.4      19.7870    0.0160000      53616.4      19.6370    0.0190000      53616.4      19.5410    0.0260000      53616.4      19.3130    0.0600000
       53626.409     -99.9900    0.0720000      53626.4     -99.9900      1.09300      53626.4      19.6200    0.0230000      53626.4     -99.9900    0.0350000      53626.4     -99.9900     0.181000
       53628.394      20.1240    0.0610000      53628.4      19.7980    0.0230000      53628.4      19.5960    0.0210000      53628.4      19.5170    0.0310000      53628.4      19.3630    0.0720000
       53639.441      20.1540    0.0620000      53639.4      19.7820    0.0190000      53639.4      19.6310    0.0170000      53639.4      19.5180    0.0210000      53639.4      19.3330    0.0500000
       53641.440      20.1160    0.0580000      53641.4      19.8180    0.0210000      53641.4      19.6530    0.0190000      53641.4      19.5610    0.0240000      53641.4      19.3590    0.0620000
       53657.399      20.1420    0.0870000      53657.4      19.7340    0.0290000      53657.4      19.6580    0.0310000      53657.4      19.4460    0.0400000      53657.4      19.2840    0.0970000
       53663.384      19.9200    0.0860000      53663.4      19.8020    0.0420000      53663.4      19.6140    0.0270000      53663.4      19.5000    0.0290000      53663.4      19.3460    0.0570000
       53665.362      19.9420    0.0620000      53665.4      19.8280    0.0430000      53665.4      19.6590    0.0230000      53665.4      19.5100    0.0260000      53665.4      19.4020    0.0910000
       53666.454      19.8610    0.0750000      53666.5      19.8070    0.0250000      53666.5      19.6280    0.0230000      53666.5      19.5370    0.0290000      53666.5      19.2650    0.0540000
       53668.373      19.9210    0.0650000      53668.4      19.6890    0.0220000      53668.4      19.5640    0.0230000      53668.4      19.4940    0.0290000      53668.4      19.4160    0.0790000
       53669.461      20.0690    0.0870000      53669.5      19.7580    0.0250000      53669.5      19.5920    0.0230000      53669.5      19.5160    0.0330000      53669.5      19.4420    0.0900000
       53670.378     -99.9900    0.0530000      53670.4      19.7590    0.0200000      53670.4      19.6300    0.0210000      53670.4      19.4980    0.0250000      53670.4      19.3350    0.0570000
       53673.346      20.0290    0.0440000      53673.3      19.6950    0.0140000      53673.3      19.6040    0.0160000      53673.3      19.4760    0.0200000      53673.3      19.3740    0.0480000
       53675.343      19.9760    0.0440000      53675.3      19.7050    0.0150000      53675.3      19.5850    0.0180000      53675.3      19.5010    0.0240000      53675.3      19.3920    0.0630000
       53680.351      20.0960    0.0480000      53680.4      19.6880    0.0150000      53680.3      19.5460    0.0170000      53680.4      19.5010    0.0230000      53680.4      19.4180    0.0580000
       53683.409      19.9920     0.127000      53683.4      19.7530    0.0410000      53683.4     -99.9900    0.0890000      53683.4      19.5400    0.0990000      53683.4     -99.9900     0.169000
       53686.350      19.9010    0.0880000      53686.4      19.7280    0.0350000      53686.3      19.5290    0.0270000      53686.3      19.4400    0.0300000      53686.4      19.3460    0.0720000
       53687.408     -99.9900     0.193000      53687.4      19.7030    0.0630000      53687.4      19.6070    0.0630000      53687.4     -99.9900    0.0540000      53687.4     -99.9900    0.0940000
       53693.353      20.2670     0.156000      53693.4      19.6400    0.0360000      53693.4      19.5010    0.0320000      53693.4      19.3810    0.0330000      53693.4      19.2220    0.0680000
       53699.373      20.0040    0.0590000      53699.4      19.7080    0.0190000      53699.4      19.5770    0.0200000      53699.4      19.4550    0.0230000      53699.4      19.3530    0.0560000
       53704.336      19.9750    0.0500000      53704.3      19.6810    0.0170000      53704.3      19.5260    0.0160000      53704.3      19.4590    0.0240000      53704.3      19.4030    0.0640000
       53989.432      20.1070    0.0810000      53989.4      19.8060    0.0310000      53989.4      19.5710    0.0260000      53989.4      19.5190    0.0300000      53989.4      19.3040    0.0500000
       53997.456     -99.9900    0.0370000      53997.5      19.7920    0.0210000      53997.5      19.5930    0.0300000      53997.5      19.4800    0.0260000      53997.5      19.3760    0.0420000
       54000.407      20.1310    0.0510000      54000.4      19.7470    0.0240000      54000.4      19.6110    0.0200000      54000.4      19.4550    0.0240000      54000.4      19.3330    0.0700000
       54007.458     -99.9900    0.0560000      54007.5      19.7830    0.0200000      54007.5      19.6470    0.0230000      54007.5      19.5150    0.0240000      54007.5      19.3200    0.0520000
       54009.381      20.0410    0.0380000      54009.4      19.7550    0.0180000      54009.4      19.6310    0.0190000      54009.4      19.5450    0.0220000      54009.4      19.3780    0.0420000
       54011.446     -99.9900    0.0400000      54011.4      19.8040    0.0190000      54011.4      19.6490    0.0200000      54011.4      19.5460    0.0200000      54011.4      19.4710    0.0450000
       54012.459      20.1630    0.0710000      54012.5      19.7440    0.0280000      54012.5      19.6020    0.0240000      54012.5      19.4830    0.0260000      54012.5      19.3210    0.0630000
       54019.441     -99.9900    0.0880000      54019.4      19.7560    0.0270000      54019.4      19.6250    0.0290000      54019.4      19.5210    0.0270000      54019.4      19.4810    0.0620000
       54025.445      20.1920    0.0610000      54025.4      19.7650    0.0340000      54025.4      19.5760    0.0210000      54025.4      19.5050    0.0280000      54025.4      19.3000    0.0520000
       54346.439     -99.9900    0.0620000      54346.4      19.6860    0.0260000      54346.4      19.5360    0.0300000      54346.4      19.4690    0.0250000      54346.4      19.1840    0.0500000
       54348.443      20.0520    0.0560000      54348.4      19.7120    0.0180000      54348.4      19.5460    0.0250000      54348.4      19.4870    0.0250000      54348.4      19.2590    0.0500000
       54358.398      20.0630    0.0490000      54358.4     -99.9900    0.0270000      54358.4      19.5410    0.0220000      54358.4      19.5160    0.0240000      54358.4      19.3350    0.0630000
       54365.431      20.0610    0.0380000      54365.4      19.7190    0.0220000      54365.4      19.5540    0.0220000      54365.4      19.4970    0.0220000      54365.4      19.3000    0.0440000
       54381.451      19.9540    0.0420000      54381.5      19.6890    0.0260000      54381.4      19.5180    0.0190000      54381.4      19.4950    0.0240000      54381.5      19.3570    0.0480000
       54386.443     -99.9900    0.0380000      54386.4      19.6780    0.0230000      54386.4      19.5100    0.0230000      54386.4      19.4340    0.0240000      54386.4      19.2340    0.0410000
       54388.448      19.9340    0.0410000      54388.4      19.6740    0.0250000      54388.4      19.5020    0.0160000      54388.4      19.4850    0.0210000      54388.4      19.3450    0.0450000
       54392.445     -99.9900    0.0520000      54392.4      19.6440    0.0360000      54392.4      19.5040    0.0330000      54392.4      19.3640    0.0290000      54392.4      19.3510    0.0820000
       54403.361      20.0560    0.0750000      54403.4      19.6370    0.0270000      54403.4      19.5200    0.0260000      54403.4      19.4330    0.0270000      54403.4      19.2800    0.0520000
       54406.355      20.0350    0.0440000      54406.4      19.6530    0.0310000      54406.4      19.5050    0.0160000      54406.4      19.4270    0.0220000      54406.4      19.3280    0.0420000
       54409.360      20.0520    0.0410000      54409.4      19.6520    0.0200000      54409.4      19.5270    0.0190000      54409.4      19.4280    0.0200000      54409.4      19.3840    0.0480000
       54412.381      19.9890    0.0620000      54412.4      19.6800    0.0230000      54412.4      19.5410    0.0270000      54412.4      19.4280    0.0320000      54412.4      19.2650    0.0690000
       52234.000       20.112000     0.063000000       52234.000       19.776000     0.033000000       52234.000       19.577000     0.022000000       52234.000       19.449000     0.028000000       52234.000       19.234000     0.054000000
       51075       20.080000     0.040000000       51075       19.713000     0.032000000       51075       19.554000     0.021000000       51075       19.399000     0.025000000       51075       19.223000     0.070000000
       51133       20.018000     0.034000000       51133       19.782000     0.029000000       51133       19.559000     0.023000000       51133       19.442000     0.029000000       51133       19.285000     0.064000000
       51134       20.082000     0.034000000       51134       19.757000     0.018000000       51134       19.562000     0.022000000       51134       19.476000     0.021000000       51134       19.323000     0.055000000
       51138       20.037000     0.046000000       51138       19.752000     0.024000000       51138       19.534000     0.023000000       51138       19.455000     0.031000000       51138       19.520000      0.10300000
       51818       20.144000     0.038000000       51818       19.741000     0.023000000       51818       19.556000     0.022000000       51818       19.443000     0.020000000       51818       19.360000     0.060000000
       51874       20.028000     0.047000000       51874       19.683000     0.020000000       51874       19.479000     0.019000000       51874       19.424000     0.025000000       51874       19.153000     0.058000000
       52170       20.083000     0.042000000       52170       19.711000     0.020000000       52170       19.549000     0.021000000       52170       19.464000     0.029000000       52170       19.223000     0.047000000
       52171       19.941000     0.039000000       52171       19.729000     0.025000000       52171       19.572000     0.027000000       52171       19.513000     0.031000000       52171       19.293000     0.054000000
       52173       20.164000     0.058000000       52173       19.688000     0.023000000       52173       19.559000     0.024000000       52173       19.392000     0.026000000       52173       19.262000     0.074000000
       52224       20.055000     0.046000000       52224       19.721000     0.019000000       52224       19.549000     0.021000000       52224       19.513000     0.027000000       52224       19.343000     0.052000000
       52234       20.119000     0.060000000       52234       19.746000     0.031000000       52234       19.574000     0.021000000       52234       19.446000     0.028000000       52234       19.217000     0.052000000
       52261       20.172000     0.057000000       52261       19.773000     0.030000000       52261       19.593000     0.025000000       52261       19.512000     0.027000000       52261       19.378000     0.056000000
       52283       20.166000     0.044000000       52283       19.798000     0.026000000       52283       19.634000     0.027000000       52283       19.585000     0.031000000       52283       19.296000     0.080000000
       52287       20.027000     0.060000000       52287       19.808000     0.031000000       52287       19.626000     0.027000000       52287       19.493000     0.027000000       52287       19.288000     0.066000000
       52552       20.168000     0.039000000       52552       19.841000     0.022000000       52552       19.655000     0.024000000       52552       19.548000     0.026000000       52552       19.263000     0.053000000
       52557       20.166000     0.044000000       52557       19.828000     0.024000000       52557       19.652000     0.026000000       52557       19.537000     0.026000000       52557       19.317000     0.067000000
       52585       20.070000     0.034000000       52585       19.801000     0.020000000       52585       19.640000     0.025000000       52585       19.574000     0.026000000       52585       19.447000     0.060000000
       52908       20.047000     0.040000000       52908       19.760000     0.025000000       52908       19.651000     0.024000000       52908       19.526000     0.025000000       52908       19.298000     0.060000000
       52912       20.110000     0.049000000       52912       19.751000     0.024000000       52912       19.644000     0.022000000       52912       19.528000     0.026000000       52912       19.236000     0.056000000
       52934       20.074000     0.040000000       52934       19.769000     0.019000000       52934       19.567000     0.021000000       52934       19.510000     0.027000000       52934       19.220000     0.057000000
       52936       20.091000     0.036000000       52936       19.754000     0.020000000       52936       19.590000     0.020000000       52936       19.509000     0.025000000       52936       19.334000     0.054000000
       53270       20.200000     0.037000000       53270       19.792000     0.017000000       53270       19.638000     0.022000000       53270       19.538000     0.023000000       53270       19.368000     0.049000000
       53272       20.237000     0.051000000       53272       19.795000     0.023000000       53272       19.595000     0.030000000       53272       19.582000     0.033000000       53272       19.282000     0.061000000
       53286       20.194000     0.052000000       53286       19.815000     0.023000000       53286       19.584000     0.025000000       53286       19.504000     0.026000000       53286       19.401000     0.061000000
       53288       20.142000     0.041000000       53288       19.774000     0.018000000       53288       19.625000     0.027000000       53288       19.593000     0.025000000       53288       19.306000     0.056000000
       53294       20.157000     0.060000000       53294       19.893000     0.055000000       53294       19.816000     0.045000000       53294       19.513000     0.038000000       53294       19.471000     0.080000000
       53298       20.122000     0.048000000       53298       19.761000     0.024000000       53298       19.614000     0.022000000       53298       19.495000     0.027000000       53298       19.360000     0.066000000
       53312       20.100000     0.063000000       53312       19.704000     0.028000000       53312       19.593000     0.023000000       53312       19.530000     0.029000000       53312       19.450000     0.078000000
       53314       20.174000     0.059000000       53314       19.774000     0.036000000       53314       19.611000     0.023000000       53314       19.528000     0.031000000       53314       19.355000     0.068000000
       53319       20.108000     0.046000000       53319       19.756000     0.021000000       53319       19.612000     0.024000000       53319       19.526000     0.027000000       53319       19.350000     0.069000000
       54466       20.125000     0.067000000       54466       19.787000     0.033000000       54466       19.516000     0.025000000       54466       19.462000     0.025000000       54466       19.239000     0.056000000
