       51081.409      20.9320     0.112000      51081.4      20.4330    0.0340000      51081.4      20.2250    0.0330000      51081.4      19.7890    0.0320000      51081.4      19.7230    0.0960000
       51875.224      20.9150    0.0970000      51875.2      20.3850    0.0250000      51875.2      20.1570    0.0280000      51875.2      19.8300    0.0280000      51875.2      19.8050     0.100000
       52171.456      20.9860     0.118000      52171.5      20.4400    0.0370000      52171.5      20.1950    0.0290000      52171.5      19.7910    0.0250000      52171.5      19.6470    0.0790000
       52225.305      20.7720    0.0910000      52225.3      20.4030    0.0240000      52225.3      20.1820    0.0260000      52225.3      19.7380    0.0230000      52225.3      19.6250    0.0700000
       52288.139      20.8830    0.0990000      52288.1      20.4600    0.0250000      52288.1      20.3060    0.0280000      52288.1      19.8790    0.0260000      52288.1      19.6380    0.0710000
       52551.412      20.9120     0.107000      52551.4      20.3910    0.0250000      52551.4      20.1790    0.0270000      52551.4      19.7700    0.0250000      52551.4      19.5490    0.0740000
       52558.445      20.9600     0.101000      52558.4      20.3970    0.0220000      52558.4      20.2300    0.0250000      52558.4      19.9040    0.0260000      52558.4      19.6990    0.0820000
       52578.317      20.9810    0.0960000      52578.3      20.4830    0.0230000      52578.3      20.2920    0.0250000      52578.3      19.8890    0.0230000      52578.3      19.7120    0.0710000
       52585.280      21.0540     0.116000      52585.3      20.4200    0.0250000      52585.3      20.1890    0.0290000      52585.3      19.8410    0.0310000      52585.3      19.6460     0.101000
       52909.446      20.8150    0.0890000      52909.4      20.2760    0.0210000      52909.4      20.1150    0.0230000      52909.4      19.8420    0.0230000      52909.4      19.6930    0.0720000
       52910.417      20.8060     0.118000      52910.4      20.2710    0.0240000      52910.4      20.1500    0.0290000      52910.4      19.7410    0.0270000      52910.4      19.5710    0.0760000
       52935.344      20.6170    0.0770000      52935.3      20.2580    0.0220000      52935.3      20.1200    0.0250000      52935.3      19.7450    0.0240000      52935.3      19.6200    0.0850000
       52963.267      20.8760    0.0820000      52963.3      20.2790    0.0200000      52963.3      20.0730    0.0210000      52963.3      19.7370    0.0200000      52963.3      19.6330    0.0700000
       52971.258      20.7680     0.110000      52971.3      20.2380    0.0280000      52971.3      20.0120    0.0270000      52971.3      19.6770    0.0260000      52971.3      19.7010     0.102000
       53351.189      20.9300     0.117000      53351.2      20.4110    0.0240000      53351.2      20.2180    0.0300000      53351.2      19.7780    0.0280000      53351.2      19.8490     0.130000
       53622.446      20.7700    0.0820000      53622.4      20.3590    0.0210000      53622.4      20.1400    0.0220000      53622.4      19.7720    0.0210000      53622.4      19.5690    0.0600000
       53627.403      20.7780    0.0910000      53627.4      20.2890    0.0220000      53627.4      20.1250    0.0240000      53627.4      19.7470    0.0220000      53627.4      19.6010    0.0650000
       53634.396      20.6470     0.194000      53634.4      20.1580    0.0570000      53634.4      20.0890    0.0460000      53634.4      19.7700    0.0330000      53634.4      19.6480    0.0850000
       53638.437      20.6550     0.112000      53638.4      20.2950    0.0290000      53638.4      20.1130    0.0270000      53638.4      19.7750    0.0250000      53638.4      19.6180    0.0840000
       53640.401      20.8260     0.116000      53640.4      20.3170    0.0280000      53640.4      20.0950    0.0260000      53640.4      19.8050    0.0270000      53640.4      19.4980    0.0700000
       53643.444      20.7140     0.119000      53643.4      20.3260    0.0260000      53643.4      20.1490    0.0300000      53643.4      19.7240    0.0280000      53643.4      19.7460     0.105000
       53646.462      20.7940     0.114000      53646.5      20.3070    0.0260000      53646.5      20.1290    0.0330000      53646.5      19.7950    0.0260000      53646.5      19.5880    0.0830000
       53663.463      20.4740     0.247000      53663.5      20.1060    0.0670000      53663.5      19.9100    0.0460000      53663.5      19.6390    0.0350000      53663.5      19.5360    0.0980000
       53664.398      20.6590     0.176000      53664.4      20.2380    0.0450000      53664.4      19.9890    0.0440000      53664.4      19.6950    0.0400000      53664.4      19.5200    0.0820000
       53668.451      20.9480     0.235000      53668.5      20.2760    0.0430000      53668.4      20.0830    0.0380000      53668.4      19.6970    0.0340000      53668.5      19.6370     0.119000
       53669.357      20.9050     0.142000      53669.4      20.2850    0.0290000      53669.4      20.0770    0.0300000      53669.4      19.6850    0.0270000      53669.4      19.7110     0.101000
       53670.457      20.6240     0.138000      53670.5      20.3800    0.0340000      53670.5      20.0920    0.0320000      53670.5      19.7250    0.0290000      53670.5      19.7120     0.108000
       53671.442      21.2040     0.204000      53671.4      20.3570    0.0310000      53671.4      20.1120    0.0310000      53671.4      19.8300    0.0300000      53671.4      19.7600     0.100000
       53674.342      20.7680     0.115000      53674.3      20.3280    0.0260000      53674.3      20.1290    0.0300000      53674.3      19.7170    0.0280000      53674.3      19.4880    0.0820000
       53676.431      20.8150     0.128000      53676.4      20.3090    0.0260000      53676.4      20.0670    0.0330000      53676.4      19.8310    0.0310000      53676.4      19.7050    0.0860000
       53679.403      20.7650     0.124000      53679.4      20.3220    0.0270000      53679.4      20.0410    0.0320000      53679.4      19.6690    0.0300000      53679.4      19.6780     0.127000
       53681.395      21.1200     0.157000      53681.4      20.3180    0.0260000      53681.4      20.0930    0.0280000      53681.4      19.7740    0.0250000      53681.4      19.6110    0.0740000
       53684.356      20.9440     0.393000      53684.4      20.2430    0.0460000      53684.4      19.9890     0.116000      53684.4      19.6170    0.0890000      53684.4      19.4140     0.188000
       53687.297      20.5900     0.318000      53687.3      20.2790    0.0910000      53687.3      20.0060    0.0670000      53687.3      19.6540    0.0480000      53687.3      19.4870     0.113000
       53694.367      20.8020     0.265000      53694.4      20.2630    0.0580000      53694.4      20.0610    0.0440000      53694.4      19.7190    0.0340000      53694.4      19.4920     0.100000
       53696.360      20.8940     0.176000      53696.4      20.2280    0.0330000      53696.4      20.0170    0.0290000      53696.4      19.7250    0.0260000      53696.4      19.6120    0.0800000
       53697.352      20.6120     0.130000      53697.4      20.2440    0.0310000      53697.4      20.0800    0.0290000      53697.4      19.6920    0.0250000      53697.4      19.6810    0.0880000
       53700.350      20.8460     0.118000      53700.4      20.2380    0.0240000      53700.3      20.0630    0.0300000      53700.4      19.6660    0.0260000      53700.4      19.5490    0.0970000
       53705.337      20.6590     0.126000      53705.3      20.2410    0.0240000      53705.3      20.0640    0.0300000      53705.3      19.7160    0.0320000      53705.3      19.5530    0.0950000
       53975.422      20.8100    0.0950000      53975.4      20.1530    0.0230000      53975.4      20.0680    0.0240000      53975.4      19.7370    0.0250000      53975.4      19.5880    0.0740000
       53994.445      20.7810    0.0950000      53994.4      20.1870    0.0250000      53994.4      20.0940    0.0240000      53994.4      19.6980    0.0210000      53994.4      19.5800    0.0650000
       53996.429      20.4260    0.0780000      53996.4      20.1990    0.0400000      53996.4      20.1170    0.0350000      53996.4      19.7460    0.0280000      53996.4      19.4240    0.0800000
       54005.442      20.6920    0.0770000      54005.4      20.2050    0.0250000      54005.4      20.0750    0.0220000      54005.4      19.7560    0.0260000      54005.4      19.6800    0.0690000
       54009.456      20.6750    0.0700000      54009.5      20.2040    0.0190000      54009.5      20.0780    0.0200000      54009.5      19.7470    0.0210000      54009.5      19.6630    0.0580000
       54010.383      20.3990    0.0710000      54010.4      20.1800    0.0220000      54010.4      20.0400    0.0220000      54010.4      19.7660    0.0240000      54010.4      19.6610    0.0500000
       54012.376      20.6500     0.117000      54012.4      20.1610    0.0320000      54012.4      20.1070    0.0310000      54012.4      19.6920    0.0260000      54012.4      19.7870    0.0780000
       54020.414      20.5180     0.123000      54020.4      20.1220    0.0360000      54020.4      19.9440    0.0290000      54020.4      19.6440    0.0290000      54020.4      19.4210    0.0710000
       54024.463      20.7170     0.132000      54024.5      20.0960    0.0280000      54024.5      19.9890    0.0280000      54024.5      19.6640    0.0270000      54024.5      19.4730    0.0750000
       54028.452      20.5290    0.0820000      54028.5      20.1310    0.0220000      54028.4      20.0440    0.0290000      54028.4      19.6100    0.0260000      54028.5      19.4580    0.0650000
       54030.407      20.6160    0.0700000      54030.4      20.1470    0.0220000      54030.4      19.9990    0.0260000      54030.4      19.6990    0.0250000      54030.4      19.4840    0.0590000
       54035.451      20.5590    0.0980000      54035.5      20.0600    0.0250000      54035.4      19.9560    0.0280000      54035.4      19.6180    0.0250000      54035.5      19.6270     0.103000
       54037.357      20.3910    0.0580000      54037.4      20.1100    0.0210000      54037.4      19.9770    0.0260000      54037.4      19.6980    0.0190000      54037.4      19.5650    0.0520000
       54040.371      20.6430    0.0710000      54040.4      20.1260    0.0180000      54040.4      19.9660    0.0250000      54040.4      19.6720    0.0210000      54040.4      19.4640    0.0610000
       54041.407      20.6340     0.100000      54041.4      20.1450    0.0280000      54041.4      19.9920    0.0250000      54041.4      19.7130    0.0230000      54041.4      19.6130    0.0690000
       54049.398      20.7810     0.199000      54049.4      20.1120    0.0420000      54049.4      20.0470    0.0380000      54049.4      19.6970    0.0300000      54049.4      19.4050    0.0800000
       54050.358      20.8560     0.216000      54050.4      20.0670    0.0380000      54050.4      19.9960    0.0360000      54050.4      19.7000    0.0330000      54050.4      19.7150     0.133000
       54053.377      20.6670     0.102000      54053.4      20.1690    0.0280000      54053.4      19.9990    0.0250000      54053.4      19.6850    0.0290000      54053.4      19.3310    0.0760000
       54056.364      20.5520    0.0810000      54056.4      20.1420    0.0320000      54056.4      20.0200    0.0250000      54056.4      19.6490    0.0290000      54056.4      19.4540    0.0750000
       54059.358      20.6370    0.0970000      54059.4      20.1700    0.0230000      54059.4      19.9950    0.0250000      54059.4      19.6610    0.0280000      54059.4      19.7000     0.102000
       54061.369      20.3970     0.120000      54061.4     -99.9900    0.0440000      54061.4      19.9740    0.0470000      54061.4      19.6470    0.0470000      54061.4      19.6840     0.142000
       54062.363      20.6450    0.0830000      54062.4      20.1950    0.0360000      54062.4      20.0390    0.0240000      54062.4      19.7240    0.0240000      54062.4      19.6130    0.0780000
       54064.359      20.5090    0.0860000      54064.4      20.1650    0.0260000      54064.4      20.0540    0.0250000      54064.4      19.7090    0.0270000      54064.4      19.5270    0.0770000
       54068.343      20.9100     0.139000      54068.3      20.1560    0.0310000      54068.3      19.9850    0.0310000      54068.3      19.6820    0.0310000      54068.3      19.4520     0.100000
       54357.401      21.0800    0.0970000      54357.4      20.4610    0.0260000      54357.4      20.3020    0.0240000      54357.4      19.9420    0.0260000      54357.4      19.7910    0.0570000
       54362.451      21.0250    0.0960000      54362.5      20.4440    0.0240000      54362.4      20.3000    0.0250000      54362.4      19.9750    0.0250000      54362.5      19.8320    0.0720000
       54376.446      21.0090     0.129000      54376.4      20.4590    0.0290000      54376.4      20.3210    0.0290000      54376.4      19.9650    0.0280000      54376.4      19.8180    0.0790000
       54382.431      21.0480     0.142000      54382.4     -99.9900    0.0390000      54382.4      20.2620    0.0330000      54382.4      19.8500    0.0350000      54382.4      19.9750     0.140000
       54385.449      21.0490     0.112000      54385.4      20.4960    0.0280000      54385.4      20.2810    0.0290000      54385.4      19.9140    0.0250000      54385.4      19.8800    0.0770000
       54387.449      21.1240     0.169000      54387.4      20.4540    0.0450000      54387.4      20.2660    0.0390000      54387.4      19.9090    0.0410000      54387.4      19.5910    0.0920000
       54402.443      22.2380      1.12600      54402.4      20.5490    0.0880000      54402.4      20.2900    0.0590000      54402.4      19.9310    0.0430000      54402.4      19.9290     0.122000
       52522.000       21.124000      0.11600000       52522.000       20.513000     0.029000000       52522.000       20.350000     0.030000000       52522.000       20.015000     0.028000000       52522.000       19.910000     0.083000000
       51078       20.998000     0.067000000       51078       20.556000     0.027000000       51078       20.334000     0.025000000       51078       19.974000     0.026000000       51078       19.839000     0.069000000
       51081       20.945000     0.091000000       51081       20.505000     0.029000000       51081       20.343000     0.037000000       51081       19.892000     0.033000000       51081       19.866000     0.094000000
       51115       21.030000      0.10000000       51115       20.528000     0.030000000       51115       20.390000     0.032000000       51115       19.912000     0.039000000       51115       19.858000      0.12000000
       51132       21.221000      0.11300000       51132       20.581000     0.032000000       51132       20.500000     0.051000000       51132       19.891000     0.044000000       51132       19.998000      0.17800000
       51136       21.050000     0.079000000       51136       20.584000     0.028000000       51136       20.383000     0.032000000       51136       20.023000     0.036000000       51136       19.900000      0.11700000
       51138       21.116000      0.10800000       51138       20.541000     0.028000000       51138       20.396000     0.037000000       51138       19.940000     0.040000000       51138       19.883000      0.14300000
       51875       20.916000     0.076000000       51875       20.414000     0.036000000       51875       20.226000     0.030000000       51875       19.906000     0.033000000       51875       19.838000     0.097000000
       52171       21.116000     0.090000000       52171       20.501000     0.027000000       52171       20.365000     0.030000000       52171       19.974000     0.027000000       52171       19.887000     0.081000000
       52173       21.030000     0.098000000       52173       20.623000     0.064000000       52173       20.334000     0.033000000       52173       19.920000     0.036000000       52173       19.747000      0.14100000
       52225       20.894000     0.074000000       52225       20.469000     0.029000000       52225       20.308000     0.031000000       52225       19.875000     0.024000000       52225       19.760000     0.070000000
       52288       20.922000     0.077000000       52288       20.473000     0.029000000       52288       20.322000     0.030000000       52288       19.889000     0.029000000       52288       19.644000     0.069000000
       52522       21.130000     0.082000000       52522       20.511000     0.027000000       52522       20.355000     0.029000000       52522       20.012000     0.029000000       52522       19.891000     0.080000000
       52551       20.981000     0.085000000       52551       20.474000     0.029000000       52551       20.287000     0.030000000       52551       19.904000     0.029000000       52551       19.653000     0.072000000
       52558       20.955000     0.078000000       52558       20.422000     0.030000000       52558       20.271000     0.028000000       52558       19.989000     0.029000000       52558       19.795000     0.081000000
       52578       20.988000     0.075000000       52578       20.523000     0.026000000       52578       20.343000     0.025000000       52578       19.947000     0.026000000       52578       19.785000     0.074000000
       52585       21.061000     0.090000000       52585       20.471000     0.028000000       52585       20.286000     0.035000000       52585       19.941000     0.034000000       52585       19.764000      0.10200000
       52909       20.816000     0.067000000       52909       20.319000     0.031000000       52909       20.161000     0.026000000       52909       19.907000     0.026000000       52909       19.698000     0.067000000
       52910       20.840000     0.091000000       52910       20.302000     0.033000000       52910       20.187000     0.032000000       52910       19.801000     0.034000000       52910       19.641000     0.075000000
       52935       20.656000     0.063000000       52935       20.286000     0.026000000       52935       20.131000     0.030000000       52935       19.767000     0.027000000       52935       19.637000     0.082000000
       52971       20.773000     0.085000000       52971       20.293000     0.035000000       52971       20.076000     0.032000000       52971       19.758000     0.027000000       52971       19.793000      0.10400000
       53351       20.962000     0.090000000       53351       20.458000     0.036000000       53351       20.244000     0.039000000       53351       19.822000     0.043000000       53351       19.831000      0.10600000
       54057       20.611000     0.061000000       54057       20.152000     0.024000000       54057       19.979000     0.022000000       54057       19.718000     0.024000000       54057       19.625000     0.067000000
       54424       21.056000      0.16300000       54424       20.533000     0.046000000       54424       20.360000     0.043000000       54424       20.020000     0.030000000       54424       19.806000     0.068000000
