       51081.412     -99.9900    0.0860000      51081.4      19.9320    0.0200000      51081.4      19.8530    0.0230000      51081.4      19.9100    0.0330000      51081.4      19.4220    0.0810000
       52171.459      20.7840    0.0710000      52171.5      19.9590    0.0160000      52171.5      19.9880    0.0220000      52171.5      19.8180    0.0240000      52171.5      19.5420    0.0640000
       52225.308      20.7560    0.0670000      52225.3      19.9530    0.0160000      52225.3      19.9340    0.0200000      52225.3      19.8130    0.0220000      52225.3      19.5330    0.0620000
       52288.142      20.5660    0.0650000      52288.1      19.8710    0.0160000      52288.1      19.8870    0.0200000      52288.1      19.8000    0.0240000      52288.1      19.4540    0.0610000
       52551.415      20.7960    0.0820000      52551.4      20.0050    0.0170000      52551.4      19.9540    0.0220000      52551.4      19.7880    0.0270000      52551.4      19.6940    0.0830000
       52558.448      20.7180    0.0680000      52558.4      20.0560    0.0170000      52558.4      19.9610    0.0200000      52558.4      19.8200    0.0250000      52558.4      19.7360    0.0830000
       52578.320      20.6900    0.0670000      52578.3      19.9940    0.0160000      52578.3      19.9810    0.0200000      52578.3      19.7760    0.0210000      52578.3      19.5540    0.0620000
       52585.283      20.7230    0.0750000      52585.3      19.9400    0.0160000      52585.3      19.9060    0.0220000      52585.3      19.7390    0.0290000      52585.3      19.7110     0.108000
       52909.449      20.5860    0.0640000      52909.4      19.8490    0.0150000      52909.4      19.8080    0.0180000      52909.4      19.7080    0.0210000      52909.4      19.4590    0.0600000
       52910.420      20.5030    0.0650000      52910.4     -99.9900    0.0170000      52910.4      19.8510    0.0200000      52910.4      19.6530    0.0240000      52910.4      19.4760    0.0610000
       52935.347      20.4290    0.0590000      52935.3      19.8440    0.0160000      52935.3      19.8110    0.0200000      52935.3      19.6480    0.0230000      52935.3      19.4090    0.0690000
       52963.270      20.4840    0.0550000      52963.3      19.8350    0.0150000      52963.3      19.8120    0.0170000      52963.3      19.6840    0.0210000      52963.3      19.4870    0.0640000
       53351.192      20.5080    0.0710000      53351.2      19.7750    0.0150000      53351.2      19.8370    0.0200000      53351.2      19.7090    0.0280000      53351.2      19.3630    0.0710000
       53622.449      20.4340    0.0540000      53622.4      19.8620    0.0150000      53622.4      19.8790    0.0180000      53622.4      19.6700    0.0200000      53622.4      19.4740    0.0530000
       53627.406      20.5470    0.0750000      53627.4      19.8170    0.0160000      53627.4      19.8380    0.0190000      53627.4      19.6260    0.0220000      53627.4      19.4510    0.0670000
       53634.399     -99.9900     0.166000      53634.4      19.8510    0.0440000      53634.4      19.8520    0.0380000      53634.4      19.5890    0.0320000      53634.4      19.4130    0.0850000
       53638.440      20.4090    0.0750000      53638.4      19.8480    0.0190000      53638.4      19.8080    0.0210000      53638.4      19.7160    0.0250000      53638.4      19.3240    0.0630000
       53640.404      20.4400    0.0770000      53640.4      19.7820    0.0190000      53640.4      19.6710    0.0200000      53640.4      19.6510    0.0260000      53640.4      19.2430    0.0640000
       53643.447      20.4670    0.0820000      53643.4      19.8240    0.0180000      53643.4      19.7520    0.0220000      53643.4      19.6610    0.0270000      53643.4      19.5120    0.0910000
       53646.466      20.4860    0.0740000      53646.5      19.8350    0.0160000      53646.5      19.8540    0.0220000      53646.5      19.6620    0.0240000      53646.5      19.4820    0.0700000
       53663.466      20.5930     0.229000      53663.5      19.8070    0.0470000      53663.5      19.7570    0.0370000      53663.5      19.6280    0.0360000      53663.5      19.3910    0.0820000
       53664.401      20.3490     0.118000      53664.4      19.8710    0.0330000      53664.4      19.7820    0.0280000      53664.4      19.6900    0.0290000      53664.4      19.4130    0.0740000
       53665.466      20.3470     0.126000      53665.5      19.8280    0.0310000      53665.5      19.7690    0.0270000      53665.5      19.6720    0.0310000      53665.5      19.5230     0.100000
       53668.455      20.3270     0.132000      53668.5      19.7110    0.0260000      53668.5      19.6610    0.0300000      53668.5      19.4560    0.0330000      53668.5      19.3420     0.119000
       53670.461      20.3340    0.0990000      53670.5      19.8420    0.0250000      53670.5      19.8150    0.0250000      53670.5      19.6640    0.0300000      53670.5      19.5500     0.104000
       53671.445      20.4740    0.0900000      53671.4      19.8400    0.0200000      53671.4      19.8400    0.0260000      53671.4      19.6590    0.0260000      53671.4      19.3640    0.0740000
       53674.345      20.5240    0.0810000      53674.3      19.7460    0.0170000      53674.3      19.7420    0.0220000      53674.3      19.6020    0.0280000      53674.3      19.3790    0.0840000
       53676.434      20.4800    0.0770000      53676.4     -99.9900    0.0190000      53676.4      19.7590    0.0220000      53676.4      19.6760    0.0240000      53676.4      19.3940    0.0660000
       53679.406      20.3660    0.0800000      53679.4      19.7710    0.0170000      53679.4      19.7500    0.0250000      53679.4      19.6350    0.0320000      53679.4      19.4390     0.101000
       53681.398      20.3240    0.0730000      53681.4      19.7980    0.0170000      53681.4      19.7500    0.0210000      53681.4      19.6110    0.0230000      53681.4      19.3770    0.0680000
       53684.359      20.3230     0.156000      53684.4      19.8140    0.0360000      53684.4      19.7640    0.0430000      53684.4      19.6210    0.0570000      53684.4      19.3830     0.190000
       53694.371      20.1540     0.136000      53694.4      19.7620    0.0380000      53694.4      19.7700    0.0340000      53694.4      19.5860    0.0330000      53694.4     -99.9900     0.148000
       53696.363      20.3260    0.0930000      53696.4      19.8110    0.0220000      53696.4      19.7610    0.0220000      53696.4      19.6030    0.0240000      53696.4      19.3500    0.0640000
       53697.355      20.3270    0.0870000      53697.4      19.8060    0.0220000      53697.4      19.7940    0.0230000      53697.4      19.6570    0.0250000      53697.4      19.4630    0.0700000
       53700.354      20.2570    0.0730000      53700.4      19.7400    0.0170000      53700.4      19.6980    0.0220000      53700.4      19.5340    0.0300000      53700.4      19.3850     0.101000
       53705.340      20.4570    0.0820000      53705.3      19.7820    0.0170000      53705.3      19.7920    0.0210000      53705.3      19.6800    0.0290000      53705.3      19.4230    0.0900000
       53994.448      20.4050    0.0560000      53994.4      19.7990    0.0230000      53994.4      19.7580    0.0240000      53994.4      19.6410    0.0230000      53994.4      19.3810    0.0570000
       53996.432      20.5050    0.0700000      53996.4      19.7940    0.0250000      53996.4      19.8330    0.0350000      53996.4      19.7690    0.0450000      53996.4      19.4390    0.0690000
       54005.445      20.4950    0.0580000      54005.4      19.8200    0.0260000      54005.4      19.8070    0.0240000      54005.4      19.6580    0.0200000      54005.4      19.5570    0.0590000
       54009.459      20.5360    0.0540000      54009.5      19.8060    0.0230000      54009.5      19.8090    0.0190000      54009.5      19.6470    0.0210000      54009.5      19.3910    0.0520000
       54010.386      20.5370    0.0490000      54010.4      19.8280    0.0180000      54010.4      19.8250    0.0180000      54010.4      19.6860    0.0280000      54010.4      19.4470    0.0460000
       54012.379      20.5880    0.0790000      54012.4      19.8330    0.0230000      54012.4      19.8070    0.0220000      54012.4      19.6940    0.0250000      54012.4      19.4850    0.0560000
       54020.417      20.6300     0.126000      54020.4      19.7850    0.0270000      54020.4      19.8000    0.0260000      54020.4      19.6350    0.0270000      54020.4      19.3930    0.0680000
       54024.467      20.4600    0.0830000      54024.5      19.8420    0.0240000      54024.5      19.7400    0.0250000      54024.5      19.6530    0.0270000      54024.5      19.4590    0.0760000
       54028.455      20.5830    0.0700000      54028.5      19.8170    0.0250000      54028.5      19.8190    0.0240000      54028.5      19.6770    0.0260000      54028.5      19.3140    0.0600000
       54030.410     -99.9900    0.0550000      54030.4      19.8420    0.0200000      54030.4      19.8080    0.0190000      54030.4      19.6560    0.0230000      54030.4      19.5300    0.0600000
       54035.454      20.5340    0.0870000      54035.5      19.8200    0.0210000      54035.5      19.7830    0.0240000      54035.5      19.6160    0.0300000      54035.5      19.5350    0.0970000
       54037.360      20.4450    0.0540000      54037.4      19.8410    0.0240000      54037.4      19.7890    0.0190000      54037.4      19.6690    0.0210000      54037.4      19.4700    0.0480000
       54040.374      20.4950    0.0570000      54040.4      19.8620    0.0170000      54040.4      19.7780    0.0190000      54040.4      19.6730    0.0220000      54040.4      19.5390    0.0620000
       54041.410      20.4820    0.0650000      54041.4      19.9110    0.0240000      54041.4      19.7860    0.0230000      54041.4      19.6720    0.0240000      54041.4      19.4210    0.0530000
       54047.405      20.0170     0.175000      54047.4      19.7960    0.0670000      54047.4      19.7810    0.0440000      54047.4      19.6270    0.0410000      54047.4      19.3930    0.0890000
       54049.401      20.6070     0.162000      54049.4      19.8730    0.0340000      54049.4      19.7770    0.0320000      54049.4      19.6100    0.0310000      54049.4      19.5170    0.0940000
       54053.380     -99.9900    0.0930000      54053.4     -99.9900    0.0290000      54053.4      19.7890    0.0210000      54053.4     -99.9900    0.0790000      54053.4     -99.9900    0.0880000
       54056.367      20.4210    0.0730000      54056.4      19.9040    0.0210000      54056.4      19.8270    0.0270000      54056.4      19.6610    0.0290000      54056.4      19.5620    0.0880000
       54059.361      20.6030    0.0850000      54059.4      19.7960    0.0320000      54059.4      19.8360    0.0250000      54059.4      19.7050    0.0290000      54059.4      19.4270    0.0860000
       54061.372      20.4280     0.111000      54061.4      19.8100    0.0300000      54061.4      19.7720    0.0440000      54061.4      19.5450    0.0390000      54061.4      19.4120     0.106000
       54062.366      20.5550    0.0650000      54062.4      19.8840    0.0230000      54062.4      19.8290    0.0190000      54062.4      19.7160    0.0280000      54062.4      19.4930    0.0690000
       54064.362      20.4630    0.0660000      54064.4      19.8800    0.0210000      54064.4      19.7990    0.0240000      54064.4      19.6730    0.0270000      54064.4      19.3910    0.0690000
       54357.404      20.4950    0.0550000      54357.4      19.8640    0.0280000      54357.4      19.8310    0.0190000      54357.4      19.7060    0.0240000      54357.4      19.4760    0.0490000
       54362.454      20.5380    0.0580000      54362.5      19.8610    0.0200000      54362.5      19.8600    0.0240000      54362.5      19.7340    0.0270000      54362.5      19.5710    0.0640000
       54376.449      20.4190    0.0740000      54376.4      19.8680    0.0210000      54376.4      19.8280    0.0200000      54376.4      19.7080    0.0250000      54376.4      19.5170    0.0600000
       54382.434      20.5920    0.0780000      54382.4      19.8450    0.0210000      54382.4      19.7750    0.0250000      54382.4      19.6870    0.0300000      54382.4      19.4320    0.0720000
       54385.452      20.4830    0.0630000      54385.5      19.8250    0.0250000      54385.4      19.8360    0.0220000      54385.4      19.6880    0.0240000      54385.5      19.4100    0.0580000
       54387.452      20.4380    0.0770000      54387.5      19.8120    0.0220000      54387.4      19.8330    0.0280000      54387.5      19.6660    0.0310000      54387.5      19.4530    0.0850000
       54390.445      20.4360     0.105000      54390.4      19.8100    0.0230000      54390.4      19.7930    0.0380000      54390.4      19.6090    0.0380000      54390.4      19.4510     0.123000
       54402.446      20.6860     0.275000      54402.4      19.8650    0.0470000      54402.4      19.9000    0.0430000      54402.4      19.6840    0.0410000      54402.4      19.6150     0.101000
       52522.000       20.830000     0.073000000       52522.000       20.065000     0.019000000       52522.000       20.016000     0.029000000       52522.000       19.841000     0.027000000       52522.000       19.594000     0.061000000
       51078       21.047000     0.083000000       51078       20.140000     0.027000000       51078       20.073000     0.024000000       51078       19.921000     0.028000000       51078       19.720000     0.073000000
       51081       20.884000     0.090000000       51081       20.176000     0.036000000       51081       20.060000     0.028000000       51081       19.930000     0.033000000       51081       19.706000     0.098000000
       51115       21.042000     0.093000000       51115       20.130000     0.025000000       51115       20.101000     0.032000000       51115       19.923000     0.038000000       51115       19.800000      0.12900000
       51132       20.878000     0.072000000       51132       20.192000     0.033000000       51132       20.065000     0.038000000       51132       19.925000     0.067000000       51132       20.484000      0.35300000
       51136       20.868000     0.069000000       51136       20.113000      0.10300000       51136       20.128000      0.13100000       51136       19.853000      0.16100000       51136       19.939000      0.15900000
       51138       20.762000       2.6600000       51138       25.114000       4.8350000       51138       24.801000       3.7430000       51138       24.362000       3.2390000       51138       20.648000      0.26100000
       51875       20.698000     0.062000000       51875       19.981000     0.021000000       51875       19.954000     0.031000000       51875       19.773000     0.031000000       51875       19.784000      0.10000000
       52171       20.847000     0.075000000       52171       19.999000     0.024000000       52171       20.021000     0.029000000       52171       19.900000     0.033000000       52171       19.600000     0.076000000
       52173       20.740000     0.070000000       52173       20.023000     0.038000000       52173       20.431000     0.069000000       52173       19.785000     0.051000000       52173       19.878000      0.12200000
       52225       20.833000     0.077000000       52225       20.021000     0.028000000       52225       20.006000     0.032000000       52225       19.871000     0.034000000       52225       19.593000     0.079000000
       52288       20.605000     0.058000000       52288       19.913000     0.028000000       52288       19.951000     0.027000000       52288       19.874000     0.029000000       52288       19.537000     0.064000000
       52522       20.901000     0.080000000       52522       20.110000     0.021000000       52522       20.046000     0.028000000       52522       19.874000     0.036000000       52522       19.644000     0.071000000
       52551       20.881000     0.077000000       52551       20.058000     0.021000000       52551       20.017000     0.027000000       52551       19.876000     0.035000000       52551       19.735000     0.088000000
       52558       20.742000     0.060000000       52558       20.105000     0.030000000       52558       19.994000     0.023000000       52558       19.863000     0.035000000       52558       19.709000     0.076000000
       52578       20.832000     0.070000000       52578       20.062000     0.019000000       52578       20.047000     0.022000000       52578       19.861000     0.026000000       52578       19.683000     0.073000000
       52585       20.830000     0.069000000       52585       20.037000     0.025000000       52585       19.989000     0.025000000       52585       19.815000     0.032000000       52585       19.809000      0.10900000
       52909       20.676000     0.062000000       52909       19.930000     0.021000000       52909       19.877000     0.026000000       52909       19.764000     0.037000000       52909       19.520000     0.061000000
       52910       20.590000     0.071000000       52910       19.904000     0.037000000       52910       19.932000     0.055000000       52910       19.816000     0.049000000       52910       19.602000     0.079000000
       52935       20.493000     0.059000000       52935       19.892000     0.023000000       52935       19.893000     0.029000000       52935       19.700000     0.034000000       52935       19.499000     0.077000000
       53351       20.573000      0.51800000       53351       19.824000      0.71900000       53351       19.776000       1.2720000       53351       19.584000       1.4310000       53351       19.959000      0.12400000
       54057       20.416000     0.047000000       54057       19.853000     0.019000000       54057       19.822000     0.018000000       54057       19.635000     0.023000000       54057       19.553000     0.062000000
       54424       20.622000      0.11600000       54424       19.932000     0.031000000       54424       19.941000     0.031000000       54424       19.758000     0.032000000       54424       19.450000     0.055000000
