       51075.432      16.6030   0.00600000      51075.4      16.2460   0.00300000      51075.4      16.1240   0.00400000      51075.4      15.7100   0.00400000      51075.4      15.8180   0.00600000
       51875.230      16.0520   0.00500000      51875.2      15.7640   0.00300000      51875.2      15.6900   0.00300000      51875.2      15.3600   0.00300000      51875.2      15.4630   0.00500000
       52171.463      16.5930   0.00700000      52171.5      16.1320   0.00400000      52171.5      16.0000   0.00400000      52171.5      15.5910   0.00400000      52171.5      15.7300   0.00600000
       52225.311      16.6340   0.00700000      52225.3      16.2570   0.00400000      52225.3      16.1210   0.00400000      52225.3      15.7300   0.00400000      52225.3      15.8840   0.00600000
       52288.146      16.5640   0.00700000      52288.1      16.1950   0.00300000      52288.1      16.0680   0.00400000      52288.1      15.6680   0.00400000      52288.1      15.7790   0.00600000
       52551.419      16.3120   0.00600000      52551.4      15.9580   0.00300000      52551.4      15.8630   0.00300000      52551.4      15.4870   0.00400000      52551.4      15.6150   0.00500000
       52558.452      16.2520   0.00600000      52558.5      15.9820   0.00400000      52558.4      15.8640   0.00400000      52558.4      15.5230   0.00500000      52558.5      15.6260   0.00600000
       52578.323      16.4370   0.00700000      52578.3      16.0860   0.00400000      52578.3      15.9580   0.00400000      52578.3      15.5690   0.00500000      52578.3      15.6850   0.00600000
       52585.286      16.4110   0.00600000      52585.3      16.0360   0.00400000      52585.3      15.9290   0.00400000      52585.3      15.5290   0.00400000      52585.3      15.6650   0.00600000
       52909.453      16.3610   0.00600000      52909.5      16.0500   0.00400000      52909.5      15.9660   0.00400000      52909.5      15.5610   0.00500000      52909.5      15.7030   0.00600000
       52910.423      16.4310   0.00600000      52910.4      16.0190   0.00300000      52910.4      15.9080   0.00300000      52910.4      15.5640   0.00300000      52910.4      15.7120   0.00600000
       52935.350      16.3410   0.00600000      52935.4      16.0290   0.00400000      52935.3      15.9500   0.00400000      52935.4      15.5740   0.00400000      52935.4      15.6780   0.00600000
       52963.274      16.4190   0.00600000      52963.3      16.0620   0.00400000      52963.3      15.9700   0.00400000      52963.3      15.5810   0.00400000      52963.3      15.7040   0.00600000
       53351.196      16.1310   0.00600000      53351.2      15.8970   0.00300000      53351.2      15.8160   0.00300000      53351.2      15.4750   0.00300000      53351.2      15.6140   0.00600000
       53622.453      16.4070   0.00700000      53622.5      16.1090   0.00400000      53622.5      16.0200   0.00500000      53622.5      15.5860   0.00500000      53622.5      15.7270   0.00600000
       53627.410      16.4090   0.00600000      53627.4      16.0840   0.00300000      53627.4      15.9890   0.00400000      53627.4      15.5640   0.00300000      53627.4      15.6900   0.00600000
       53634.402      16.3600   0.00800000      53634.4      16.0620   0.00400000      53634.4      15.9740   0.00400000      53634.4      15.5830   0.00400000      53634.4      15.6910   0.00600000
       53638.444      16.3580   0.00700000      53638.4      16.0420   0.00300000      53638.4      15.9660   0.00400000      53638.4      15.5630   0.00400000      53638.4      15.6710   0.00600000
       53640.408      16.3360   0.00700000      53640.4      16.0290   0.00300000      53640.4      15.9540   0.00400000      53640.4      15.5410   0.00400000      53640.4      15.6620   0.00600000
       53643.450      16.3300   0.00700000      53643.5      16.0080   0.00300000      53643.4      15.9050   0.00300000      53643.4      15.5370   0.00300000      53643.4      15.6420   0.00600000
       53646.469      16.3290   0.00700000      53646.5      16.0360   0.00400000      53646.5      15.9530   0.00400000      53646.5      15.5560   0.00500000      53646.5      15.6750   0.00600000
       53657.452      16.3290   0.00700000      53657.5      16.0160   0.00300000      53657.4      15.9190   0.00300000      53657.5      15.5080   0.00300000      53657.5      15.6160   0.00600000
       53663.470      16.4160    0.0100000      53663.5      16.1270   0.00400000      53663.5      15.9960   0.00400000      53663.5      15.5520   0.00400000      53663.5      15.6750   0.00600000
       53664.405      16.4770   0.00900000      53664.4      16.1260   0.00500000      53664.4      15.9980   0.00400000      53664.4      15.5850   0.00400000      53664.4      15.7060   0.00800000
       53665.470      16.4530   0.00900000      53665.5      16.1190   0.00400000      53665.5      16.0010   0.00400000      53665.5      15.5810   0.00400000      53665.5      15.6900   0.00700000
       53668.458      16.4390   0.00800000      53668.5      16.1040   0.00300000      53668.5      15.9740   0.00300000      53668.5      15.5690   0.00300000      53668.5      15.6610   0.00600000
       53669.364      16.4370   0.00700000      53669.4      16.0710   0.00300000      53669.4      15.9780   0.00300000      53669.4      15.5530   0.00300000      53669.4      15.6540   0.00600000
       53670.464      16.4310   0.00900000      53670.5      16.1160   0.00300000      53670.5      15.9880   0.00400000      53670.5      15.5730   0.00400000      53670.5      15.6610   0.00700000
       53671.449      16.4410   0.00800000      53671.4      16.1150   0.00400000      53671.4      15.9960   0.00400000      53671.4      15.5870   0.00400000      53671.4      15.7100   0.00600000
       53674.348      16.4240   0.00700000      53674.4      16.0780   0.00300000      53674.3      15.9690   0.00300000      53674.3      15.5570   0.00300000      53674.3      15.6360   0.00600000
       53676.438      16.4370   0.00800000      53676.4      16.0950   0.00300000      53676.4      15.9790   0.00400000      53676.4      15.5930   0.00400000      53676.4      15.7210   0.00600000
       53679.410      16.3760   0.00700000      53679.4      16.0820   0.00300000      53679.4      15.9600   0.00300000      53679.4      15.5480   0.00300000      53679.4      15.6390   0.00600000
       53681.401      16.4260   0.00700000      53681.4      16.1100   0.00400000      53681.4      16.0210   0.00400000      53681.4      15.5930   0.00400000      53681.4      15.7210   0.00600000
       53684.363      16.4690    0.0110000      53684.4      16.1230   0.00400000      53684.4      15.9980   0.00500000      53684.4      15.5930   0.00500000      53684.4      15.6920   0.00900000
       53687.304      16.4020   0.00900000      53687.3      16.0930   0.00400000      53687.3      15.9900   0.00400000      53687.3      15.5830   0.00400000      53687.3      15.7180   0.00600000
       53694.374      16.3710   0.00800000      53694.4      16.0680   0.00400000      53694.4      16.0040   0.00400000      53694.4      15.5780   0.00300000      53694.4      15.6970   0.00600000
       53696.367      16.3830   0.00700000      53696.4      16.0850   0.00400000      53696.4      15.9910   0.00400000      53696.4      15.5740   0.00500000      53696.4      15.7080   0.00600000
       53697.358      16.3650   0.00700000      53697.4      16.0670   0.00400000      53697.4      15.9750   0.00400000      53697.4      15.5700   0.00400000      53697.4      15.6820   0.00600000
       53700.357      16.3560   0.00700000      53700.4      16.0320   0.00300000      53700.4      15.9340   0.00300000      53700.4      15.5280   0.00300000      53700.4      15.6370   0.00600000
       53705.344      16.2990   0.00700000      53705.3      15.9940   0.00300000      53705.3      15.9150   0.00300000      53705.3      15.5140   0.00300000      53705.3      15.6260   0.00600000
       53975.429      16.6450    0.0210000      53975.4      16.2840    0.0200000      53975.4      16.1840    0.0130000      53975.4      15.6900    0.0110000      53975.4      15.8320    0.0160000
       53994.452      16.6910    0.0180000      53994.5      16.4010    0.0230000      53994.4      16.2700    0.0210000      53994.4      15.8020    0.0130000      53994.5      15.9440    0.0130000
       53996.436      16.6990    0.0160000      53996.4      16.2960    0.0160000      53996.4      16.2550    0.0150000      53996.4      15.8000    0.0250000      53996.4      15.9130    0.0220000
       54005.449      16.6720    0.0210000      54005.4      16.3490    0.0170000      54005.4      16.2360    0.0140000      54005.4      15.8080    0.0210000      54005.4      15.9540    0.0170000
       54009.463      16.6130    0.0130000      54009.5      16.3360    0.0170000      54009.5      16.2560    0.0130000      54009.5      15.7860    0.0170000      54009.5      15.9370    0.0170000
       54010.390      16.6220    0.0320000      54010.4      16.3110    0.0180000      54010.4      16.2470    0.0160000      54010.4      15.7760    0.0150000      54010.4      15.9460    0.0170000
       54012.383      16.5820    0.0250000      54012.4      16.3180    0.0170000      54012.4      16.2220    0.0150000      54012.4      15.8070   0.00800000      54012.4      15.9410    0.0160000
       54020.421      16.5100    0.0200000      54020.4      16.1890    0.0130000      54020.4      16.1390    0.0120000      54020.4      15.7490    0.0140000      54020.4      15.8190    0.0180000
       54024.470      16.4800    0.0110000      54024.5      16.1880    0.0170000      54024.5      16.1060    0.0130000      54024.5      15.7180    0.0110000      54024.5      15.8260    0.0150000
       54028.458      16.4340    0.0200000      54028.5      16.1800    0.0170000      54028.5      16.1720    0.0180000      54028.5      15.7150    0.0170000      54028.5      15.8460    0.0120000
       54030.414      16.3820    0.0230000      54030.4      16.1610    0.0190000      54030.4      16.1010    0.0160000      54030.4      15.7210    0.0170000      54030.4      15.8030    0.0240000
       54035.458      16.3480    0.0240000      54035.5      16.1130    0.0200000      54035.5      16.0040    0.0180000      54035.5      15.6270    0.0150000      54035.5      15.7750    0.0130000
       54037.363      16.3590    0.0300000      54037.4      16.1310    0.0210000      54037.4      16.0310    0.0110000      54037.4      15.6680    0.0140000      54037.4      15.8030    0.0160000
       54040.378      16.4270    0.0110000      54040.4      16.1780    0.0160000      54040.4      16.0550    0.0110000      54040.4      15.6490    0.0180000      54040.4      15.7720    0.0150000
       54041.413      16.4560    0.0110000      54041.4      16.2320    0.0200000      54041.4      16.0810    0.0100000      54041.4      15.6760    0.0140000      54041.4      15.7850    0.0150000
       54047.408      16.6120    0.0230000      54047.4      16.2570    0.0390000      54047.4      16.1180    0.0230000      54047.4      15.7020    0.0140000      54047.4      15.8030    0.0160000
       54049.404      16.6530    0.0180000      54049.4      16.2790    0.0150000      54049.4      16.1650    0.0130000      54049.4      15.7120    0.0120000      54049.4      15.8510    0.0120000
       54050.365      16.7260    0.0190000      54050.4      16.2860    0.0130000      54050.4      16.1500    0.0140000      54050.4      15.6950    0.0180000      54050.4      15.8180    0.0150000
       54053.384      16.7270    0.0170000      54053.4      16.3520    0.0120000      54053.4      16.2080    0.0110000      54053.4      15.7050    0.0170000      54053.4      15.8470    0.0160000
       54056.370      16.7900    0.0170000      54056.4      16.3930    0.0190000      54056.4      16.2650    0.0260000      54056.4      15.7390    0.0180000      54056.4      15.8920    0.0150000
       54059.365      16.7300    0.0160000      54059.4      16.3560    0.0170000      54059.4      16.2340    0.0130000      54059.4      15.7660    0.0120000      54059.4      15.8740    0.0180000
       54061.376      16.7320    0.0190000      54061.4     -99.9900    0.0190000      54061.4      16.1970    0.0180000      54061.4      15.7690    0.0150000      54061.4      15.8660    0.0170000
       54062.369      16.7590    0.0170000      54062.4      16.3830    0.0340000      54062.4      16.2810    0.0110000      54062.4      15.7790    0.0170000      54062.4      15.9220    0.0170000
       54064.366      16.7750    0.0180000      54064.4      16.4140    0.0170000      54064.4      16.2950    0.0140000      54064.4      15.8250    0.0140000      54064.4      15.8960    0.0150000
       54357.408      16.6370    0.0160000      54357.4      16.3570    0.0140000      54357.4      16.2460    0.0230000      54357.4      15.7730    0.0180000      54357.4      15.9110    0.0200000
       54362.458      16.6080    0.0110000      54362.5      16.3310    0.0240000      54362.5      16.2320    0.0140000      54362.5      15.7950    0.0250000      54362.5      15.9180    0.0160000
       54376.453      16.6490    0.0140000      54376.5      16.2990    0.0250000      54376.4      16.2220    0.0130000      54376.5      15.7700    0.0150000      54376.5      15.8750    0.0140000
       54382.438      16.6190    0.0190000      54382.4      16.3340    0.0140000      54382.4      16.1950    0.0110000      54382.4      15.6860    0.0200000      54382.4      15.8630    0.0220000
       54385.456      16.6170    0.0260000      54385.5      16.3460    0.0180000      54385.5      16.1880    0.0200000      54385.5      15.7580    0.0130000      54385.5      15.8490    0.0230000
       54387.456      16.5840   0.00900000      54387.5      16.2950    0.0150000      54387.5      16.1630    0.0180000      54387.5      15.7150    0.0170000      54387.5      15.8600    0.0190000
       54390.449     -99.9900    0.0230000      54390.4      16.2430    0.0150000      54390.4      16.1320    0.0140000      54390.4      15.6640    0.0100000      54390.4     -99.9900    0.0170000
       54391.457     -99.9900    0.0120000      54391.5      16.2680    0.0140000      54391.5      16.1400    0.0100000      54391.5      15.6730    0.0150000      54391.5      15.8080    0.0210000
       54402.449      16.7220    0.0210000      54402.4      16.4120    0.0250000      54402.4      16.2670    0.0170000      54402.4      15.7880    0.0210000      54402.4      15.8620    0.0250000
       52522.000       16.167000     0.027000000       52522.000       15.965000     0.021000000       52522.000       15.811000     0.014000000       52522.000       15.471000     0.018000000       52522.000       15.588000     0.022000000
       51075       16.594000     0.021000000       51075       16.325000     0.022000000       51075       16.168000     0.020000000       51075       15.737000     0.019000000       51075       15.889000     0.017000000
       51115       16.686000     0.020000000       51115       16.353000     0.023000000       51115       16.264000     0.010000000       51115       15.829000     0.013000000       51115       15.898000     0.022000000
       51132       16.734000     0.022000000       51132       16.462000     0.012000000       51132       16.294000     0.016000000       51132       15.891000     0.019000000       51132       15.996000     0.017000000
       51133       16.796000     0.040000000       51133       16.425000     0.020000000       51133       16.289000     0.032000000       51133       15.857000     0.025000000       51133       15.991000     0.039000000
       51134       16.748000     0.016000000       51134       16.457000     0.019000000       51134       16.325000     0.012000000       51134       15.896000     0.016000000       51134       16.010000     0.016000000
       51136       16.732000     0.013000000       51136       16.407000     0.012000000       51136       16.272000     0.012000000       51136       15.867000     0.016000000       51136       15.984000     0.016000000
       51875       16.052000     0.014000000       51875       15.860000     0.015000000       51875       15.746000     0.012000000       51875       15.388000     0.014000000       51875       15.511000     0.022000000
       52171       16.515000     0.028000000       52171       16.180000     0.017000000       52171       16.039000     0.019000000       52171       15.648000     0.014000000       52171       15.783000     0.018000000
       52173       16.491000     0.024000000       52173       16.196000     0.017000000       52173       16.083000     0.017000000       52173       15.735000     0.011000000       52173       15.787000     0.023000000
       52225       16.561000     0.025000000       52225       16.317000     0.018000000       52225       16.145000     0.019000000       52225       15.768000     0.020000000       52225       15.928000     0.018000000
       52288       16.448000     0.021000000       52288       16.256000     0.018000000       52288       16.128000     0.011000000       52288       15.730000     0.014000000       52288       15.863000     0.014000000
       52522       16.164000     0.027000000       52522       15.950000     0.021000000       52522       15.851000     0.015000000       52522       15.464000     0.018000000       52522       15.589000     0.024000000
       52551       16.308000     0.018000000       52551       16.003000     0.016000000       52551       15.898000     0.014000000       52551       15.518000     0.015000000       52551       15.654000     0.014000000
       52558       16.267000     0.035000000       52558       16.004000     0.032000000       52558       15.959000     0.022000000       52558       15.543000     0.016000000       52558       15.639000     0.016000000
       52578       16.412000     0.026000000       52578       16.145000     0.020000000       52578       16.004000     0.013000000       52578       15.607000     0.017000000       52578       15.725000     0.018000000
       52585       16.368000     0.027000000       52585       16.087000     0.018000000       52585       15.952000     0.012000000       52585       15.596000     0.016000000       52585       15.681000     0.019000000
       52909       16.368000     0.016000000       52909       16.135000     0.027000000       52909       16.006000     0.013000000       52909       15.592000     0.024000000       52909       15.737000     0.022000000
       52910       16.350000     0.034000000       52910       16.038000     0.029000000       52910       15.985000     0.029000000       52910       15.590000     0.025000000       52910       15.733000     0.023000000
       52935       16.292000     0.015000000       52935       16.115000     0.019000000       52935       15.999000     0.017000000       52935       15.632000     0.019000000       52935       15.724000     0.022000000
       53351       16.116000     0.031000000       53351       15.926000     0.023000000       53351       15.820000     0.023000000       53351       15.517000     0.026000000       53351       15.642000     0.021000000
       54424       16.703000     0.015000000       54424       16.410000     0.020000000       54424       16.316000     0.018000000       54424       15.825000     0.015000000       54424       15.984000     0.027000000
