       51075.430      20.1040    0.0410000      51075.4      19.8370    0.0170000      51075.4      19.5090    0.0160000      51075.4      19.3280    0.0200000      51075.4      19.2480    0.0710000
       51818.399      19.9580    0.0400000      51818.4      19.7540    0.0170000      51818.4      19.4050    0.0160000      51818.4      19.2010    0.0190000      51818.4      19.2310    0.0570000
       52171.388      19.8910    0.0380000      52171.4      19.7490    0.0180000      52171.4      19.4250    0.0170000      52171.4      19.2110    0.0200000      52171.4      19.1520    0.0490000
       52173.364      20.0490    0.0470000      52173.4      19.8040    0.0190000      52173.4      19.4490    0.0180000      52173.4      19.2500    0.0230000      52173.4      19.2150    0.0700000
       52224.344      20.0340    0.0390000      52224.3      19.7870    0.0160000      52224.3      19.4880    0.0140000      52224.3      19.3030    0.0170000      52224.3      19.1910    0.0480000
       52234.300      20.0840    0.0520000      52234.3      19.7610    0.0180000      52234.3      19.4620    0.0160000      52234.3      19.2380    0.0180000      52234.3      19.1520    0.0520000
       52261.264      20.0190    0.0410000      52261.3      19.7660    0.0170000      52261.3      19.4890    0.0140000      52261.3      19.2990    0.0170000      52261.3      19.1200    0.0430000
       52283.131      20.0360    0.0510000      52283.1      19.8630    0.0220000      52283.1      19.4980    0.0220000      52283.1      19.2330    0.0260000      52283.1      19.0240    0.0730000
       52287.144      20.0310    0.0390000      52287.1      19.8010    0.0160000      52287.1      19.4210    0.0160000      52287.1      19.2400    0.0180000      52287.1      19.1840    0.0530000
       52552.463      20.3060    0.0490000      52552.5      20.0840    0.0210000      52552.5      19.6780    0.0190000      52552.5      19.4470    0.0230000      52552.5      19.2870    0.0620000
       52557.437      20.2570    0.0520000      52557.4      20.0310    0.0190000      52557.4      19.6290    0.0180000      52557.4      19.4230    0.0210000      52557.4      19.3890    0.0790000
       52585.339      20.3510    0.0450000      52585.3      20.0670    0.0180000      52585.3      19.6510    0.0150000      52585.3      19.3990    0.0180000      52585.3      19.2910    0.0530000
       52908.412      19.8010    0.0350000      52908.4      19.6000    0.0150000      52908.4      19.3180    0.0140000      52908.4      19.1650    0.0160000      52908.4      19.1220    0.0530000
       52912.391      19.7940    0.0380000      52912.4      19.5640    0.0150000      52912.4      19.3180    0.0140000      52912.4      19.1360    0.0160000      52912.4      19.1000    0.0470000
       52934.344      19.7820    0.0350000      52934.3      19.5580    0.0140000      52934.3      19.3080    0.0140000      52934.3      19.1430    0.0170000      52934.3      19.0530    0.0490000
       52936.340      19.7490    0.0350000      52936.3      19.5580    0.0140000      52936.3      19.2980    0.0140000      52936.3      19.0950    0.0160000      52936.3      19.0250    0.0470000
       53270.404      19.9490    0.0320000      53270.4      19.6930    0.0190000      53270.4      19.3990    0.0160000      53270.4      19.1620    0.0170000      53270.4      19.1170    0.0370000
       53272.454      19.8780    0.0420000      53272.5      19.6860    0.0150000      53272.5      19.3700    0.0140000      53272.5      19.1440    0.0160000      53272.5      19.1470    0.0520000
       53286.422      19.9190    0.0480000      53286.4      19.6860    0.0190000      53286.4      19.3500    0.0180000      53286.4      19.1240    0.0200000      53286.4      19.1550    0.0510000
       53288.381      19.9690    0.0410000      53288.4      19.6400    0.0150000      53288.4      19.4130    0.0150000      53288.4      19.1670    0.0160000      53288.4      19.0230    0.0460000
       53294.429      19.9900    0.0430000      53294.4      19.6600    0.0170000      53294.4      19.3870    0.0260000      53294.4      19.2320    0.0240000      53294.4      19.1210    0.0500000
       53296.376      19.9320    0.0390000      53296.4      19.6250    0.0270000      53296.4      19.3570    0.0190000      53296.4      19.1340    0.0190000      53296.4      19.1370    0.0600000
       53298.425      19.8950    0.0410000      53298.4      19.6900    0.0180000      53298.4      19.3510    0.0210000      53298.4      19.1560    0.0220000      53298.4      19.1140    0.0610000
       53302.377      19.8580    0.0520000      53302.4      19.6090    0.0230000      53302.4      19.3710    0.0170000      53302.4      19.1490    0.0170000      53302.4      19.1040    0.0530000
       53312.332      19.8430    0.0500000      53312.3      19.6700    0.0270000      53312.3      19.3470    0.0200000      53312.3      19.2060    0.0200000      53312.3      18.9430    0.0480000
       53314.333      19.7640    0.0430000      53314.3      19.6900    0.0190000      53314.3      19.3690    0.0160000      53314.3      19.1380    0.0190000      53314.3      19.1160    0.0550000
       53319.321      19.8650    0.0440000      53319.3      19.6400    0.0190000      53319.3      19.3360    0.0180000      53319.3      19.1270    0.0200000      53319.3      19.0560    0.0620000
       53616.438      20.0620    0.0470000      53616.4      19.7750    0.0170000      53616.4      19.4080    0.0140000      53616.4      19.2780    0.0180000      53616.4      19.2110    0.0520000
       53626.414     -99.9900     0.132000      53626.4      19.7890    0.0210000      53626.4      19.4460    0.0230000      53626.4     -99.9900     0.204000      53626.4     -99.9900     0.107000
       53628.399      19.9670    0.0510000      53628.4      19.7790    0.0240000      53628.4      19.4240    0.0210000      53628.4      19.1540    0.0230000      53628.4      19.1500    0.0620000
       53639.446      20.0470    0.0530000      53639.4      19.7910    0.0220000      53639.4      19.4650    0.0190000      53639.4      19.2390    0.0220000      53639.4      19.1290    0.0470000
       53641.445      19.9400    0.0540000      53641.4      19.8220    0.0200000      53641.4      19.4340    0.0160000      53641.4      19.2070    0.0170000      53641.4      19.2380    0.0640000
       53657.404      20.0690    0.0710000      53657.4      19.7660    0.0290000      53657.4      19.4640    0.0260000      53657.4      19.2370    0.0290000      53657.4      19.1780    0.0830000
       53663.389      20.2320     0.140000      53663.4      19.8060    0.0400000      53663.4      19.4570    0.0240000      53663.4      19.2290    0.0210000      53663.4      19.2120    0.0650000
       53665.367      20.0280    0.0780000      53665.4      19.8110    0.0260000      53665.4      19.4290    0.0230000      53665.4      19.2650    0.0310000      53665.4      19.0870    0.0530000
       53666.459      19.9830    0.0820000      53666.5      19.7830    0.0270000      53666.5      19.4880    0.0190000      53666.5      19.2420    0.0190000      53666.5      19.1760    0.0540000
       53668.378      20.0630    0.0730000      53668.4      19.7810    0.0250000      53668.4      19.4380    0.0200000      53668.4      19.2280    0.0220000      53668.4      19.2810    0.0730000
       53669.466      20.0290    0.0840000      53669.5      19.8260    0.0280000      53669.5      19.4520    0.0220000      53669.5      19.2190    0.0240000      53669.5      19.1600    0.0660000
       53670.383      20.0580    0.0870000      53670.4      19.8490    0.0420000      53670.4      19.4180    0.0210000      53670.4      19.2570    0.0250000      53670.4      19.2410    0.0980000
       53673.351      20.0300    0.0450000      53673.4      19.7870    0.0150000      53673.3      19.4740    0.0140000      53673.4      19.2130    0.0160000      53673.4      19.1510    0.0420000
       53675.348      20.0610    0.0460000      53675.3      19.8080    0.0190000      53675.3      19.4920    0.0190000      53675.3      19.2270    0.0210000      53675.3      19.1680    0.0590000
       53680.356      20.0510    0.0470000      53680.4      19.7620    0.0170000      53680.4      19.4330    0.0150000      53680.4      19.2270    0.0170000      53680.4      19.0870    0.0500000
       53683.414      20.1440     0.145000      53683.4      19.8430    0.0340000      53683.4      19.3460    0.0480000      53683.4     -99.9900    0.0580000      53683.4      19.0630     0.156000
       53686.355      20.0710     0.100000      53686.4      19.7840    0.0370000      53686.4      19.4270    0.0250000      53686.4      19.2280    0.0240000      53686.4      19.2090    0.0660000
       53687.412      20.1660     0.190000      53687.4      19.8210    0.0730000      53687.4      19.4510    0.0420000      53687.4      19.1990    0.0330000      53687.4      19.2910    0.0950000
       53693.357      20.0860     0.144000      53693.4      19.7470    0.0420000      53693.4      19.3970    0.0260000      53693.4      19.2850    0.0280000      53693.4      19.1900    0.0760000
       53699.378      19.9980    0.0650000      53699.4      19.7980    0.0240000      53699.4      19.4470    0.0210000      53699.4      19.2030    0.0230000      53699.4      19.0850    0.0500000
       53704.341      20.0000    0.0510000      53704.3      19.7790    0.0210000      53704.3      19.4360    0.0180000      53704.3      19.2320    0.0230000      53704.3      19.1180    0.0630000
       53989.437      20.1190    0.0880000      53989.4      19.7670    0.0320000      53989.4      19.4550    0.0210000      53989.4      19.1660    0.0220000      53989.4      19.1570    0.0460000
       53997.460      20.0310    0.0430000      53997.5      19.7530    0.0160000      53997.5      19.4550    0.0150000      53997.5      19.2060    0.0210000      53997.5      19.1940    0.0370000
       54000.412      20.0740    0.0440000      54000.4      19.8020    0.0180000      54000.4      19.4070    0.0230000      54000.4      19.1940    0.0190000      54000.4      19.0920    0.0480000
       54007.462      20.0300    0.0430000      54007.5      19.7400    0.0210000      54007.5      19.4450    0.0200000      54007.5      19.2260    0.0190000      54007.5      19.1500    0.0490000
       54009.386      19.9690    0.0340000      54009.4      19.7360    0.0170000      54009.4      19.4740    0.0190000      54009.4      19.1930    0.0180000      54009.4      19.1290    0.0400000
       54011.451      20.0410    0.0350000      54011.5      19.7390    0.0210000      54011.4      19.4370    0.0140000      54011.4      19.2340    0.0190000      54011.5      19.1500    0.0340000
       54012.464      19.9730    0.0410000      54012.5      19.7210    0.0350000      54012.5      19.3730    0.0230000      54012.5      19.1040    0.0230000      54012.5      19.1210    0.0540000
       54019.446      19.9190    0.0820000      54019.4      19.7200    0.0320000      54019.4      19.4420    0.0210000      54019.4      19.1930    0.0220000      54019.4      19.2120    0.0700000
       54025.450      20.0220    0.0490000      54025.5      19.7180    0.0210000      54025.4      19.3990    0.0170000      54025.4      19.2290    0.0200000      54025.4      19.1160    0.0510000
       54346.443      20.0930    0.0850000      54346.4      19.8260    0.0290000      54346.4      19.5070    0.0210000      54346.4      19.3080    0.0220000      54346.4      19.1740    0.0460000
       54348.447      20.0710    0.0690000      54348.4      19.8110    0.0320000      54348.4      19.4480    0.0240000      54348.4      19.2940    0.0190000      54348.4      19.1560    0.0490000
       54358.403      20.1140    0.0480000      54358.4      19.8460    0.0220000      54358.4      19.5030    0.0250000      54358.4      19.2480    0.0210000      54358.4      19.2330    0.0610000
       54365.436      20.0660    0.0370000      54365.4      19.8120    0.0200000      54365.4      19.5110    0.0190000      54365.4      19.2720    0.0190000      54365.4      19.0770    0.0400000
       54381.456      20.0380    0.0430000      54381.5      19.8250    0.0260000      54381.5      19.4870    0.0170000      54381.5      19.2960    0.0240000      54381.5      19.2610    0.0510000
       54386.448      19.9490    0.0520000      54386.4      19.8010    0.0330000      54386.4      19.5040    0.0160000      54386.4      19.2610    0.0200000      54386.4      19.3160    0.0550000
       54388.452      20.0330    0.0460000      54388.5      19.8310    0.0190000      54388.4      19.4790    0.0180000      54388.5      19.2590    0.0190000      54388.5      19.1670    0.0460000
       54392.450      20.0290    0.0490000      54392.5     -99.9900    0.0300000      54392.4      19.5390    0.0330000      54392.4      19.3050    0.0270000      54392.4      19.2360    0.0650000
       54403.366      20.1790     0.122000      54403.4      19.8030    0.0320000      54403.4      19.4390    0.0280000      54403.4      19.3290    0.0320000      54403.4      19.3190    0.0730000
       54404.424      19.5160     0.104000      54404.4      19.8740    0.0440000      54404.4      19.5890    0.0660000      54404.4     -99.9900    0.0710000      54404.4      19.1060    0.0840000
       54406.360      20.1440    0.0440000      54406.4      19.8210    0.0220000      54406.4      19.5010    0.0210000      54406.4      19.2910    0.0190000      54406.4      19.1700    0.0380000
       54409.365      20.0500    0.0400000      54409.4      19.7810    0.0170000      54409.4      19.5090    0.0210000      54409.4      19.3180    0.0200000      54409.4     -99.9900    0.0420000
       54412.386      20.1380    0.0710000      54412.4      19.7990    0.0240000      54412.4      19.5230    0.0230000      54412.4      19.2840    0.0280000      54412.4      19.2630    0.0760000
       54057.000       19.858000     0.037000000       54057.000       19.679000     0.023000000       54057.000       19.353000     0.022000000       54057.000       19.193000     0.030000000       54057.000       19.098000     0.044000000
       51075       20.057000     0.037000000       51075       19.834000     0.026000000       51075       19.491000     0.020000000       51075       19.305000     0.024000000       51075       19.208000     0.071000000
       51133       20.086000     0.084000000       51133       19.882000     0.022000000       51133       19.542000     0.023000000       51133       19.367000     0.036000000       51133       19.241000     0.076000000
       51134       20.098000     0.037000000       51134       19.860000     0.023000000       51134       19.548000     0.022000000       51134       19.284000     0.018000000       51134       19.309000     0.057000000
       51818       19.862000     0.041000000       51818       19.745000     0.026000000       51818       19.389000     0.024000000       51818       19.191000     0.022000000       51818       19.197000     0.055000000
       51874       19.951000     0.047000000       51874       19.724000     0.020000000       51874       19.454000     0.034000000       51874       19.203000     0.028000000       51874       19.170000     0.058000000
       52170       19.955000     0.038000000       52170       19.730000     0.020000000       52170       19.448000     0.017000000       52170       19.210000     0.020000000       52170       19.106000     0.046000000
       52171       19.888000     0.034000000       52171       19.749000     0.019000000       52171       19.437000     0.018000000       52171       19.219000     0.020000000       52171       19.198000     0.047000000
       52173       19.972000     0.038000000       52173       19.789000     0.021000000       52173       19.439000     0.033000000       52173       19.247000     0.027000000       52173       19.222000     0.068000000
       52224       19.973000     0.036000000       52224       19.786000     0.024000000       52224       19.462000     0.017000000       52224       19.307000     0.020000000       52224       19.159000     0.047000000
       52234       20.048000     0.051000000       52234       19.745000     0.025000000       52234       19.455000     0.018000000       52234       19.232000     0.022000000       52234       19.160000     0.054000000
       52261       19.945000     0.040000000       52261       19.741000     0.025000000       52261       19.479000     0.024000000       52261       19.286000     0.024000000       52261       19.118000     0.044000000
       52283       19.999000     0.040000000       52283       19.907000     0.055000000       52283       19.537000     0.034000000       52283       19.246000     0.055000000       52283       19.008000     0.075000000
       52287       19.932000     0.039000000       52287       19.777000     0.019000000       52287       19.392000     0.025000000       52287       19.219000     0.021000000       52287       19.136000     0.053000000
       52552       20.266000     0.041000000       52552       20.068000     0.020000000       52552       19.662000     0.021000000       52552       19.439000     0.022000000       52552       19.248000     0.061000000
       52557       20.241000     0.048000000       52557       20.021000     0.025000000       52557       19.645000     0.019000000       52557       19.434000     0.034000000       52557       19.387000     0.077000000
       52585       20.291000     0.044000000       52585       20.053000     0.023000000       52585       19.636000     0.022000000       52585       19.384000     0.029000000       52585       19.307000     0.052000000
       52908       19.740000     0.039000000       52908       19.581000     0.021000000       52908       19.304000     0.018000000       52908       19.151000     0.033000000       52908       19.085000     0.052000000
       52912       19.747000     0.034000000       52912       19.549000     0.019000000       52912       19.315000     0.019000000       52912       19.119000     0.023000000       52912       19.114000     0.047000000
       52934       19.784000     0.043000000       52934       19.528000     0.021000000       52934       19.278000     0.016000000       52934       19.131000     0.021000000       52934       19.028000     0.050000000
       52936       19.716000     0.030000000       52936       19.553000     0.022000000       52936       19.300000     0.023000000       52936       19.104000     0.019000000       52936       19.031000     0.046000000
       53272       19.841000     0.038000000       53272       19.584000     0.032000000       53272       19.407000     0.020000000       53272       19.099000     0.022000000       53272       19.155000     0.055000000
       53286       19.833000     0.041000000       53286       19.690000     0.023000000       53286       19.341000     0.023000000       53286       19.129000     0.022000000       53286       19.143000     0.049000000
       53288       19.911000     0.035000000       53288       19.611000     0.022000000       53288       19.385000     0.023000000       53288       19.152000     0.026000000       53288       19.034000     0.045000000
       53294       19.914000     0.039000000       53294       19.642000     0.025000000       53294       19.392000     0.026000000       53294       19.047000     0.028000000       53294       19.061000     0.050000000
       53298       19.818000     0.035000000       53298       19.678000     0.031000000       53298       19.374000     0.024000000       53298       19.115000     0.021000000       53298       19.089000     0.059000000
       53312       19.788000     0.051000000       53312       19.664000     0.027000000       53312       19.334000     0.021000000       53312       19.170000     0.024000000       53312       18.919000     0.053000000
       53314       19.701000     0.042000000       53314       19.660000     0.021000000       53314       19.342000     0.022000000       53314       19.096000     0.021000000       53314       19.083000     0.055000000
       53319       19.830000     0.043000000       53319       19.628000     0.025000000       53319       19.358000     0.019000000       53319       19.132000     0.020000000       53319       19.085000     0.059000000
       54057       19.866000     0.035000000       54057       19.693000     0.028000000       54057       19.389000     0.018000000       54057       19.182000     0.029000000       54057       19.095000     0.045000000
