       52224.346      21.8910     0.193000      52224.3      21.6940    0.0550000      52224.3      21.6810    0.0760000      52224.3      21.3490    0.0920000      52224.3      21.6120     0.393000
       52261.266      21.7380     0.191000      52261.3      21.8560    0.0670000      52261.3      21.7110    0.0840000      52261.3      21.2680    0.0890000      52261.3      21.4110     0.353000
       52552.465      21.4260     0.124000      52552.5      21.5220    0.0480000      52552.5      21.4960    0.0720000      52552.5      21.3600     0.109000      52552.5      20.8450     0.234000
       52585.341      21.1850     0.102000      52585.3      21.1700    0.0360000      52585.3      21.1130    0.0530000      52585.3      21.2680     0.103000      52585.3      20.9920     0.287000
       52912.394      21.5140     0.178000      52912.4      21.6770    0.0660000      52912.4      21.6870    0.0980000      52912.4      21.7600     0.167000      52912.4      21.0590     0.330000
       53673.353      20.9780    0.0910000      53673.4      21.0060    0.0300000      53673.4      21.0360    0.0460000      53673.4      20.8220    0.0540000      53673.4      20.8640     0.197000
       53997.463      21.2610    0.0990000      53997.5      21.1410    0.0480000      53997.5      21.1510    0.0520000      53997.5      20.9860    0.0670000      53997.5      20.7650     0.159000
       54009.388      21.3320    0.0990000      54009.4      21.1890    0.0350000      54009.4      21.2470    0.0570000      54009.4      20.9430    0.0620000      54009.4      20.9720     0.202000
       54011.453      21.4720     0.114000      54011.5      21.3170    0.0460000      54011.5      21.2210    0.0600000      54011.5      21.0520    0.0700000      54011.5      20.7310     0.139000
       54365.439      21.4050     0.108000      54365.4      21.3550    0.0480000      54365.4      21.4140    0.0730000      54365.4      21.3150    0.0990000      54365.4      20.6910     0.162000
       54386.450      21.5220     0.231000      54386.5      21.3730    0.0500000      54386.4      21.5350     0.111000      54386.4      21.1780     0.139000      54386.5      21.0900     0.209000
       52234.000       21.619000      0.18200000       52234.000       21.477000     0.058000000       52234.000       21.342000     0.072000000       52234.000       21.210000     0.091000000       52234.000       20.489000      0.17400000
       51075       21.438000      0.11800000       51075       21.313000     0.048000000       51075       21.113000     0.063000000       51075       21.023000      0.10500000       51075       20.918000      0.30600000
       51133       21.322000      0.10500000       51133       21.240000     0.053000000       51133       21.447000      0.12400000       51133       21.386000      0.16600000       51133       20.429000      0.21300000
       51134       21.474000      0.10900000       51134       21.252000     0.047000000       51134       21.320000     0.083000000       51134       21.213000      0.11600000       51134       20.793000      0.21800000
       51138       21.031000     0.091000000       51138       21.164000     0.049000000       51138       21.033000     0.068000000       51138       20.954000      0.11000000       51138       20.267000      0.21500000
       51818       21.388000      0.10700000       51818       21.392000     0.048000000       51818       21.237000     0.057000000       51818       20.966000     0.071000000       51818       20.414000      0.16500000
       51866       21.969000      0.17400000       51866       21.442000     0.051000000       51866       21.149000     0.077000000       51866       21.170000      0.10300000       51866       20.611000      0.19800000
       51874       21.410000      0.12200000       51874       21.127000     0.051000000       51874       21.290000     0.064000000       51874       20.916000     0.076000000       51874       20.401000      0.19600000
       52170       21.560000      0.12500000       52170       21.316000     0.042000000       52170       21.275000     0.059000000       52170       21.031000     0.071000000       52170       20.920000      0.18400000
       52171       21.511000      0.12400000       52171       21.375000     0.052000000       52171       21.492000     0.071000000       52171       21.393000      0.11500000       52171       20.882000      0.23000000
       52173       21.346000      0.12600000       52173       21.439000     0.053000000       52173       21.369000     0.067000000       52173       21.028000     0.093000000       52173       21.075000      0.34800000
       52224       22.009000      0.18100000       52224       21.853000     0.082000000       52224       22.086000      0.15600000       52224       21.775000      0.16800000       52224       22.037000      0.47400000
       52234       21.607000      0.16600000       52234       21.497000     0.059000000       52234       21.348000     0.072000000       52234       21.230000     0.088000000       52234       20.504000      0.17500000
       52261       21.688000      0.14700000       52261       21.611000     0.061000000       52261       21.509000     0.065000000       52261       21.233000     0.081000000       52261       21.097000      0.25900000
       52283       21.313000      0.14000000       52283       21.630000     0.073000000       52283       21.503000      0.10500000       52283       22.810000      0.67400000       52283       21.566000      0.67900000
       52287       21.445000      0.10400000       52287       21.471000     0.049000000       52287       21.434000     0.070000000       52287       21.145000     0.078000000       52287       20.921000      0.19300000
       52552       21.395000      0.10100000       52552       21.475000     0.053000000       52552       21.376000     0.074000000       52552       21.335000      0.14900000       52552       20.775000      0.22000000
       52557       21.148000     0.092000000       52557       21.312000     0.042000000       52557       21.285000     0.070000000       52557       21.181000      0.10200000       52557       20.327000      0.16400000
       52585       21.348000     0.089000000       52585       21.314000     0.052000000       52585       21.214000     0.060000000       52585       21.382000      0.12900000       52585       21.253000      0.32000000
       52908       21.819000      0.15700000       52908       21.762000     0.076000000       52908       21.549000     0.096000000       52908       21.268000      0.10600000       52908       21.378000      0.37000000
       52912       21.685000      0.15000000       52912       21.833000     0.075000000       52912       21.760000      0.11400000       52912       21.898000      0.21200000       52912       21.542000      0.51400000
       52934       21.641000      0.13900000       52934       21.556000     0.055000000       52934       21.422000     0.072000000       52934       21.378000      0.10900000       52934       20.593000      0.21400000
       52936       21.794000      0.14900000       52936       21.897000     0.097000000       52936       22.053000      0.15700000       52936       21.678000      0.18000000       52936       20.602000      0.20600000
       53272       21.126000      0.10000000       53272       21.257000     0.048000000       53272       21.146000     0.061000000       53272       21.168000      0.10100000       53272       20.544000      0.19400000
       53286       21.453000      0.14300000       53286       21.169000     0.045000000       53286       21.136000     0.056000000       53286       20.909000     0.070000000       53286       20.922000      0.23800000
       53288       21.129000     0.086000000       53288       21.190000     0.036000000       53288       21.109000     0.049000000       53288       20.957000     0.068000000       53288       20.748000      0.20000000
       53294       21.236000      0.10900000       53294       21.115000     0.041000000       53294       21.169000     0.057000000       53294       20.850000     0.072000000       53294       20.463000      0.15500000
       53298       21.403000      0.12100000       53298       21.177000     0.039000000       53298       21.079000     0.065000000       53298       20.894000     0.087000000       53298       20.962000      0.31400000
       53312       21.601000      0.27300000       53312       21.109000     0.077000000       53312       20.986000     0.073000000       53312       20.846000     0.091000000       53312       20.731000      0.32000000
       53314       21.355000      0.14700000       53314       21.168000     0.055000000       53314       21.170000     0.069000000       53314       20.861000     0.076000000       53314       20.779000      0.24900000
       53319       21.288000      0.14700000       53319       21.202000     0.057000000       53319       21.192000     0.085000000       53319       20.736000     0.081000000       53319       20.557000      0.23600000
       53353       21.124000     0.091000000       53353       21.141000     0.040000000       53353       21.017000     0.053000000       53353       20.748000     0.057000000       53353       20.648000      0.19000000
