       51075.431      21.2720     0.109000      51075.4      21.0250    0.0440000      51075.4      20.9220    0.0480000      51075.4      20.7740    0.0730000      51075.4      21.1650     0.411000
       51081.414      21.2090     0.126000      51081.4      20.9760    0.0490000      51081.4      20.9980    0.0560000      51081.4      20.6050    0.0650000      51081.4      20.3930     0.185000
       51818.400      20.9960    0.0850000      51818.4      20.7050    0.0340000      51818.4      20.6020    0.0340000      51818.4      20.4300    0.0470000      51818.4      20.2940     0.148000
       52171.388      20.5950    0.0610000      52171.4      20.3930    0.0250000      52171.4      20.3830    0.0310000      52171.4      20.2920    0.0390000      52171.4      20.3010     0.127000
       52173.365      20.6320    0.0740000      52173.4      20.4690    0.0290000      52173.4      20.3940    0.0350000      52173.4      20.1440    0.0440000      52173.4      20.3120     0.189000
       52224.345      20.7990    0.0680000      52224.3      20.5310    0.0260000      52224.3      20.4750    0.0290000      52224.3      20.2130    0.0360000      52224.3      20.1300     0.115000
       52234.301      20.8250    0.0860000      52234.3      20.4730    0.0300000      52234.3      20.4730    0.0340000      52234.3      20.3050    0.0450000      52234.3      20.4730     0.166000
       52261.265      20.7190    0.0680000      52261.3      20.5450    0.0280000      52261.3      20.5340    0.0310000      52261.3      20.2600    0.0350000      52261.3      20.1460     0.108000
       52283.132      20.5350    0.0810000      52283.1      20.3180    0.0330000      52283.1      20.4090    0.0460000      52283.1      20.2120    0.0570000      52283.1      19.9110     0.176000
       52287.145      20.6220    0.0640000      52287.1      20.4670    0.0280000      52287.1      20.4760    0.0320000      52287.1      20.2390    0.0370000      52287.1      20.2060     0.121000
       52552.464      20.7680    0.0690000      52552.5      20.4400    0.0260000      52552.5      20.4690    0.0300000      52552.5      20.2770    0.0400000      52552.5      20.1190     0.131000
       52557.438      20.7360    0.0750000      52557.4      20.4620    0.0280000      52557.4      20.4600    0.0320000      52557.4      20.2520    0.0450000      52557.4      20.1510     0.149000
       52585.339      20.7260    0.0590000      52585.3      20.4640    0.0240000      52585.3      20.4920    0.0280000      52585.3      20.3260    0.0370000      52585.3      20.3010     0.134000
       52908.413      21.2340     0.111000      52908.4      20.8950    0.0370000      52908.4      20.8130    0.0400000      52908.4      20.4030    0.0450000      52908.4      20.3960     0.161000
       52912.392      21.3190     0.124000      52912.4      20.7690    0.0350000      52912.4      20.7820    0.0410000      52912.4      20.4310    0.0450000      52912.4      20.2220     0.126000
       52934.345      21.0220    0.0950000      52934.3      20.7270    0.0330000      52934.3      20.6590    0.0400000      52934.3      20.3440    0.0470000      52934.3      20.4960     0.193000
       52936.341      20.8850    0.0780000      52936.3      20.7560    0.0320000      52936.3      20.7560    0.0390000      52936.3      20.3990    0.0440000      52936.3      20.5590     0.186000
       53270.405      20.8300    0.0600000      53270.4      20.6720    0.0260000      53270.4      20.6970    0.0280000      53270.4      20.4010    0.0330000      53270.4      20.4510     0.117000
       53272.455      20.8590    0.0860000      53272.5      20.6230    0.0320000      53272.5      20.6380    0.0360000      53272.5      20.3610    0.0440000      53272.5      20.4580     0.165000
       53286.423      20.9310     0.101000      53286.4      20.6160    0.0340000      53286.4      20.6080    0.0410000      53286.4      20.3660    0.0440000      53286.4      20.6030     0.180000
       53288.382      20.9560    0.0870000      53288.4      20.6210    0.0290000      53288.4      20.6770    0.0360000      53288.4      20.3400    0.0400000      53288.4      20.6420     0.183000
       53294.429      20.8310    0.0790000      53294.4      20.5840    0.0320000      53294.4     -99.9900    0.0580000      53294.4      20.4350    0.0450000      53294.4      20.2470     0.132000
       53296.376      20.8200    0.0950000      53296.4      20.6340    0.0380000      53296.4      20.5070    0.0390000      53296.4      20.3870    0.0510000      53296.4      20.6250     0.208000
       53298.426      20.8060    0.0820000      53298.4      20.5330    0.0300000      53298.4      20.5830    0.0420000      53298.4      20.2470    0.0490000      53298.4      20.6960     0.251000
       53302.377      20.8940     0.125000      53302.4      20.5600    0.0470000      53302.4      20.5470    0.0450000      53302.4      20.3690    0.0510000      53302.4      20.5280     0.194000
       53312.333      21.0330     0.139000      53312.3      20.4540    0.0450000      53312.3      20.6140    0.0450000      53312.3      20.2810    0.0480000      53312.3      20.3030     0.163000
       53314.334      20.6190    0.0820000      53314.3      20.5480    0.0350000      53314.3      20.5030    0.0410000      53314.3      20.3510    0.0500000      53314.3      20.4510     0.184000
       53319.322      20.6200    0.0850000      53319.3      20.4600    0.0370000      53319.3      20.5080    0.0440000      53319.3      20.2780    0.0530000      53319.3      20.1140     0.166000
       53616.439      21.0150     0.103000      53616.4      20.9170    0.0430000      53616.4      20.8280    0.0430000      53616.4      20.4970    0.0500000      53616.4      20.9810     0.265000
       53628.400      21.3440     0.157000      53628.4      20.9280    0.0540000      53628.4      20.9060    0.0640000      53628.4      20.6230    0.0720000      53628.4      20.4560     0.195000
       53639.447     -99.9900     0.131000      53639.4      20.8900    0.0500000      53639.4      20.8730    0.0490000      53639.4      20.4900    0.0500000      53639.4      20.3250     0.139000
       53641.446      21.3020     0.161000      53641.4      21.0070    0.0580000      53641.4      20.8200    0.0440000      53641.4      20.5240    0.0590000      53641.4      20.2990     0.141000
       53657.405      21.2270     0.202000      53657.4      20.8750    0.0750000      53657.4      20.9270    0.0880000      53657.4      20.5820    0.0850000      53657.4      20.7320     0.325000
       53663.389      20.9040     0.246000      53663.4      20.8940     0.110000      53663.4      20.8930    0.0760000      53663.4      20.5490    0.0710000      53663.4      20.6520     0.221000
       53666.459      21.5600     0.314000      53666.5      21.0990    0.0760000      53666.5      20.8210    0.0560000      53666.5      20.5890    0.0580000      53666.5      20.4800     0.165000
       53668.379      21.2810     0.217000      53668.4      20.9270    0.0710000      53668.4      20.8950    0.0620000      53668.4      20.5900    0.0740000      53668.4      20.3640     0.202000
       53669.467      21.1940     0.227000      53669.5      20.8950    0.0680000      53669.5      20.9330    0.0690000      53669.5      20.5790    0.0670000      53669.5      22.3750     0.840000
       53670.384      20.9260     0.196000      53670.4      20.9630    0.0930000      53670.4      20.9260    0.0780000      53670.4      20.3760    0.0880000      53670.4      20.4650     0.389000
       53673.352      21.1230    0.0950000      53673.4      20.9630    0.0370000      53673.4      20.8550    0.0390000      53673.4      20.6020    0.0450000      53673.4      20.6300     0.148000
       53675.349      21.3900     0.142000      53675.4      20.9180    0.0400000      53675.3      20.9060    0.0500000      53675.3      20.6440    0.0550000      53675.3      20.7190     0.229000
       53680.356      21.2140     0.117000      53680.4      21.0750    0.0450000      53680.4      20.8900    0.0440000      53680.4      20.6170    0.0540000      53680.4      20.6920     0.202000
       53683.415      20.9070     0.299000      53683.4      20.7530    0.0840000      53683.4      20.3880     0.177000      53683.4      20.3340     0.197000      53683.4      21.8020      1.14400
       53686.356      21.3530     0.343000      53686.4      20.7850     0.101000      53686.4      20.7680    0.0930000      53686.4      20.4750    0.0800000      53686.4      20.6130     0.255000
       53693.358      21.5420     0.542000      53693.4      20.8110     0.119000      53693.4      20.9250     0.106000      53693.4      20.4410    0.0800000      53693.4      20.6500     0.262000
       53704.342      20.8130     0.110000      53704.3      20.8090    0.0510000      53704.3      20.7410    0.0510000      53704.3      20.5510    0.0630000      53704.3      20.5190     0.255000
       53989.438      20.9320     0.177000      53989.4      20.7630    0.0710000      53989.4      20.9270    0.0750000      53989.4      20.5860    0.0610000      53989.4      20.7200     0.175000
       53997.461      20.9400    0.0640000      53997.5      20.9010    0.0320000      53997.5      20.9090    0.0330000      53997.5      20.5770    0.0360000      53997.5      20.4990     0.110000
       54000.413      21.0890     0.101000      54000.4      20.8150    0.0380000      54000.4      20.8630    0.0440000      54000.4      20.6290    0.0550000      54000.4      20.3430     0.147000
       54007.463      21.0060    0.0950000      54007.5      20.8660    0.0370000      54007.5      20.8780    0.0400000      54007.5      20.6210    0.0460000      54007.5      20.4080     0.148000
       54009.387      21.0470    0.0750000      54009.4      20.8880    0.0300000      54009.4      20.8320    0.0320000      54009.4      20.5610    0.0360000      54009.4      20.5660     0.124000
       54011.452      21.0230    0.0720000      54011.5      20.8980    0.0320000      54011.4      20.8510    0.0300000      54011.4      20.6060    0.0350000      54011.5      20.6590     0.118000
       54012.464      20.9930     0.105000      54012.5      20.9540    0.0430000      54012.5      20.8580    0.0460000      54012.5      20.5240    0.0570000      54012.5      20.5200     0.160000
       54025.451      21.0010     0.113000      54025.5      20.8930    0.0450000      54025.4      20.7970    0.0460000      54025.4      20.5970    0.0530000      54025.5      20.4510     0.164000
       54346.444      21.2500     0.198000      54346.4      20.9360    0.0680000      54346.4      20.8450    0.0650000      54346.4      20.4830    0.0590000      54346.4      20.6490     0.172000
       54348.448      21.1460     0.135000      54348.4      20.8820    0.0510000      54348.4      20.8170    0.0460000      54348.4      20.5010    0.0500000      54348.4      20.4470     0.155000
       54358.404      21.1490     0.161000      54358.4      20.8460    0.0380000      54358.4      20.8570    0.0480000      54358.4      20.5960    0.0580000      54358.4      20.4140     0.169000
       54365.437     -99.9900    0.0830000      54365.4      20.8960    0.0320000      54365.4      20.8700    0.0320000      54365.4      20.5820    0.0400000      54365.4      20.4260     0.130000
       54381.457      21.0390    0.0950000      54381.5      20.8710    0.0370000      54381.5      20.8860    0.0380000      54381.5      20.5480    0.0440000      54381.5      20.6490     0.161000
       54386.449      21.1260     0.112000      54386.4     -99.9900    0.0470000      54386.4      20.8970    0.0390000      54386.4      20.5720    0.0540000      54386.4     -99.9900     0.362000
       54388.453      20.9920    0.0970000      54388.5      20.9270    0.0350000      54388.5      20.9370    0.0400000      54388.5      20.5540    0.0420000      54388.5      20.5310     0.156000
       54406.361      21.1620     0.104000      54406.4      20.8700    0.0390000      54406.4      20.8760    0.0380000      54406.4      20.5570    0.0370000      54406.4      20.7770     0.154000
       54409.366     -99.9900    0.0910000      54409.4     -99.9900    0.0370000      54409.4      20.9200    0.0370000      54409.4      20.5840    0.0440000      54409.4     -99.9900     0.162000
       54412.387      20.9610     0.181000      54412.4      20.8420    0.0500000      54412.4      20.8480    0.0690000      54412.4      20.6380    0.0780000      54412.4      20.7840     0.331000
       52234.000       20.783000     0.085000000       52234.000       20.505000     0.036000000       52234.000       20.468000     0.038000000       52234.000       20.310000     0.048000000       52234.000       20.452000      0.16100000
       51075       21.275000     0.094000000       51075       21.058000     0.039000000       51075       20.938000     0.046000000       51075       20.785000     0.069000000       51075       21.075000      0.37600000
       51134       21.258000     0.083000000       51134       20.948000     0.036000000       51134       20.926000     0.044000000       51134       20.648000     0.054000000       51134       20.695000      0.19900000
       51138       21.162000     0.095000000       51138       20.942000     0.035000000       51138       20.865000     0.052000000       51138       20.505000     0.065000000       51138       20.691000      0.27700000
       51818       20.974000     0.084000000       51818       20.740000     0.036000000       51818       20.615000     0.034000000       51818       20.421000     0.044000000       51818       20.336000      0.16500000
       51866       20.747000     0.065000000       51866       20.590000     0.026000000       51866       20.542000     0.039000000       51866       20.477000     0.056000000       51866       20.396000      0.14300000
       51874       20.829000     0.064000000       51874       20.569000     0.032000000       51874       20.660000     0.049000000       51874       20.360000     0.047000000       51874       20.196000      0.14500000
       52170       20.624000     0.057000000       52170       20.399000     0.025000000       52170       20.456000     0.032000000       52170       20.363000     0.042000000       52170       20.344000      0.13500000
       52171       20.590000     0.054000000       52171       20.401000     0.032000000       52171       20.387000     0.031000000       52171       20.287000     0.037000000       52171       20.260000      0.12100000
       52173       20.620000     0.073000000       52173       20.458000     0.031000000       52173       20.392000     0.037000000       52173       20.132000     0.045000000       52173       20.290000      0.18300000
       52224       20.833000     0.064000000       52224       20.542000     0.031000000       52224       20.459000     0.030000000       52224       20.232000     0.034000000       52224       20.141000      0.11400000
       52234       20.779000     0.081000000       52234       20.486000     0.041000000       52234       20.483000     0.034000000       52234       20.324000     0.049000000       52234       20.436000      0.16000000
       52261       20.717000     0.060000000       52261       20.562000     0.032000000       52261       20.536000     0.030000000       52261       20.269000     0.036000000       52261       20.141000      0.10500000
       52283       20.497000     0.084000000       52283       20.348000     0.075000000       52283       20.471000     0.049000000       52283       20.263000     0.057000000       52283       19.998000      0.18300000
       52287       20.627000     0.056000000       52287       20.477000     0.027000000       52287       20.465000     0.035000000       52287       20.217000     0.035000000       52287       20.191000      0.11700000
       52552       20.741000     0.061000000       52552       20.464000     0.027000000       52552       20.482000     0.029000000       52552       20.291000     0.038000000       52552       20.155000      0.13200000
       52557       20.774000     0.068000000       52557       20.495000     0.036000000       52557       20.464000     0.035000000       52557       20.263000     0.045000000       52557       20.194000      0.14800000
       52585       20.749000     0.059000000       52585       20.514000     0.035000000       52585       20.509000     0.027000000       52585       20.353000     0.036000000       52585       20.236000      0.12700000
       52908       21.253000     0.096000000       52908       20.917000     0.036000000       52908       20.831000     0.041000000       52908       20.419000     0.042000000       52908       20.457000      0.16100000
       52912       21.352000      0.11500000       52912       20.794000     0.039000000       52912       20.789000     0.039000000       52912       20.454000     0.044000000       52912       20.235000      0.12200000
       52934       21.006000     0.084000000       52934       20.736000     0.031000000       52934       20.759000     0.041000000       52934       20.403000     0.044000000       52934       20.475000      0.17200000
       52936       20.934000     0.067000000       52936       20.848000     0.039000000       52936       20.842000     0.040000000       52936       20.461000     0.044000000       52936       20.619000      0.17800000
       53272       20.868000     0.077000000       53272       20.639000     0.029000000       53272       20.659000     0.035000000       53272       20.365000     0.043000000       53272       20.488000      0.16200000
       53286       20.904000     0.096000000       53286       20.628000     0.035000000       53286       20.614000     0.044000000       53286       20.338000     0.043000000       53286       20.516000      0.16600000
       53288       20.947000     0.077000000       53288       20.609000     0.030000000       53288       20.650000     0.035000000       53288       20.335000     0.041000000       53288       20.631000      0.17800000
       53294       20.781000     0.070000000       53294       20.597000     0.039000000       53294       20.616000     0.056000000       53294       20.418000     0.043000000       53294       20.268000      0.13400000
       53298       20.790000     0.071000000       53298       20.580000     0.031000000       53298       20.629000     0.042000000       53298       20.295000     0.048000000       53298       20.727000      0.28300000
       53312       20.978000      0.14600000       53312       20.435000     0.048000000       53312       20.589000     0.049000000       53312       20.278000     0.051000000       53312       20.267000      0.17100000
       53314       20.577000     0.076000000       53314       20.535000     0.033000000       53314       20.492000     0.042000000       53314       20.359000     0.048000000       53314       20.385000      0.17100000
       53319       20.632000     0.072000000       53319       20.517000     0.040000000       53319       20.574000     0.044000000       53319       20.355000     0.049000000       53319       20.233000      0.16700000
