       51081.259      20.5340    0.0880000      51081.3      20.4370    0.0320000      51081.3      20.3500    0.0400000      51081.3      20.0160    0.0400000      51081.3      19.8050     0.167000
       51467.355      20.2100    0.0900000      51467.4      20.3090    0.0320000      51467.4      20.1820    0.0430000      51467.4      19.7830    0.0430000      51467.4      19.8420     0.214000
       51819.331      20.1970    0.0560000      51819.3      20.1210    0.0200000      51819.3      20.1710    0.0250000      51819.3      19.7980    0.0260000      51819.3      19.9190     0.118000
       52558.296      20.6350    0.0790000      52558.3      20.4900    0.0240000      52558.3      20.4440    0.0330000      52558.3      19.9590    0.0290000      52558.3      20.0870     0.134000
       52577.183     -99.9900    0.0890000      52577.2      20.4880    0.0260000      52577.2      20.3290    0.0320000      52577.2      19.9740    0.0360000      52577.2      19.8630     0.137000
       52586.187      20.4830    0.0690000      52586.2      20.3920    0.0230000      52586.2      20.3660    0.0330000      52586.2      20.1300    0.0410000      52586.2      20.0460     0.160000
       52910.267      20.7100    0.0680000      52910.3      20.4080    0.0200000      52910.3      20.3110    0.0240000      52910.3      19.9700    0.0250000      52910.3      19.8490     0.104000
       52931.198      20.5560    0.0700000      52931.2      20.3920    0.0230000      52931.2      20.3250    0.0270000      52931.2      19.9170    0.0260000      52931.2      19.8760     0.105000
       52935.195      20.5690    0.0820000      52935.2      20.3700    0.0220000      52935.2      20.4210    0.0350000      52935.2      19.9390    0.0320000      52935.2      19.7430     0.116000
       52959.138      20.5940    0.0680000      52959.1      20.4240    0.0220000      52959.1      20.3220    0.0240000      52959.1      19.9190    0.0230000      52959.1      19.7960     0.118000
       52963.118      20.6790    0.0610000      52963.1      20.3770    0.0200000      52963.1      20.2820    0.0230000      52963.1      19.9320    0.0240000      52963.1      19.8770    0.0920000
       53313.188      20.4980    0.0860000      53313.2      20.3130    0.0250000      53313.2      20.1210    0.0300000      53313.2      19.7740    0.0320000      53313.2      19.8600     0.153000
       53352.089      20.6060    0.0690000      53352.1      20.3310    0.0190000      53352.1      20.1480    0.0240000      53352.1      19.8490    0.0280000      53352.1      19.7230     0.108000
       53622.297      20.5890     0.116000      53622.3      20.3930    0.0290000      53622.3      20.3430    0.0410000      53622.3      19.8950    0.0400000      53622.3      19.7910     0.185000
       53636.252      20.5070     0.132000      53636.3      20.3970    0.0470000      53636.2      20.1790    0.0410000      53636.2      19.9030    0.0360000      53636.3      19.5380     0.115000
       53638.288      20.5540    0.0740000      53638.3      20.3830    0.0250000      53638.3      20.2330    0.0260000      53638.3      19.8190    0.0250000      53638.3      19.8350    0.0960000
       53640.252     -99.9900      1.62600      53640.3      20.3900     0.106000      53640.2      20.2750    0.0740000      53640.2     -99.9900     0.617000      53640.3     -99.9900     0.169000
       53664.249      20.7140     0.191000      53664.2      20.2710    0.0460000      53664.2      20.1540    0.0430000      53664.2      19.8340    0.0400000      53664.2      19.5370     0.117000
       53666.213      20.5110    0.0700000      53666.2      20.3600    0.0250000      53666.2      20.1890    0.0260000      53666.2      19.8180    0.0250000      53666.2      19.7210    0.0900000
       53669.208     -99.9900    0.0800000      53669.2      20.3630    0.0200000      53669.2      20.2290    0.0270000      53669.2      19.8530    0.0280000      53669.2      19.6210    0.0900000
       53671.293      20.5690     0.110000      53671.3      20.3980    0.0260000      53671.3      20.2230    0.0300000      53671.3      19.8550    0.0280000      53671.3      19.6540     0.111000
       53674.192      20.8540     0.102000      53674.2      20.3430    0.0220000      53674.2      20.2390    0.0280000      53674.2      19.8160    0.0260000      53674.2      19.6730    0.0940000
       53676.282      20.5580    0.0960000      53676.3      20.3790    0.0280000      53676.3      20.1910    0.0290000      53676.3      19.8870    0.0300000      53676.3      19.7380     0.109000
       53679.254      20.6190    0.0990000      53679.3      20.3980    0.0260000      53679.3      20.2370    0.0350000      53679.3      19.8180    0.0330000      53679.3      19.8740     0.140000
       53681.245      20.5240    0.0740000      53681.2      20.3620    0.0230000      53681.2      20.2370    0.0260000      53681.2      19.7600    0.0230000      53681.2      19.9160     0.107000
       53687.243     -99.9900     0.191000      53687.2      20.3550    0.0730000      53687.2     -99.9900    0.0660000      53687.2      19.6940    0.0420000      53687.2      19.8930     0.131000
       53697.202      20.1350     0.201000      53697.2      20.1300    0.0520000      53697.2      19.9940    0.0820000      53697.2      19.6270    0.0820000      53697.2      19.9820     0.412000
       53700.201      20.5470    0.0830000      53700.2      20.3550    0.0240000      53700.2      20.2870    0.0320000      53700.2      19.8480    0.0290000      53700.2      19.6410     0.106000
       53705.188      20.5830    0.0820000      53705.2      20.4100    0.0240000      53705.2      20.1850    0.0270000      53705.2      19.7910    0.0250000      53705.2      19.8910     0.111000
       53975.273      20.6490    0.0800000      53975.3      20.5700    0.0290000      53975.3      20.3370    0.0290000      53975.3      19.9780    0.0290000      53975.3      19.8680     0.124000
       53993.341     -99.9900     0.151000      53993.3      20.4600    0.0310000      53993.3     -99.9900     0.259000      53993.3     -99.9900    0.0500000      53993.3      19.7710     0.116000
       53996.280      20.7870    0.0860000      53996.3      20.5560    0.0260000      53996.3      20.4340    0.0290000      53996.3      20.0190    0.0340000      53996.3      19.9010     0.114000
       53998.248      20.6910    0.0690000      53998.2      20.5060    0.0320000      53998.2      20.3710    0.0250000      53998.2      19.9680    0.0250000      53998.2      19.9210    0.0870000
       54005.279      20.5930    0.0650000      54005.3      20.5990    0.0230000      54005.3      20.3550    0.0260000      54005.3      19.9730    0.0260000      54005.3      19.7870    0.0890000
       54010.234      20.7230    0.0850000      54010.2      20.5780    0.0340000      54010.2      20.3650    0.0280000      54010.2      19.8900    0.0270000      54010.2      19.7990    0.0750000
       54012.227     -99.9900     0.172000      54012.2      20.6130    0.0650000      54012.2      20.2990    0.0450000      54012.2      20.0110    0.0380000      54012.2      19.7620    0.0900000
       54020.233      20.6750    0.0970000      54020.2      20.4890    0.0370000      54020.2      20.4320    0.0420000      54020.2      19.9220    0.0340000      54020.2      19.8280     0.120000
       54022.282      20.7750     0.118000      54022.3      20.5390    0.0330000      54022.3      20.3290    0.0430000      54022.3      19.9710    0.0390000      54022.3      19.7380     0.109000
       54028.223      20.8430    0.0940000      54028.2      20.5170    0.0260000      54028.2      20.3380    0.0370000      54028.2      19.8870    0.0290000      54028.2      19.7690     0.105000
       54030.226      20.7050    0.0700000      54030.2      20.5100    0.0240000      54030.2      20.3880    0.0260000      54030.2      19.9500    0.0260000      54030.2      19.8710    0.0840000
       54035.302     -99.9900     0.166000      54035.3      20.5310    0.0350000      54035.3      20.3510    0.0490000      54035.3      19.9050    0.0450000      54035.3      19.9800     0.192000
       54037.207      20.6910     0.100000      54037.2      20.5210    0.0330000      54037.2      20.4540    0.0370000      54037.2      19.9480    0.0410000      54037.2      19.8740     0.138000
       54040.222     -99.9900     0.163000      54040.2      20.4110    0.0570000      54040.2      20.4320    0.0610000      54040.2      19.8120    0.0400000      54040.2      19.6990     0.100000
       54049.248      20.9970     0.203000      54049.2      20.4860    0.0590000      54049.2      20.4210    0.0570000      54049.2      19.9060    0.0410000      54049.2      19.8180     0.136000
       54053.213      20.6010    0.0750000      54053.2      20.5900    0.0260000      54053.2      20.4030    0.0320000      54053.2      19.9830    0.0290000      54053.2      20.1400     0.139000
       54059.209      20.5430     0.132000      54059.2      20.5830    0.0360000      54059.2      20.3670    0.0460000      54059.2      19.8610    0.0400000      54059.2      19.9240     0.165000
       54062.214      20.8570     0.146000      54062.2      20.6000    0.0410000      54062.2      20.4210    0.0480000      54062.2      20.1500    0.0590000      54062.2      19.6960     0.146000
       54357.252      20.2240    0.0620000      54357.3     -99.9900    0.0280000      54357.2      20.0420    0.0220000      54357.2      19.8120    0.0290000      54357.3      19.6600    0.0860000
       54362.302     -99.9900    0.0600000      54362.3      20.0650    0.0280000      54362.3      20.0690    0.0270000      54362.3      19.7090    0.0270000      54362.3      19.6550    0.0930000
       54376.310     -99.9900     0.306000      54376.3     -99.9900     0.354000      54376.3     -99.9900    0.0970000      54376.3      19.7360    0.0320000      54376.3     -99.9900      1.66000
       54385.300     -99.9900    0.0560000      54385.3     -99.9900    0.0290000      54385.3      20.0490    0.0250000      54385.3      19.7150    0.0230000      54385.3      19.8540    0.0910000
       54387.300      20.2350    0.0680000      54387.3      20.0680    0.0230000      54387.3      19.9920    0.0270000      54387.3      19.7630    0.0280000      54387.3      19.6190    0.0960000
       54392.295      20.1430    0.0580000      54392.3      20.0320    0.0250000      54392.3      20.0530    0.0270000      54392.3     -99.9900    0.0300000      54392.3      19.5580    0.0850000
       54402.293      20.4010     0.173000      54402.3      20.0550    0.0470000      54402.3      20.0020    0.0420000      54402.3      19.6880    0.0410000      54402.3      19.6360     0.102000
       52522.000       20.863000      0.15300000       52522.000       20.582000     0.036000000       52522.000       20.442000     0.046000000       52522.000       20.006000     0.042000000       52522.000       19.775000      0.13200000
       51081       20.535000     0.085000000       51081       20.417000     0.039000000       51081       20.329000     0.043000000       51081       20.054000     0.046000000       51081       19.802000      0.14900000
       51467       20.322000     0.079000000       51467       20.418000     0.034000000       51467       20.388000     0.052000000       51467       19.955000     0.046000000       51467       19.991000      0.20000000
       51819       20.240000     0.049000000       51819       20.150000     0.024000000       51819       20.210000     0.030000000       51819       19.823000     0.030000000       51819       20.031000      0.11300000
       52522       20.891000      0.12900000       52522       20.591000     0.036000000       52522       20.442000     0.044000000       52522       20.065000     0.044000000       52522       19.806000      0.12700000
       52552       20.521000     0.061000000       52552       20.510000     0.028000000       52552       20.374000     0.033000000       52552       19.958000     0.034000000       52552       19.746000     0.094000000
       52558       20.624000     0.070000000       52558       20.480000     0.027000000       52558       20.423000     0.037000000       52558       19.965000     0.035000000       52558       20.029000      0.11900000
       52577       20.698000     0.079000000       52577       20.499000     0.037000000       52577       20.394000     0.040000000       52577       20.060000     0.039000000       52577       20.081000      0.16000000
       52586       20.504000     0.062000000       52586       20.435000     0.027000000       52586       20.415000     0.040000000       52586       20.144000     0.043000000       52586       20.054000      0.15500000
       52910       20.703000     0.056000000       52910       20.452000     0.030000000       52910       20.360000     0.030000000       52910       19.989000     0.033000000       52910       19.953000      0.10100000
       52931       20.542000     0.065000000       52931       20.410000     0.031000000       52931       20.363000     0.032000000       52931       19.942000     0.030000000       52931       19.898000     0.094000000
       52935       20.545000     0.069000000       52935       20.393000     0.032000000       52935       20.482000     0.042000000       52935       20.003000     0.037000000       52935       19.755000      0.10900000
       52959       20.633000     0.061000000       52959       20.475000     0.034000000       52959       20.319000     0.028000000       52959       19.916000       1.0850000       52959       19.859000      0.10900000
       53313       20.541000     0.074000000       53313       20.328000     0.032000000       53313       20.141000     0.035000000       53313       19.791000     0.031000000       53313       19.878000      0.17800000
       53350       20.643000     0.078000000       53350       20.327000     0.035000000       53350       20.205000     0.041000000       53350       19.792000     0.038000000       53350       19.670000      0.13600000
       53352       20.619000     0.061000000       53352       20.383000     0.025000000       53352       20.204000     0.029000000       53352       19.963000     0.035000000       53352       19.714000     0.098000000
