       51075.431      21.4980     0.134000      51075.4      20.7570    0.0290000      51075.4      20.2800    0.0270000      51075.4      20.0330    0.0340000      51075.4      19.8470     0.139000
       51818.401      21.2530     0.114000      51818.4      20.7930    0.0310000      51818.4      20.3520    0.0270000      51818.4      20.1010    0.0320000      51818.4      20.3230     0.178000
       52171.389      21.2480     0.106000      52171.4      21.0430    0.0340000      52171.4      20.5370    0.0300000      52171.4      20.2510    0.0330000      52171.4      20.0230     0.122000
       52173.365      21.3740     0.153000      52173.4      21.0930    0.0400000      52173.4      20.5310    0.0360000      52173.4      20.2520    0.0440000      52173.4      20.2460     0.207000
       52224.345      21.2780     0.109000      52224.3      21.0420    0.0320000      52224.3      20.5710    0.0290000      52224.3      20.3630    0.0340000      52224.3      20.2370     0.142000
       52234.302      21.4530     0.157000      52234.3     -99.9900    0.0400000      52234.3      20.5300    0.0360000      52234.3      20.3450    0.0430000      52234.3      20.0500     0.136000
       52261.265      21.7150     0.167000      52261.3      21.1030    0.0370000      52261.3      20.6740    0.0340000      52261.3      20.3510    0.0350000      52261.3      20.4160     0.166000
       52283.132      21.4220     0.227000      52283.1     -99.9900    0.0560000      52283.1      20.5280    0.0520000      52283.1      20.1720    0.0550000      52283.1      19.9380     0.197000
       52287.145      21.5870     0.159000      52287.1      21.1300    0.0370000      52287.1      20.5620    0.0340000      52287.1      20.2660    0.0360000      52287.1      20.0720     0.130000
       52552.464      21.5900     0.150000      52552.5      21.2530    0.0390000      52552.5      20.6060    0.0320000      52552.5      20.4060    0.0420000      52552.5      20.3230     0.172000
       52557.438      21.6790     0.183000      52557.4      21.0520    0.0360000      52557.4      20.5250    0.0380000      52557.4      20.2580    0.0450000      52557.4      20.1990     0.184000
       52585.340      21.3290     0.101000      52585.3      21.1840    0.0320000      52585.3      20.6630    0.0310000      52585.3      20.3900    0.0350000      52585.3      20.1900     0.127000
       52908.413      21.0640     0.104000      52908.4      20.7310    0.0270000      52908.4      20.3380    0.0270000      52908.4      20.1550    0.0340000      52908.4      19.8600     0.115000
       52912.393      20.9910     0.100000      52912.4      20.9620    0.0310000      52912.4      20.3630    0.0270000      52912.4      20.1310    0.0310000      52912.4      20.2880     0.157000
       52934.345      21.1470     0.111000      52934.3      20.7790    0.0290000      52934.3      20.3790    0.0300000      52934.3      20.0800    0.0330000      52934.3      20.3200     0.181000
       52936.341      21.1530     0.104000      52936.3      20.8270    0.0300000      52936.3      20.3430    0.0270000      52936.3      20.1040    0.0310000      52936.3      20.0980     0.134000
       53270.405      21.3760    0.0990000      53270.4      20.9240    0.0300000      53270.4      20.4800    0.0240000      53270.4      20.2530    0.0270000      53270.4      20.1260     0.107000
       53272.455      21.4120     0.162000      53272.5      20.9620    0.0340000      53272.5      20.4020    0.0310000      53272.5      20.2290    0.0370000      53272.5      19.9590     0.135000
       53286.424      21.3000     0.147000      53286.4      20.8670    0.0350000      53286.4      20.4350    0.0360000      53286.4      20.1890    0.0340000      53286.4      20.0070     0.124000
       53288.382      21.2990     0.124000      53288.4      20.8400    0.0280000      53288.4      20.4370    0.0300000      53288.4      20.2090    0.0340000      53288.4      19.8840     0.109000
       53294.430      21.5090     0.161000      53294.4      20.9210    0.0330000      53294.4      20.5080    0.0400000      53294.4      20.2000    0.0340000      53294.4      20.2960     0.162000
       53296.377      21.4410     0.192000      53296.4      20.9000    0.0330000      53296.4      20.4410    0.0390000      53296.4      20.1960    0.0420000      53296.4      20.1440     0.142000
       53298.427      21.3970     0.146000      53298.4      20.7970    0.0300000      53298.4      20.4440    0.0370000      53298.4      20.1910    0.0430000      53298.4      20.1340     0.204000
       53302.378      21.6510     0.257000      53302.4      20.8840    0.0550000      53302.4      20.4620    0.0400000      53302.4      20.2000    0.0410000      53302.4      20.0040     0.130000
       53312.333      21.5780     0.243000      53312.3      20.8880    0.0650000      53312.3      20.5340    0.0410000      53312.3      20.1770    0.0410000      53312.3      20.1630     0.163000
       53314.335      21.1980     0.145000      53314.3      20.9100    0.0420000      53314.3      20.4780    0.0390000      53314.3      20.1790    0.0400000      53314.3      20.0860     0.156000
       53319.322      21.0270     0.133000      53319.3      20.9080    0.0440000      53319.3      20.4820    0.0400000      53319.3      20.2450    0.0440000      53319.3      19.9510     0.174000
       53616.439      21.7510     0.203000      53616.4      21.4260    0.0500000      53616.4      20.8680    0.0400000      53616.4      20.6210    0.0460000      53616.4      20.5280     0.200000
       53628.400      21.9360     0.315000      53628.4      21.5610    0.0810000      53628.4      20.9160    0.0620000      53628.4      20.6000    0.0640000      53628.4      20.1030     0.165000
       53639.447      22.3390     0.377000      53639.4      21.4930    0.0650000      53639.4      20.9350    0.0460000      53639.4      20.5590    0.0430000      53639.4      20.4550     0.172000
       53641.446      22.0350     0.342000      53641.4      21.4890    0.0650000      53641.4      20.8550    0.0460000      53641.4      20.6110    0.0550000      53641.4      20.4960     0.229000
       53657.405      21.5010     0.309000      53657.4      21.4500     0.112000      53657.4      20.7950    0.0800000      53657.4      20.6590    0.0980000      53657.4      20.3130     0.299000
       53666.460      22.9300      1.15600      53666.5      21.5100     0.105000      53666.5      20.8980    0.0640000      53666.5      20.5370    0.0560000      53666.5      20.4640     0.206000
       53668.379      22.2260     0.501000      53668.4      21.4630    0.0970000      53668.4      21.0160    0.0730000      53668.4      20.5460    0.0690000      53668.4      21.2130     0.523000
       53669.467      21.9210     0.506000      53669.5      21.5040     0.108000      53669.5      20.9800    0.0800000      53669.5      20.5610    0.0680000      53669.5      20.5120     0.309000
       53670.384      21.2680     0.383000      53670.4      21.6760     0.144000      53670.4      20.8400    0.0770000      53670.4      20.6580     0.108000      53670.4      19.9840     0.303000
       53673.352      22.2850     0.256000      53673.4      21.6340    0.0480000      53673.4      20.9530    0.0420000      53673.4      20.6200    0.0410000      53673.4      20.3120     0.130000
       53675.349      22.1430     0.311000      53675.4      21.4280    0.0510000      53675.3      20.8960    0.0520000      53675.3      20.6270    0.0580000      53675.4      20.0330     0.157000
       53680.357      22.3000     0.327000      53680.4      21.6270    0.0560000      53680.4      21.0100    0.0510000      53680.4      20.6460    0.0510000      53680.4      20.5820     0.194000
       53686.356      21.8930     0.568000      53686.4      21.5800     0.167000      53686.4      21.1290     0.116000      53686.4      20.5140    0.0730000      53686.4      20.2990     0.212000
       53693.359      21.6890     0.740000      53693.4      21.5400     0.259000      53693.4      20.8800     0.128000      53693.4      20.3150    0.0860000      53693.4      20.3560     0.284000
       53699.379      22.5170     0.561000      53699.4      21.5800    0.0760000      53699.4      20.9050    0.0530000      53699.4      20.6330    0.0530000      53699.4      20.6360     0.223000
       53704.342      21.7590     0.280000      53704.3      21.6490    0.0820000      53704.3      20.8680    0.0510000      53704.3      20.5860    0.0580000      53704.3      21.1670     0.538000
       53989.438      21.9710     0.431000      53989.4      21.3560     0.110000      53989.4      20.8110    0.0620000      53989.4      20.5690    0.0530000      53989.4      20.5360     0.153000
       53997.462      21.7620     0.139000      53997.5      21.3530    0.0340000      53997.5      20.7970    0.0280000      53997.5      20.5810    0.0320000      53997.5      20.3810     0.116000
       54000.413      22.1230     0.295000      54000.4      21.3290    0.0480000      54000.4      20.8430    0.0430000      54000.4      20.6160    0.0520000      54000.4      20.3700     0.186000
       54007.464      22.3610     0.309000      54007.5      21.3450    0.0440000      54007.5      20.9680    0.0410000      54007.5      20.5420    0.0410000      54007.5      20.5910     0.187000
       54009.387      22.0550     0.181000      54009.4      21.4190    0.0350000      54009.4      20.8070    0.0300000      54009.4      20.5250    0.0320000      54009.4      20.6960     0.153000
       54011.452      21.7820     0.134000      54011.5      21.3220    0.0350000      54011.4      20.8290    0.0280000      54011.4      20.5920    0.0330000      54011.5      20.5890     0.128000
       54012.465     -99.9900     0.236000      54012.5      21.3360    0.0510000      54012.5      20.8470    0.0460000      54012.5      20.5500    0.0510000      54012.5      20.2650     0.180000
       54019.447      21.5140     0.338000      54019.4      21.3320    0.0970000      54019.4      20.9180    0.0840000      54019.4      20.4550    0.0630000      54019.4      20.1710     0.153000
       54025.451      21.5450     0.181000      54025.5     -99.9900    0.0450000      54025.4      20.7740    0.0460000      54025.4      20.5220    0.0450000      54025.5      20.3310     0.178000
       54346.445      21.0810     0.187000      54346.4      20.7790    0.0540000      54346.4      20.5110    0.0460000      54346.4      20.1600    0.0370000      54346.4      19.8680     0.102000
       54348.449      21.3710     0.175000      54348.4      20.9440    0.0460000      54348.4      20.4650    0.0350000      54348.4      20.1650    0.0350000      54348.4      20.1090     0.141000
       54358.404     -99.9900     0.139000      54358.4      20.8250    0.0320000      54358.4      20.4620    0.0350000      54358.4      20.2230    0.0400000      54358.4      19.9450     0.126000
       54365.438      21.3400     0.106000      54365.4      20.9370    0.0280000      54365.4      20.4410    0.0260000      54365.4      20.2080    0.0280000      54365.4      19.9350    0.0880000
       54381.457      21.1720     0.108000      54381.5      20.8610    0.0280000      54381.5      20.4120    0.0280000      54381.5      20.2090    0.0310000      54381.5      19.9790     0.104000
       54386.450      21.4700     0.246000      54386.5      20.8750    0.0320000      54386.4      20.4230    0.0280000      54386.4      20.1700    0.0380000      54386.4     -99.9900     0.323000
       54388.454      21.1470     0.113000      54388.5      20.8450    0.0300000      54388.5      20.4320    0.0290000      54388.5      20.1710    0.0320000      54388.5      20.3970     0.147000
       54392.451      21.2170     0.156000      54392.5      20.8560    0.0350000      54392.4      20.4350    0.0330000      54392.4      20.1610    0.0320000      54392.5      19.9850     0.123000
       54403.368      21.7320     0.378000      54403.4      20.6520    0.0640000      54403.4      20.3710    0.0520000      54403.4      20.2910    0.0620000      54403.4      20.3540     0.173000
       54406.361      21.2290     0.119000      54406.4      20.7930    0.0310000      54406.4      20.4230    0.0300000      54406.4      20.1470    0.0280000      54406.4      20.1380     0.102000
       54409.366      21.0530    0.0860000      54409.4      20.8300    0.0340000      54409.4      20.3890    0.0270000      54409.4      20.1380    0.0280000      54409.4      20.0200    0.0970000
       54412.387      21.2620     0.181000      54412.4      20.7830    0.0360000      54412.4      20.3570    0.0440000      54412.4      20.2200    0.0480000      54412.4      20.5310     0.266000
       52234.000       21.516000      0.15100000       52234.000       21.029000     0.041000000       52234.000       20.551000     0.039000000       52234.000       20.337000     0.049000000       52234.000       20.052000      0.13000000
       51075       21.497000      0.11300000       51075       20.751000     0.032000000       51075       20.249000     0.031000000       51075       20.025000     0.034000000       51075       19.824000      0.12500000
       51133       20.937000     0.067000000       51133       20.557000     0.040000000       51133       20.132000     0.040000000       51133       19.844000     0.049000000       51133       19.576000      0.10300000
       51134       20.989000     0.064000000       51134       20.569000     0.026000000       51134       20.139000     0.024000000       51134       19.832000     0.028000000       51134       19.702000     0.088000000
       51138       20.686000     0.065000000       51138       20.517000     0.026000000       51138       20.125000     0.028000000       51138       19.834000     0.032000000       51138       19.819000      0.12400000
       51818       21.227000     0.088000000       51818       20.793000     0.031000000       51818       20.363000     0.030000000       51818       20.131000     0.033000000       51818       20.304000      0.14700000
       51866       21.441000      0.12700000       51866       20.831000     0.035000000       51866       20.407000     0.035000000       51866       20.259000     0.043000000       51866       19.666000     0.085000000
       51874       21.422000      0.11000000       51874       20.847000     0.036000000       51874       20.315000     0.036000000       51874       20.050000     0.033000000       51874       20.354000      0.18300000
       52170       21.192000     0.094000000       52170       21.075000     0.036000000       52170       20.560000     0.037000000       52170       20.252000     0.040000000       52170       20.357000      0.14300000
       52171       21.246000     0.086000000       52171       21.068000     0.035000000       52171       20.539000     0.031000000       52171       20.236000     0.035000000       52171       20.011000      0.10400000
       52173       21.454000      0.13200000       52173       21.115000     0.042000000       52173       20.563000     0.037000000       52173       20.302000     0.044000000       52173       20.184000      0.17100000
       52224       21.290000     0.089000000       52224       21.055000     0.037000000       52224       20.576000     0.031000000       52224       20.357000     0.033000000       52224       20.234000      0.12200000
       52234       21.499000      0.13400000       52234       21.022000     0.039000000       52234       20.550000     0.041000000       52234       20.348000     0.044000000       52234       20.065000      0.12000000
       52261       21.784000      0.14500000       52261       21.122000     0.042000000       52261       20.687000     0.032000000       52261       20.369000     0.040000000       52261       20.404000      0.14100000
       52283       21.620000      0.17100000       52283       21.230000     0.063000000       52283       20.658000     0.073000000       52283       20.240000     0.059000000       52283       19.983000      0.17600000
       52287       21.537000      0.11800000       52287       21.167000     0.036000000       52287       20.583000     0.034000000       52287       20.306000     0.036000000       52287       20.073000      0.11100000
       52552       21.552000      0.11700000       52552       21.283000     0.042000000       52552       20.643000     0.032000000       52552       20.429000     0.038000000       52552       20.315000      0.14800000
       52557       21.732000      0.14700000       52557       21.107000     0.040000000       52557       20.652000     0.039000000       52557       20.370000     0.046000000       52557       20.221000      0.15200000
       52585       21.386000     0.089000000       52585       21.181000     0.032000000       52585       20.672000     0.031000000       52585       20.370000     0.036000000       52585       20.211000      0.11400000
       52908       21.082000     0.085000000       52908       20.758000     0.027000000       52908       20.384000     0.030000000       52908       20.163000     0.037000000       52908       19.893000      0.10300000
       52912       20.975000     0.080000000       52912       21.023000     0.071000000       52912       20.343000     0.031000000       52912       20.114000     0.030000000       52912       20.262000      0.13300000
       52934       21.211000     0.094000000       52934       20.802000     0.031000000       52934       20.433000     0.031000000       52934       20.158000     0.034000000       52934       20.353000      0.15800000
       52936       21.179000     0.083000000       52936       20.890000     0.031000000       52936       20.382000     0.032000000       52936       20.146000     0.031000000       52936       20.202000      0.12500000
       53272       21.544000      0.13900000       53272       21.012000     0.037000000       53272       20.437000     0.034000000       53272       20.259000     0.036000000       53272       20.079000      0.12900000
       53286       21.271000      0.12200000       53286       20.899000     0.037000000       53286       20.463000     0.036000000       53286       20.210000     0.034000000       53286       20.058000      0.11100000
       53288       21.296000     0.099000000       53288       20.875000     0.035000000       53288       20.512000     0.033000000       53288       20.253000     0.033000000       53288       19.943000     0.096000000
       53294       21.452000      0.11700000       53294       20.932000     0.034000000       53294       20.502000     0.039000000       53294       20.208000     0.034000000       53294       20.260000      0.13800000
       53298       21.393000      0.11400000       53298       20.848000     0.035000000       53298       20.483000     0.038000000       53298       20.223000     0.041000000       53298       20.001000      0.13200000
       53312       21.561000      0.24800000       53312       20.982000     0.073000000       53312       20.520000     0.045000000       53312       20.185000     0.044000000       53312       20.146000      0.16400000
       53314       21.281000      0.13200000       53314       20.976000     0.044000000       53314       20.516000     0.046000000       53314       20.228000     0.039000000       53314       20.127000      0.14300000
       53319       21.038000      0.10700000       53319       20.942000     0.048000000       53319       20.512000     0.042000000       53319       20.275000     0.044000000       53319       20.042000      0.15400000
       53353       21.394000      0.11900000       53353       21.023000     0.041000000       53353       20.547000     0.036000000       53353       20.372000     0.043000000       53353       20.418000      0.15600000
