       51081.422      20.0880    0.0520000      51081.4      19.3990    0.0130000      51081.4      19.1510    0.0130000      51081.4      19.0330    0.0190000      51081.4      18.9450    0.0480000
       51875.237      20.5050    0.0600000      51875.2      19.7790    0.0160000      51875.2      19.5500    0.0160000      51875.2      19.4250    0.0210000      51875.2      19.3450    0.0620000
       52171.469      20.2120    0.0470000      52171.5      19.5910    0.0130000      52171.5      19.3760    0.0130000      52171.5      19.3100    0.0170000      52171.5      19.1950    0.0460000
       52225.318      20.2640    0.0490000      52225.3      19.5410    0.0130000      52225.3      19.3220    0.0130000      52225.3      19.2730    0.0170000      52225.3      19.1640    0.0430000
       52288.152      20.3710    0.0580000      52288.2      19.6420    0.0140000      52288.1      19.3430    0.0140000      52288.2      19.2920    0.0180000      52288.2      19.1440    0.0440000
       52551.425      20.1130    0.0460000      52551.4      19.4530    0.0140000      52551.4      19.2400    0.0130000      52551.4      19.1640    0.0180000      52551.4      19.0920    0.0530000
       52558.458      20.2000    0.0450000      52558.5      19.5060    0.0120000      52558.5      19.2330    0.0130000      52558.5      19.1970    0.0170000      52558.5      19.0430    0.0450000
       52578.330      20.2400    0.0440000      52578.3      19.4960    0.0120000      52578.3      19.2470    0.0120000      52578.3      19.1840    0.0150000      52578.3      19.0390    0.0380000
       52585.293      20.1150    0.0440000      52585.3      19.4950    0.0120000      52585.3      19.2470    0.0130000      52585.3      19.1710    0.0190000      52585.3      19.1920    0.0600000
       52909.459      20.2810    0.0480000      52909.5      19.4930    0.0120000      52909.5      19.2440    0.0120000      52909.5      19.1620    0.0160000      52909.5      19.0140    0.0380000
       52910.430     -99.9900    0.0670000      52910.4      19.4980    0.0130000      52910.4      19.2360    0.0130000      52910.4      19.1370    0.0170000      52910.4      19.0670    0.0420000
       52935.357      20.1990    0.0490000      52935.4      19.5300    0.0130000      52935.4      19.2370    0.0140000      52935.4      19.1840    0.0190000      52935.4      19.0860    0.0520000
       52963.280      20.1760    0.0440000      52963.3      19.4930    0.0120000      52963.3      19.2340    0.0120000      52963.3      19.1710    0.0170000      52963.3      19.0430    0.0400000
       53351.202      20.1280    0.0540000      53351.2      19.4520    0.0140000      53351.2      19.1570    0.0130000      53351.2      19.1220    0.0180000      53351.2      19.0350    0.0570000
       53622.459      20.0370    0.0390000      53622.5      19.4090    0.0120000      53622.5      19.2070    0.0120000      53622.5      19.1440    0.0150000      53622.5      18.8290    0.0290000
       53627.416      20.1460    0.0480000      53627.4      19.3930    0.0120000      53627.4      19.1760    0.0130000      53627.4      19.0990    0.0160000      53627.4      19.0070    0.0400000
       53634.409     -99.9900     0.135000      53634.4      19.3800    0.0350000      53634.4      19.1880    0.0200000      53634.4      19.1300    0.0220000      53634.4      19.0310    0.0590000
       53638.450      20.1800    0.0840000      53638.5      19.3920    0.0180000      53638.4      19.1890    0.0160000      53638.4      19.0690    0.0200000      53638.4      19.0010    0.0630000
       53640.414      20.0670    0.0560000      53640.4      19.3870    0.0140000      53640.4      19.1600    0.0130000      53640.4      19.0800    0.0170000      53640.4      19.0760    0.0470000
       53643.457      20.1010    0.0580000      53643.5      19.4310    0.0140000      53643.5      19.1720    0.0140000      53643.5      19.1130    0.0190000      53643.5      18.8790    0.0500000
       53646.476      20.0850    0.0570000      53646.5      19.3590    0.0140000      53646.5      19.1640    0.0150000      53646.5      19.0780    0.0190000      53646.5      19.0100    0.0620000
       53657.459      20.0720    0.0570000      53657.5      19.4330    0.0140000      53657.5      19.1760    0.0130000      53657.5      19.1130    0.0170000      53657.5      18.9570    0.0450000
       53663.476      19.8460     0.128000      53663.5      19.3280    0.0300000      53663.5      19.1340    0.0230000      53663.5      19.1020    0.0260000      53663.5      18.9480    0.0610000
       53664.411      19.8380     0.148000      53664.4      19.3820    0.0640000      53664.4      19.2190    0.0750000      53664.4      19.1350    0.0780000      53664.4      19.0180     0.137000
       53665.476      20.1190     0.119000      53665.5      19.4070    0.0220000      53665.5      19.1930    0.0190000      53665.5      19.1380    0.0240000      53665.5      19.0440    0.0610000
       53668.464      19.9280    0.0860000      53668.5      19.4270    0.0200000      53668.5      19.1810    0.0200000      53668.5      19.0810    0.0250000      53668.5      18.9910    0.0700000
       53669.370      20.0290    0.0610000      53669.4      19.3930    0.0150000      53669.4      19.1750    0.0160000      53669.4      19.1000    0.0190000      53669.4      19.0250    0.0520000
       53670.470      20.1210    0.0950000      53670.5      19.3910    0.0180000      53670.5      19.1830    0.0200000      53670.5      19.1810    0.0280000      53670.5      19.0670    0.0680000
       53671.455      20.0630    0.0570000      53671.5      19.4480    0.0140000      53671.5      19.1910    0.0140000      53671.5      19.1060    0.0170000      53671.5      19.0420    0.0440000
       53674.355      20.2380    0.0740000      53674.4      19.4220    0.0140000      53674.4      19.1510    0.0150000      53674.4      19.1090    0.0220000      53674.4      19.0750    0.0690000
       53676.444     -99.9900     0.100000      53676.4      19.4350    0.0140000      53676.4      19.2200    0.0150000      53676.4      19.1060    0.0190000      53676.4      18.9800    0.0480000
       53679.416      20.1350    0.0590000      53679.4      19.4620    0.0130000      53679.4      19.1860    0.0150000      53679.4      19.1240    0.0200000      53679.4      19.0220    0.0530000
       53681.408      20.0440    0.0640000      53681.4      19.4370    0.0140000      53681.4      19.1930    0.0150000      53681.4      19.0960    0.0180000      53681.4      19.0390    0.0490000
       53684.369      20.1590     0.110000      53684.4      19.4180    0.0170000      53684.4     -99.9900    0.0200000      53684.4      19.1380    0.0270000      53684.4      18.9040    0.0800000
       53687.310      20.1200     0.198000      53687.3      19.4450    0.0500000      53687.3      19.1790    0.0260000      53687.3      19.1120    0.0290000      53687.3      19.0850    0.0760000
       53694.381      19.9430     0.103000      53694.4      19.4170    0.0270000      53694.4      19.1790    0.0190000      53694.4      19.1260    0.0220000      53694.4      19.1870    0.0630000
       53696.373      20.0880    0.0730000      53696.4      19.4560    0.0170000      53696.4      19.2260    0.0160000      53696.4      19.1360    0.0190000      53696.4      19.0340    0.0440000
       53697.365      20.1520    0.0720000      53697.4      19.4410    0.0160000      53697.4      19.1890    0.0140000      53697.4      19.1070    0.0180000      53697.4      19.0450    0.0440000
       53700.364      20.0880    0.0540000      53700.4      19.4040    0.0130000      53700.4      19.1740    0.0140000      53700.4      19.0620    0.0190000      53700.4      18.9650    0.0490000
       53705.350      20.1090    0.0800000      53705.4      19.3690    0.0140000      53705.3      19.1470    0.0190000      53705.3      19.0720    0.0260000      53705.4      18.9240    0.0590000
       53975.435      20.2160    0.0650000      53975.4      19.4620    0.0440000      53975.4     -99.9900    0.0550000      53975.4      19.1400    0.0260000      53975.4      18.9930    0.0520000
       53994.458      20.1570    0.0470000      53994.5      19.5060    0.0170000      53994.5      19.2390    0.0240000      53994.5      19.1560    0.0230000      53994.5      19.0540    0.0390000
       53996.442      20.1530    0.0520000      53996.4      19.4670    0.0170000      53996.4      19.2200    0.0200000      53996.4      19.1210    0.0780000      53996.4      19.1840    0.0570000
       54005.455      20.3290    0.0480000      54005.5      19.4750    0.0160000      54005.5      19.2350    0.0180000      54005.5      19.1840    0.0180000      54005.5      19.0360    0.0400000
       54009.469      20.1990    0.0440000      54009.5      19.4970    0.0180000      54009.5      19.2080    0.0140000      54009.5      19.1670    0.0160000      54009.5      19.1000    0.0360000
       54010.396      20.2910    0.0430000      54010.4      19.5270    0.0170000      54010.4      19.2490    0.0170000      54010.4      19.1710    0.0180000      54010.4      19.0680    0.0330000
       54012.389      20.1260    0.0720000      54012.4      19.4800    0.0210000      54012.4      19.2270    0.0240000      54012.4      19.1640    0.0270000      54012.4      19.0550    0.0500000
       54020.427      20.1910    0.0960000      54020.4      19.5160    0.0270000      54020.4      19.2760    0.0210000      54020.4      19.1890    0.0250000      54020.4      18.8590    0.0570000
       54024.477      20.1270    0.0760000      54024.5      19.5440    0.0230000      54024.5      19.2590    0.0250000      54024.5      19.1210    0.0270000      54024.5      19.1420     0.115000
       54028.465      20.2630    0.0570000      54028.5     -99.9900    0.0250000      54028.5      19.2660    0.0200000      54028.5      19.1970    0.0250000      54028.5      19.0670    0.0510000
       54030.420      20.1970    0.0440000      54030.4      19.5160    0.0260000      54030.4      19.2380    0.0190000      54030.4      19.1840    0.0200000      54030.4      19.0310    0.0460000
       54035.464      20.2050    0.0640000      54035.5      19.5330    0.0190000      54035.5      19.2260    0.0160000      54035.5      19.2000    0.0220000      54035.5      19.0390    0.0530000
       54037.370      20.3050    0.0430000      54037.4      19.5020    0.0200000      54037.4      19.2580    0.0160000      54037.4      19.1900    0.0170000      54037.4      19.1030    0.0340000
       54040.384      20.3460    0.0500000      54040.4      19.5380    0.0210000      54040.4      19.2540    0.0150000      54040.4      19.1400    0.0230000      54040.4      19.0670    0.0430000
       54041.420      20.3700    0.0580000      54041.4      19.5350    0.0230000      54041.4      19.2450    0.0140000      54041.4      19.1630    0.0230000      54041.4      19.0440    0.0410000
       54047.415      20.2310     0.183000      54047.4      19.5730    0.0430000      54047.4      19.2690    0.0280000      54047.4      19.1850    0.0320000      54047.4      18.9940    0.0530000
       54049.411      20.1990     0.100000      54049.4      19.5300    0.0230000      54049.4      19.2700    0.0220000      54049.4      19.1980    0.0240000      54049.4      19.0860    0.0530000
       54050.371      20.4310     0.160000      54050.4      19.5330    0.0430000      54050.4      19.2660    0.0260000      54050.4      19.1850    0.0300000      54050.4      19.0120    0.0700000
       54053.390      20.3540    0.0750000      54053.4     -99.9900    0.0240000      54053.4     -99.9900    0.0220000      54053.4      19.2210    0.0260000      54053.4     -99.9900    0.0650000
       54056.377      20.2840    0.0540000      54056.4     -99.9900    0.0290000      54056.4      19.2820    0.0170000      54056.4      19.1930    0.0250000      54056.4      19.0990    0.0600000
       54059.371      20.2010    0.0680000      54059.4      19.5200    0.0210000      54059.4      19.2940    0.0210000      54059.4      19.2530    0.0290000      54059.4      19.0380    0.0540000
       54061.382      20.2530    0.0720000      54061.4      19.5330    0.0180000      54061.4      19.2640    0.0280000      54061.4      19.1930    0.0300000      54061.4      19.0390    0.0730000
       54062.376      20.2920    0.0520000      54062.4      19.5250    0.0150000      54062.4      19.2430    0.0150000      54062.4      19.1540    0.0210000      54062.4      19.1490     0.102000
       54064.372      20.2280    0.0600000      54064.4      19.5380    0.0220000      54064.4      19.2770    0.0170000      54064.4      19.2030    0.0230000      54064.4      19.2230     0.108000
       54068.356      20.2480    0.0820000      54068.4      19.5800    0.0620000      54068.4      19.2380    0.0290000      54068.4      19.2140    0.0350000      54068.4      19.0410    0.0710000
       54357.414      20.0030    0.0410000      54357.4      19.3370    0.0220000      54357.4      19.1270    0.0230000      54357.4      19.0640    0.0240000      54357.4      18.9490    0.0320000
       54362.464      20.0970    0.0400000      54362.5      19.3630    0.0170000      54362.5      19.1170    0.0170000      54362.5      19.0880    0.0200000      54362.5      19.0000    0.0340000
       54376.459      19.9360    0.0460000      54376.5      19.3730    0.0150000      54376.5      19.1290    0.0180000      54376.5      19.1020    0.0200000      54376.5      18.9630    0.0350000
       54382.444      20.0810    0.0520000      54382.4      19.3390    0.0180000      54382.4      19.1270    0.0240000      54382.4      19.0930    0.0270000      54382.4      19.1130    0.0510000
       54385.462      20.0750    0.0470000      54385.5      19.3490    0.0210000      54385.5      19.1550    0.0200000      54385.5      19.0700    0.0230000      54385.5      18.9810    0.0420000
       54387.462      20.0310    0.0560000      54387.5      19.3880    0.0190000      54387.5      19.1640    0.0210000      54387.5      19.0690    0.0200000      54387.5      18.9430    0.0390000
       54390.455      26.2220      99.9990      54390.5     -99.9900    0.0570000      54390.5     -99.9900    0.0440000      54390.5     -99.9900      99.9990      54390.5      99.1220      99.9990
       54391.463      20.1570    0.0900000      54391.5      19.3620    0.0190000      54391.5      19.0990    0.0210000      54391.5      19.0250    0.0300000      54391.5      18.8840     0.107000
       54402.456      19.9620     0.149000      54402.5      19.3780    0.0350000      54402.5      19.1180    0.0330000      54402.5      19.0310    0.0340000      54402.5      19.0130    0.0650000
       52522.000       20.201000     0.045000000       52522.000       19.523000     0.019000000       52522.000       19.273000     0.020000000       52522.000       19.209000     0.023000000       52522.000       19.157000     0.047000000
       51078       20.139000     0.035000000       51078       19.405000     0.021000000       51078       19.130000     0.013000000       51078       19.120000     0.019000000       51078       18.991000     0.037000000
       51081       20.134000     0.050000000       51081       19.438000     0.036000000       51081       19.158000     0.016000000       51081       19.032000     0.021000000       51081       18.956000     0.049000000
       51115       20.196000     0.041000000       51115       19.454000     0.016000000       51115       19.202000     0.020000000       51115       19.114000     0.021000000       51115       18.964000     0.065000000
       51132       20.250000     0.046000000       51132       19.484000     0.027000000       51132       19.255000     0.022000000       51132       19.151000     0.029000000       51132       19.104000     0.068000000
       51136       20.198000     0.042000000       51136       19.518000     0.016000000       51136       19.218000     0.020000000       51136       19.135000     0.021000000       51136       19.083000     0.060000000
       51875       20.513000     0.052000000       51875       19.812000     0.025000000       51875       19.547000     0.026000000       51875       19.409000     0.024000000       51875       19.341000     0.057000000
       52171       20.257000     0.041000000       52171       19.608000     0.023000000       52171       19.375000     0.022000000       52171       19.304000     0.021000000       52171       19.148000     0.043000000
       52173       20.349000     0.049000000       52173       19.641000     0.020000000       52173       19.365000     0.017000000       52173       19.282000     0.021000000       52173       19.104000     0.047000000
       52225       20.315000     0.044000000       52225       19.560000     0.018000000       52225       19.333000     0.019000000       52225       19.275000     0.020000000       52225       19.168000     0.043000000
       52288       20.417000     0.048000000       52288       19.660000     0.023000000       52288       19.356000     0.020000000       52288       19.297000     0.022000000       52288       19.139000     0.043000000
       52522       20.198000     0.042000000       52522       19.520000     0.017000000       52522       19.281000     0.021000000       52522       19.209000     0.022000000       52522       19.159000     0.046000000
       52551       20.195000     0.043000000       52551       19.481000     0.021000000       52551       19.238000     0.019000000       52551       19.148000     0.024000000       52551       19.069000     0.049000000
       52558       20.213000     0.039000000       52558       19.510000     0.019000000       52558       19.245000     0.018000000       52558       19.190000     0.019000000       52558       19.037000     0.045000000
       52585       20.181000     0.043000000       52585       19.515000     0.018000000       52585       19.256000     0.020000000       52585       19.176000     0.024000000       52585       19.180000     0.059000000
       52909       20.318000     0.043000000       52909       19.521000     0.019000000       52909       19.252000     0.016000000       52909       19.168000     0.019000000       52909       18.994000     0.038000000
       52910       20.449000     0.068000000       52910       19.552000     0.024000000       52910       19.267000     0.023000000       52910       19.143000     0.026000000       52910       19.077000     0.043000000
       52935       20.277000     0.045000000       52935       19.560000     0.019000000       52935       19.242000     0.021000000       52935       19.187000     0.022000000       52935       19.064000     0.049000000
       52963       20.242000     0.039000000       52963       19.527000     0.022000000       52963       19.243000     0.020000000       52963       19.162000     0.023000000       52963       19.038000     0.043000000
       53351       20.196000     0.088000000       53351       19.494000     0.049000000       53351       19.154000     0.021000000       53351       19.126000     0.027000000       53351       19.038000     0.058000000
       54424       20.030000     0.060000000       54424       19.354000     0.024000000       54424       19.101000     0.018000000       54424       19.061000     0.020000000       54424       18.978000     0.040000000
