       51081.269     -99.9900     0.592000      51081.3      22.3210     0.174000      51081.3      20.6120    0.0530000      51081.3      20.3830    0.0630000      51081.3      19.8090     0.130000
       51467.365      22.2560     0.529000      51467.4      22.4540     0.193000      51467.4      20.6850    0.0620000      51467.4      20.3160    0.0700000      51467.4      19.8100     0.164000
       51819.340      24.7100      1.42400      51819.3      22.4090     0.131000      51819.3      20.6370    0.0430000      51819.3      20.3510    0.0520000      51819.3      19.8140     0.109000
       52558.306      25.5740     0.842000      52558.3      22.5940     0.122000      52558.3      20.8820    0.0450000      52558.3      20.6070    0.0490000      52558.3      20.1670     0.106000
       52586.197     -99.9900     0.970000      52586.2      22.7480     0.175000      52586.2      20.9060    0.0630000      52586.2      20.5160    0.0780000      52586.2      20.1600     0.202000
       52910.277      23.2480     0.515000      52910.3      22.7550     0.125000      52910.3      20.8260    0.0360000      52910.3      20.6960    0.0550000      52910.3      20.5060     0.170000
       52931.207      25.2130      1.10600      52931.2      23.0010     0.197000      52931.2      20.8740    0.0450000      52931.2      20.4990    0.0500000      52931.2      20.3250     0.160000
       52935.204      22.5350     0.375000      52935.2      22.7990     0.163000      52935.2      20.8600    0.0500000      52935.2      20.5800    0.0610000      52935.2      20.2840     0.186000
       52959.148      23.8290     0.732000      52959.1      22.7840     0.131000      52959.1      20.8810    0.0420000      52959.1      20.6040    0.0520000      52959.1      20.2340     0.119000
       52963.127      23.5880     0.603000      52963.1      22.7410     0.129000      52963.1      20.8600    0.0410000      52963.1      20.5960    0.0510000      52963.1     -99.9900     0.187000
       53313.198      23.7900      1.61400      53313.2      22.6400     0.207000      53313.2      20.8610    0.0700000      53313.2      20.5510    0.0850000      53313.2     -99.9900     0.208000
       53352.099      24.6570      1.15700      53352.1      22.6870     0.137000      53352.1      20.8110    0.0470000      53352.1      20.6020    0.0680000      53352.1      20.0850     0.150000
       53622.307      23.6860      1.14800      53622.3      23.4250     0.338000      53622.3      20.9620    0.0560000      53622.3      20.5170    0.0690000      53622.3      20.5810     0.260000
       53634.256      22.8850      1.83600      53634.3      22.9950     0.786000      53634.3      21.0000     0.129000      53634.3      20.7070     0.127000      53634.3      20.2400     0.239000
       53636.262      23.4230      1.97300      53636.3      22.0420     0.261000      53636.3      20.6830    0.0820000      53636.3      20.4520    0.0860000      53636.3      20.2730     0.282000
       53638.298      25.1830      1.38000      53638.3      22.6880     0.188000      53638.3      20.8550    0.0500000      53638.3      20.6770    0.0610000      53638.3      20.1350     0.133000
       53640.262      23.7550      1.44300      53640.3     -99.9900     0.313000      53640.3      20.9920    0.0670000      53640.3      20.7220    0.0780000      53640.3      20.3340     0.193000
       53664.259      26.8610     0.862000      53664.3      22.2030     0.307000      53664.3      20.5520    0.0970000      53664.3      20.3880    0.0980000      53664.3      20.3860     0.298000
       53666.222     -99.9900      1.40800      53666.2      22.8590     0.218000      53666.2      20.9340    0.0540000      53666.2      20.7230    0.0680000      53666.2      20.1150     0.134000
       53669.218      23.2490     0.570000      53669.2      22.7790     0.134000      53669.2      20.8270    0.0440000      53669.2      20.6080    0.0580000      53669.2      20.3130     0.159000
       53674.202      23.0740     0.736000      53674.2      22.6580     0.178000      53674.2      20.8570    0.0500000      53674.2      20.5850    0.0620000      53674.2      20.1690     0.160000
       53676.292      22.8080     0.691000      53676.3      23.0280     0.225000      53676.3      20.8800    0.0650000      53676.3      20.6000    0.0640000      53676.3      20.1520     0.133000
       53679.264      26.4240     0.719000      53679.3      22.8950     0.228000      53679.3      20.8970    0.0690000      53679.3      20.7080    0.0950000      53679.3      20.0170     0.178000
       53681.255      24.1770      1.18800      53681.3      22.9010     0.170000      53681.3      20.8740    0.0490000      53681.3      20.6760    0.0610000      53681.3      20.5420     0.172000
       53697.212      22.9740      1.21300      53697.2      22.4380     0.255000      53697.2      21.1500     0.151000      53697.2      20.5210     0.112000      53697.2      20.7750     0.376000
       53700.211      25.1100      1.54900      53700.2      23.3230     0.314000      53700.2      20.8490    0.0570000      53700.2      20.5440    0.0740000      53700.2      20.2830     0.203000
       53705.198      25.3320      1.24900      53705.2      22.8880     0.184000      53705.2      20.8210    0.0500000      53705.2      20.5770    0.0550000      53705.2      20.1010     0.110000
       53975.283     -99.9900      99.9990      53975.3      22.9860     0.201000      53975.3      20.8540    0.0430000      53975.3      20.3910    0.0610000      53975.3      20.0460     0.154000
       53994.306     -99.9900      1.00000      53994.3      23.1970     0.186000      53994.3      20.7880    0.0400000      53994.3      20.5670    0.0550000      53994.3      20.5110     0.180000
       53998.258      99.9900      99.9990      53998.3      23.0230     0.154000      53998.3      20.8120    0.0400000      53998.3      20.5720    0.0460000      53998.3      20.1250     0.114000
       54005.288      26.0080      7.14600      54005.3      22.8610     0.126000      54005.3      20.7830    0.0360000      54005.3      20.4780    0.0420000      54005.3      20.2860     0.127000
       54010.244      23.9730      2.20400      54010.2      22.8730     0.268000      54010.2      20.8130    0.0490000      54010.2      20.5780    0.0540000      54010.2      20.2800     0.133000
       54012.237      99.9750      99.9990      54012.2      23.0250     0.635000      54012.2      20.9450     0.100000      54012.2      20.5820    0.0880000      54012.2     -99.9900     0.150000
       54020.242      22.6080     0.596000      54020.2      22.7320     0.239000      54020.2      20.9650    0.0590000      54020.2      20.5400    0.0690000      54020.2      20.9720     0.342000
       54022.292      23.1630      1.72600      54022.3     -99.9900     0.799000      54022.3      20.8950    0.0900000      54022.3      20.5320     0.108000      54022.3     -99.9900     0.419000
       54028.233      100.017      99.9990      54028.2      22.8360     0.144000      54028.2      20.7750    0.0480000      54028.2      20.6180    0.0590000      54028.2      20.1520     0.138000
       54030.236      99.9860      99.9990      54030.2      22.5570    0.0960000      54030.2      20.7650    0.0380000      54030.2      20.5040    0.0490000      54030.2      20.3370     0.135000
       54040.232      99.9900      99.9990      54040.2      23.9490      1.44800      54040.2      20.6870    0.0880000      54040.2      20.6610     0.103000      54040.2      20.1920     0.164000
       54047.262     -99.9900      99.9990      54047.3     -99.9900      1.12400      54047.3      20.7790     0.128000      54047.3      20.7410     0.169000      54047.3      20.4200     0.248000
       54049.258      21.4770     0.401000      54049.3      22.9700     0.485000      54049.3      20.8380    0.0780000      54049.3      20.5930    0.0830000      54049.3      20.5840     0.234000
       54053.223      23.7710     0.909000      54053.2      22.8930     0.160000      54053.2      20.7760    0.0420000      54053.2      20.5330    0.0520000      54053.2      20.2340     0.144000
       54056.224      24.2240      1.20500      54056.2      22.8630     0.209000      54056.2      20.8220    0.0770000      54056.2      20.6660    0.0880000      54056.2      20.3280     0.193000
       54059.218      24.5480      3.38800      54059.2      22.8000     0.209000      54059.2      20.8190    0.0520000      54059.2      20.6120    0.0660000      54059.2      20.5800     0.235000
       54062.223      24.2620      3.09200      54062.2      22.7990     0.181000      54062.2      20.8260    0.0640000      54062.2      20.7250    0.0980000      54062.2      20.0160     0.190000
       54357.262      99.9680      99.9990      54357.3      22.5930     0.142000      54357.3     -99.9900    0.0460000      54357.3      20.6120    0.0540000      54357.3      20.2930     0.163000
       54362.312     -99.9900      99.9990      54362.3     -99.9900      1.32700      54362.3     -99.9900    0.0680000      54362.3      20.3230     0.103000      54362.3     -99.9900      2.34400
       54385.310      99.9880      99.9990      54385.3      23.3910     0.205000      54385.3      20.7770    0.0410000      54385.3      20.5000    0.0470000      54385.3      20.3600     0.159000
       54387.310      23.7200      1.45800      54387.3      22.6900     0.165000      54387.3      20.7760    0.0490000      54387.3      20.6300    0.0650000      54387.3      20.4830     0.198000
       54392.305     -99.9900      1.65500      54392.3      22.7160     0.153000      54392.3      20.8280    0.0550000      54392.3      20.6310    0.0670000      54392.3      20.1600     0.125000
       54402.303      100.032      99.9990      54402.3      22.4890     0.377000      54402.3      20.8740    0.0870000      54402.3      20.5760    0.0740000      54402.3      20.2050     0.145000
       52522.000       23.181000      0.79400000       52522.000       22.670000      0.16700000       52522.000       20.890000     0.056000000       52522.000       20.667000     0.074000000       52522.000       20.149000      0.16500000
       51081       25.309000       1.2970000       51081       22.299000      0.17300000       51081       20.631000     0.049000000       51081       20.360000     0.060000000       51081       19.775000      0.12000000
       51467       22.369000      0.48700000       51467       22.454000      0.22200000       51467       20.744000     0.058000000       51467       20.354000     0.068000000       51467       19.846000      0.16200000
       51819       24.601000       1.1130000       51819       22.404000      0.11800000       51819       20.701000     0.043000000       51819       20.427000     0.052000000       51819       19.888000      0.10700000
       52522       23.338000      0.74400000       52522       22.607000      0.16500000       52522       20.895000     0.056000000       52522       20.685000     0.073000000       52522       20.189000      0.17000000
       52552       23.418000      0.58200000       52552       22.874000      0.15500000       52552       20.893000     0.048000000       52552       20.592000     0.052000000       52552       20.352000      0.15100000
       52558       25.515000      0.74500000       52558       22.586000      0.11800000       52558       20.878000     0.044000000       52558       20.626000     0.051000000       52558       20.115000      0.10000000
       52577       23.150000      0.68000000       52577       22.982000      0.19800000       52577       20.899000     0.049000000       52577       20.624000     0.065000000       52577       20.209000      0.17000000
       52586       24.161000      0.67600000       52586       22.931000      0.19500000       52586       20.977000     0.070000000       52586       20.553000     0.074000000       52586       20.179000      0.19700000
       52931       25.357000      0.86500000       52931       22.932000      0.17800000       52931       20.897000     0.043000000       52931       20.522000     0.050000000       52931       20.397000      0.16400000
       52935       22.624000      0.30500000       52935       22.859000      0.15800000       52935       20.911000     0.051000000       52935       20.639000     0.064000000       52935       20.327000      0.18600000
       52959       23.646000       1.3710000       52959       22.797000      0.12600000       52959       20.861000     0.043000000       52959       20.623000     0.053000000       52959       20.223000      0.12100000
       52963       23.734000      0.62000000       52963       22.824000      0.12700000       52963       20.920000     0.042000000       52963       20.648000     0.052000000       52963       20.457000      0.14500000
       53313       23.867000       1.3600000       53313       22.720000      0.21300000       53313       20.896000     0.074000000       53313       20.579000     0.069000000       53313       20.127000      0.20200000
       53350       25.422000      0.99400000       53350       23.526000      0.42200000       53350       20.888000     0.069000000       53350       20.643000     0.087000000       53350       20.513000      0.28300000
       53352       24.422000      0.83500000       53352       22.731000      0.12400000       53352       20.912000     0.050000000       53352       20.721000     0.064000000       53352       20.116000      0.14200000
