       52075.323      20.2940    0.0720000      52075.3      20.0560    0.0210000      52075.3      19.9090    0.0230000      52075.3      19.6310    0.0220000      52075.3      19.6410    0.0820000
       52197.132      20.5450    0.0680000      52197.1      20.1440    0.0180000      52197.1      19.9420    0.0210000      52197.1      19.6810    0.0220000      52197.1      19.4910    0.0700000
       52557.170      20.9260     0.110000      52557.2      20.5890    0.0270000      52557.2      20.2900    0.0280000      52557.2      19.9710    0.0280000      52557.2      19.9920     0.120000
       52929.096      20.8980    0.0970000      52929.1      20.4870    0.0230000      52929.1      20.2680    0.0270000      52929.1      19.8990    0.0250000      52929.1      19.9950     0.101000
       52934.076      20.7300    0.0820000      52934.1      20.5170    0.0250000      52934.1      20.2470    0.0280000      52934.1      19.8350    0.0250000      52934.1      19.8860    0.0900000
       52936.072      20.7680    0.0810000      52936.1      20.4610    0.0220000      52936.1      20.2080    0.0260000      52936.1      19.8910    0.0270000      52936.1      19.7850    0.0920000
       53243.257      20.8510     0.224000      53243.3      20.4910    0.0730000      53243.3      20.1530    0.0500000      53243.3      19.9280    0.0430000      53243.3      19.9750     0.134000
       53270.136      20.5780    0.0890000      53270.1      20.3430    0.0320000      53270.1      20.1360    0.0260000      53270.1      19.8980    0.0280000      53270.1      20.0360    0.0940000
       53272.186      20.5590     0.174000      53272.2      20.4040    0.0660000      53272.2      20.1260    0.0490000      53272.2      19.8330    0.0420000      53272.2      19.9460     0.122000
       53288.113      20.5210    0.0880000      53288.1      20.3650    0.0260000      53288.1      20.1640    0.0280000      53288.1      19.8840    0.0300000      53288.1      20.1380     0.134000
       53302.109      20.9580     0.213000      53302.1      20.3870    0.0500000      53302.1      20.0970    0.0370000      53302.1      19.7240    0.0280000      53302.1      19.6240    0.0920000
       53312.065      20.6870     0.115000      53312.1      20.3510    0.0310000      53312.1      20.0740    0.0330000      53312.1      19.7710    0.0400000      53312.1      19.6330     0.155000
       53314.066      20.7210    0.0860000      53314.1      20.3120    0.0220000      53314.1      20.1090    0.0270000      53314.1      19.8020    0.0270000      53314.1      19.6570    0.0910000
       53623.160      20.4420    0.0780000      53623.2      20.2050    0.0300000      53623.2      19.9840    0.0250000      53623.2      19.6860    0.0220000      53623.2      19.5320    0.0750000
       53626.147      20.6050     0.120000      53626.1      20.2680    0.0400000      53626.1      19.9820    0.0340000      53626.1      19.7630    0.0290000      53626.1      19.8880    0.0900000
       53628.131      20.6630     0.234000      53628.1      20.1530    0.0660000      53628.1      20.0350    0.0560000      53628.1      19.6770    0.0400000      53628.1      19.8110     0.127000
       53637.133      20.5800     0.107000      53637.1      20.2240    0.0250000      53637.1      19.9820    0.0270000      53637.1      19.7120    0.0300000      53637.1      19.7000     0.126000
       53644.125      20.5500    0.0650000      53644.1      20.2530    0.0200000      53644.1      19.9410    0.0220000      53644.1      19.7660    0.0240000      53644.1      19.7080    0.0770000
       53654.160      20.3860     0.104000      53654.2      20.2260    0.0380000      53654.2     -99.9900    0.0470000      53654.2      19.9440    0.0550000      53654.2      19.8200     0.112000
       53656.108      20.4250     0.180000      53656.1      20.3030    0.0770000      53656.1      20.0270    0.0480000      53656.1      19.7660    0.0410000      53656.1      19.7760     0.145000
       53670.115      20.4140    0.0810000      53670.1      20.2010    0.0230000      53670.1      19.9310    0.0250000      53670.1      19.7250    0.0290000      53670.1      19.6840     0.103000
       53673.083      20.3700    0.0710000      53673.1      20.2240    0.0200000      53673.1      20.0380    0.0260000      53673.1      19.6780    0.0260000      53673.1      19.7080    0.0920000
       53675.080      20.4590    0.0750000      53675.1      20.1820    0.0210000      53675.1      19.9670    0.0250000      53675.1      19.7540    0.0280000      53675.1      19.4400    0.0820000
       53677.101      20.4850    0.0640000      53677.1      20.2060    0.0180000      53677.1      19.9220    0.0210000      53677.1      19.7120    0.0210000      53677.1      19.7000    0.0700000
       53680.088      20.4930    0.0660000      53680.1      20.1810    0.0190000      53680.1      19.9440    0.0200000      53680.1      19.7160    0.0190000      53680.1      19.7610    0.0680000
       53693.090      20.4330    0.0910000      53693.1      20.2080    0.0310000      53693.1      19.9770    0.0280000      53693.1      19.6950    0.0260000      53693.1      19.7120    0.0940000
       53702.086      20.7490     0.170000      53702.1      20.2390    0.0360000      53702.1      19.9000    0.0360000      53702.1      19.7490    0.0420000      53702.1      19.4370     0.114000
       53703.095      20.3330    0.0940000      53703.1      20.2060    0.0280000      53703.1      19.8860    0.0280000      53703.1      19.7840    0.0340000      53703.1      19.3190    0.0940000
       53704.073      20.5380    0.0940000      53704.1      20.1650    0.0240000      53704.1      19.9420    0.0290000      53704.1      19.7170    0.0290000      53704.1      19.9940     0.131000
       53974.161      20.6170    0.0770000      53974.2      20.1620    0.0170000      53974.2      19.9340    0.0360000      53974.2      19.6980    0.0250000      53974.2      19.6760    0.0710000
       53989.151      20.5280    0.0760000      53989.2      20.1500    0.0270000      53989.1      19.9540    0.0260000      53989.1      19.6950    0.0300000      53989.2      19.7200    0.0660000
       53995.159      20.5390    0.0590000      53995.2      20.1490    0.0180000      53995.2      19.9360    0.0190000      53995.2      19.8030    0.0220000      53995.2      19.6600    0.0570000
       53997.137      20.5480    0.0770000      53997.1     -99.9900    0.0230000      53997.1      20.0880    0.0290000      53997.1     -99.9900    0.0690000      53997.1     -99.9900     0.104000
       54005.109      20.5570    0.0620000      54005.1      20.2030    0.0180000      54005.1      19.9460    0.0180000      54005.1      19.7260    0.0220000      54005.1      19.6950    0.0590000
       54007.121      20.5970    0.0790000      54007.1      20.1820    0.0230000      54007.1      20.0170    0.0240000      54007.1      19.6650    0.0250000      54007.1      19.5850    0.0700000
       54009.119      20.5630    0.0830000      54009.1      20.1970    0.0270000      54009.1      19.9500    0.0240000      54009.1      19.6760    0.0250000      54009.1      19.7880    0.0730000
       54011.183      20.6970     0.148000      54011.2      20.3370    0.0480000      54011.2      19.8880    0.0320000      54011.2      19.7220    0.0270000      54011.2      19.6850    0.0690000
       54019.133      20.5490     0.112000      54019.1      20.1440    0.0210000      54019.1      19.9340    0.0340000      54019.1      19.6110    0.0300000      54019.1      19.7240    0.0970000
       54025.182      20.5730    0.0800000      54025.2      20.2300    0.0200000      54025.2      19.9750    0.0270000      54025.2      19.7690    0.0280000      54025.2      19.7130    0.0970000
       54029.112      20.4970    0.0630000      54029.1      20.1970    0.0190000      54029.1      19.9600    0.0210000      54029.1      19.6890    0.0220000      54029.1      19.5850    0.0640000
       54051.089      20.7540     0.248000      54051.1      20.0590    0.0550000      54051.1      20.0720    0.0820000      54051.1      19.7260    0.0860000      54051.1     -99.9900     0.725000
       54356.191      20.6130    0.0680000      54356.2      20.2310    0.0190000      54356.2      19.9600    0.0190000      54356.2      19.7150    0.0250000      54356.2      19.7110    0.0680000
       54358.136      20.6880     0.110000      54358.1      20.2150    0.0230000      54358.1      20.0640    0.0250000      54358.1      19.7860    0.0290000      54358.1      19.8130    0.0940000
       54373.168      20.7090     0.150000      54373.2      20.3410    0.0380000      54373.2      20.0490    0.0280000      54373.2      19.7600    0.0290000      54373.2      19.5120    0.0750000
       54383.184      20.7870    0.0970000      54383.2      20.3840    0.0230000      54383.2      20.0670    0.0240000      54383.2      19.7820    0.0260000      54383.2      19.6870    0.0810000
       54386.181      20.6440    0.0770000      54386.2      20.3540    0.0210000      54386.2      20.0580    0.0250000      54386.2      19.7920    0.0210000      54386.2      19.6350    0.0650000
       54388.185      20.7750     0.114000      54388.2      20.3410    0.0230000      54388.2      20.0140    0.0260000      54388.2      19.7560    0.0280000      54388.2      19.7540     0.100000
       54403.099      20.6990    0.0810000      54403.1      20.3600    0.0200000      54403.1      20.1150    0.0220000      54403.1      19.8550    0.0360000      54403.1      19.7770    0.0800000
       54406.092      20.6890    0.0750000      54406.1      20.4050    0.0220000      54406.1      20.1620    0.0280000      54406.1      19.7740    0.0290000      54406.1      19.8390     0.105000
       54412.095      20.7860    0.0900000      54412.1      20.3860    0.0220000      54412.1      20.0690    0.0240000      54412.1      19.7660    0.0270000      54412.1      19.7940    0.0920000
       54415.133      20.9100    0.0940000      54415.1      20.3900    0.0240000      54415.1      20.0260    0.0210000      54415.1      19.8040    0.0220000      54415.1      19.8110    0.0850000
       52197.000       20.500000     0.065000000       52197.000       20.142000     0.019000000       52197.000       19.946000     0.023000000       52197.000       19.690000     0.024000000       52197.000       19.465000     0.068000000
       51459       20.161000     0.081000000       51459       19.882000     0.023000000       51459       19.754000     0.027000000       51459       19.482000     0.032000000       51459       19.266000      0.10500000
       52075       20.217000     0.054000000       52075       20.046000     0.022000000       52075       19.870000     0.021000000       52075       19.631000     0.024000000       52075       19.603000     0.079000000
       52197       20.481000     0.052000000       52197       20.132000     0.018000000       52197       19.942000     0.022000000       52197       19.680000     0.027000000       52197       19.482000     0.069000000
       52522       21.017000     0.097000000       52522       20.471000     0.029000000       52522       20.181000     0.027000000       52522       19.910000     0.032000000       52522       19.761000     0.089000000
       52557       20.857000     0.086000000       52557       20.568000     0.026000000       52557       20.249000     0.028000000       52557       19.935000     0.034000000       52557       19.933000      0.12000000
       52929       20.903000     0.081000000       52929       20.504000     0.025000000       52929       20.281000     0.028000000       52929       19.878000     0.037000000       52929       19.940000      0.10500000
       52934       20.677000     0.063000000       52934       20.520000     0.023000000       52934       20.262000     0.028000000       52934       19.869000     0.036000000       52934       19.876000      0.10600000
       53243       20.835000      0.20200000       53243       20.477000     0.071000000       53243       20.113000     0.043000000       53243       19.894000     0.046000000       53243       20.028000      0.17000000
       53270       20.544000     0.084000000       53270       20.319000     0.034000000       53270       20.114000     0.026000000       53270       19.868000     0.034000000       53270       19.997000      0.10400000
       53272       20.479000      0.14400000       53272       20.418000     0.065000000       53272       20.126000     0.045000000       53272       19.802000     0.043000000       53272       19.795000      0.10600000
       53288       20.497000     0.069000000       53288       20.352000     0.026000000       53288       20.157000     0.024000000       53288       19.842000     0.034000000       53288       19.781000     0.098000000
       53314       20.714000     0.069000000       53314       20.329000     0.022000000       53314       20.125000     0.028000000       53314       19.833000     0.029000000       53314       19.641000     0.087000000
