       52075.334      20.4490    0.0770000      52075.3      20.2980    0.0240000      52075.3      20.0270    0.0230000      52075.3      19.9850    0.0350000      52075.3      20.3120     0.148000
       52197.143      20.4090    0.0560000      52197.1      20.3370    0.0210000      52197.1      20.0540    0.0250000      52197.1      20.0230    0.0340000      52197.1      20.1990     0.134000
       52557.180      20.5920    0.0830000      52557.2      20.4480    0.0250000      52557.2      20.1120    0.0270000      52557.2      20.1920    0.0440000      52557.2      20.3700     0.183000
       52578.076      20.5850    0.0840000      52578.1      20.4520    0.0330000      52578.1      20.0790    0.0280000      52578.1      20.2280    0.0510000      52578.1      20.0620     0.174000
       52929.107      20.2810    0.0540000      52929.1      20.2270    0.0220000      52929.1      19.9930    0.0230000      52929.1      20.0220    0.0350000      52929.1      20.1800     0.144000
       52934.087      20.2780    0.0560000      52934.1      20.1730    0.0210000      52934.1      20.0100    0.0250000      52934.1      19.9800    0.0360000      52934.1      20.1640     0.146000
       52936.083      20.2810    0.0510000      52936.1      20.1840    0.0190000      52936.1      19.9940    0.0240000      52936.1      19.9840    0.0350000      52936.1      20.2090     0.198000
       53243.268      20.6810     0.145000      53243.3      20.2850    0.0460000      53243.3      20.0900    0.0420000      53243.3      20.0660    0.0530000      53243.3      20.3550     0.179000
       53270.147      20.3810    0.0900000      53270.1      20.4140    0.0330000      53270.1      20.0810    0.0300000      53270.1      20.1740    0.0450000      53270.1      20.2040     0.144000
       53272.197      20.4670     0.161000      53272.2      20.4570    0.0640000      53272.2      20.0610    0.0510000      53272.2      20.0770    0.0610000      53272.2      20.1760     0.161000
       53288.124      20.6820    0.0890000      53288.1      20.3790    0.0240000      53288.1      20.0560    0.0250000      53288.1      20.2270    0.0460000      53288.1      20.2750     0.166000
       53302.120      20.5810     0.127000      53302.1      20.4470    0.0480000      53302.1      20.1660    0.0390000      53302.1      20.1660    0.0500000      53302.1      20.0350     0.126000
       53312.075      20.6060    0.0890000      53312.1      20.4310    0.0260000      53312.1      20.1620    0.0350000      53312.1      20.3470    0.0660000      53312.1      20.1170     0.167000
       53314.076      20.5980    0.0770000      53314.1      20.4750    0.0250000      53314.1      20.1520    0.0320000      53314.1      20.2700    0.0570000      53314.1      20.0880     0.172000
       53623.171      20.8160    0.0910000      53623.2      20.7010    0.0330000      53623.2      20.3020    0.0300000      53623.2      20.3980    0.0480000      53623.2      20.8950     0.259000
       53626.157      20.9220     0.158000      53626.2      20.6550    0.0530000      53626.2      20.3530    0.0460000      53626.2      20.3610    0.0590000      53626.2      20.0660     0.125000
       53637.144      20.7250     0.118000      53637.1      20.5730    0.0330000      53637.1      20.2030    0.0340000      53637.1      20.1890    0.0550000      53637.1      20.8430     0.357000
       53644.136      20.8620    0.0800000      53644.1      20.6110    0.0240000      53644.1      20.2430    0.0240000      53644.1      20.2770    0.0400000      53644.1      20.3340     0.147000
       53654.171      20.6490     0.125000      53654.2      20.5730    0.0470000      53654.2      20.3150    0.0470000      53654.2      20.2950    0.0650000      53654.2      20.7450     0.305000
       53656.118      20.4610     0.166000      53656.1      20.7560     0.100000      53656.1      20.3360    0.0790000      53656.1      20.3160    0.0950000      53656.1      19.7650     0.153000
       53668.121      20.8820     0.113000      53668.1      20.6380    0.0300000      53668.1      20.3240    0.0430000      53668.1      20.2750    0.0720000      53668.1      20.2430     0.210000
       53670.126      20.7230     0.108000      53670.1      20.5750    0.0320000      53670.1      20.2680    0.0360000      53670.1      20.2060    0.0650000      53670.1      20.0410     0.171000
       53673.094      20.7830    0.0910000      53673.1      20.6730    0.0280000      53673.1      20.2740    0.0340000      53673.1      20.3790    0.0580000      53673.1      20.2930     0.177000
       53675.091      20.7030    0.0900000      53675.1      20.6090    0.0280000      53675.1      20.1910    0.0360000      53675.1      20.2330    0.0570000      53675.1      20.2730     0.184000
       53677.112      20.7120    0.0790000      53677.1      20.6040    0.0290000      53677.1      20.3010    0.0330000      53677.1      20.3260    0.0470000      53677.1      20.2850     0.158000
       53680.099      20.9630     0.100000      53680.1      20.6010    0.0300000      53680.1      20.3190    0.0310000      53680.1      20.3030    0.0440000      53680.1      20.5980     0.190000
       53693.101      20.7000     0.137000      53693.1      20.5690    0.0580000      53693.1      20.3100    0.0490000      53693.1      20.2630    0.0650000      53693.1      20.2540     0.180000
       53702.096      20.8390     0.170000      53702.1      20.6730    0.0460000      53702.1      20.2970    0.0620000      53702.1      20.2560    0.0580000      53702.1      20.1370     0.354000
       53703.105      20.7170     0.150000      53703.1      20.5710    0.0530000      53703.1      20.1780    0.0560000      53703.1      20.2660    0.0910000      53703.1      20.4110     0.194000
       53704.084      20.8920     0.114000      53704.1      20.5680    0.0330000      53704.1      20.2350    0.0320000      53704.1      20.3100    0.0520000      53704.1      20.2810     0.159000
       53974.172      20.8400    0.0820000      53974.2      20.8020    0.0260000      53974.2      20.3190    0.0260000      53974.2      20.3150    0.0400000      53974.2      20.3030     0.147000
       53989.161      20.8740     0.116000      53989.2      20.7430    0.0440000      53989.2      20.3600    0.0350000      53989.2      20.3470    0.0480000      53989.2      20.2740     0.139000
       53989.180      21.0030     0.122000      53989.2      20.6940    0.0410000      53989.2      20.3300    0.0350000      53989.2      20.3090    0.0460000      53989.2      20.1390     0.119000
       53995.169      20.9900    0.0920000      53995.2      20.6640    0.0230000      53995.2      20.3300    0.0240000      53995.2      20.3680    0.0400000      53995.2      20.2270     0.153000
       53997.148      20.6290    0.0920000      53997.1      20.6730    0.0290000      53997.1      20.2940    0.0290000      53997.1      20.4010    0.0520000      53997.1      20.3020     0.240000
       54005.119      20.8070    0.0820000      54005.1      20.6560    0.0250000      54005.1      20.3250    0.0250000      54005.1      20.3770    0.0390000      54005.1      20.2110     0.124000
       54007.132      20.7700    0.0890000      54007.1      20.6840    0.0330000      54007.1      20.2640    0.0290000      54007.1      20.2670    0.0440000      54007.1      20.4040     0.183000
       54009.129      20.7090    0.0940000      54009.1      20.6520    0.0390000      54009.1      20.2690    0.0370000      54009.1      20.4090    0.0520000      54009.1     -99.9900     0.158000
       54011.194      20.7770     0.143000      54011.2      20.7620    0.0660000      54011.2      20.2710    0.0500000      54011.2      20.3630    0.0680000      54011.2      20.1860     0.191000
       54019.144      20.6830    0.0790000      54019.1      20.6050    0.0320000      54019.1      20.3660    0.0350000      54019.1      20.1740    0.0450000      54019.1      20.2470     0.147000
       54025.193      20.6370    0.0840000      54025.2      20.5740    0.0240000      54025.2      20.2520    0.0290000      54025.2      20.2460    0.0460000      54025.2      20.7340     0.182000
       54029.123      20.6600    0.0660000      54029.1      20.5190    0.0210000      54029.1      20.1830    0.0260000      54029.1      20.2860    0.0430000      54029.1      20.1270     0.125000
       54051.100      20.4130     0.126000      54051.1      20.4840    0.0780000      54051.1      20.1570    0.0430000      54051.1      20.1640    0.0860000      54051.1      20.0520     0.314000
       54356.201      21.1010     0.121000      54356.2      20.7520    0.0280000      54356.2      20.3590    0.0250000      54356.2      20.3590    0.0410000      54356.2      20.0890     0.118000
       54358.146      20.6200     0.111000      54358.1      20.6910    0.0310000      54358.1      20.3890    0.0400000      54358.1      20.2390    0.0470000      54358.1      20.1610     0.170000
       54373.179      21.3800     0.227000      54373.2      20.7220    0.0580000      54373.2      20.2940    0.0400000      54373.2      20.3530    0.0560000      54373.2      20.0830     0.138000
       54381.191      20.8860     0.134000      54381.2      20.6870    0.0330000      54381.2      20.3670    0.0390000      54381.2      20.3480    0.0640000      54381.2      20.3600     0.301000
       54382.189      21.0390     0.186000      54382.2      20.7250    0.0450000      54382.2      20.4100    0.0410000      54382.2      20.2240    0.0700000      54382.2      20.2100     0.189000
       54383.194      20.8850     0.110000      54383.2      20.6910    0.0280000      54383.2      20.3590    0.0290000      54383.2      20.4430    0.0520000      54383.2      20.1060     0.127000
       54386.191      20.8870    0.0880000      54386.2      20.7360    0.0250000      54386.2      20.3540    0.0250000      54386.2      20.3840    0.0400000      54386.2      20.1910     0.119000
       54388.196      20.8320     0.115000      54388.2      20.7320    0.0300000      54388.2      20.3950    0.0340000      54388.2      20.3440    0.0480000      54388.2      20.2710     0.152000
       54403.109      20.9630    0.0840000      54403.1      20.7860    0.0250000      54403.1      20.4260    0.0300000      54403.1      20.3270    0.0440000      54403.1      20.6700     0.185000
       54406.103      20.9870     0.100000      54406.1      20.7610    0.0270000      54406.1      20.3420    0.0320000      54406.1      20.4550    0.0590000      54406.1      19.8470     0.115000
       54412.106      20.9940    0.0960000      54412.1      20.8100    0.0290000      54412.1      20.4290    0.0380000      54412.1     -99.9900    0.0600000      54412.1     -99.9900     0.156000
       54415.144      20.9870     0.101000      54415.1      20.7210    0.0270000      54415.1      20.3800    0.0300000      54415.1      20.4320    0.0500000      54415.1      20.5650     0.173000
       52197.000       20.384000     0.053000000       52197.000       20.350000     0.021000000       52197.000       20.042000     0.021000000       52197.000       20.019000     0.034000000       52197.000       20.134000      0.12800000
       51459       20.352000     0.079000000       51459       20.604000     0.063000000       51459       23.045000      0.47100000       51459       22.972000      0.63300000       51459       20.703000      0.49300000
       52075       20.438000     0.069000000       52075       20.340000     0.037000000       52075       20.043000     0.055000000       52075       20.039000     0.077000000       52075       20.355000      0.16000000
       52197       20.406000     0.049000000       52197       20.371000     0.024000000       52197       20.042000     0.030000000       52197       20.014000     0.042000000       52197       20.184000      0.14000000
       52225       20.496000     0.065000000       52225       20.277000     0.025000000       52225       19.991000     0.026000000       52225       20.125000     0.042000000       52225       19.953000      0.10600000
       52557       20.599000     0.076000000       52557       20.463000     0.033000000       52557       20.141000     0.052000000       52557       20.215000     0.089000000       52557       20.363000      0.33300000
       52578       20.563000     0.075000000       52578       20.530000     0.042000000       52578       20.095000     0.033000000       52578       20.248000     0.065000000       52578       20.060000      0.21900000
       52929       20.298000     0.051000000       52929       20.223000     0.021000000       52929       19.986000     0.024000000       52929       20.043000     0.040000000       52929       20.174000      0.20200000
       52934       20.306000     0.050000000       52934       20.181000     0.024000000       52934       20.023000     0.031000000       52934       19.991000     0.043000000       52934       20.259000      0.17600000
       52936       20.315000     0.046000000       52936       20.232000     0.024000000       52936       20.030000     0.023000000       52936       20.030000     0.037000000       52936       20.207000      0.22000000
       53243       20.649000      0.13200000       53243       20.323000     0.048000000       53243       20.114000     0.065000000       53243       20.076000     0.059000000       53243       20.375000      0.21300000
       53264       20.622000     0.070000000       53264       20.410000     0.031000000       53264       20.131000     0.055000000       53264       20.190000      0.11800000       53264       20.253000      0.15900000
       53270       20.363000     0.093000000       53270       20.408000     0.048000000       53270       20.092000     0.076000000       53270       20.172000     0.074000000       53270       20.149000      0.17800000
       53272       20.458000      0.15800000       53272       20.458000     0.075000000       53272       20.127000     0.076000000       53272       21.395000      0.16300000       53272       20.227000      0.25000000
       53288       20.750000     0.084000000       53288       21.845000     0.067000000       53288       21.240000     0.068000000       53288       21.553000      0.12700000       53288       21.544000      0.94900000
       53312       20.736000     0.099000000       53312       20.541000     0.036000000       53312       20.344000     0.052000000       53312       20.958000      0.17600000       53312       20.335000      0.25900000
       53314       20.721000     0.080000000       53314       20.558000      0.15600000       53314       20.487000     0.051000000       53314       20.519000      0.18500000       53314       21.377000      0.52100000
