       52075.327      21.6360     0.193000      52075.3      20.5510    0.0280000      52075.3      20.2370    0.0300000      52075.3      20.1810    0.0390000      52075.3      19.9850     0.114000
       52172.236      21.2510     0.115000      52172.2      20.4940    0.0240000      52172.2      20.2080    0.0260000      52172.2      20.2360    0.0390000      52172.2      19.8010    0.0890000
       52197.136      21.1550    0.0990000      52197.1      20.4310    0.0220000      52197.1      20.2780    0.0260000      52197.1      20.1910    0.0380000      52197.1      19.9100     0.104000
       52557.174      21.2500     0.142000      52557.2      20.4990    0.0250000      52557.2      20.2160    0.0270000      52557.2      20.1510    0.0420000      52557.2      20.0990     0.125000
       52577.074      21.1460     0.113000      52577.1      20.4120    0.0240000      52577.1      20.1280    0.0320000      52577.1      20.1470    0.0520000      52577.1      19.8390     0.132000
       52578.070      21.1960     0.119000      52578.1      20.4160    0.0220000      52578.1      20.1410    0.0280000      52578.1      20.1470    0.0410000      52578.1      20.1760     0.137000
       52929.100      20.7330    0.0770000      52929.1      20.1140    0.0170000      52929.1      19.9120    0.0200000      52929.1      19.8810    0.0290000      52929.1      19.7080    0.0840000
       52930.087      20.9090    0.0880000      52930.1      20.1540    0.0190000      52930.1      19.9270    0.0200000      52930.1      19.9090    0.0290000      52930.1      19.8720     0.102000
       52931.088      20.7370    0.0730000      52931.1      20.1410    0.0180000      52931.1      19.9700    0.0210000      52931.1      19.9370    0.0320000      52931.1      19.8380     0.107000
       52934.080      20.9240    0.0880000      52934.1      20.1980    0.0190000      52934.1      19.9380    0.0220000      52934.1      19.8980    0.0290000      52934.1      19.8830    0.0960000
       52935.085      20.9040    0.0950000      52935.1      20.1520    0.0190000      52935.1      19.8930    0.0210000      52935.1      19.9170    0.0340000      52935.1      19.7060     0.100000
       52936.076      20.7380    0.0670000      52936.1      20.1960    0.0180000      52936.1      19.9190    0.0200000      52936.1      19.9220    0.0300000      52936.1      19.9760     0.108000
       53243.261      20.9230     0.191000      53243.3      20.0410    0.0420000      53243.3      19.9010    0.0390000      53243.3      19.9310    0.0490000      53243.3      19.7400     0.108000
       53270.140      20.7440    0.0940000      53270.1      20.1480    0.0280000      53270.1      19.9600    0.0230000      53270.1      19.8940    0.0320000      53270.1      19.7450    0.0870000
       53272.190      20.9920     0.219000      53272.2      20.1350    0.0490000      53272.2      19.8640    0.0400000      53272.2      19.8500    0.0450000      53272.2      20.0260     0.155000
       53288.117      20.8270     0.102000      53288.1      20.1410    0.0200000      53288.1      19.9010    0.0240000      53288.1      19.8870    0.0340000      53288.1      19.8130     0.103000
       53302.113      20.6060     0.124000      53302.1      20.1100    0.0350000      53302.1      19.8510    0.0290000      53302.1      19.8420    0.0350000      53302.1      19.7490    0.0940000
       53313.078      20.8770     0.132000      53313.1      20.0500    0.0240000      53313.1      19.8710    0.0300000      53313.1      19.7690    0.0420000      53313.1      19.7650     0.164000
       53314.070      20.8690    0.0880000      53314.1      20.1090    0.0180000      53314.1      19.8450    0.0230000      53314.1      19.8640    0.0330000      53314.1      19.7350     0.110000
       53622.187      20.6960     0.114000      53622.2      20.1160    0.0240000      53622.2      19.8970    0.0270000      53622.2      19.7870    0.0380000      53622.2      19.8030     0.133000
       53623.164      20.9270     0.128000      53623.2      20.1270    0.0230000      53623.2      19.9210    0.0270000      53623.2      19.8890    0.0390000      53623.2      19.6680    0.0900000
       53625.183      20.7850    0.0910000      53625.2      20.1350    0.0250000      53625.2      19.9340    0.0240000      53625.2      19.8790    0.0310000      53625.2      19.6820    0.0860000
       53626.150      20.5920     0.112000      53626.2      20.1380    0.0360000      53626.1      19.8980    0.0290000      53626.1      19.8770    0.0350000      53626.2      19.7850    0.0940000
       53628.135      20.9060     0.258000      53628.1      20.1240    0.0600000      53628.1      19.9300    0.0490000      53628.1      19.8580    0.0560000      53628.1      19.6190     0.120000
       53634.137      20.5160     0.173000      53634.1      20.1200    0.0570000      53634.1      19.8670    0.0460000      53634.1      19.8830    0.0580000      53634.1      19.9850     0.229000
       53636.142      20.9690    0.0980000      53636.1      20.1520    0.0190000      53636.1      19.8950    0.0200000      53636.1      19.8140    0.0280000      53636.1      19.6500    0.0840000
       53637.137      20.8820     0.131000      53637.1      20.1970    0.0260000      53637.1      19.8810    0.0240000      53637.1      19.8780    0.0390000      53637.1      19.7170     0.115000
       53644.129      20.8170    0.0780000      53644.1      20.1430    0.0170000      53644.1      19.9050    0.0200000      53644.1      19.9270    0.0320000      53644.1      19.7170    0.0840000
       53645.202      20.9360     0.114000      53645.2      20.1760    0.0200000      53645.2      19.9180    0.0220000      53645.2      19.8520    0.0300000      53645.2      19.7550    0.0970000
       53654.164      20.9080     0.143000      53654.2      20.2260    0.0320000      53654.2      19.9110    0.0300000      53654.2      19.9370    0.0420000      53654.2      19.7390     0.102000
       53655.114      21.0490     0.158000      53655.1      20.1730    0.0330000      53655.1      19.9240    0.0300000      53655.1      19.8920    0.0390000      53655.1      19.7010     0.102000
       53656.111      21.1440     0.309000      53656.1      20.0810    0.0580000      53656.1      19.7900    0.0520000      53656.1      19.8300    0.0600000      53656.1      19.5800     0.129000
       53664.139      20.6300     0.123000      53664.1      20.2070    0.0380000      53664.1      19.8610    0.0320000      53664.1      19.8720    0.0420000      53664.1      19.7460     0.115000
       53665.103      20.5460     0.268000      53665.1      20.1950    0.0580000      53665.1      19.9380    0.0940000      53665.1      19.9320     0.101000      53665.1      20.0950     0.582000
       53666.103      20.8270    0.0820000      53666.1      20.1370    0.0170000      53666.1      19.8680    0.0210000      53666.1      19.8090    0.0320000      53666.1      19.8400     0.119000
       53668.114      21.0630     0.169000      53668.1      20.1530    0.0240000      53668.1      19.9590    0.0360000      53668.1      19.9730    0.0580000      53668.1      19.9410     0.192000
       53669.098      20.8730    0.0860000      53669.1      20.1310    0.0170000      53669.1      19.9050    0.0210000      53669.1      19.8260    0.0300000      53669.1      19.7210    0.0930000
       53670.119      20.7810     0.116000      53670.1      20.1610    0.0220000      53670.1      19.8920    0.0260000      53670.1      19.8290    0.0410000      53670.1      19.6150     0.123000
       53673.087      20.9580     0.107000      53673.1      20.1920    0.0210000      53673.1      19.9030    0.0240000      53673.1      19.8620    0.0350000      53673.1      19.8080     0.120000
       53674.083      20.7430    0.0850000      53674.1      20.1750    0.0190000      53674.1      19.8980    0.0270000      53674.1      19.8710    0.0390000      53674.1      19.5300    0.0880000
       53675.084      20.9440     0.121000      53675.1      20.2110    0.0200000      53675.1      19.8770    0.0250000      53675.1      19.7940    0.0370000      53675.1      19.8850     0.118000
       53677.105      20.8330    0.0850000      53677.1      20.1920    0.0210000      53677.1      19.9210    0.0210000      53677.1      19.9040    0.0300000      53677.1      19.8300    0.0920000
       53680.092      21.0120     0.101000      53680.1      20.1520    0.0190000      53680.1      19.8660    0.0200000      53680.1      19.8450    0.0280000      53680.1      19.7500    0.0780000
       53681.135      21.0650     0.231000      53681.1      20.1530    0.0980000      53681.1      19.8560    0.0490000      53681.1      19.8900    0.0820000      53681.1     -99.9900     0.217000
       53685.095      20.6640     0.261000      53685.1      20.2740    0.0740000      53685.1      20.0170    0.0810000      53685.1      19.7670    0.0550000      53685.1      19.7360     0.141000
       53687.133      21.8730     0.783000      53687.1      20.0510    0.0550000      53687.1      19.8580    0.0430000      53687.1      19.8060    0.0470000      53687.1      19.6030     0.109000
       53693.094      20.8480     0.123000      53693.1      20.1760    0.0310000      53693.1      19.9210    0.0280000      53693.1      19.8890    0.0370000      53693.1      19.8620     0.103000
       53697.092      21.5630     0.617000      53697.1      20.1160    0.0730000      53697.1      19.9300     0.112000      53697.1      20.0570     0.159000      53697.1      19.6310     0.338000
       53700.091      20.9260     0.111000      53700.1      20.2010    0.0210000      53700.1      19.9440    0.0250000      53700.1      19.8470    0.0350000      53700.1      19.5530    0.0890000
       53703.099      20.9930     0.158000      53703.1      20.2190    0.0260000      53703.1      19.9290    0.0290000      53703.1      19.8200    0.0390000      53703.1      19.7770     0.128000
       53704.077      20.9760     0.123000      53704.1      20.1830    0.0220000      53704.1      19.9340    0.0240000      53704.1      19.8920    0.0320000      53704.1      19.8620    0.0990000
       53705.078      21.1880     0.146000      53705.1      20.1760    0.0220000      53705.1      19.9570    0.0280000      53705.1      19.8370    0.0370000      53705.1      19.7770     0.108000
       53974.165      20.7020    0.0760000      53974.2      20.0890    0.0170000      53974.2      19.9200    0.0190000      53974.2      19.7620    0.0280000      53974.2      19.5360    0.0730000
       53975.163      20.9610     0.109000      53975.2      20.1220    0.0200000      53975.2      19.8390    0.0220000      53975.2      19.8550    0.0350000      53975.2      19.6860     0.107000
       53989.154      20.7200    0.0870000      53989.2      20.1240    0.0240000      53989.2      19.9420    0.0250000      53989.2      19.8380    0.0280000      53989.2      19.6270    0.0700000
       53995.162      20.8260    0.0680000      53995.2      20.1330    0.0160000      53995.2      19.8640    0.0180000      53995.2      19.8360    0.0230000      53995.2      19.6030    0.0620000
       53997.141      20.8130    0.0880000      53997.1      20.2060    0.0210000      53997.1      19.9090    0.0190000      53997.1      19.8510    0.0310000      53997.1     -99.9900     0.109000
       53998.138      20.9210    0.0760000      53998.1      20.1260    0.0170000      53998.1      19.9280    0.0200000      53998.1      19.8070    0.0270000      53998.1      19.5620    0.0750000
       54005.113      20.6520    0.0670000      54005.1      20.1310    0.0160000      54005.1      19.8580    0.0190000      54005.1      19.8300    0.0250000      54005.1      19.7810    0.0750000
       54005.176      20.7500    0.0660000      54005.2      20.0950    0.0170000      54005.2      19.8540    0.0180000      54005.2      19.7730    0.0240000      54005.2      19.6020    0.0840000
       54007.125      20.9870     0.113000      54007.1      20.1200    0.0240000      54007.1      19.8950    0.0230000      54007.1      19.8480    0.0300000      54007.1      19.6820    0.0840000
       54009.122      20.7580     0.102000      54009.1      20.0750    0.0260000      54009.1      19.8680    0.0230000      54009.1     -99.9900    0.0300000      54009.1      19.7220    0.0840000
       54010.124      20.8610     0.117000      54010.1      20.1190    0.0300000      54010.1      19.8320    0.0270000      54010.1      19.8410    0.0340000      54010.1      19.5150    0.0730000
       54011.187      20.8640     0.144000      54011.2      20.0720    0.0350000      54011.2      19.9500    0.0350000      54011.2      19.8540    0.0380000      54011.2      19.7100    0.0770000
       54012.117      20.7610     0.163000      54012.1      20.1660    0.0510000      54012.1      19.8830    0.0420000      54012.1      19.8060    0.0460000      54012.1     -99.9900    0.0920000
       54019.137      20.8200     0.108000      54019.1      20.0540    0.0270000      54019.1      19.8160    0.0260000      54019.1      19.7380    0.0370000      54019.1      19.8140     0.112000
       54020.123      20.9130    0.0980000      54020.1      20.0430    0.0170000      54020.1      19.8170    0.0210000      54020.1      19.7350    0.0310000      54020.1      19.5830    0.0990000
       54022.172      20.8820     0.102000      54022.2      20.1070    0.0220000      54022.2      19.9210    0.0470000      54022.2      19.8280    0.0470000      54022.2      19.6730    0.0780000
       54025.186      21.0410     0.112000      54025.2      20.0440    0.0170000      54025.2      19.8290    0.0200000      54025.2      19.8040    0.0310000      54025.2      19.6230    0.0810000
       54028.113      20.7530     0.102000      54028.1      20.0720    0.0190000      54028.1      19.7900    0.0230000      54028.1      19.7350    0.0330000      54028.1      19.3900    0.0950000
       54029.116      20.7080    0.0680000      54029.1      20.0850    0.0150000      54029.1      19.8250    0.0180000      54029.1      19.7740    0.0270000      54029.1      19.6100    0.0720000
       54030.116      20.6890    0.0700000      54030.1      20.0880    0.0160000      54030.1      19.8470    0.0190000      54030.1      19.8060    0.0290000      54030.1      19.5730    0.0780000
       54032.106      20.8940     0.116000      54032.1      20.0880    0.0210000      54032.1      19.7900    0.0290000      54032.1     -99.9900    0.0410000      54032.1     -99.9900     0.116000
       54034.176      20.7070     0.135000      54034.2      20.0470    0.0250000      54034.2      19.8660    0.0330000      54034.2      19.7720    0.0530000      54034.2      19.7500     0.186000
       54037.098      20.8620     0.104000      54037.1      20.0570    0.0230000      54037.1      19.8020    0.0250000      54037.1      19.7720    0.0330000      54037.1      19.7910    0.0910000
       54040.112      20.7790     0.170000      54040.1      20.0590    0.0430000      54040.1      19.7650    0.0380000      54040.1      19.8160    0.0480000      54040.1      19.8460     0.124000
       54050.097      20.7170    0.0900000      54050.1      20.0250    0.0190000      54050.1      19.7790    0.0230000      54050.1      19.7850    0.0360000      54050.1      19.7050     0.115000
       54051.093     -99.9900     0.478000      54051.1      20.1120    0.0560000      54051.1      19.8010    0.0890000      54051.1     -99.9900     0.128000      54051.1      19.5720     0.237000
       54053.103      20.5510    0.0880000      54053.1      19.9670    0.0220000      54053.1      19.8220    0.0260000      54053.1      19.7800    0.0420000      54053.1      19.6840     0.114000
       54056.105      20.6230     0.117000      54056.1      20.1300    0.0260000      54056.1      19.7750    0.0360000      54056.1     -99.9900    0.0550000      54056.1      19.5740    0.0930000
       54057.073      20.6220    0.0970000      54057.1      20.0440    0.0180000      54057.1      19.8000    0.0240000      54057.1      19.7290    0.0390000      54057.1      19.4210    0.0730000
       54059.099      20.9430     0.134000      54059.1      20.0020    0.0230000      54059.1      19.7460    0.0240000      54059.1      19.7500    0.0370000      54059.1      19.6230    0.0880000
       54061.110      21.0240     0.160000      54061.1      20.0550    0.0230000      54061.1      19.8000    0.0300000      54061.1      19.7960    0.0440000      54061.1      19.7170     0.158000
       54062.104      20.6500     0.118000      54062.1      20.0380    0.0230000      54062.1      19.8450    0.0290000      54062.1      19.7920    0.0440000      54062.1      19.7970     0.173000
       54068.094      20.4970     0.211000      54068.1      19.9990    0.0520000      54068.1      19.8310    0.0470000      54068.1      19.8240    0.0550000      54068.1      19.6920     0.147000
       54357.142      20.9030    0.0870000      54357.1      19.9970    0.0220000      54357.1      19.7730    0.0170000      54357.1      19.7240    0.0230000      54357.1      19.6570     0.104000
       54358.139      20.8420     0.106000      54358.1      20.0070    0.0170000      54358.1      19.7670    0.0210000      54358.1      19.7620    0.0260000      54358.1      19.7520    0.0860000
       54365.140      20.6030     0.197000      54365.1      20.0670    0.0490000      54365.1      19.7680    0.0360000      54365.1      19.7110    0.0440000      54365.1      19.7820     0.121000
       54381.184      20.9170     0.133000      54381.2      20.0500    0.0180000      54381.2      19.7450    0.0240000      54381.2      19.7030    0.0450000      54381.2      19.5870     0.105000
       54382.182      20.7640     0.138000      54382.2      20.0240    0.0210000      54382.2      19.7530    0.0290000      54382.2      19.7530    0.0470000      54382.2      19.6560     0.106000
       54383.187      20.5990    0.0800000      54383.2      20.0660    0.0180000      54383.2      19.7930    0.0190000      54383.2      19.7330    0.0270000      54383.2      19.5910    0.0690000
       54385.190      20.5350    0.0760000      54385.2      20.0170    0.0180000      54385.2      19.8370    0.0200000      54385.2      19.7590    0.0240000      54385.2      19.7340    0.0710000
       54386.184      20.6110    0.0700000      54386.2      20.0340    0.0160000      54386.2      19.7970    0.0190000      54386.2      19.7380    0.0210000      54386.2      19.5380    0.0540000
       54387.190      20.6080     0.109000      54387.2      20.0440    0.0210000      54387.2      19.7640    0.0260000      54387.2      19.7650    0.0340000      54387.2      19.7420     0.130000
       54388.189      20.5710    0.0910000      54388.2      20.0490    0.0180000      54388.2      19.7710    0.0210000      54388.2      19.6910    0.0300000      54388.2      19.6540    0.0870000
       54390.193      20.7640     0.122000      54390.2      20.0110    0.0210000      54390.2      19.7990    0.0290000      54390.2      19.7430    0.0370000      54390.2      19.5640    0.0890000
       54402.184      20.7530     0.241000      54402.2      19.9980    0.0450000      54402.2      19.8250    0.0380000      54402.2      19.7290    0.0400000      54402.2      19.6550    0.0980000
       54406.096      20.7400    0.0790000      54406.1      20.0600    0.0200000      54406.1      19.7700    0.0200000      54406.1      19.7720    0.0310000      54406.1      19.7790     0.104000
       52172.000       21.213000      0.10600000       52172.000       20.494000     0.026000000       52172.000       20.184000     0.025000000       52172.000       20.230000     0.038000000       52172.000       19.770000     0.098000000
       51465       21.201000      0.12500000       51465       20.447000     0.026000000       51465       20.180000     0.036000000       51465       20.145000     0.054000000       51465       19.754000      0.10600000
       52053       21.376000      0.13800000       52053       20.646000     0.037000000       52053       20.342000     0.032000000       52053       20.283000     0.048000000       52053       20.048000      0.11500000
       52522       21.282000      0.13200000       52522       20.582000     0.030000000       52522       20.190000     0.030000000       52522       20.297000     0.046000000       52522       19.951000      0.11600000
       52552       21.024000     0.086000000       52552       20.482000     0.024000000       52552       20.218000     0.032000000       52552       20.234000     0.049000000       52552       20.045000      0.11600000
       52576       21.038000     0.087000000       52576       20.465000     0.024000000       52576       20.149000     0.031000000       52576       20.139000     0.048000000       52576       19.891000      0.17500000
       52577       21.241000      0.10200000       52577       20.483000     0.025000000       52577       20.236000     0.038000000       52577       20.284000     0.060000000       52577       20.036000      0.15900000
       52930       20.912000     0.073000000       52930       20.184000     0.018000000       52930       19.978000     0.022000000       52930       19.968000     0.031000000       52930       20.019000      0.11000000
       52931       20.759000     0.063000000       52931       20.145000     0.019000000       52931       19.976000     0.021000000       52931       19.937000     0.035000000       52931       19.854000      0.10900000
       52935       20.881000     0.081000000       52935       20.143000     0.021000000       52935       19.892000     0.024000000       52935       19.959000     0.037000000       52935       19.706000      0.10200000
       53313       20.853000      0.10600000       53313       20.102000     0.028000000       53313       19.888000     0.036000000       53313       19.803000     0.043000000       53313       19.753000      0.13200000
