       52075.332      19.9360    0.0480000      52075.3      19.9070    0.0180000      52075.3      19.8420    0.0210000      52075.3      19.6320    0.0230000      52075.3      19.6050    0.0820000
       52197.141      19.9700    0.0390000      52197.1      19.8400    0.0150000      52197.1      19.8060    0.0180000      52197.1      19.5860    0.0210000      52197.1      19.6560    0.0790000
       52557.179      19.9940    0.0460000      52557.2      19.8020    0.0160000      52557.2      19.7280    0.0190000      52557.2      19.5170    0.0210000      52557.2      19.6080    0.0880000
       52578.075      20.0110    0.0450000      52578.1      19.7410    0.0160000      52578.1      19.7030    0.0190000      52578.1      19.5110    0.0220000      52578.1      19.3320    0.0820000
       52929.105      19.8680    0.0380000      52929.1      19.7750    0.0140000      52929.1      19.7270    0.0170000      52929.1      19.4750    0.0190000      52929.1      19.3170    0.0610000
       52934.085      19.9140    0.0410000      52934.1      19.7560    0.0150000      52934.1      19.6800    0.0170000      52934.1      19.4340    0.0190000      52934.1      19.4030    0.0670000
       52936.081      19.9410    0.0370000      52936.1      19.7750    0.0140000      52936.1      19.7400    0.0170000      52936.1      19.4610    0.0190000      52936.1      19.3320    0.0590000
       53243.266      20.4750     0.120000      53243.3      20.0890    0.0410000      53243.3      20.0040    0.0350000      53243.3      19.6460    0.0290000      53243.3      19.7620     0.102000
       53270.145      20.4260    0.0900000      53270.1      20.1610    0.0330000      53270.1      20.0120    0.0250000      53270.1      19.6450    0.0210000      53270.1      19.4520    0.0730000
       53272.195      20.2870     0.138000      53272.2      20.1520    0.0560000      53272.2      20.0210    0.0420000      53272.2      19.6300    0.0310000      53272.2      19.6010     0.101000
       53288.122      20.4420    0.0670000      53288.1      20.2520    0.0210000      53288.1      20.1000    0.0240000      53288.1      19.7610    0.0250000      53288.1      19.7570    0.0940000
       53302.118      20.4380     0.107000      53302.1      20.2300    0.0400000      53302.1      20.0300    0.0340000      53302.1      19.6770    0.0280000      53302.1      19.6990    0.0850000
       53312.073      20.4970    0.0730000      53312.1      20.3670    0.0260000      53312.1      20.1620    0.0350000      53312.1      19.7730    0.0370000      53312.1      19.9300     0.164000
       53314.075      20.3650    0.0600000      53314.1      20.3230    0.0210000      53314.1      20.0940    0.0250000      53314.1      19.7220    0.0260000      53314.1      19.7110     0.101000
       53623.169      20.3190    0.0590000      53623.2      20.1240    0.0210000      53623.2      20.0370    0.0230000      53623.2      19.6780    0.0230000      53623.2      19.5620    0.0720000
       53626.155      20.2290    0.0810000      53626.2      20.1370    0.0360000      53626.2      19.9970    0.0330000      53626.2      19.6580    0.0280000      53626.2      19.6110    0.0760000
       53628.140      20.2250     0.152000      53628.1      19.9120    0.0530000      53628.1      20.0750    0.0600000      53628.1      19.5600    0.0420000      53628.1      19.7850     0.143000
       53637.142      20.4240    0.0810000      53637.1      20.1150    0.0220000      53637.1      20.0440    0.0290000      53637.1      19.6470    0.0300000      53637.1      19.8770     0.133000
       53644.134      20.3060    0.0520000      53644.1      20.1680    0.0190000      53644.1      20.0150    0.0200000      53644.1      19.6980    0.0220000      53644.1      19.6340    0.0720000
       53654.169      20.1530    0.0760000      53654.2      20.1300    0.0340000      53654.2      20.0160    0.0300000      53654.2      19.6770    0.0290000      53654.2      19.6930     0.106000
       53656.117      20.2660     0.157000      53656.1      20.0930    0.0520000      53656.1      19.9570    0.0520000      53656.1      19.5720    0.0430000      53656.1      19.8550     0.167000
       53665.108      20.0480     0.147000      53665.1      20.1380    0.0490000      53665.1      20.0300    0.0640000      53665.1      19.7390    0.0730000      53665.1      19.6680     0.255000
       53668.119      20.4410    0.0870000      53668.1      20.2220    0.0220000      53668.1      20.0260    0.0310000      53668.1      19.6860    0.0390000      53668.1      19.6200     0.138000
       53670.124      20.3430    0.0670000      53670.1      20.1700    0.0220000      53670.1      20.0290    0.0270000      53670.1      19.6630    0.0300000      53670.1      19.7440     0.139000
       53673.092      20.3500    0.0620000      53673.1      20.1720    0.0200000      53673.1      20.0330    0.0260000      53673.1      19.6980    0.0280000      53673.1      19.5710    0.0900000
       53675.089      20.3440    0.0640000      53675.1      20.1430    0.0200000      53675.1      19.9600    0.0280000      53675.1      19.7100    0.0370000      53675.1      19.6390     0.101000
       53677.110      20.2470    0.0580000      53677.1      20.1450    0.0180000      53677.1      20.0130    0.0250000      53677.1      19.6730    0.0250000      53677.1      19.4830    0.0660000
       53680.097      20.3910    0.0590000      53680.1      20.1580    0.0190000      53680.1      19.9950    0.0210000      53680.1      19.6680    0.0210000      53680.1      19.6430    0.0680000
       53693.099      20.2180    0.0800000      53693.1      20.2330    0.0400000      53693.1      20.0030    0.0370000      53693.1      19.6410    0.0320000      53693.1      19.6230     0.101000
       53703.104      20.3740     0.125000      53703.1      20.0780    0.0350000      53703.1      20.0680    0.0490000      53703.1      19.6630    0.0450000      53703.1      19.5120     0.156000
       53704.082      20.3010    0.0670000      53704.1      20.1950    0.0220000      53704.1      20.0200    0.0250000      53704.1      19.7080    0.0260000      53704.1      19.6770    0.0930000
       53974.170      20.3470    0.0500000      53974.2      20.2330    0.0180000      53974.2      20.0710    0.0200000      53974.2      19.7140    0.0220000      53974.2      19.7320    0.0710000
       53989.160      20.2350    0.0590000      53989.2      20.2420    0.0290000      53989.2      20.0840    0.0260000      53989.2      19.7520    0.0260000      53989.2      19.7990    0.0740000
       53989.178      20.3490    0.0660000      53989.2      20.2340    0.0280000      53989.2      20.0920    0.0240000      53989.2      19.7300    0.0250000      53989.2     -99.9900    0.0730000
       53995.167      20.2980    0.0470000      53995.2      20.2070    0.0180000      53995.2      20.0460    0.0170000      53995.2      19.7330    0.0180000      53995.2      19.7440    0.0660000
       53997.146      20.2620    0.0520000      53997.1      20.1800    0.0240000      53997.1      20.0440    0.0250000      53997.1      19.7390    0.0300000      53997.1      19.7570    0.0940000
       54005.118      20.3110    0.0480000      54005.1      20.2200    0.0180000      54005.1      20.0560    0.0170000      54005.1      19.7470    0.0190000      54005.1      19.6910    0.0630000
       54007.130      20.3380    0.0560000      54007.1      20.1750    0.0200000      54007.1      20.0580    0.0220000      54007.1      19.7370    0.0230000      54007.1      19.6690    0.0710000
       54009.128      20.4280    0.0730000      54009.1      20.2550    0.0270000      54009.1      20.0780    0.0270000      54009.1      19.7000    0.0230000      54009.1      19.6710    0.0670000
       54011.192      20.4280    0.0990000      54011.2      20.2210    0.0420000      54011.2      20.1030    0.0350000      54011.2      19.6830    0.0270000      54011.2      19.4370    0.0590000
       54019.142      20.3740    0.0590000      54019.1      20.2040    0.0220000      54019.1      20.0700    0.0290000      54019.1      19.7370    0.0270000      54019.1      19.6520    0.0700000
       54025.191      20.3260    0.0590000      54025.2      20.1750    0.0200000      54025.2      20.0610    0.0220000      54025.2      19.7250    0.0230000      54025.2      19.8470     0.101000
       54029.121      20.3640    0.0490000      54029.1      20.2610    0.0180000      54029.1      20.1030    0.0210000      54029.1      19.6780    0.0210000      54029.1      19.6710    0.0650000
       54051.098      20.4940    0.0880000      54051.1      20.2350    0.0380000      54051.1      20.1680    0.0580000      54051.1      19.7130    0.0420000      54051.1      19.7690     0.178000
       54356.200      20.4290    0.0560000      54356.2      20.1990    0.0190000      54356.2      20.0180    0.0230000      54356.2      19.7490    0.0240000      54356.2      19.8120    0.0780000
       54358.145      20.3880    0.0820000      54358.1      20.1790    0.0280000      54358.1      20.0170    0.0260000      54358.1     -99.9900    0.0460000      54358.1      19.7790     0.116000
       54373.177      20.4620    0.0960000      54373.2      20.2660    0.0350000      54373.2      20.0890    0.0310000      54373.2      19.7700    0.0280000      54373.2      19.7410    0.0840000
       54381.189      20.3490    0.0730000      54381.2      20.2090    0.0230000      54381.2      20.0450    0.0290000      54381.2      19.7340    0.0340000      54381.2      19.5810     0.122000
       54382.187      20.2610    0.0800000      54382.2      20.1870    0.0280000      54382.2      20.0540    0.0390000      54382.2      19.7430    0.0280000      54382.2      19.5270     0.138000
       54383.193      20.3750    0.0620000      54383.2      20.2470    0.0200000      54383.2      20.1510    0.0240000      54383.2      19.7570    0.0290000      54383.2      19.4990    0.0740000
       54386.190      20.4000    0.0540000      54386.2      20.2230    0.0190000      54386.2      20.0970    0.0190000      54386.2      19.7240    0.0190000      54386.2      19.7270    0.0680000
       54388.194      20.3430    0.0670000      54388.2      20.2700    0.0210000      54388.2      20.0890    0.0240000      54388.2      19.7760    0.0250000      54388.2      19.8650     0.100000
       54403.108      20.4200    0.0530000      54403.1      20.2630    0.0180000      54403.1      20.1190    0.0220000      54403.1      19.7430    0.0240000      54403.1      19.6210    0.0650000
       54406.101      20.4060    0.0530000      54406.1      20.2030    0.0200000      54406.1      20.1340    0.0250000      54406.1      19.7980    0.0310000      54406.1      19.8140     0.104000
       54412.104      20.3560    0.0600000      54412.1      20.2460    0.0200000      54412.1      20.1420    0.0250000      54412.1      19.7800    0.0260000      54412.1      19.6870    0.0990000
       54415.142      20.4640    0.0630000      54415.1      20.2610    0.0210000      54415.1      20.1130    0.0220000      54415.1      19.7640    0.0260000      54415.1      19.7700    0.0920000
       52197.000       19.974000     0.037000000       52197.000       19.859000     0.016000000       52197.000       19.803000     0.019000000       52197.000       19.581000     0.020000000       52197.000       19.609000     0.072000000
       51459       20.286000     0.064000000       51459       20.048000     0.053000000       51459       19.901000     0.050000000       51459       19.677000     0.060000000       51459       19.650000      0.11800000
       52075       19.926000     0.044000000       52075       19.898000     0.020000000       52075       19.818000     0.022000000       52075       19.609000     0.023000000       52075       19.572000     0.085000000
       52197       19.995000     0.036000000       52197       19.872000     0.017000000       52197       19.818000     0.024000000       52197       19.605000     0.023000000       52197       19.653000     0.080000000
       52225       20.013000     0.047000000       52225       19.937000     0.021000000       52225       19.894000     0.030000000       52225       19.609000     0.035000000       52225       19.539000     0.078000000
       52522       20.044000     0.059000000       52522       19.795000     0.028000000       52522       19.729000     0.023000000       52522       19.418000     0.025000000       52522       19.561000     0.096000000
       52557       19.994000     0.041000000       52557       19.831000     0.021000000       52557       19.742000     0.020000000       52557       19.523000     0.026000000       52557       19.627000     0.092000000
       52578       20.024000     0.041000000       52578       19.744000     0.017000000       52578       19.710000     0.020000000       52578       19.494000     0.023000000       52578       19.285000     0.082000000
       52929       19.906000     0.038000000       52929       19.784000     0.019000000       52929       19.744000     0.023000000       52929       19.471000     0.030000000       52929       19.311000     0.068000000
       52934       19.966000     0.038000000       52934       19.795000     0.019000000       52934       19.735000     0.024000000       52934       19.465000     0.027000000       52934       19.441000     0.068000000
       53243       20.467000      0.11100000       53243       20.092000     0.043000000       53243       20.003000     0.038000000       53243       19.648000     0.034000000       53243       19.743000      0.10300000
       53270       20.582000     0.097000000       53270       20.178000     0.036000000       53270       20.008000     0.028000000       53270       19.626000     0.023000000       53270       19.425000     0.079000000
       53272       20.355000      0.13300000       53272       20.182000     0.056000000       53272       20.106000     0.048000000       53272       19.682000     0.034000000       53272       19.645000      0.11000000
       53288       20.457000     0.061000000       53288       20.250000     0.027000000       53288       20.104000     0.027000000       53288       19.766000     0.027000000       53288       19.750000      0.10100000
       53312       20.469000     0.073000000       53312       20.368000     0.092000000       53312       20.119000     0.083000000       53312       19.760000     0.059000000       53312       19.858000      0.17600000
       53314       20.441000     0.054000000       53314       20.348000     0.022000000       53314       20.102000     0.027000000       53314       19.726000     0.028000000       53314       19.793000      0.11500000
