       52172.240      19.7040    0.0370000      52172.2      19.2990    0.0120000      52172.2      19.1490    0.0130000      52172.2      19.0510    0.0150000      52172.2      18.8610    0.0420000
       52576.102      19.4410    0.0310000      52576.1      19.0200    0.0100000      52576.1      18.8960    0.0120000      52576.1      18.7190    0.0140000      52576.1      18.6030    0.0430000
       52577.077      19.4510    0.0310000      52577.1      19.0260    0.0100000      52577.1      18.8740    0.0120000      52577.1      18.8280    0.0150000      52577.1      18.6450    0.0430000
       52930.091      19.7010    0.0370000      52930.1      19.2150    0.0110000      52930.1      19.0590    0.0120000      52930.1      18.9660    0.0140000      52930.1      18.7620    0.0400000
       52931.091      19.6260    0.0340000      52931.1      19.2080    0.0110000      52931.1      19.0170    0.0110000      52931.1      18.9740    0.0140000      52931.1      18.7920    0.0400000
       52935.088      19.6300    0.0340000      52935.1      19.1840    0.0100000      52935.1      19.0120    0.0120000      52935.1      18.9640    0.0140000      52935.1      18.7590    0.0370000
       53313.082      19.5110    0.0390000      53313.1      19.1220    0.0110000      53313.1      18.8850    0.0140000      53313.1      18.7970    0.0190000      53313.1      18.6360    0.0550000
       53622.191      19.7780    0.0520000      53622.2      19.2020    0.0140000      53622.2      19.0450    0.0140000      53622.2      18.9600    0.0190000      53622.2      18.8290    0.0490000
       53625.187      19.7800    0.0830000      53625.2      19.2600    0.0140000      53625.2      19.0870    0.0130000      53625.2      18.9890    0.0150000      53625.2      18.8840    0.0410000
       53634.140      19.6450    0.0700000      53634.1      19.2140    0.0240000      53634.1      19.0090    0.0220000      53634.1      18.8830    0.0220000      53634.1      18.7290    0.0600000
       53636.146      19.7930    0.0400000      53636.1      19.2410    0.0110000      53636.1      19.0620    0.0120000      53636.1      19.0270    0.0150000      53636.1      18.8720    0.0410000
       53645.205      19.7190    0.0460000      53645.2      19.2100    0.0110000      53645.2      19.0590    0.0120000      53645.2      18.9120    0.0190000      53645.2      18.8640    0.0430000
       53655.118      19.5160    0.0460000      53655.1      19.1800    0.0180000      53655.1      19.1390    0.0160000      53655.1      19.1740    0.0190000      53655.1      18.7830    0.0450000
       53657.205      19.4750     0.197000      53657.2      19.1760    0.0600000      53657.2      18.9630    0.0490000      53657.2     -99.9900    0.0410000      53657.2      18.6330     0.113000
       53664.143      19.6180    0.0500000      53664.1      19.1940    0.0160000      53664.1      19.0380    0.0150000      53664.1      18.9790    0.0180000      53664.1      18.8040    0.0480000
       53666.106      19.6940    0.0360000      53666.1      19.2310    0.0100000      53666.1      19.0750    0.0120000      53666.1      19.0220    0.0150000      53666.1      18.8600    0.0440000
       53669.102      19.5820    0.0330000      53669.1      19.2420    0.0110000      53669.1      19.0560    0.0110000      53669.1      18.9900    0.0140000      53669.1      18.8650    0.0400000
       53674.086      19.7030    0.0380000      53674.1      19.2200    0.0110000      53674.1      19.0760    0.0130000      53674.1      18.9920    0.0150000      53674.1      18.7690    0.0420000
       53676.176     -99.9900    0.0420000      53676.2      19.1810    0.0110000      53676.2     -99.9900    0.0160000      53676.2     -99.9900    0.0210000      53676.2     -99.9900    0.0400000
       53685.098      19.7220     0.117000      53685.1      19.2780    0.0300000      53685.1      19.1160    0.0240000      53685.1      18.9960    0.0260000      53685.1      18.7360    0.0550000
       53687.137      19.6780    0.0940000      53687.1      19.2350    0.0260000      53687.1      19.0890    0.0200000      53687.1      19.0140    0.0200000      53687.1      18.8250    0.0490000
       53694.112     -99.9900    0.0790000      53694.1      19.1850    0.0190000      53694.1      18.9960    0.0240000      53694.1      18.7910    0.0280000      53694.1     -99.9900    0.0980000
       53697.096      19.6630     0.137000      53697.1      19.2410    0.0480000      53697.1      19.0990    0.0530000      53697.1      19.0190    0.0590000      53697.1      19.1220     0.248000
       53700.095      19.6650    0.0400000      53700.1      19.2540    0.0120000      53700.1      19.0960    0.0130000      53700.1      19.0230    0.0160000      53700.1      18.9100    0.0490000
       53705.082      19.6570    0.0450000      53705.1      19.2140    0.0120000      53705.1      19.0380    0.0140000      53705.1      18.9450    0.0170000      53705.1      18.7870    0.0500000
       53975.167      19.3870    0.0320000      53975.2      18.9840    0.0130000      53975.2      18.7710    0.0180000      53975.2      18.8160    0.0210000      53975.2      18.9780     0.136000
       53996.174      19.4020    0.0310000      53996.2      18.9880    0.0130000      53996.2      18.8720    0.0110000      53996.2      18.8350    0.0120000      53996.2      18.6960    0.0400000
       53998.142      19.3530    0.0320000      53998.1      19.0000    0.0140000      53998.1      18.8610    0.0100000      53998.1      18.8650    0.0170000      53998.1      18.6530    0.0340000
       54005.179      19.3880    0.0280000      54005.2      19.0370    0.0120000      54005.2      18.8750    0.0110000      54005.2      18.9100    0.0130000      54005.2      18.7690    0.0320000
       54010.128      19.4460    0.0380000      54010.1      19.0130    0.0160000      54010.1      18.8840    0.0150000      54010.1      18.9340    0.0160000      54010.1      18.7020    0.0300000
       54012.120      19.4070    0.0510000      54012.1      19.0120    0.0210000      54012.1      18.8550    0.0160000      54012.1      18.9080    0.0180000      54012.1      18.8000    0.0370000
       54020.126      19.4020    0.0320000      54020.1      18.9930    0.0110000      54020.1      18.8220    0.0110000      54020.1      18.8540    0.0130000      54020.1      18.6860    0.0380000
       54022.176      19.3750    0.0360000      54022.2     -99.9900    0.0150000      54022.2      18.8610    0.0150000      54022.2      18.8460    0.0190000      54022.2      18.6980    0.0430000
       54028.117      19.4820    0.0380000      54028.1     -99.9900    0.0190000      54028.1      18.8490    0.0110000      54028.1      18.8400    0.0120000      54028.1      18.7140    0.0440000
       54030.120      19.4180    0.0280000      54030.1      19.0350    0.0110000      54030.1      18.8620    0.0110000      54030.1      18.9080    0.0140000      54030.1      18.7360    0.0310000
       54032.109      19.3910    0.0430000      54032.1     -99.9900    0.0150000      54032.1      18.8640    0.0140000      54032.1     -99.9900    0.0200000      54032.1     -99.9900    0.0580000
       54034.180      19.3940    0.0400000      54034.2     -99.9900    0.0140000      54034.2      18.8610    0.0140000      54034.2     -99.9900    0.0170000      54034.2     -99.9900    0.0690000
       54037.101      19.3490    0.0310000      54037.1      19.0330    0.0150000      54037.1      18.8680    0.0110000      54037.1      18.8990    0.0130000      54037.1      18.7650    0.0320000
       54040.116      19.4320    0.0520000      54040.1      19.0740    0.0220000      54040.1      18.8660    0.0160000      54040.1      18.9160    0.0160000      54040.1      18.7730    0.0440000
       54050.100      19.4390    0.0340000      54050.1      19.0120    0.0120000      54050.1      18.8660    0.0130000      54050.1      18.8510    0.0170000      54050.1      18.6480    0.0420000
       54053.107      19.3900    0.0330000      54053.1      19.0250    0.0120000      54053.1      18.8420    0.0120000      54053.1      18.7950    0.0160000      54053.1      18.6950    0.0460000
       54056.108      19.3500    0.0380000      54056.1      18.9860    0.0170000      54056.1      18.8380    0.0250000      54056.1      18.7990    0.0190000      54056.1      18.7340    0.0520000
       54057.077      19.3650    0.0340000      54057.1      18.9930    0.0130000      54057.1      18.8150    0.0140000      54057.1      18.8470    0.0190000      54057.1      18.6530    0.0490000
       54059.103      19.3660    0.0350000      54059.1      19.0190    0.0140000      54059.1      18.8480    0.0150000      54059.1      18.8130    0.0160000      54059.1      18.5910    0.0450000
       54061.114      19.3890    0.0410000      54061.1      18.9620    0.0140000      54061.1      18.8200    0.0210000      54061.1      18.8250    0.0170000      54061.1      18.6270    0.0550000
       54062.107      19.3770    0.0390000      54062.1      18.9750    0.0150000      54062.1      18.8610    0.0120000      54062.1      18.7930    0.0250000      54062.1      18.5970    0.0530000
       54068.097      19.3710    0.0850000      54068.1      18.9590    0.0270000      54068.1      18.7860    0.0190000      54068.1      18.7800    0.0200000      54068.1      18.6770    0.0610000
       54357.146      19.8220    0.0360000      54357.1      19.3470    0.0160000      54357.1      19.1660    0.0110000      54357.1      19.1340    0.0220000      54357.1      18.9110    0.0400000
       54365.144      19.9910    0.0950000      54365.1      19.3960    0.0270000      54365.1      19.1400    0.0230000      54365.1      19.0860    0.0240000      54365.1     -99.9900    0.0520000
       54385.194      19.8470    0.0460000      54385.2      19.3710    0.0130000      54385.2      19.1890    0.0130000      54385.2      19.1060    0.0160000      54385.2      18.8610    0.0360000
       54387.194      19.8330    0.0510000      54387.2      19.3640    0.0140000      54387.2      19.1920    0.0170000      54387.2      19.0910    0.0210000      54387.2      18.8650    0.0510000
       54390.197      19.8670    0.0550000      54390.2      19.3570    0.0150000      54390.2      19.1880    0.0180000      54390.2      19.0640    0.0190000      54390.2      18.9170    0.0570000
       54402.187      19.9740     0.118000      54402.2      19.3810    0.0270000      54402.2      19.2150    0.0230000      54402.2      19.1170    0.0240000      54402.2      18.8600    0.0490000
       52172.000       19.749000     0.037000000       52172.000       19.361000     0.014000000       52172.000       19.212000     0.013000000       52172.000       19.137000     0.018000000       52172.000       18.953000     0.042000000
       51465       19.778000     0.038000000       51465       19.398000     0.017000000       51465       19.131000     0.017000000       51465       19.044000     0.025000000       51465       18.938000     0.061000000
       52053       19.947000     0.044000000       52053       19.398000     0.017000000       52053       19.237000     0.018000000       52053       19.080000     0.017000000       52053       18.975000     0.049000000
       52522       19.572000     0.038000000       52522       19.176000     0.018000000       52522       18.985000     0.017000000       52522       18.926000     0.017000000       52522       18.922000     0.049000000
       52552       19.494000     0.029000000       52552       19.104000     0.015000000       52552       18.997000     0.013000000       52552       18.887000     0.015000000       52552       18.655000     0.036000000
       52576       19.523000     0.029000000       52576       19.078000     0.011000000       52576       18.995000     0.015000000       52576       18.828000     0.016000000       52576       18.675000     0.042000000
       52577       19.477000     0.030000000       52577       19.067000     0.013000000       52577       18.921000     0.023000000       52577       18.864000     0.017000000       52577       18.659000     0.041000000
       52930       19.766000     0.037000000       52930       19.238000     0.014000000       52930       19.084000     0.012000000       52930       19.011000     0.017000000       52930       18.794000     0.039000000
       52931       19.652000     0.032000000       52931       19.243000     0.015000000       52931       19.051000     0.015000000       52931       19.026000     0.016000000       52931       18.841000     0.041000000
       52935       19.670000     0.032000000       52935       19.219000     0.013000000       52935       19.055000     0.015000000       52935       19.029000     0.015000000       52935       18.818000     0.038000000
       53313       19.527000     0.035000000       53313       19.134000     0.013000000       53313       18.888000     0.017000000       53313       18.818000     0.022000000       53313       18.646000     0.055000000
