       52075.326      19.9380    0.0470000      52075.3      19.6120    0.0150000      52075.3      19.3410    0.0150000      52075.3      19.3340    0.0200000      52075.3      19.2390    0.0570000
       52197.134      20.0350    0.0400000      52197.1      19.6090    0.0130000      52197.1      19.3360    0.0140000      52197.1      19.3250    0.0210000      52197.1      19.2250    0.0560000
       52557.172      20.0040    0.0460000      52557.2      19.5710    0.0140000      52557.2      19.3290    0.0150000      52557.2      19.3000    0.0210000      52557.2      19.2980    0.0660000
       52929.099      19.9920    0.0400000      52929.1      19.5570    0.0130000      52929.1      19.2820    0.0130000      52929.1      19.2490    0.0180000      52929.1      19.1560    0.0510000
       52934.079      20.0190    0.0420000      52934.1      19.5580    0.0130000      52934.1      19.3020    0.0140000      52934.1      19.2440    0.0190000      52934.1      19.2790    0.0540000
       52936.075      19.9760    0.0390000      52936.1      19.5840    0.0130000      52936.1      19.3050    0.0140000      52936.1      19.2510    0.0190000      52936.1      19.2910    0.0570000
       53243.260      20.1940     0.108000      53243.3      19.7820    0.0360000      53243.3      19.3710    0.0250000      53243.3      19.3410    0.0300000      53243.3      19.4280    0.0770000
       53270.139      20.2940    0.0750000      53270.1      19.7520    0.0200000      53270.1      19.4340    0.0160000      53270.1      19.4070    0.0200000      53270.1      19.3430    0.0580000
       53272.189      20.1190     0.101000      53272.2      19.6800    0.0320000      53272.2      19.4280    0.0260000      53272.2      19.4570    0.0310000      53272.2      19.3490    0.0690000
       53288.116      20.1530    0.0570000      53288.1      19.7400    0.0170000      53288.1      19.4350    0.0170000      53288.1      19.3710    0.0240000      53288.1      19.3400    0.0640000
       53302.112      20.2110    0.0840000      53302.1      19.7190    0.0270000      53302.1      19.4120    0.0240000      53302.1      19.3920    0.0250000      53302.1      19.3500    0.0580000
       53312.067      20.2790    0.0700000      53312.1      19.7670    0.0170000      53312.1      19.4750    0.0240000      53312.1      19.4130    0.0340000      53312.1      19.4630     0.105000
       53314.068      20.2640    0.0520000      53314.1      19.7340    0.0150000      53314.1      19.4420    0.0170000      53314.1      19.3840    0.0250000      53314.1      19.3440    0.0710000
       53623.163      20.1570    0.0620000      53623.2      19.7770    0.0190000      53623.2      19.4130    0.0180000      53623.2      19.3620    0.0250000      53623.2      19.4020    0.0690000
       53626.149      20.1810    0.0760000      53626.2      19.7370    0.0270000      53626.1      19.3460    0.0190000      53626.1      19.3400    0.0230000      53626.1      19.2830    0.0570000
       53628.134      20.2520     0.150000      53628.1      19.7330    0.0420000      53628.1      19.4230    0.0300000      53628.1      19.3610    0.0350000      53628.1      19.2250    0.0760000
       53637.136      20.1740    0.0680000      53637.1      19.6970    0.0170000      53637.1      19.3930    0.0200000      53637.1      19.4020    0.0250000      53637.1      19.3020    0.0900000
       53644.128      20.2360    0.0490000      53644.1      19.7210    0.0170000      53644.1      19.4180    0.0160000      53644.1      19.3760    0.0250000      53644.1      19.3680    0.0610000
       53649.123     -99.9900     0.273000      53649.1     -99.9900    0.0690000      53649.1      19.4680    0.0700000      53649.1     -99.9900     0.111000      53649.1     -99.9900     0.363000
       53654.163      20.2130    0.0750000      53654.2      19.7740    0.0250000      53654.2      19.4370    0.0210000      53654.2      19.4600    0.0290000      53654.2      19.3890    0.0730000
       53656.110      20.2510     0.133000      53656.1      19.7380    0.0390000      53656.1      19.4340    0.0340000      53656.1      19.4020    0.0430000      53656.1      19.2230    0.0810000
       53665.102     -99.9900     0.132000      53665.1      19.7250    0.0560000      53665.1      19.3460    0.0770000      53665.1      19.1770    0.0760000      53665.1     -99.9900     0.196000
       53666.101      20.2250    0.0510000      53666.1      19.7610    0.0140000      53666.1      19.4480    0.0150000      53666.1      19.3380    0.0200000      53666.1      19.2770    0.0650000
       53668.113      20.3610    0.0890000      53668.1      19.7940    0.0250000      53668.1      19.4230    0.0220000      53668.1      19.3780    0.0390000      53668.1      19.1130    0.0930000
       53670.118      20.2130    0.0600000      53670.1      19.7520    0.0180000      53670.1      19.4150    0.0170000      53670.1      19.3650    0.0270000      53670.1      19.4450    0.0950000
       53673.086      20.2840    0.0610000      53673.1      19.7840    0.0170000      53673.1      19.4190    0.0170000      53673.1      19.3560    0.0230000      53673.1      19.3180    0.0680000
       53675.083      20.1030    0.0530000      53675.1      19.7570    0.0160000      53675.1      19.4130    0.0180000      53675.1      19.3480    0.0240000      53675.1      19.2170    0.0670000
       53677.104      20.2220    0.0480000      53677.1      19.7750    0.0150000      53677.1      19.4130    0.0150000      53677.1      19.3640    0.0200000      53677.1      19.3530    0.0560000
       53680.091      20.2220    0.0500000      53680.1      19.7660    0.0150000      53680.1      19.4300    0.0150000      53680.1      19.3210    0.0190000      53680.1      19.3620    0.0530000
       53687.132      19.9730     0.118000      53687.1      19.7850    0.0400000      53687.1      19.4420    0.0270000      53687.1      19.3930    0.0290000      53687.1      19.4560    0.0790000
       53693.092      20.2120    0.0660000      53693.1      19.7470    0.0230000      53693.1      19.4280    0.0200000      53693.1      19.4050    0.0270000      53693.1      19.3930    0.0660000
       53702.088      20.2810    0.0870000      53702.1      19.8120    0.0230000      53702.1      19.4590    0.0240000      53702.1      19.3950    0.0400000      53702.1     -99.9900     0.119000
       53703.097      20.2170    0.0690000      53703.1      19.7840    0.0190000      53703.1      19.4530    0.0300000      53703.1      19.3860    0.0300000      53703.1      19.4180    0.0810000
       53704.076      20.1320    0.0590000      53704.1      19.6740    0.0170000      53704.1      19.4620    0.0190000      53704.1      19.2570    0.0230000      53704.1     -99.9900    0.0620000
       53974.164      20.1080    0.0430000      53974.2      19.6280    0.0150000      53974.2      19.3540    0.0140000      53974.2      19.3170    0.0180000      53974.2      19.3830    0.0590000
       53989.153      20.1720    0.0490000      53989.2      19.7060    0.0230000      53989.2      19.3030    0.0190000      53989.2      19.3290    0.0190000      53989.2      19.2380    0.0470000
       53995.161      20.1200    0.0490000      53995.2      19.6770    0.0140000      53995.2      19.3310    0.0130000      53995.2      19.3110    0.0170000      53995.2      19.2890    0.0460000
       53997.139      20.0740    0.0450000      53997.1      19.6670    0.0190000      53997.1      19.4460    0.0160000      53997.1     -99.9900    0.0310000      53997.1      19.2780    0.0650000
       54005.111      20.1130    0.0410000      54005.1      19.6390    0.0160000      54005.1      19.3520    0.0130000      54005.1      19.3270    0.0170000      54005.1      19.2460    0.0460000
       54007.124      20.0430    0.0450000      54007.1      19.6250    0.0200000      54007.1      19.3620    0.0160000      54007.1      19.3450    0.0210000      54007.1      19.2010    0.0540000
       54009.121      20.0990    0.0530000      54009.1      19.9110    0.0340000      54009.1      19.4000    0.0170000      54009.1      19.2980    0.0190000      54009.1      19.2840    0.0540000
       54010.123      20.0310    0.0590000      54010.1      19.6970    0.0210000      54010.1      19.3870    0.0160000      54010.1      19.3410    0.0210000      54010.1      19.2420    0.0500000
       54011.186      20.1900    0.0990000      54011.2      19.6330    0.0260000      54011.2      19.3540    0.0220000      54011.2      19.3030    0.0240000      54011.2      19.2970    0.0500000
       54019.136      20.1640    0.0630000      54019.1      19.6640    0.0190000      54019.1      19.3870    0.0190000      54019.1      19.3400    0.0240000      54019.1      19.1990    0.0590000
       54025.185      20.1960    0.0550000      54025.2      19.6740    0.0150000      54025.2      19.3800    0.0150000      54025.2      19.2690    0.0200000      54025.2      19.2870    0.0590000
       54029.115      20.1080    0.0420000      54029.1      19.6680    0.0150000      54029.1      19.3700    0.0140000      54029.1      19.3550    0.0190000      54029.1      19.2830    0.0520000
       54030.115      20.1530    0.0470000      54030.1      19.6700    0.0130000      54030.1      19.3360    0.0120000      54030.1      19.3350    0.0170000      54030.1      19.2270    0.0510000
       54032.104      20.0340    0.0590000      54032.1      19.6210    0.0150000      54032.1      19.2900    0.0260000      54032.1     -99.9900    0.0290000      54032.1     -99.9900    0.0940000
       54056.103      20.0010    0.0720000      54056.1      19.6360    0.0220000      54056.1     -99.9900     0.101000      54056.1      19.4660    0.0360000      54056.1      19.4050     0.106000
       54356.193      20.3150    0.0500000      54356.2      19.7290    0.0140000      54356.2      19.4020    0.0160000      54356.2      19.3470    0.0170000      54356.2      19.3730    0.0500000
       54358.138      20.1250    0.0520000      54358.1      19.7150    0.0170000      54358.1      19.3930    0.0170000      54358.1      19.4180    0.0360000      54358.1      19.2300    0.0520000
       54373.170      20.1250    0.0760000      54373.2      19.7440    0.0260000      54373.2      19.4080    0.0250000      54373.2      19.3370    0.0240000      54373.2      19.3200    0.0630000
       54381.183      20.1940    0.0670000      54381.2      19.7140    0.0190000      54381.2      19.4540    0.0220000      54381.2      19.3710    0.0310000      54381.2      19.2890    0.0970000
       54382.180      20.2190    0.0760000      54382.2      19.7090    0.0190000      54382.2      19.4090    0.0180000      54382.2      19.3740    0.0290000      54382.2      19.4030     0.108000
       54383.186      20.2630    0.0490000      54383.2      19.7260    0.0140000      54383.2      19.4600    0.0140000      54383.2      19.3520    0.0190000      54383.2      19.3510    0.0550000
       54386.183      20.3380    0.0510000      54386.2      19.7650    0.0190000      54386.2      19.3990    0.0160000      54386.2      19.3770    0.0180000      54386.2      19.3610    0.0440000
       54388.187      20.2580    0.0580000      54388.2      19.7540    0.0150000      54388.2      19.4150    0.0160000      54388.2      19.3600    0.0220000      54388.2      19.3030    0.0580000
       54403.101      20.2590    0.0470000      54403.1      19.7280    0.0140000      54403.1      19.4610    0.0160000      54403.1      19.3680    0.0210000      54403.1      19.2700    0.0480000
       54406.095      20.2180    0.0490000      54406.1      19.7540    0.0160000      54406.1      19.4510    0.0170000      54406.1      19.3360    0.0240000      54406.1      19.2260    0.0590000
       54412.098      20.1740    0.0450000      54412.1      19.7570    0.0160000      54412.1      19.4220    0.0190000      54412.1      19.3980    0.0220000      54412.1      19.3470    0.0550000
       54415.136      20.1740    0.0480000      54415.1      19.7920    0.0170000      54415.1      19.4350    0.0140000      54415.1      19.3680    0.0200000      54415.1      19.3790    0.0540000
       52197.000       20.077000     0.038000000       52197.000       19.620000     0.014000000       52197.000       19.318000     0.014000000       52197.000       19.312000     0.020000000       52197.000       19.207000     0.054000000
       51459       20.279000     0.075000000       51459       19.810000     0.022000000       51459       19.486000     0.027000000       51459       19.428000     0.034000000       51459       19.449000      0.10300000
       52075       19.970000     0.045000000       52075       19.608000     0.016000000       52075       19.327000     0.016000000       52075       19.296000     0.018000000       52075       19.197000     0.055000000
       52197       20.071000     0.037000000       52197       19.624000     0.015000000       52197       19.318000     0.014000000       52197       19.304000     0.019000000       52197       19.203000     0.054000000
       52557       19.989000     0.040000000       52557       19.562000     0.018000000       52557       19.312000     0.016000000       52557       19.277000     0.022000000       52557       19.301000     0.067000000
       52578       20.048000     0.038000000       52578       19.600000     0.013000000       52578       19.311000     0.017000000       52578       19.221000     0.025000000       52578       19.296000     0.068000000
       52929       19.957000     0.035000000       52929       19.533000     0.019000000       52929       19.275000     0.015000000       52929       19.204000     0.018000000       52929       19.130000     0.051000000
       52934       20.013000     0.036000000       52934       19.539000     0.014000000       52934       19.287000     0.015000000       52934       19.246000     0.020000000       52934       19.273000     0.056000000
       53243       20.176000     0.084000000       53243       19.766000     0.036000000       53243       19.352000     0.024000000       53243       19.338000     0.030000000       53243       19.392000     0.075000000
       53270       20.298000     0.077000000       53270       19.735000     0.022000000       53270       19.421000     0.018000000       53270       19.388000     0.021000000       53270       19.322000     0.063000000
       53272       20.068000     0.091000000       53272       19.667000     0.032000000       53272       19.447000     0.026000000       53272       19.429000     0.030000000       53272       19.317000     0.067000000
       53288       20.111000     0.053000000       53288       19.723000     0.023000000       53288       19.433000     0.018000000       53288       19.347000     0.023000000       53288       19.318000     0.064000000
       53312       20.263000     0.068000000       53312       19.734000     0.018000000       53312       19.518000     0.026000000       53312       19.409000     0.036000000       53312       19.471000      0.11600000
       53314       20.276000     0.046000000       53314       19.731000     0.017000000       53314       19.469000     0.016000000       53314       19.415000     0.024000000       53314       19.356000     0.071000000
