       52172.239      18.8420    0.0230000      52172.2      18.7530   0.00900000      52172.2      18.5570   0.00900000      52172.2      18.5240    0.0100000      52172.2      18.6080    0.0310000
       52576.101      18.9380    0.0250000      52576.1      18.8300   0.00900000      52576.1      18.6330    0.0100000      52576.1      18.5710    0.0110000      52576.1      18.7290    0.0430000
       52577.076      18.9220    0.0240000      52577.1      18.7890   0.00900000      52577.1      18.6430    0.0100000      52577.1      18.6150    0.0120000      52577.1      18.6840    0.0430000
       52930.089      19.0110    0.0250000      52930.1      18.8400   0.00900000      52930.1      18.6310   0.00900000      52930.1      18.5920    0.0100000      52930.1      18.5920    0.0330000
       52931.090      19.0060    0.0240000      52931.1      18.8510   0.00900000      52931.1      18.6110   0.00900000      52931.1      18.5870    0.0100000      52931.1      18.6860    0.0340000
       52935.087      19.0190    0.0250000      52935.1      18.8360   0.00900000      52935.1      18.6290   0.00900000      52935.1      18.6000    0.0100000      52935.1      18.6340    0.0320000
       53313.080      19.3410    0.0410000      53313.1      19.0810    0.0110000      53313.1      18.8380    0.0140000      53313.1      18.7200    0.0170000      53313.1      18.6540    0.0560000
       53622.190      19.1010    0.0380000      53622.2      18.9970    0.0110000      53622.2      18.7250    0.0120000      53622.2      18.6280    0.0130000      53622.2      18.5650    0.0420000
       53625.186      19.1220    0.0300000      53625.2      19.0500    0.0120000      53625.2      18.7850    0.0110000      53625.2      18.7750    0.0120000      53625.2      18.7860    0.0350000
       53634.139      19.2850    0.0580000      53634.1     -99.9900    0.0200000      53634.1     -99.9900    0.0200000      53634.1     -99.9900    0.0180000      53634.1     -99.9900    0.0500000
       53636.145      19.1690    0.0300000      53636.1      19.0160    0.0100000      53636.1      18.7750    0.0100000      53636.1      18.6980    0.0110000      53636.1      18.8010    0.0360000
       53645.204      19.1080    0.0330000      53645.2      19.0080    0.0100000      53645.2      18.7730    0.0100000      53645.2      18.7020    0.0110000      53645.2      18.7740    0.0500000
       53655.117      19.1570    0.0370000      53655.1      19.0520    0.0150000      53655.1      18.7530    0.0120000      53655.1      18.7560    0.0130000      53655.1      18.8240    0.0400000
       53657.204      18.9790     0.115000      53657.2      19.0640    0.0570000      53657.2      18.7390    0.0350000      53657.2     -99.9900    0.0320000      53657.2     -99.9900     0.100000
       53664.142      19.1160    0.0390000      53664.1      19.0090    0.0140000      53664.1      18.7650    0.0130000      53664.1      18.6990    0.0140000      53664.1      18.7440    0.0430000
       53666.105      19.1100    0.0260000      53666.1      19.0190   0.00900000      53666.1      18.7820    0.0100000      53666.1      18.7670    0.0120000      53666.1      18.8720    0.0440000
       53669.101      19.1720    0.0270000      53669.1      19.0160   0.00900000      53669.1      18.7730    0.0100000      53669.1      18.7560    0.0110000      53669.1      18.7820    0.0350000
       53674.085      19.2270    0.0300000      53674.1      19.0230    0.0100000      53674.1      18.7560    0.0100000      53674.1      18.7220    0.0120000      53674.1      18.7820    0.0390000
       53681.138      19.2340     0.107000      53681.1      19.0330    0.0550000      53681.1      18.6790    0.0310000      53681.1     -99.9900    0.0490000      53681.1     -99.9900     0.221000
       53685.097      19.2780    0.0780000      53685.1      19.0250    0.0270000      53685.1      18.7750    0.0190000      53685.1      18.7290    0.0180000      53685.1      18.7540    0.0550000
       53687.135      19.1460    0.0690000      53687.1      19.0480    0.0230000      53687.1      18.7710    0.0160000      53687.1      18.7480    0.0150000      53687.1      18.8010    0.0420000
       53700.094      19.1650    0.0320000      53700.1      19.0670    0.0110000      53700.1      18.7500    0.0110000      53700.1      18.7340    0.0120000      53700.1      18.8210    0.0430000
       53705.081      19.1100    0.0330000      53705.1      19.0090    0.0110000      53705.1      18.7550    0.0110000      53705.1      18.6970    0.0130000      53705.1      18.7120    0.0490000
       53975.166      18.9970    0.0320000      53975.2      18.9360    0.0130000      53975.2      18.6950    0.0110000      53975.2      18.6580    0.0150000      53975.2      18.7860    0.0420000
       53996.172      19.0290    0.0250000      53996.2      18.9300    0.0110000      53996.2      18.6610    0.0110000      53996.2      18.6720    0.0130000      53996.2      18.6580    0.0330000
       53998.141      18.9960    0.0280000      53998.1      18.9090    0.0120000      53998.1      18.6880    0.0100000      53998.1      18.7200    0.0110000      53998.1      18.8190    0.0360000
       54005.178      19.0090    0.0270000      54005.2      18.9050    0.0110000      54005.2      18.7070    0.0180000      54005.2      18.6960    0.0170000      54005.2      18.7910    0.0340000
       54010.126      18.9560    0.0300000      54010.1      18.8990    0.0140000      54010.1      18.6880    0.0120000      54010.1      18.7520    0.0150000      54010.1      18.7940    0.0300000
       54012.119      18.9250    0.0410000      54012.1      18.9010    0.0190000      54012.1      18.6710    0.0200000      54012.1      18.7000    0.0170000      54012.1      18.7590    0.0340000
       54020.125      18.9440    0.0260000      54020.1      18.8630    0.0110000      54020.1      18.6610    0.0130000      54020.1      18.6550    0.0140000      54020.1      18.7640    0.0390000
       54022.175      18.9920    0.0350000      54022.2     -99.9900    0.0160000      54022.2      18.6610    0.0120000      54022.2      18.6460    0.0160000      54022.2      18.6940    0.0370000
       54028.116      18.9380    0.0300000      54028.1      18.8540    0.0130000      54028.1      18.6440    0.0130000      54028.1      18.6700    0.0150000      54028.1      18.6870    0.0380000
       54030.119      18.9600    0.0250000      54030.1      18.9110    0.0140000      54030.1      18.6720   0.00900000      54030.1      18.6840    0.0120000      54030.1      18.7830    0.0320000
       54032.108      18.8880    0.0350000      54032.1      18.8780    0.0120000      54032.1      18.6690    0.0120000      54032.1      18.6610    0.0130000      54032.1      18.8310    0.0580000
       54034.178     -99.9900    0.0320000      54034.2      18.8630    0.0130000      54034.2      18.6460    0.0140000      54034.2      18.5900    0.0200000      54034.2      18.5860    0.0540000
       54037.100      18.9640    0.0280000      54037.1      18.8890    0.0120000      54037.1      18.6770    0.0120000      54037.1      18.6810    0.0110000      54037.1      18.7300    0.0320000
       54040.115      19.0070    0.0410000      54040.1      18.8630    0.0180000      54040.1      18.6790    0.0180000      54040.1      18.6930    0.0160000      54040.1      18.7310    0.0420000
       54050.099      19.0180    0.0320000      54050.1      18.8820    0.0160000      54050.1      18.6990    0.0130000      54050.1      18.6580    0.0120000      54050.1      18.6110    0.0390000
       54053.105      19.0120    0.0300000      54053.1      18.9030    0.0220000      54053.1      18.6480    0.0140000      54053.1      18.5740    0.0210000      54053.1      18.7010    0.0460000
       54056.107     -99.9900    0.0610000      54056.1      18.9060    0.0190000      54056.1     -99.9900    0.0210000      54056.1      18.6920    0.0170000      54056.1      18.6260    0.0460000
       54057.076      18.9890    0.0290000      54057.1      18.9390    0.0170000      54057.1      18.6680    0.0110000      54057.1      18.6650    0.0140000      54057.1     -99.9900    0.0540000
       54059.101      19.0540    0.0330000      54059.1      18.9140    0.0150000      54059.1      18.6590    0.0130000      54059.1      18.6390    0.0160000      54059.1      18.6720    0.0420000
       54061.112      19.0070    0.0340000      54061.1      18.9250    0.0140000      54061.1      18.6640    0.0120000      54061.1      18.6890    0.0170000      54061.1      18.7500    0.0540000
       54062.106      19.0580    0.0360000      54062.1      18.9100    0.0170000      54062.1      18.6700    0.0130000      54062.1      18.6380    0.0190000      54062.1      18.6060    0.0510000
       54068.096      18.9250    0.0640000      54068.1      18.9400    0.0230000      54068.1      18.6790    0.0190000      54068.1      18.6010    0.0190000      54068.1      18.4910    0.0500000
       54357.145      19.3210    0.0330000      54357.1      19.2090    0.0150000      54357.1      18.9300    0.0140000      54357.1      18.9150    0.0160000      54357.1      19.0400    0.0420000
       54365.142      19.3150    0.0660000      54365.1      19.1820    0.0280000      54365.1      18.9160    0.0220000      54365.1      18.8220    0.0210000      54365.1      18.8690    0.0530000
       54385.192      19.3600    0.0360000      54385.2      19.2410    0.0150000      54385.2      18.9700    0.0130000      54385.2      18.9410    0.0130000      54385.2      18.8980    0.0380000
       54387.193      19.3990    0.0450000      54387.2      19.2490    0.0140000      54387.2      18.9590    0.0130000      54387.2      18.9020    0.0160000      54387.2      18.9310    0.0480000
       54390.196      19.4080    0.0440000      54390.2      19.2690    0.0170000      54390.2      18.9550    0.0160000      54390.2      18.8880    0.0260000      54390.2      18.7740    0.0510000
       54392.188      19.3960    0.0690000      54392.2      19.2400    0.0230000      54392.2      18.9640    0.0340000      54392.2      18.8540    0.0740000      54392.2      18.8830    0.0630000
       54402.186      19.5920    0.0870000      54402.2      19.3670    0.0290000      54402.2      18.9930    0.0210000      54402.2      18.9570    0.0200000      54402.2      18.9710    0.0540000
       52172.000       18.833000     0.026000000       52172.000       18.798000     0.018000000       52172.000       18.546000     0.011000000       52172.000       18.535000     0.017000000       52172.000       18.600000     0.032000000
       51465       19.221000     0.033000000       51465       19.094000     0.014000000       51465       18.805000     0.014000000       51465       18.750000     0.016000000       51465       18.648000     0.048000000
       52053       18.910000     0.028000000       52053       18.773000     0.018000000       52053       18.563000     0.016000000       52053       18.516000     0.016000000       52053       18.591000     0.036000000
       52522       19.089000     0.028000000       52522       18.923000     0.019000000       52522       18.680000     0.014000000       52522       18.667000     0.016000000       52522       18.724000     0.040000000
       52552       19.099000     0.025000000       52552       18.955000     0.015000000       52552       18.691000     0.016000000       52552       18.672000     0.011000000       52552       18.688000     0.037000000
       52576       18.970000     0.024000000       52576       18.869000     0.010000000       52576       18.673000     0.013000000       52576       18.634000     0.013000000       52576       18.748000     0.043000000
       52577       18.904000     0.024000000       52577       18.814000     0.013000000       52577       18.648000     0.022000000       52577       18.641000     0.015000000       52577       18.658000     0.043000000
       52930       19.014000     0.027000000       52930       18.857000     0.015000000       52930       18.638000     0.010000000       52930       18.616000     0.013000000       52930       18.586000     0.034000000
       52931       19.009000     0.024000000       52931       18.880000     0.011000000       52931       18.636000    0.0090000000       52931       18.625000     0.013000000       52931       18.735000     0.036000000
       52935       19.011000     0.026000000       52935       18.867000     0.014000000       52935       18.627000     0.014000000       52935       18.626000     0.017000000       52935       18.643000     0.032000000
       53313       19.361000     0.040000000       53313       19.126000     0.017000000       53313       18.888000     0.017000000       53313       18.790000     0.026000000       53313       18.715000     0.059000000
