       52172.233      20.6360    0.0770000      52172.2      20.6270    0.0290000      52172.2      20.2860    0.0250000      52172.2      20.2200    0.0310000      52172.2      20.3550     0.135000
       52930.084      20.7160    0.0810000      52930.1      20.7550    0.0290000      52930.1      20.4640    0.0320000      52930.1      20.3290    0.0360000      52930.1      20.4080     0.141000
       52931.084      20.8390    0.0890000      52931.1      20.7100    0.0290000      52931.1      20.4020    0.0310000      52931.1      20.3090    0.0350000      52931.1      20.4320     0.143000
       52935.081      20.8180    0.0900000      52935.1      20.7440    0.0290000      52935.1      20.3960    0.0310000      52935.1      20.3230    0.0350000      52935.1      20.3880     0.158000
       53313.075      21.0220     0.145000      53313.1      20.8440    0.0420000      53313.1      20.5120    0.0450000      53313.1      20.6040    0.0790000      53313.1      20.5310     0.306000
       53622.184      21.2730     0.190000      53622.2      21.0490    0.0560000      53622.2      20.5840    0.0490000      53622.2      20.6180    0.0670000      53622.2      20.1390     0.154000
       53625.180      21.0600     0.128000      53625.2      21.0330    0.0530000      53625.2      20.6650    0.0390000      53625.2      20.6490    0.0460000      53625.2      20.4760     0.144000
       53634.133      21.1010     0.237000      53634.1      20.8590     0.103000      53634.1      20.7300    0.0750000      53634.1      20.6840    0.0870000      53634.1     -99.9900     0.326000
       53636.139      21.2220     0.134000      53636.1      21.1410    0.0370000      53636.1      20.7000    0.0370000      53636.1      20.5760    0.0470000      53636.1      20.5570     0.156000
       53645.198      21.2080     0.146000      53645.2      21.0490    0.0370000      53645.2      20.6480    0.0360000      53645.2      20.5820    0.0530000      53645.2      20.5320     0.154000
       53655.111      21.1550     0.195000      53655.1      21.0360    0.0720000      53655.1      20.5820    0.0470000      53655.1      20.4630    0.0470000      53655.1      20.2760     0.135000
       53664.136      21.0780     0.185000      53664.1      21.0670    0.0810000      53664.1      20.7260    0.0580000      53664.1      20.6330    0.0620000      53664.1      20.4170     0.188000
       53666.099      21.1690     0.106000      53666.1      20.9660    0.0300000      53666.1      20.6970    0.0360000      53666.1      20.5240    0.0410000      53666.1      20.8410     0.221000
       53669.095      21.2590     0.121000      53669.1      21.1110    0.0340000      53669.1      20.6790    0.0350000      53669.1      20.5520    0.0400000      53669.1      20.5500     0.151000
       53674.079      21.1380     0.117000      53674.1      21.1290    0.0420000      53674.1      20.6700    0.0410000      53674.1      20.4810    0.0440000      53674.1      20.7190     0.206000
       53685.091      21.0560     0.409000      53685.1      21.2680     0.219000      53685.1      20.7220     0.112000      53685.1      20.7380     0.106000      53685.1      21.0930     0.651000
       53687.130      21.8730     0.781000      53687.1      21.1200     0.137000      53687.1      20.6220    0.0770000      53687.1      20.5920    0.0680000      53687.1      20.4950     0.205000
       53700.088      21.1390     0.133000      53700.1      21.1740    0.0470000      53700.1      20.7760    0.0430000      53700.1      20.6660    0.0530000      53700.1      20.5070     0.185000
       53705.075      21.3450     0.171000      53705.1      21.1150    0.0500000      53705.1      20.7100    0.0480000      53705.1      20.6290    0.0610000      53705.1      20.7190     0.258000
       53975.160      21.4030     0.163000      53975.2      21.3550    0.0470000      53975.2      20.9860    0.0490000      53975.2      20.8740    0.0600000      53975.2      20.7390     0.238000
       53994.155      21.6250     0.144000      53994.2      21.3430    0.0360000      53994.2      20.8970    0.0350000      53994.2      20.8860    0.0450000      53994.2      20.5150     0.131000
       53998.135      21.3590     0.114000      53998.1      21.3210    0.0360000      53998.1      20.9630    0.0370000      53998.1      20.8210    0.0400000      53998.1      20.8500     0.160000
       54005.172      21.4900     0.131000      54005.2      21.3150    0.0330000      54005.2      20.8930    0.0320000      54005.2      20.7960    0.0390000      54005.2      20.9110     0.174000
       54010.121      21.3070     0.185000      54010.1      21.4140    0.0850000      54010.1      21.0990    0.0590000      54010.1      20.8330    0.0520000      54010.1      20.8510     0.157000
       54012.113      21.2900     0.285000      54012.1      21.2660     0.128000      54012.1      20.8800    0.0760000      54012.1      20.9930    0.0810000      54012.1      20.7670     0.180000
       54020.119      21.3290     0.157000      54020.1      21.2880    0.0400000      54020.1      20.8850    0.0480000      54020.1      20.7780    0.0560000      54020.1      21.3000     0.418000
       54022.169     -99.9900     0.477000      54022.2      21.4050     0.127000      54022.2      20.8720    0.0490000      54022.2      20.7600    0.0540000      54022.2      20.2730     0.156000
       54028.110      21.4330     0.193000      54028.1      21.2470    0.0430000      54028.1      20.9140    0.0490000      54028.1      20.7320    0.0540000      54028.1      20.7750     0.236000
       54030.113      21.3720     0.116000      54030.1      21.3350    0.0360000      54030.1      21.1330    0.0660000      54030.1      20.9100    0.0440000      54030.1      20.7510     0.162000
       54032.102      21.2410     0.242000      54032.1      21.2770    0.0540000      54032.1      20.8720     0.113000      54032.1      20.8780    0.0880000      54032.1      20.7200     0.327000
       54034.172      21.6030     0.310000      54034.2      21.2680    0.0670000      54034.2      20.8900    0.0990000      54034.2      21.1950     0.166000      54034.2      20.8490     0.413000
       54037.094      21.1110     0.140000      54037.1      21.3840    0.0650000      54037.1      20.9240    0.0530000      54037.1      20.8890    0.0550000      54037.1      20.5340     0.153000
       54040.109      21.6090     0.372000      54040.1      21.4790     0.160000      54040.1      21.0110    0.0970000      54040.1      20.8470    0.0740000      54040.1      20.7820     0.271000
       54050.093      21.4910     0.184000      54050.1      21.4040    0.0510000      54050.1      20.9880    0.0580000      54050.1      20.7970    0.0680000      54050.1      20.4600     0.208000
       54053.100      21.5920     0.230000      54053.1      21.3760    0.0580000      54053.1      21.0480    0.0760000      54053.1      20.9940    0.0930000      54053.1      20.9870     0.384000
       54056.101      21.6490      1.00000      54056.1     -99.9900     0.148000      54056.1     -99.9900     0.182000      54056.1     -99.9900     0.125000      54056.1     -99.9900     0.928000
       54057.070      21.3760     0.158000      54057.1      21.4790    0.0550000      54057.1      21.0460    0.0550000      54057.1      20.8060    0.0620000      54057.1      20.5870     0.227000
       54059.095      21.4420     0.227000      54059.1      21.5300    0.0680000      54059.1      21.0430    0.0650000      54059.1      20.8890    0.0800000      54059.1      20.7660     0.295000
       54061.107      21.6670     0.280000      54061.1      21.4960    0.0730000      54061.1      21.0320    0.0710000      54061.1      20.9470    0.0950000      54061.1      21.1780     0.517000
       54062.100      21.8320     0.403000      54062.1      21.3290    0.0670000      54062.1      21.0740    0.0900000      54062.1      21.0560     0.120000      54062.1      20.8210     0.429000
       54068.090      21.6800     0.645000      54068.1      21.6150     0.234000      54068.1      21.1990     0.150000      54068.1      20.9110     0.128000      54068.1      21.4310     0.682000
       54357.139      21.3080     0.112000      54357.1      21.0960    0.0330000      54357.1      20.8780    0.0340000      54357.1      20.8120    0.0420000      54357.1      20.8480     0.167000
       54365.136      20.9320     0.177000      54365.1      21.3000     0.130000      54365.1      20.8690    0.0650000      54365.1      20.7220    0.0610000      54365.1      20.7970     0.228000
       54385.186      21.2450     0.145000      54385.2      21.2410    0.0380000      54385.2      20.8610    0.0390000      54385.2      20.7830    0.0490000      54385.2      20.6480     0.149000
       54387.187      21.4990     0.269000      54387.2      21.2630    0.0590000      54387.2      20.9050    0.0680000      54387.2      20.7570    0.0770000      54387.2      20.9900     0.352000
       54390.190      21.3840     0.232000      54390.2      21.2810    0.0580000      54390.2      20.8990    0.0660000      54390.2      20.8720    0.0890000      54390.2      21.5050     0.602000
       54392.182      21.1070     0.305000      54392.2      21.4310     0.179000      54392.2      20.7960    0.0960000      54392.2      20.8270     0.108000      54392.2     -99.9900      1.44500
       54402.180      22.6350      1.40300      54402.2      21.1350     0.123000      54402.2      20.8940    0.0860000      54402.2      20.8540    0.0810000      54402.2      21.2100     0.386000
       52172.000       20.641000     0.075000000       52172.000       20.636000     0.027000000       52172.000       20.298000     0.027000000       52172.000       20.221000     0.027000000       52172.000       20.346000      0.12900000
       51465       20.558000     0.078000000       51465       20.555000     0.032000000       51465       20.342000     0.041000000       51465       20.251000     0.048000000       51465       20.181000      0.17100000
       52053       20.700000     0.078000000       52053       20.687000     0.031000000       52053       20.426000     0.035000000       52053       20.262000     0.044000000       52053       20.304000      0.14800000
       52552       20.508000     0.069000000       52552       20.544000     0.029000000       52552       20.317000     0.032000000       52552       20.168000     0.038000000       52552       20.197000      0.13500000
       52576       20.660000     0.067000000       52576       20.672000     0.028000000       52576       20.273000     0.032000000       52576       20.237000     0.042000000       52576       20.222000      0.15200000
       52931       20.792000     0.069000000       52931       20.703000     0.027000000       52931       20.356000     0.029000000       52931       20.299000     0.037000000       52931       20.393000      0.13400000
       52935       20.773000     0.072000000       52935       20.742000     0.030000000       52935       20.381000     0.030000000       52935       20.300000     0.035000000       52935       20.321000      0.14700000
       53313       21.002000      0.11000000       53313       20.863000     0.040000000       53313       20.512000     0.044000000       53313       20.618000     0.083000000       53313       20.529000      0.30100000
