       51081.267      20.4480    0.0830000      51081.3      20.2430    0.0270000      51081.3      20.1090    0.0330000      51081.3      19.8180    0.0370000      51081.3      19.9470     0.132000
       51467.362      20.6780     0.138000      51467.4      20.3340    0.0330000      51467.4      20.2840    0.0470000      51467.4      20.1350    0.0660000      51467.4      20.2660     0.236000
       51819.338      20.7540    0.0840000      51819.3      20.4800    0.0270000      51819.3      20.3410    0.0300000      51819.3      20.1280    0.0390000      51819.3      20.1940     0.132000
       52558.303      20.8600    0.0840000      52558.3      20.6750    0.0290000      52558.3      20.5240    0.0350000      52558.3      20.2540    0.0370000      52558.3      20.1260     0.105000
       52577.191      20.8270    0.0870000      52577.2      20.6040    0.0290000      52577.2      20.4480    0.0370000      52577.2      20.1930    0.0500000      52577.2      20.0960     0.141000
       52586.194      20.9100    0.0860000      52586.2      20.6750    0.0320000      52586.2      20.5550    0.0400000      52586.2      20.1900    0.0500000      52586.2      20.1790     0.183000
       52910.275      20.4790    0.0510000      52910.3      20.4070    0.0220000      52910.3      20.2770    0.0240000      52910.3      20.0710    0.0310000      52910.3      19.9810    0.0900000
       52931.205      20.6340    0.0690000      52931.2      20.4720    0.0270000      52931.2      20.3440    0.0290000      52931.2      20.1140    0.0350000      52931.2      20.2230     0.119000
       52935.202      20.7240    0.0760000      52935.2      20.3570    0.0240000      52935.2      20.3380    0.0320000      52935.2      20.0770    0.0400000      52935.2      19.8340     0.103000
       52959.145      20.7170    0.0690000      52959.1      20.4170    0.0230000      52959.1      20.3250    0.0250000      52959.1      20.1040    0.0290000      52959.1      19.9520    0.0850000
       52963.125     -99.9900    0.0520000      52963.1      20.4220    0.0250000      52963.1      20.3720    0.0300000      52963.1      20.0450    0.0340000      52963.1      20.0290    0.0890000
       53313.195      20.6910     0.110000      53313.2      20.4340    0.0310000      53313.2      20.3130    0.0420000      53313.2      20.1460    0.0640000      53313.2      20.1310     0.184000
       53352.096      20.6850    0.0620000      53352.1      20.4340    0.0240000      53352.1      20.3580    0.0310000      53352.1      20.1200    0.0370000      53352.1      19.8480     0.100000
       53622.304      20.5960    0.0840000      53622.3      20.4550    0.0300000      53622.3      20.4150    0.0370000      53622.3      20.1200    0.0510000      53622.3      20.0670     0.145000
       53634.254      21.2510     0.501000      53634.3      20.1980    0.0720000      53634.3      20.3270    0.0820000      53634.3      20.2640    0.0940000      53634.3      20.1200     0.185000
       53636.259      20.6090     0.127000      53636.3      20.3690    0.0470000      53636.3      20.3660    0.0730000      53636.3      20.0630    0.0620000      53636.3      19.9670     0.135000
       53638.295      20.6190    0.0810000      53638.3      20.4700    0.0290000      53638.3      20.3600    0.0310000      53638.3      20.1370    0.0360000      53638.3      20.0700     0.103000
       53640.259     -99.9900     0.265000      53640.3      20.4690    0.0390000      53640.3      20.3220    0.0380000      53640.3      20.1400    0.0540000      53640.3     -99.9900     0.200000
       53655.231     -99.9900     0.188000      53655.2      20.4020    0.0680000      53655.2      20.3790    0.0800000      53655.2      20.1830    0.0940000      53655.2      20.3810     0.271000
       53664.256      20.7220     0.194000      53664.3      20.3540    0.0550000      53664.3      20.3100    0.0540000      53664.3      20.0800    0.0570000      53664.3      20.3730     0.230000
       53666.220     -99.9900    0.0840000      53666.2      20.3760    0.0280000      53666.2      20.4290    0.0330000      53666.2      20.1510    0.0380000      53666.2      20.1510     0.121000
       53669.216      20.5740    0.0660000      53669.2      20.5200    0.0250000      53669.2      20.4420    0.0310000      53669.2      20.1770    0.0400000      53669.2      20.1030     0.120000
       53671.300      20.8500     0.140000      53671.3      20.5630    0.0350000      53671.3      20.4560    0.0410000      53671.3      20.2090    0.0490000      53671.3      20.0610     0.140000
       53674.200      20.9130    0.0870000      53674.2      20.5200    0.0270000      53674.2      20.4200    0.0320000      53674.2      20.1830    0.0380000      53674.2      20.1070     0.109000
       53676.289      20.8080     0.107000      53676.3      20.6030    0.0320000      53676.3      20.4680    0.0380000      53676.3      20.2100    0.0480000      53676.3      20.2940     0.165000
       53679.261      20.6370    0.0930000      53679.3      20.5080    0.0330000      53679.3      20.3620    0.0410000      53679.3      20.1980    0.0580000      53679.3      20.1960     0.163000
       53681.253      20.6210    0.0730000      53681.3      20.5870    0.0290000      53681.2      20.4400    0.0310000      53681.2      20.1480    0.0360000      53681.3      20.3490     0.117000
       53687.250      21.2950     0.442000      53687.2      20.4870    0.0820000      53687.2      20.3640    0.0660000      53687.2      20.1810    0.0630000      53687.2     -99.9900     0.161000
       53694.226      20.8980     0.358000      53694.2      20.5790     0.120000      53694.2      20.6180     0.120000      53694.2      20.4530     0.128000      53694.2      19.8000     0.196000
       53697.210      20.8300     0.176000      53697.2      20.5170    0.0530000      53697.2      20.4460    0.0690000      53697.2      20.1380    0.0690000      53697.2      20.0830     0.207000
       53700.209      20.8410    0.0930000      53700.2      20.5740    0.0300000      53700.2      20.5320    0.0380000      53700.2      20.2770    0.0470000      53700.2      20.0930     0.128000
       53705.195      20.8920     0.103000      53705.2      20.5880    0.0290000      53705.2      20.4670    0.0350000      53705.2      20.1810    0.0410000      53705.2      20.1220     0.108000
       53975.280      20.7870    0.0870000      53975.3      20.4250    0.0270000      53975.3      20.3270    0.0310000      53975.3      20.0300    0.0400000      53975.3      20.0600     0.132000
       53993.348     -99.9900      1.69700      53993.4      20.4510    0.0710000      53993.3     -99.9900    0.0520000      53993.3     -99.9900     0.222000      53993.3     -99.9900     0.232000
       53996.287      20.7690    0.0790000      53996.3      20.4460    0.0290000      53996.3      20.3440    0.0290000      53996.3      20.1330    0.0370000      53996.3      20.2710     0.139000
       53998.256      20.6820    0.0650000      53998.3      20.4960    0.0280000      53998.3      20.4070    0.0290000      53998.3      20.1000    0.0280000      53998.3      20.0910    0.0890000
       54005.286      20.7740    0.0620000      54005.3      20.5260    0.0230000      54005.3      20.4020    0.0270000      54005.3      20.1680    0.0310000      54005.3      20.1690    0.0950000
       54010.241      20.7040    0.0820000      54010.2      20.5180    0.0360000      54010.2      20.3920    0.0330000      54010.2      20.1130    0.0340000      54010.2      20.1580    0.0940000
       54012.234      20.5440     0.129000      54012.2      20.3910    0.0590000      54012.2      20.3590    0.0540000      54012.2      20.0880    0.0510000      54012.2      20.0010     0.105000
       54020.240      20.6730    0.0920000      54020.2      20.5150    0.0350000      54020.2      20.3560    0.0350000      54020.2      20.1370    0.0450000      54020.2      20.2370     0.148000
       54022.289      20.5940     0.106000      54022.3     -99.9900    0.0540000      54022.3     -99.9900    0.0880000      54022.3      20.1520    0.0680000      54022.3      20.3870     0.223000
       54024.322      20.6270     0.104000      54024.3      20.5630    0.0370000      54024.3      20.3300    0.0490000      54024.3      20.1300    0.0590000      54024.3      19.8740     0.131000
       54028.230      20.8310    0.0850000      54028.2      20.4960    0.0250000      54028.2      20.3710    0.0370000      54028.2      20.1990    0.0460000      54028.2      19.9230    0.0990000
       54030.234     -99.9900    0.0900000      54030.2      20.5040    0.0230000      54030.2      20.3660    0.0290000      54030.2      20.1390    0.0330000      54030.2      20.2010    0.0960000
       54035.309      20.7590     0.116000      54035.3      20.4570    0.0310000      54035.3      20.3950    0.0440000      54035.3      20.1200    0.0490000      54035.3      20.0550     0.136000
       54037.215     -99.9900    0.0960000      54037.2      20.4370    0.0300000      54037.2      20.2370    0.0400000      54037.2      20.0810    0.0500000      54037.2      20.0660     0.131000
       54040.229      20.8100     0.165000      54040.2      20.5660    0.0680000      54040.2      20.4550    0.0660000      54040.2      20.1830    0.0590000      54040.2      20.0570     0.125000
       54047.260      22.0200      6.76700      54047.3      20.4630     0.106000      54047.3      20.3540    0.0720000      54047.3      20.2030    0.0890000      54047.3      20.5970     0.326000
       54049.256      20.7010     0.172000      54049.3      20.5470    0.0600000      54049.3      20.2360    0.0430000      54049.3      19.9920    0.0470000      54049.3      20.0030     0.130000
       54053.220      20.7740    0.0780000      54053.2      20.4570    0.0270000      54053.2      20.3060    0.0280000      54053.2      20.0910    0.0360000      54053.2      20.0140    0.0940000
       54056.222      20.6210     0.151000      54056.2      20.5460    0.0380000      54056.2      20.3830    0.0530000      54056.2     -99.9900    0.0660000      54056.2      20.0900     0.198000
       54059.216      20.8230     0.109000      54059.2      20.4630    0.0300000      54059.2      20.3040    0.0370000      54059.2      20.0810    0.0480000      54059.2      20.0170     0.111000
       54062.221      20.8060     0.124000      54062.2      20.4940    0.0360000      54062.2      20.3740    0.0430000      54062.2      20.2130    0.0640000      54062.2      19.7930     0.135000
       54357.259      20.2980    0.0740000      54357.3      20.1020    0.0280000      54357.3      20.0600    0.0310000      54357.3      19.8290    0.0350000      54357.3     -99.9900    0.0920000
       54362.309     -99.9900     0.157000      54362.3     -99.9900    0.0410000      54362.3      20.0550    0.0300000      54362.3      19.9020    0.0460000      54362.3     -99.9900     0.128000
       54385.307      20.3790    0.0660000      54385.3      20.1880    0.0410000      54385.3      20.0640    0.0270000      54385.3      19.8970    0.0280000      54385.3      19.9930    0.0850000
       54387.307      20.2110    0.0610000      54387.3      20.1410    0.0250000      54387.3      20.0200    0.0250000      54387.3      19.8300    0.0320000      54387.3      19.7590    0.0880000
       54392.302      20.3110    0.0630000      54392.3      20.1170    0.0280000      54392.3      20.0260    0.0280000      54392.3      19.8500    0.0330000      54392.3      19.8550    0.0910000
       54402.301      20.0310     0.134000      54402.3      20.1540    0.0480000      54402.3      20.0690    0.0410000      54402.3      19.8530    0.0410000      54402.3      19.8040    0.0960000
       52522.000       20.936000      0.10400000       52522.000       20.641000     0.036000000       52522.000       20.453000     0.036000000       52522.000       20.160000     0.065000000       52522.000       20.173000      0.15400000
       51081       20.479000     0.064000000       51081       20.196000     0.029000000       51081       20.129000     0.035000000       51081       19.816000     0.041000000       51081       19.946000      0.13100000
       51467       20.820000      0.12100000       51467       20.393000     0.034000000       51467       20.368000     0.047000000       51467       20.190000     0.065000000       51467       20.320000      0.18800000
       51819       20.792000     0.074000000       51819       20.493000     0.027000000       51819       20.308000     0.033000000       51819       20.113000     0.036000000       51819       20.180000      0.12500000
       52522       20.953000     0.096000000       52522       20.661000     0.037000000       52522       20.459000     0.036000000       52522       20.140000     0.049000000       52522       20.193000      0.15700000
       52552       20.885000     0.072000000       52552       20.754000     0.030000000       52552       20.516000     0.034000000       52552       20.246000     0.040000000       52552       20.234000      0.12400000
       52558       20.915000     0.075000000       52558       20.710000     0.033000000       52558       20.566000     0.033000000       52558       20.276000     0.039000000       52558       20.185000      0.10200000
       52577       20.928000      0.10100000       52577       20.655000     0.037000000       52577       20.513000     0.044000000       52577       20.248000     0.052000000       52577       20.132000      0.13200000
       52586       20.932000     0.076000000       52586       20.672000     0.036000000       52586       20.585000     0.040000000       52586       20.190000     0.048000000       52586       20.211000      0.18000000
       52931       20.673000     0.075000000       52931       20.488000     0.029000000       52931       20.359000     0.031000000       52931       20.106000     0.034000000       52931       20.197000      0.11400000
       52935       20.785000     0.084000000       52935       20.398000     0.029000000       52935       20.419000     0.032000000       52935       20.146000     0.044000000       52935       19.881000      0.10000000
       52959       20.958000     0.086000000       52959       20.422000     0.037000000       52959       20.363000     0.032000000       52959       20.116000     0.031000000       52959       19.955000     0.086000000
       52963       20.529000     0.046000000       52963       20.470000     0.023000000       52963       20.393000     0.030000000       52963       20.052000     0.032000000       52963       20.011000     0.084000000
       53313       20.770000     0.096000000       53313       20.451000     0.040000000       53313       20.330000     0.045000000       53313       20.194000     0.062000000       53313       20.116000      0.17500000
       53350       20.594000     0.090000000       53350       20.474000     0.034000000       53350       20.393000     0.044000000       53350       20.166000     0.055000000       53350       19.885000      0.15500000
       53352       20.734000     0.056000000       53352       20.476000     0.026000000       53352       20.394000     0.039000000       53352       20.161000     0.043000000       53352       19.856000     0.095000000
