       51075.277      19.7430    0.0360000      51075.3      19.3860    0.0150000      51075.3      19.2830    0.0160000      51075.3      19.0500    0.0190000      51075.3      19.0100    0.0690000
       51464.265      19.7880    0.0420000      51464.3      19.4300    0.0160000      51464.3      19.3210    0.0180000      51464.3     -99.9900    0.0190000      51464.3      19.0150    0.0660000
       51467.356      19.7030    0.0660000      51467.4      19.4480    0.0180000      51467.4      19.2900    0.0190000      51467.4      19.0160    0.0210000      51467.4      18.8670    0.0670000
       51819.332      19.6580    0.0420000      51819.3      19.3330    0.0130000      51819.3      19.2460    0.0140000      51819.3      18.9910    0.0130000      51819.3      19.0000    0.0480000
       52196.278      19.5460    0.0320000      52196.3      19.3460    0.0130000      52196.3      19.2230    0.0140000      52196.3      19.0210    0.0170000      52196.3      18.9670    0.0530000
       52197.291      19.6780    0.0330000      52197.3      19.3420    0.0130000      52197.3      19.2310    0.0130000      52197.3      19.0020    0.0150000      52197.3      18.9680    0.0430000
       52225.141      19.6700    0.0310000      52225.1      19.3700    0.0120000      52225.1      19.2650    0.0140000      52225.1      19.0480    0.0160000      52225.1      18.9850    0.0440000
       52231.177      19.6710    0.0330000      52231.2      19.4020    0.0130000      52231.2      19.2610    0.0130000      52231.2      19.0800    0.0150000      52231.2      18.9960    0.0420000
       52253.163      19.7360    0.0490000      52253.2      19.3410    0.0170000      52253.2      19.2590    0.0160000      52253.2      19.0540    0.0180000      52253.2      19.0220    0.0570000
       52557.285      19.4970    0.0330000      52557.3      19.2950    0.0130000      52557.3      19.2660    0.0140000      52557.3      19.0470    0.0170000      52557.3      18.9490    0.0490000
       52578.181      19.5340    0.0330000      52578.2      19.3150    0.0120000      52578.2      19.2280    0.0130000      52578.2      19.0300    0.0160000      52578.2      18.9120    0.0430000
       52908.260      19.5200    0.0340000      52908.3      19.2660    0.0130000      52908.3      19.1710    0.0130000      52908.3      18.9310    0.0160000      52908.3      18.9190    0.0460000
       52911.273      19.5360    0.0330000      52911.3      19.2510    0.0130000      52911.3      19.1030    0.0120000      52911.3      18.9730    0.0160000      52911.3      18.8580    0.0450000
       52930.151      19.6030    0.0330000      52930.2      19.2620    0.0120000      52930.1      19.1840    0.0120000      52930.1      18.9820    0.0140000      52930.2      18.9110    0.0410000
       52934.192      19.5530    0.0350000      52934.2      19.2660    0.0130000      52934.2      19.2120    0.0150000      52934.2      19.0360    0.0180000      52934.2      18.9740    0.0550000
       52936.187      19.6070    0.0330000      52936.2      19.2930    0.0120000      52936.2      19.1870    0.0130000      52936.2      19.0080    0.0140000      52936.2      18.8830    0.0370000
       53270.252      19.7450    0.0430000      53270.3      19.4390    0.0230000      53270.2      19.3100    0.0150000      53270.2      19.0810    0.0160000      53270.3      19.1170    0.0560000
       53272.301      19.6270    0.0500000      53272.3      19.4030    0.0210000      53272.3      19.3150    0.0200000      53272.3      19.0570    0.0180000      53272.3      18.9250    0.0530000
       53286.270      19.6520    0.0460000      53286.3      19.4310    0.0170000      53286.3      19.3100    0.0190000      53286.3      19.0400    0.0220000      53286.3      19.0230    0.0560000
       53288.229      19.7460    0.0360000      53288.2      19.4330    0.0130000      53288.2      19.3280    0.0130000      53288.2      19.0580    0.0140000      53288.2      18.9730    0.0390000
       53294.256      19.6850    0.0440000      53294.3      19.4180    0.0330000      53294.3      19.2840    0.0240000      53294.3      19.1020    0.0210000      53294.3      18.8900    0.0510000
       53302.224      19.7000    0.0810000      53302.2      19.5070    0.0320000      53302.2      19.3270    0.0270000      53302.2      19.0580    0.0260000      53302.2      19.0290    0.0630000
       53312.180      19.7050    0.0380000      53312.2      19.4310    0.0200000      53312.2      19.2990    0.0170000      53312.2      19.0880    0.0220000      53312.2      19.0490    0.0660000
       53314.181      19.6690    0.0350000      53314.2      19.4630    0.0140000      53314.2      19.3350    0.0160000      53314.2      19.1060    0.0170000      53314.2      18.9650    0.0500000
       53616.285     -99.9900    0.0730000      53616.3      19.3890    0.0160000      53616.3      19.2710    0.0180000      53616.3      19.0840    0.0220000      53616.3      18.9760    0.0740000
       53623.276      19.6620    0.0380000      53623.3      19.4340    0.0150000      53623.3      19.2800    0.0150000      53623.3      19.0990    0.0170000      53623.3      19.0150    0.0480000
       53626.262      19.7240    0.0460000      53626.3      19.3730    0.0170000      53626.3      19.2790    0.0160000      53626.3      19.0350    0.0170000      53626.3      18.9000    0.0430000
       53628.247      19.5170    0.0670000      53628.2      19.4120    0.0290000      53628.2      19.3140    0.0230000      53628.2      19.0890    0.0230000      53628.2      19.0430    0.0610000
       53637.248      19.6150    0.0530000      53637.2      19.3840    0.0210000      53637.2      19.3030    0.0210000      53637.2      19.0190    0.0230000      53637.2      18.9730    0.0750000
       53639.294      19.6780    0.0350000      53639.3      19.3980    0.0140000      53639.3      19.2720    0.0130000      53639.3      19.0710    0.0150000      53639.3      18.9650    0.0430000
       53644.241      19.6810    0.0310000      53644.2      19.3880    0.0180000      53644.2      19.2340    0.0170000      53644.2      19.0980    0.0190000      53644.2      18.9670    0.0350000
       53654.275      19.6890    0.0370000      53654.3      19.4170    0.0130000      53654.3      19.3210    0.0150000      53654.3      19.0690    0.0160000      53654.3      18.9520    0.0490000
       53656.223      19.7620     0.110000      53656.2      19.3730    0.0360000      53656.2      19.2960    0.0340000      53656.2      19.1130    0.0320000      53656.2      18.9820    0.0760000
       53663.236      19.5970    0.0540000      53663.2      19.4630    0.0210000      53663.2      19.2590    0.0160000      53663.2      19.0490    0.0160000      53663.2      19.0450    0.0450000
       53668.226      19.6870    0.0440000      53668.2      19.4150    0.0160000      53668.2      19.3020    0.0170000      53668.2      19.1140    0.0200000      53668.2      19.0080    0.0650000
       53670.231      19.7020    0.0370000      53670.2      19.3720    0.0130000      53670.2      19.3040    0.0140000      53670.2      19.0200    0.0150000      53670.2      19.0100    0.0470000
       53673.199      19.6550    0.0380000      53673.2      19.4200    0.0150000      53673.2      19.2870    0.0150000      53673.2      19.0760    0.0170000      53673.2      18.9900    0.0530000
       53675.196      19.6910    0.0390000      53675.2      19.4240    0.0160000      53675.2      19.2950    0.0170000      53675.2      19.1000    0.0210000      53675.2      19.0000    0.0640000
       53677.217      19.7160    0.0350000      53677.2      19.3900    0.0160000      53677.2      19.2980    0.0180000      53677.2      19.0550    0.0200000      53677.2      18.9340    0.0410000
       53680.203      19.7250    0.0370000      53680.2      19.4030    0.0140000      53680.2      19.3010    0.0150000      53680.2      19.0780    0.0160000      53680.2      19.0490    0.0430000
       53693.205      19.6260    0.0700000      53693.2      19.3980    0.0250000      53693.2      19.3430    0.0210000      53693.2      19.0380    0.0180000      53693.2      19.0500    0.0480000
       53704.189      19.6190    0.0360000      53704.2      19.4170    0.0140000      53704.2      19.2930    0.0140000      53704.2      19.0750    0.0170000      53704.2      18.9770    0.0510000
       53974.281      19.8130    0.0320000      53974.3      19.5270    0.0200000      53974.3      19.3850    0.0160000      53974.3      19.1880    0.0200000      53974.3      19.0930    0.0430000
       53989.285      19.7740    0.0620000      53989.3      19.5270    0.0300000      53989.3      19.4090    0.0210000      53989.3      19.1980    0.0230000      53989.3      19.0820    0.0480000
       53997.380      19.7340    0.0520000      53997.4      19.5280    0.0250000      53997.4      19.4340    0.0190000      53997.4      19.1710    0.0230000      53997.4     -99.9900    0.0790000
       54000.260      19.8540    0.0380000      54000.3      19.5260    0.0220000      54000.3     -99.9900    0.0330000      54000.3     -99.9900    0.0240000      54000.3      19.1320    0.0620000
       54007.310      19.9110    0.0480000      54007.3      19.5250    0.0210000      54007.3      19.4340    0.0200000      54007.3      19.1780    0.0220000      54007.3      19.2900    0.0760000
       54009.234      19.8210    0.0390000      54009.2      19.5250    0.0160000      54009.2      19.4510    0.0220000      54009.2      19.1900    0.0210000      54009.2      19.1500    0.0490000
       54011.298      19.8510    0.0540000      54011.3      19.5620    0.0230000      54011.3      19.4020    0.0170000      54011.3      19.2190    0.0230000      54011.3      19.0430    0.0460000
       54019.249      19.7040    0.0650000      54019.2      19.5000    0.0340000      54019.2      19.4520    0.0200000      54019.2      19.2180    0.0230000      54019.2      18.9460    0.0720000
       54025.297      19.8280    0.0600000      54025.3      19.5670    0.0230000      54025.3      19.4580    0.0230000      54025.3      19.1880    0.0310000      54025.3      19.0840    0.0640000
       54029.228      19.8330    0.0430000      54029.2      19.5470    0.0170000      54029.2      19.4890    0.0200000      54029.2      19.1860    0.0200000      54029.2      18.9190    0.0440000
       54348.295      19.5740    0.0350000      54348.3      19.2750    0.0190000      54348.3      19.2020    0.0200000      54348.3      19.0190    0.0240000      54348.3      18.7740    0.0550000
       54358.251      19.5810    0.0340000      54358.3      19.2880    0.0180000      54358.2      19.1740    0.0210000      54358.2      19.0120    0.0220000      54358.2      18.9510    0.0570000
       54365.284      19.6250    0.0920000      54365.3      19.3260    0.0270000      54365.3     -99.9900    0.0240000      54365.3      19.0650    0.0270000      54365.3      18.9990    0.0710000
       54373.358      19.4820     0.102000      54373.4      19.3050    0.0340000      54373.4      19.2290    0.0320000      54373.4      19.0600    0.0280000      54373.4      18.9940    0.0530000
       54381.304      19.6310    0.0350000      54381.3      19.3290    0.0200000      54381.3      19.1540    0.0180000      54381.3      19.0420    0.0220000      54381.3      18.9800    0.0500000
       54386.296      19.6580    0.0360000      54386.3      19.3000    0.0180000      54386.3      19.2210    0.0160000      54386.3      19.0420    0.0190000      54386.3      19.0320    0.0490000
       54388.300      19.6150    0.0370000      54388.3      19.3150    0.0190000      54388.3      19.2420    0.0170000      54388.3      19.0080    0.0200000      54388.3      18.8950    0.0430000
       54403.214      19.6440    0.0520000      54403.2      19.3140    0.0230000      54403.2      19.2490    0.0200000      54403.2      19.0600    0.0270000      54403.2      19.0190    0.0540000
       54404.272      19.6060    0.0490000      54404.3      19.3450    0.0260000      54404.3      19.2410    0.0200000      54404.3      19.0640    0.0270000      54404.3      18.9820    0.0450000
       54405.270      19.5820    0.0450000      54405.3      19.3650    0.0240000      54405.3      19.2450    0.0180000      54405.3      19.0240    0.0190000      54405.3      19.1180    0.0580000
       54406.208      19.5870    0.0350000      54406.2      19.3410    0.0230000      54406.2      19.2540    0.0170000      54406.2      19.0480    0.0260000      54406.2      19.0320    0.0490000
       54412.211      19.6670    0.0380000      54412.2      19.3600    0.0220000      54412.2      19.2630    0.0210000      54412.2      19.0330    0.0280000      54412.2      18.9500    0.0440000
       52197.000       19.646000     0.031000000       52197.000       19.380000     0.034000000       52197.000       19.258000     0.017000000       52197.000       19.021000     0.031000000       52197.000       18.970000     0.044000000
       51075       19.681000     0.032000000       51075       19.371000     0.022000000       51075       19.261000     0.017000000       51075       19.021000     0.026000000       51075       18.979000     0.068000000
       51134       19.746000     0.034000000       51134       19.417000     0.039000000       51134       19.259000     0.027000000       51134       19.091000     0.027000000       51134       18.988000     0.057000000
       51464       19.747000     0.044000000       51464       19.353000     0.033000000       51464       19.287000     0.020000000       51464       19.007000     0.020000000       51464       19.006000     0.069000000
       51467       19.702000     0.057000000       51467       19.473000     0.028000000       51467       19.287000     0.021000000       51467       19.041000     0.022000000       51467       18.858000     0.067000000
       51819       19.641000     0.039000000       51819       19.332000     0.025000000       51819       19.227000     0.018000000       51819       18.998000     0.017000000       51819       18.971000     0.048000000
       52196       19.502000     0.031000000       52196       19.344000     0.024000000       52196       19.211000     0.018000000       52196       19.011000     0.022000000       52196       18.949000     0.054000000
       52225       19.642000     0.027000000       52225       19.362000     0.026000000       52225       19.242000     0.015000000       52225       19.020000     0.020000000       52225       18.949000     0.042000000
       52231       19.632000     0.030000000       52231       19.416000     0.025000000       52231       19.225000     0.022000000       52231       19.083000     0.017000000       52231       18.978000     0.041000000
       52253       19.673000     0.074000000       52253       19.327000     0.023000000       52253       19.226000     0.018000000       52253       19.029000     0.022000000       52253       18.991000     0.066000000
       52557       19.388000     0.038000000       52557       19.284000     0.026000000       52557       19.249000     0.021000000       52557       19.040000     0.024000000       52557       18.904000     0.052000000
       52578       19.482000     0.027000000       52578       19.322000     0.024000000       52578       19.202000     0.020000000       52578       19.004000     0.022000000       52578       18.897000     0.043000000
       52908       19.494000     0.037000000       52908       19.236000     0.019000000       52908       19.155000     0.022000000       52908       18.897000     0.024000000       52908       18.893000     0.045000000
       52911       19.479000     0.029000000       52911       19.243000     0.018000000       52911       19.098000     0.021000000       52911       18.971000     0.022000000       52911       18.852000     0.045000000
       52930       19.552000     0.032000000       52930       19.245000     0.023000000       52930       19.152000     0.017000000       52930       18.958000     0.029000000       52930       18.892000     0.040000000
       52934       19.516000     0.033000000       52934       19.244000     0.026000000       52934       19.200000     0.022000000       52934       19.015000     0.023000000       52934       18.934000     0.055000000
       52936       19.530000     0.031000000       52936       19.295000     0.027000000       52936       19.165000     0.019000000       52936       18.972000     0.020000000       52936       18.843000     0.037000000
       52962       19.598000     0.039000000       52962       19.256000     0.017000000       52962       19.176000     0.019000000       52962       18.973000     0.019000000       52962       18.898000     0.058000000
       52962       19.559000     0.033000000       52962       20.651000      0.20600000       52962       19.212000     0.018000000       52962       19.030000     0.022000000       52962       18.975000     0.046000000
       53270       19.651000     0.044000000       53270       19.400000     0.022000000       53270       19.281000     0.016000000       53270       19.082000     0.017000000       53270       19.119000     0.061000000
       53272       19.570000     0.056000000       53272       19.416000     0.022000000       53272       19.273000     0.023000000       53272       19.075000     0.023000000       53272       18.923000     0.069000000
       53286       19.601000     0.043000000       53286       19.432000     0.027000000       53286       19.284000     0.023000000       53286       19.044000     0.034000000       53286       19.038000     0.054000000
       53288       19.649000     0.036000000       53288       19.423000     0.030000000       53288       19.306000     0.022000000       53288       19.033000     0.025000000       53288       18.973000     0.045000000
       53294       19.637000     0.041000000       53294       19.466000     0.033000000       53294       19.307000     0.025000000       53294       19.048000     0.028000000       53294       18.882000     0.057000000
       53312       19.645000     0.040000000       53312       19.414000     0.022000000       53312       19.296000     0.020000000       53312       19.076000     0.024000000       53312       19.056000     0.070000000
       53314       19.647000     0.033000000       53314       19.450000     0.021000000       53314       19.325000     0.026000000       53314       19.086000     0.025000000       53314       18.949000     0.051000000
