       52075.330      20.1400    0.0560000      52075.3      19.8390    0.0190000      52075.3      19.8750    0.0220000      52075.3      19.5890    0.0250000      52075.3      19.5220    0.0720000
       52197.139      20.2980    0.0490000      52197.1      19.7850    0.0160000      52197.1      19.8340    0.0200000      52197.1      19.5860    0.0240000      52197.1      19.5980    0.0810000
       52557.177      20.1610    0.0520000      52557.2      19.7350    0.0180000      52557.2      19.6770    0.0190000      52557.2      19.4600    0.0240000      52557.2      19.3460    0.0690000
       52578.073      19.9590    0.0430000      52578.1      19.6310    0.0150000      52578.1      19.6660    0.0190000      52578.1      19.4300    0.0220000      52578.1      19.3920    0.0770000
       52929.103      20.0770    0.0450000      52929.1      19.6540    0.0150000      52929.1      19.7280    0.0180000      52929.1      19.4720    0.0210000      52929.1      19.3940    0.0640000
       52934.083      20.0660    0.0430000      52934.1      19.6780    0.0160000      52934.1      19.7270    0.0190000      52934.1      19.5060    0.0220000      52934.1      19.6020    0.0750000
       52936.079      20.1400    0.0430000      52936.1      19.6620    0.0140000      52936.1      19.7330    0.0180000      52936.1      19.4720    0.0210000      52936.1      19.3920    0.0660000
       53243.264      19.9840    0.0810000      53243.3      19.6700    0.0310000      53243.3      19.7830    0.0330000      53243.3      19.4630    0.0290000      53243.3      19.5350    0.0830000
       53270.143      20.3410    0.0680000      53270.1      19.8880    0.0310000      53270.1     -99.9900    0.0240000      53270.1      19.6500    0.0250000      53270.1      19.7100    0.0760000
       53272.193      20.4780     0.151000      53272.2      19.8280    0.0420000      53272.2      19.9240    0.0400000      53272.2      19.6520    0.0380000      53272.2      19.5300    0.0850000
       53288.120      20.1640    0.0580000      53288.1      19.8190    0.0190000      53288.1      19.8540    0.0230000      53288.1      19.6420    0.0260000      53288.1      19.5020    0.0720000
       53302.116      20.3450     0.109000      53302.1      19.7710    0.0300000      53302.1      19.9390    0.0310000      53302.1      19.5670    0.0270000      53302.1      19.5460    0.0810000
       53312.071      20.3470    0.0650000      53312.1      19.7740    0.0200000      53312.1      19.9550    0.0290000      53312.1      19.6020    0.0320000      53312.1      19.6840     0.129000
       53314.073      20.3510    0.0590000      53314.1      19.8020    0.0180000      53314.1      19.8680    0.0240000      53314.1      19.5860    0.0270000      53314.1      19.6150    0.0990000
       53623.167      20.2170    0.0560000      53623.2      19.8300    0.0200000      53623.2      19.8210    0.0220000      53623.2      19.5460    0.0240000      53623.2      19.5320    0.0720000
       53626.153      20.0590    0.0740000      53626.2      19.7500    0.0290000      53626.2      19.7630    0.0270000      53626.2      19.5700    0.0280000      53626.2      19.4550    0.0740000
       53628.138      20.1910     0.141000      53628.1      19.7080    0.0430000      53628.1      19.8770    0.0470000      53628.1      19.6030    0.0430000      53628.1      19.6300     0.116000
       53637.140      20.1310    0.0690000      53637.1      19.7230    0.0200000      53637.1      19.7260    0.0230000      53637.1      19.5120    0.0320000      53637.1      19.6880     0.117000
       53644.132      20.2280    0.0470000      53644.1      19.7250    0.0160000      53644.1      19.8000    0.0190000      53644.1      19.5560    0.0200000      53644.1      19.5310    0.0710000
       53654.167      19.9790    0.0620000      53654.2      19.6970    0.0240000      53654.2      19.7460    0.0240000      53654.2      19.5210    0.0260000      53654.2      19.5390    0.0880000
       53656.115      19.9450     0.114000      53656.1      19.6530    0.0490000      53656.1      19.7240    0.0420000      53656.1      19.4280    0.0410000      53656.1      19.4140     0.118000
       53665.106      19.9750     0.127000      53665.1      19.6910    0.0500000      53665.1      19.6820    0.0880000      53665.1      19.4540    0.0780000      53665.1      19.2480     0.174000
       53668.117      20.0120    0.0590000      53668.1      19.6730    0.0200000      53668.1      19.6650    0.0270000      53668.1      19.4770    0.0350000      53668.1      19.3710     0.118000
       53670.122      20.2100    0.0590000      53670.1      19.6820    0.0170000      53670.1      19.6960    0.0230000      53670.1      19.4580    0.0270000      53670.1      19.5000    0.0980000
       53673.090      20.0480    0.0520000      53673.1      19.6490    0.0160000      53673.1      19.6510    0.0200000      53673.1      19.4330    0.0250000      53673.1      19.3570    0.0810000
       53675.087      19.9990    0.0480000      53675.1      19.5900    0.0170000      53675.1      19.7180    0.0210000      53675.1      19.4210    0.0260000      53675.1      19.5180     0.104000
       53677.108      20.0640    0.0480000      53677.1      19.6300    0.0160000      53677.1      19.7030    0.0210000      53677.1      19.4400    0.0230000      53677.1      19.3930    0.0710000
       53680.095      19.9790    0.0420000      53680.1      19.6120    0.0160000      53680.1      19.6710    0.0180000      53680.1      19.4740    0.0190000      53680.1      19.4190    0.0590000
       53693.097      20.0110    0.0790000      53693.1      19.5930    0.0260000      53693.1      19.6800    0.0240000      53693.1      19.4270    0.0270000      53693.1      19.3120    0.0760000
       53702.092      19.9320    0.0540000      53702.1      19.6140    0.0250000      53702.1      19.6110    0.0300000      53702.1      19.3890    0.0380000      53702.1      19.5680     0.151000
       53703.102      19.9550    0.0580000      53703.1      19.5790    0.0690000      53703.1      19.6730    0.0260000      53703.1      19.4010    0.0300000      53703.1      19.3980     0.116000
       53704.080      20.0250    0.0540000      53704.1      19.6130    0.0170000      53704.1      19.6910    0.0200000      53704.1      19.4510    0.0240000      53704.1      19.3690    0.0720000
       53974.168      20.3200    0.0500000      53974.2      19.8420    0.0180000      53974.2      19.8730    0.0180000      53974.2      19.6690    0.0240000      53974.2      19.5720    0.0720000
       53989.158      20.3170    0.0640000      53989.2      19.8380    0.0270000      53989.2      19.9760    0.0240000      53989.2      19.6290    0.0240000      53989.2      19.5260    0.0610000
       53989.176      20.3430    0.0660000      53989.2      19.9100    0.0250000      53989.2      19.9230    0.0250000      53989.2      19.6880    0.0240000      53989.2      19.8000    0.0720000
       53995.165      20.1810    0.0410000      53995.2      19.8340    0.0170000      53995.2      19.8650    0.0170000      53995.2      19.6180    0.0190000      53995.2      19.6800    0.0600000
       53997.144      20.1280    0.0490000      53997.1      19.8250    0.0190000      53997.1      19.8040    0.0200000      53997.1      19.6690    0.0260000      53997.1      19.4720    0.0880000
       54005.116      20.3470    0.0440000      54005.1      19.8390    0.0170000      54005.1      19.8250    0.0160000      54005.1      19.5590    0.0200000      54005.1      19.5640    0.0550000
       54007.128      20.2710    0.0530000      54007.1      19.8090    0.0210000      54007.1      19.8970    0.0210000      54007.1      19.5810    0.0230000      54007.1      19.6230    0.0750000
       54009.126      20.3360    0.0780000      54009.1      19.7830    0.0260000      54009.1      19.8550    0.0240000      54009.1      19.6060    0.0250000      54009.1      19.5310    0.0670000
       54011.190      20.2710    0.0990000      54011.2      19.8690    0.0360000      54011.2      19.8520    0.0300000      54011.2      19.6190    0.0280000      54011.2      19.6050    0.0710000
       54019.140      20.1850    0.0590000      54019.1      19.7970    0.0210000      54019.1      19.8340    0.0250000      54019.1      19.6050    0.0250000      54019.1      19.7040    0.0840000
       54025.189      20.2980    0.0550000      54025.2      19.8360    0.0190000      54025.2      19.8780    0.0190000      54025.2      19.5830    0.0250000      54025.2      19.4700    0.0680000
       54029.119      20.3450    0.0540000      54029.1      19.8910    0.0220000      54029.1      19.8800    0.0180000      54029.1      19.6610    0.0210000      54029.1      19.4800    0.0600000
       54051.096      20.4350     0.158000      54051.1      19.9410    0.0250000      54051.1      20.0600     0.116000      54051.1      19.4840    0.0900000      54051.1      19.5560     0.151000
       54356.198      20.2000    0.0540000      54356.2      19.8170    0.0220000      54356.2      19.8420    0.0210000      54356.2      19.5550    0.0280000      54356.2      19.5460    0.0710000
       54358.143      20.1200    0.0560000      54358.1      19.7580    0.0230000      54358.1     -99.9900    0.0270000      54358.1      19.5040    0.0240000      54358.1      19.4520    0.0840000
       54373.175      20.1650    0.0820000      54373.2      19.8720    0.0290000      54373.2      19.8140    0.0270000      54373.2      19.5660    0.0260000      54373.2      19.6070    0.0850000
       54381.187      20.1490    0.0570000      54381.2      19.8050    0.0190000      54381.2      19.8450    0.0220000      54381.2      19.5600    0.0370000      54381.2      19.6740     0.117000
       54382.185      20.2770    0.0640000      54382.2      19.8150    0.0200000      54382.2      19.8890    0.0270000      54382.2      19.5540    0.0320000      54382.2      19.5200    0.0910000
       54383.191      20.3500    0.0670000      54383.2      19.8550    0.0180000      54383.2      19.8540    0.0200000      54383.2      19.6480    0.0240000      54383.2      19.4860    0.0730000
       54386.188      20.3100    0.0500000      54386.2      19.8420    0.0210000      54386.2      19.8520    0.0170000      54386.2      19.6210    0.0180000      54386.2      19.4820    0.0540000
       54388.192      20.2860    0.0640000      54388.2      19.8240    0.0200000      54388.2      19.8730    0.0220000      54388.2      19.5770    0.0230000      54388.2      19.6110    0.0830000
       54403.106      20.2980    0.0490000      54403.1      19.8660    0.0190000      54403.1      19.9100    0.0200000      54403.1      19.5990    0.0270000      54403.1      19.7760    0.0880000
       54406.099      20.2270    0.0520000      54406.1      19.8470    0.0190000      54406.1      19.8360    0.0230000      54406.1      19.6160    0.0320000      54406.1      19.6360    0.0940000
       54412.102      20.1990    0.0550000      54412.1      19.8160    0.0200000      54412.1      19.8080    0.0200000      54412.1      19.5660    0.0220000      54412.1      19.6560    0.0870000
       54415.140      20.2270    0.0540000      54415.1      19.8100    0.0200000      54415.1      19.8320    0.0180000      54415.1      19.6430    0.0230000      54415.1      19.6330    0.0800000
       52197.000       20.326000     0.050000000       52197.000       19.813000     0.020000000       52197.000       19.848000     0.019000000       52197.000       19.608000     0.023000000       52197.000       19.608000     0.079000000
       51459       20.588000     0.092000000       51459       20.139000     0.045000000       51459       20.157000     0.072000000       51459       19.873000     0.063000000       51459       19.871000      0.17000000
       52075       20.131000     0.050000000       52075       19.854000     0.032000000       52075       19.891000     0.051000000       52075       19.614000     0.044000000       52075       19.540000     0.075000000
       52197       20.324000     0.045000000       52197       19.813000     0.022000000       52197       19.844000     0.024000000       52197       19.610000     0.031000000       52197       19.618000     0.081000000
       52225       20.079000     0.058000000       52225       19.759000     0.024000000       52225       19.708000     0.049000000       52225       19.653000     0.039000000       52225       19.427000     0.069000000
       52522       20.141000     0.051000000       52522       19.720000     0.023000000       52522       19.805000     0.020000000       52522       19.500000     0.027000000       52522       19.516000     0.076000000
       52557       20.158000     0.046000000       52557       19.784000     0.021000000       52557       19.749000     0.020000000       52557       19.514000     0.024000000       52557       19.440000     0.072000000
       52578       19.946000     0.042000000       52578       19.652000     0.017000000       52578       19.697000     0.020000000       52578       19.467000     0.023000000       52578       19.389000     0.077000000
       52929       20.074000     0.040000000       52929       19.701000     0.023000000       52929       19.777000     0.018000000       52929       19.528000     0.020000000       52929       19.424000     0.064000000
       52934       20.051000     0.038000000       52934       19.703000     0.021000000       52934       19.732000     0.031000000       52934       19.536000     0.032000000       52934       19.593000     0.076000000
       53243       20.017000     0.079000000       53243       19.693000     0.033000000       53243       19.843000     0.034000000       53243       19.512000     0.032000000       53243       19.587000     0.085000000
       53270       20.333000     0.071000000       53270       19.899000     0.029000000       53270       19.897000     0.027000000       53270       19.641000     0.027000000       53270       19.668000     0.083000000
       53272       20.463000      0.13100000       53272       19.871000     0.047000000       53272       19.977000     0.044000000       53272       19.693000     0.040000000       53272       19.552000     0.088000000
       53288       20.165000     0.051000000       53288       19.844000     0.021000000       53288       19.895000     0.025000000       53288       19.670000     0.032000000       53288       19.489000     0.070000000
       53312       20.381000     0.067000000       53312       19.765000     0.020000000       53312       19.957000     0.030000000       53312       19.594000     0.034000000       53312       19.710000      0.15100000
       53314       20.401000     0.063000000       53314       19.874000     0.019000000       53314       19.967000     0.025000000       53314       19.684000     0.028000000       53314       19.640000     0.095000000
