       51075.274      19.8370    0.0370000      51075.3      19.6630    0.0170000      51075.3      19.4030    0.0170000      51075.3      19.3740    0.0250000      51075.3      19.2090    0.0780000
       51464.262      19.6400    0.0390000      51464.3      19.5180    0.0170000      51464.3      19.3010    0.0170000      51464.3      19.2750    0.0230000      51464.3      19.2970    0.0750000
       51467.353      19.7440    0.0680000      51467.4      19.5110    0.0180000      51467.4      19.3120    0.0210000      51467.4      19.1970    0.0240000      51467.4      19.2870    0.0930000
       51819.329      19.9980    0.0530000      51819.3      19.8190    0.0180000      51819.3      19.5510    0.0170000      51819.3      19.5760    0.0210000      51819.3      19.3900    0.0630000
       52196.275      19.9830    0.0470000      52196.3      19.8420    0.0190000      52196.3      19.5440    0.0180000      52196.3      19.5940    0.0250000      52196.3      19.6220    0.0920000
       52197.288      20.1180    0.0450000      52197.3      19.8390    0.0170000      52197.3      19.5790    0.0150000      52197.3      19.5600    0.0210000      52197.3      19.4770    0.0660000
       52225.138      20.2450    0.0460000      52225.1      19.8960    0.0180000      52225.1      19.5850    0.0170000      52225.1      19.6050    0.0240000      52225.1      19.5190    0.0720000
       52231.174      20.0690    0.0430000      52231.2      19.9060    0.0180000      52231.2      19.6430    0.0170000      52231.2      19.6130    0.0220000      52231.2      19.5900    0.0690000
       52253.160      20.2380    0.0700000      52253.2      19.8400    0.0230000      52253.2      19.6020    0.0210000      52253.2      19.5880    0.0260000      52253.2      19.5460    0.0860000
       52557.282      20.1510    0.0540000      52557.3      19.8150    0.0190000      52557.3      19.5310    0.0180000      52557.3      19.5540    0.0250000      52557.3      19.6220     0.104000
       52578.178      20.0160    0.0430000      52578.2      19.7600    0.0170000      52578.2      19.5180    0.0170000      52578.2      19.5090    0.0240000      52578.2      19.5940    0.0790000
       52908.256      19.8340    0.0410000      52908.3      19.7020    0.0170000      52908.3      19.3910    0.0150000      52908.3      19.4460    0.0220000      52908.3      19.3550    0.0670000
       52911.270      19.8380    0.0410000      52911.3      19.6850    0.0160000      52911.3      19.4230    0.0150000      52911.3      19.3650    0.0220000      52911.3      19.2490    0.0630000
       52930.147      19.8860    0.0410000      52930.1      19.6920    0.0160000      52930.1      19.4310    0.0150000      52930.1      19.4180    0.0200000      52930.1      19.3990    0.0610000
       52934.188      19.8730    0.0440000      52934.2      19.7310    0.0190000      52934.2      19.4330    0.0180000      52934.2      19.4520    0.0240000      52934.2      19.5600    0.0830000
       52936.184      19.9450    0.0390000      52936.2      19.6880    0.0150000      52936.2      19.4130    0.0140000      52936.2      19.4860    0.0210000      52936.2      19.3810    0.0600000
       52962.110      19.9780    0.0430000      52962.1      19.7390    0.0170000      52962.1      19.4230    0.0160000      52962.1      19.4420    0.0220000      52962.1      19.3370    0.0630000
       53270.248      20.1800    0.0460000      53270.2      19.8810    0.0250000      53270.2      19.5590    0.0240000      53270.2      19.6040    0.0270000      53270.2      19.4680    0.0650000
       53272.298      20.1190    0.0920000      53272.3      19.7890    0.0320000      53272.3      19.6090    0.0240000      53272.3      19.6190    0.0300000      53272.3      19.5170    0.0820000
       53286.267      20.0950    0.0700000      53286.3      19.8510    0.0240000      53286.3      19.5390    0.0270000      53286.3      19.5460    0.0350000      53286.3      19.7300    0.0960000
       53288.225      20.1750    0.0460000      53288.2      19.8670    0.0170000      53288.2      19.5850    0.0160000      53288.2      19.6160    0.0200000      53288.2      19.5040    0.0570000
       53294.253      20.0560    0.0450000      53294.3      19.8310    0.0260000      53294.2      19.5900    0.0240000      53294.2      19.5710    0.0270000      53294.3      19.5140    0.0780000
       53302.221      19.9810     0.104000      53302.2      19.8860    0.0460000      53302.2      19.6070    0.0390000      53302.2      19.6170    0.0390000      53302.2      19.5770    0.0960000
       53312.176      20.2790    0.0620000      53312.2      19.8580    0.0270000      53312.2      19.6040    0.0210000      53312.2      19.6520    0.0310000      53312.2      19.5590    0.0920000
       53314.178      20.0350    0.0450000      53314.2      19.8840    0.0190000      53314.2      19.5250    0.0180000      53314.2      19.6160    0.0250000      53314.2      19.5940    0.0870000
       53616.282      20.1600    0.0810000      53616.3      19.9050    0.0230000      53616.3      19.6080    0.0200000      53616.3      19.6090    0.0310000      53616.3      19.3060     0.143000
       53623.272      20.2500    0.0690000      53623.3      19.8950    0.0220000      53623.3      19.5940    0.0240000      53623.3      19.6560    0.0330000      53623.3      19.5740    0.0890000
       53626.258      20.3270    0.0770000      53626.3      19.9220    0.0260000      53626.3      19.6010    0.0220000      53626.3      19.6050    0.0290000      53626.3      19.5110    0.0730000
       53628.243      20.0620     0.107000      53628.2      19.9050    0.0430000      53628.2      19.6190    0.0310000      53628.2      19.6090    0.0350000      53628.2      19.5580    0.0910000
       53637.245      20.1790    0.0860000      53637.2      19.8770    0.0330000      53637.2      19.6460    0.0260000      53637.2      19.7260    0.0350000      53637.2      19.4990     0.112000
       53639.290      20.1460    0.0520000      53639.3      19.9310    0.0190000      53639.3      19.6180    0.0180000      53639.3      19.6390    0.0260000      53639.3      19.6730    0.0750000
       53644.237      20.1220    0.0400000      53644.2      19.9560    0.0260000      53644.2      19.6400    0.0200000      53644.2      19.6490    0.0240000      53644.2      19.4890    0.0510000
       53654.272      20.1990    0.0540000      53654.3      19.9330    0.0190000      53654.3      19.6270    0.0190000      53654.3      19.6400    0.0250000      53654.3      19.5300    0.0840000
       53656.220      20.4110     0.185000      53656.2      19.9570    0.0680000      53656.2      19.7700    0.0490000      53656.2      19.6840    0.0510000      53656.2      19.6600     0.134000
       53663.233      20.2360    0.0880000      53663.2      19.9400    0.0330000      53663.2      19.6790    0.0270000      53663.2      19.6430    0.0300000      53663.2      19.5570    0.0660000
       53668.223      20.3760    0.0740000      53668.2      19.9670    0.0240000      53668.2      19.6650    0.0220000      53668.2      19.6730    0.0320000      53668.2      19.5940     0.114000
       53670.227      20.2790    0.0530000      53670.2      19.9780    0.0190000      53670.2      19.6770    0.0180000      53670.2      19.6720    0.0270000      53670.2      19.5170    0.0770000
       53673.195      20.1830    0.0530000      53673.2      20.0210    0.0220000      53673.2      19.6830    0.0190000      53673.2      19.6600    0.0260000      53673.2      19.6980    0.0850000
       53675.192      20.4710    0.0880000      53675.2      19.9230    0.0230000      53675.2      19.6880    0.0240000      53675.2      19.6990    0.0370000      53675.2      19.6040     0.128000
       53677.213      20.2490    0.0530000      53677.2      19.9980    0.0190000      53677.2      19.6550    0.0180000      53677.2      19.6940    0.0250000      53677.2      19.6340    0.0720000
       53680.200      20.3060    0.0570000      53680.2      20.0110    0.0220000      53680.2      19.6440    0.0190000      53680.2      19.6680    0.0260000      53680.2      19.6090    0.0750000
       53693.202      20.1620     0.108000      53693.2      19.8950    0.0390000      53693.2      19.6520    0.0260000      53693.2      19.6410    0.0290000      53693.2      19.4090    0.0710000
       53702.198     -99.9900     0.133000      53702.2      20.0120    0.0450000      53702.2      19.6850    0.0390000      53702.2     -99.9900    0.0790000      53702.2      19.8910     0.575000
       53704.185      20.2990    0.0590000      53704.2      19.9640    0.0210000      53704.2      19.6520    0.0180000      53704.2      19.6960    0.0260000      53704.2      19.6300    0.0810000
       53974.278      20.0860    0.0400000      53974.3      19.9320    0.0230000      53974.3      19.6390    0.0210000      53974.3      19.7140    0.0230000      53974.3      19.6940    0.0650000
       53989.281      20.1980    0.0910000      53989.3      19.8810    0.0400000      53989.3      19.6200    0.0240000      53989.3      19.6910    0.0320000      53989.3      19.5960    0.0720000
       53997.377      20.1350    0.0630000      53997.4      19.8660    0.0210000      53997.4      19.6510    0.0240000      53997.4      19.7370    0.0300000      53997.4     -99.9900     0.103000
       54000.257      20.1370    0.0500000      54000.3      19.9190    0.0240000      54000.3      19.6070    0.0200000      54000.3      19.7350    0.0320000      54000.3      19.7360     0.108000
       54007.307      20.0910    0.0570000      54007.3      19.9170    0.0250000      54007.3      19.6640    0.0240000      54007.3      19.6730    0.0290000      54007.3      19.6180    0.0890000
       54009.231      20.0950    0.0430000      54009.2      19.8690    0.0320000      54009.2      19.6360    0.0220000      54009.2      19.7340    0.0260000      54009.2      19.6640    0.0650000
       54011.295      20.0820    0.0640000      54011.3      19.8660    0.0350000      54011.3      19.6580    0.0220000      54011.3      19.6510    0.0300000      54011.3      19.6190    0.0620000
       54019.245      19.9410    0.0600000      54019.2      19.8190    0.0260000      54019.2      19.6110    0.0230000      54019.2      19.6660    0.0270000      54019.2      19.6400    0.0910000
       54025.294      20.0950    0.0680000      54025.3      19.9130    0.0290000      54025.3      19.5890    0.0280000      54025.3      19.6850    0.0340000      54025.3      19.7380     0.125000
       54029.224      20.1850    0.0560000      54029.2      19.8590    0.0240000      54029.2      19.6250    0.0220000      54029.2      19.7230    0.0300000      54029.2      19.6570    0.0810000
       54348.292      20.2930    0.0560000      54348.3      19.9840    0.0250000      54348.3      19.7210    0.0250000      54348.3      19.7830    0.0340000      54348.3      19.5830    0.0880000
       54358.248      20.2610    0.0520000      54358.2      20.0270    0.0240000      54358.2      19.7660    0.0220000      54358.2      19.6820    0.0280000      54358.2      19.7530    0.0950000
       54365.281      20.1100    0.0590000      54365.3      19.9370    0.0380000      54365.3      19.7490    0.0270000      54365.3      19.7730    0.0380000      54365.3      19.6770     0.103000
       54373.355      19.9200     0.172000      54373.4      19.9680    0.0560000      54373.4      19.7250    0.0350000      54373.4      19.7060    0.0420000      54373.4      19.6110     0.100000
       54381.300      20.1250    0.0650000      54381.3      19.9980    0.0250000      54381.3      19.7030    0.0220000      54381.3      19.7030    0.0280000      54381.3      19.6400    0.0820000
       54386.293      20.1250    0.0450000      54386.3      19.9610    0.0230000      54386.3      19.7320    0.0220000      54386.3      19.7810    0.0260000      54386.3      19.7650    0.0790000
       54388.297      19.9510    0.0490000      54388.3      19.9320    0.0260000      54388.3      19.7390    0.0210000      54388.3      19.7730    0.0290000      54388.3      19.7670    0.0840000
       54403.211      20.0470    0.0710000      54403.2      19.9560    0.0320000      54403.2      19.7350    0.0250000      54403.2      19.7130    0.0300000      54403.2      19.5940    0.0750000
       54405.266      20.1220    0.0560000      54405.3      19.9490    0.0300000      54405.3      19.6740    0.0260000      54405.3      19.7320    0.0290000      54405.3      19.7060    0.0970000
       54406.205      20.0650    0.0420000      54406.2      19.9190    0.0260000      54406.2      19.7190    0.0270000      54406.2      19.7020    0.0250000      54406.2      19.6140    0.0710000
       54412.207      20.1460    0.0400000      54412.2      19.9120    0.0210000      54412.2      19.7370    0.0200000      54412.2      19.7290    0.0270000      54412.2      19.6750    0.0670000
       52197.000       20.132000     0.045000000       52197.000       19.843000     0.025000000       52197.000       19.563000     0.022000000       52197.000       19.540000     0.025000000       52197.000       19.470000     0.066000000
       51075       19.758000     0.034000000       51075       19.634000     0.017000000       51075       19.399000     0.017000000       51075       19.372000     0.026000000       51075       19.160000     0.075000000
       51464       19.581000     0.040000000       51464       19.488000     0.030000000       51464       19.270000     0.022000000       51464       19.246000     0.028000000       51464       19.265000     0.073000000
       51467       19.698000     0.057000000       51467       19.507000     0.022000000       51467       19.268000     0.027000000       51467       19.201000     0.025000000       51467       19.231000     0.088000000
       51819       19.967000     0.043000000       51819       19.807000     0.026000000       51819       19.522000     0.020000000       51819       19.543000     0.026000000       51819       19.376000     0.061000000
       52196       19.881000     0.039000000       52196       19.813000     0.023000000       52196       19.517000     0.029000000       52196       19.560000     0.028000000       52196       19.563000     0.086000000
       52225       20.217000     0.039000000       52225       19.880000     0.024000000       52225       19.576000     0.021000000       52225       19.608000     0.027000000       52225       19.473000     0.069000000
       52231       20.021000     0.042000000       52231       19.909000     0.033000000       52231       19.626000     0.028000000       52231       19.650000     0.024000000       52231       19.516000     0.063000000
       52253       20.160000     0.066000000       52253       19.826000     0.026000000       52253       19.552000     0.026000000       52253       19.557000     0.027000000       52253       19.465000     0.080000000
       52557       20.062000     0.041000000       52557       19.823000     0.024000000       52557       19.545000     0.021000000       52557       19.569000     0.028000000       52557       19.603000     0.098000000
       52578       19.943000     0.040000000       52578       19.742000     0.022000000       52578       19.525000     0.020000000       52578       19.520000     0.025000000       52578       19.573000     0.075000000
       52908       19.717000     0.043000000       52908       19.660000     0.027000000       52908       19.352000     0.021000000       52908       19.416000     0.027000000       52908       19.297000     0.063000000
       52911       19.993000     0.055000000       52911       19.682000     0.017000000       52911       19.428000     0.022000000       52911       19.371000     0.024000000       52911       19.330000     0.071000000
       52930       19.776000     0.036000000       52930       19.663000     0.021000000       52930       19.402000     0.022000000       52930       19.403000     0.027000000       52930       19.383000     0.059000000
       52934       19.812000     0.040000000       52934       19.695000     0.022000000       52934       19.408000     0.026000000       52934       19.437000     0.029000000       52934       19.570000     0.082000000
       52936       19.891000     0.031000000       52936       19.671000     0.021000000       52936       19.385000     0.020000000       52936       19.484000     0.026000000       52936       19.349000     0.054000000
       52962       19.779000     0.042000000       52962       19.677000     0.022000000       52962       19.382000     0.020000000       52962       19.321000     0.027000000       52962       19.352000     0.073000000
       52962       19.972000     0.042000000       52962       19.716000     0.021000000       52962       19.391000     0.021000000       52962       19.422000     0.024000000       52962       19.302000     0.061000000
       53270       20.089000     0.046000000       53270       19.834000     0.027000000       53270       19.520000     0.026000000       53270       19.565000     0.028000000       53270       19.438000     0.071000000
       53272       20.043000     0.089000000       53272       19.744000     0.033000000       53272       19.545000     0.027000000       53272       19.581000     0.031000000       53272       19.429000     0.079000000
       53286       20.052000     0.070000000       53286       19.794000     0.037000000       53286       19.495000     0.030000000       53286       19.505000     0.035000000       53286       19.650000      0.10200000
       53288       20.070000     0.041000000       53288       19.832000     0.029000000       53288       19.543000     0.021000000       53288       19.592000     0.027000000       53288       19.462000     0.054000000
       53294       20.014000     0.044000000       53294       19.881000     0.027000000       53294       19.590000     0.026000000       53294       19.531000     0.028000000       53294       19.508000     0.085000000
       53312       20.219000     0.062000000       53312       19.853000     0.024000000       53312       19.582000     0.023000000       53312       19.634000     0.034000000       53312       19.527000     0.097000000
       53314       19.991000     0.041000000       53314       19.893000     0.023000000       53314       19.547000     0.025000000       53314       19.626000     0.027000000       53314       19.619000     0.079000000
