       51081.435      19.7890    0.0410000      51081.4      19.4560    0.0130000      51081.4      19.2610    0.0140000      51081.4      18.9520    0.0150000      51081.4      18.9490    0.0600000
       51875.250      19.3220    0.0270000      51875.2      19.0120    0.0100000      51875.2      18.9240    0.0110000      51875.2      18.7030    0.0120000      51875.2      18.7370    0.0440000
       52171.482      19.7600    0.0400000      52171.5      19.3730    0.0120000      52171.5      19.1710    0.0130000      52171.5      18.9070    0.0140000      52171.5      18.9830    0.0530000
       52225.331      19.7630    0.0390000      52225.3      19.4270    0.0120000      52225.3      19.1970    0.0120000      52225.3      18.9290    0.0130000      52225.3      18.8720    0.0440000
       52288.165     -99.9900    0.0350000      52288.2      19.3290    0.0110000      52288.2      19.1800    0.0130000      52288.2      18.8990    0.0130000      52288.2      18.8870    0.0440000
       52551.438      19.5880    0.0340000      52551.4      19.2580    0.0110000      52551.4      19.0870    0.0120000      52551.4      18.8610    0.0130000      52551.4      18.8510    0.0460000
       52558.471      19.5860    0.0330000      52558.5      19.2740    0.0100000      52558.5      19.1060    0.0120000      52558.5      18.5920    0.0110000      52558.5      18.8440    0.0420000
       52578.343      19.5490    0.0360000      52578.3      19.2390    0.0100000      52578.3      19.1090    0.0120000      52578.3      18.7250    0.0120000      52578.3      18.9020    0.0450000
       52585.306      19.6300    0.0330000      52585.3      19.2590    0.0100000      52585.3      19.1130    0.0120000      52585.3      19.6070    0.0240000      52585.3      18.8530    0.0460000
       52909.472      19.6770    0.0350000      52909.5      19.3020    0.0110000      52909.5      19.1370    0.0110000      52909.5      18.8590    0.0120000      52909.5      18.9230    0.0420000
       52910.443      19.6930    0.0480000      52910.4      19.2830    0.0110000      52910.4      19.1020    0.0120000      52910.4      18.8060    0.0140000      52910.4      18.8900    0.0470000
       52935.370      19.5770    0.0350000      52935.4      19.2980    0.0110000      52935.4      19.1260    0.0120000      52935.4      18.8550    0.0130000      52935.4      18.8450    0.0480000
       53351.215      19.5540    0.0370000      53351.2      19.1470    0.0110000      53351.2      19.0610    0.0130000      53351.2      18.7970    0.0130000      53351.2      18.8060    0.0530000
       53622.472      19.2190    0.0280000      53622.5      18.9330   0.00900000      53622.5      18.8180    0.0100000      53622.5      18.6280    0.0110000      53622.5      18.6780    0.0340000
       53627.429      19.1310    0.0290000      53627.4      18.9540   0.00900000      53627.4      18.8470    0.0110000      53627.4      18.6410    0.0120000      53627.4      18.6610    0.0400000
       53634.422      19.2450    0.0700000      53634.4      18.9310    0.0200000      53634.4      18.8510    0.0200000      53634.4      18.6680    0.0190000      53634.4      18.6100    0.0490000
       53638.463      19.1650    0.0340000      53638.5      18.9140    0.0110000      53638.5      18.8420    0.0120000      53638.5      18.9750    0.0160000      53638.5      18.6360    0.0780000
       53640.427      19.2020    0.0350000      53640.4      18.9370    0.0100000      53640.4      18.8450    0.0110000      53640.4      18.6680    0.0120000      53640.4      18.6930    0.0450000
       53643.470      19.1790    0.0320000      53643.5      18.9330    0.0110000      53643.5      18.8430    0.0130000      53643.5      18.6380    0.0150000      53643.5      18.6950    0.0460000
       53657.307      19.2510    0.0870000      53657.3      18.9110    0.0290000      53657.3      18.7850    0.0230000      53657.3      18.6310    0.0230000      53657.3     -99.9900    0.0880000
       53657.471      19.1960    0.0350000      53657.5      18.9500    0.0100000      53657.5      18.8570    0.0110000      53657.5      18.9760    0.0150000      53657.5      18.6840    0.0460000
       53663.489      19.2480    0.0770000      53663.5      18.9950    0.0220000      53663.5      18.8830    0.0190000      53663.5      18.6760    0.0160000      53663.5      18.6890    0.0530000
       53664.424      19.3000     0.133000      53664.4      18.8420    0.0290000      53664.4     -99.9900    0.0690000      53664.4      18.5830    0.0450000      53664.4     -99.9900    0.0980000
       53665.489      19.2110    0.0490000      53665.5      18.9910    0.0150000      53665.5      18.8860    0.0150000      53665.5      18.6530    0.0140000      53665.5      18.6400    0.0490000
       53668.477      19.4370    0.0640000      53668.5      19.0060    0.0150000      53668.5      18.8820    0.0180000      53668.5      18.6400    0.0170000      53668.5      18.7790    0.0790000
       53669.383      19.2750    0.0360000      53669.4     -99.9900    0.0120000      53669.4      18.8700    0.0120000      53669.4      18.6550    0.0130000      53669.4      18.6880    0.0450000
       53670.483      19.1940    0.0540000      53670.5     -99.9900    0.0160000      53670.5      18.8630    0.0160000      53670.5      18.6660    0.0170000      53670.5      18.5510    0.0660000
       53671.468      19.3220    0.0400000      53671.5      19.0370    0.0110000      53671.5      18.8620    0.0130000      53671.5      18.6440    0.0130000      53671.5      18.6760    0.0430000
       53674.368      19.3740    0.0430000      53674.4      19.0370    0.0110000      53674.4      18.8910    0.0140000      53674.4      18.6590    0.0160000      53674.4      18.6750    0.0600000
       53676.457      19.4050    0.0530000      53676.5      19.0450    0.0140000      53676.5      18.9230    0.0230000      53676.5      18.6700    0.0210000      53676.5      18.6640    0.0770000
       53679.429      19.3070    0.0360000      53679.4      18.9990    0.0100000      53679.4      18.8900    0.0120000      53679.4      18.6070    0.0120000      53679.4      18.7940    0.0490000
       53681.421      19.3110    0.0430000      53681.4      18.9960    0.0110000      53681.4      18.8770    0.0140000      53681.4      18.4770    0.0130000      53681.4      18.6070    0.0420000
       53684.382      19.2930    0.0370000      53684.4      19.0040    0.0110000      53684.4      18.8710    0.0130000      53684.4      18.6430    0.0140000      53684.4      18.6450    0.0470000
       53687.323     -99.9900     0.106000      53687.3      19.0370    0.0340000      53687.3      18.8720    0.0250000      53687.3      18.6700    0.0220000      53687.3     -99.9900    0.0830000
       53694.393      19.2120    0.0730000      53694.4      18.9690    0.0200000      53694.4      18.8760    0.0180000      53694.4      18.6590    0.0160000      53694.4      18.6580    0.0570000
       53696.386      19.3390    0.0480000      53696.4      19.0590    0.0120000      53696.4      18.8990    0.0140000      53696.4      18.9570    0.0160000      53696.4      18.7060    0.0470000
       53697.378      19.3190    0.0450000      53697.4      19.0260    0.0140000      53697.4      18.8870    0.0130000      53697.4      18.6360    0.0130000      53697.4      18.7620    0.0540000
       53700.377      19.2250    0.0330000      53700.4      19.0030    0.0100000      53700.4      18.9050    0.0120000      53700.4      18.5880    0.0130000      53700.4      18.6590    0.0450000
       53705.363      19.3180    0.0460000      53705.4      19.0220    0.0120000      53705.4      18.8920    0.0130000      53705.4      18.6530    0.0150000      53705.4      18.7960    0.0760000
       53975.448      19.2390    0.0310000      53975.4      18.9600    0.0210000      53975.4      18.8550    0.0160000      53975.4      18.6380    0.0170000      53975.4      18.7040    0.0450000
       53994.471      19.2990    0.0290000      53994.5      18.9910    0.0280000      53994.5      18.8960    0.0180000      53994.5      18.6450    0.0140000      53994.5      18.5750    0.0370000
       53996.455      19.2250    0.0310000      53996.5      19.0020    0.0190000      53996.5      18.8620    0.0230000      53996.5      18.6780    0.0210000      53996.5      18.6870    0.0410000
       54005.468      19.3110    0.0310000      54005.5      19.0060    0.0210000      54005.5      18.8920    0.0190000      54005.5      18.6520    0.0250000      54005.5      18.6020    0.0350000
       54009.482      19.3170    0.0300000      54009.5      19.0220    0.0150000      54009.5      18.8840    0.0190000      54009.5      18.6750    0.0180000      54009.5      18.6490    0.0370000
       54010.409      19.3070    0.0300000      54010.4      19.0330    0.0160000      54010.4      18.9050    0.0180000      54010.4      18.6650    0.0140000      54010.4      18.6310    0.0380000
       54012.402      19.2900    0.0320000      54012.4      19.0310    0.0160000      54012.4      18.8960    0.0350000      54012.4      18.6180    0.0340000      54012.4      18.7320    0.0470000
       54020.440      19.3230    0.0530000      54020.4      19.0310    0.0160000      54020.4      18.9430    0.0180000      54020.4      18.6750    0.0190000      54020.4      18.6370    0.0420000
       54024.490      19.3820    0.0420000      54024.5      19.0800    0.0160000      54024.5      18.9170    0.0150000      54024.5      18.6680    0.0170000      54024.5      18.7320    0.0460000
       54028.478      19.2800    0.0350000      54028.5      19.0600    0.0150000      54028.5      18.9530    0.0230000      54028.5      18.6930    0.0180000      54028.5      18.6260    0.0460000
       54030.433      19.3020    0.0310000      54030.4      19.0840    0.0180000      54030.4      18.9350    0.0180000      54030.4      18.6830    0.0170000      54030.4      18.6340    0.0330000
       54035.477      19.3910    0.0440000      54035.5      19.0590    0.0200000      54035.5      18.9570    0.0150000      54035.5      18.7200    0.0240000      54035.5      18.6070    0.0500000
       54037.383      19.3290    0.0310000      54037.4      19.0400    0.0140000      54037.4      18.9460    0.0170000      54037.4      19.4100    0.0340000      54037.4      18.7120    0.0360000
       54040.397      19.3720    0.0280000      54040.4      19.0740    0.0140000      54040.4      18.9170    0.0150000      54040.4      18.8580    0.0270000      54040.4      18.7640    0.0380000
       54041.433      19.3980    0.0370000      54041.4      19.1060    0.0170000      54041.4      18.9580    0.0170000      54041.4      18.8050    0.0230000      54041.4      18.6850    0.0370000
       54047.428      19.2970     0.102000      54047.4      19.1170    0.0290000      54047.4      18.9550    0.0230000      54047.4      18.7100    0.0210000      54047.4     -99.9900    0.0730000
       54049.424      19.5140    0.0710000      54049.4      19.1200    0.0200000      54049.4      18.9930    0.0240000      54049.4      18.7130    0.0580000      54049.4      18.6370    0.0470000
       54050.384      19.4120    0.0710000      54050.4      19.1160    0.0220000      54050.4      18.9600    0.0210000      54050.4      18.7040    0.0180000      54050.4      18.8100    0.0730000
       54053.403      19.5180    0.0630000      54053.4     -99.9900    0.0180000      54053.4     -99.9900    0.0230000      54053.4      18.6970    0.0230000      54053.4     -99.9900    0.0710000
       54056.390      19.4810    0.0390000      54056.4      19.1220    0.0300000      54056.4      18.9540    0.0170000      54056.4      18.7170    0.0240000      54056.4      18.6940    0.0430000
       54059.384      19.4650    0.0370000      54059.4      19.1670    0.0180000      54059.4      18.9660    0.0160000      54059.4      18.7420    0.0180000      54059.4      18.6100    0.0460000
       54061.395      19.3170    0.0390000      54061.4      19.2130    0.0210000      54061.4      19.0550    0.0420000      54061.4      18.7180    0.0260000      54061.4      18.6420    0.0460000
       54062.389      19.4920    0.0370000      54062.4      19.1530    0.0180000      54062.4      18.9720    0.0190000      54062.4      18.7500    0.0210000      54062.4      18.7520    0.0380000
       54064.385      19.4980    0.0450000      54064.4      19.2040    0.0170000      54064.4      18.9860    0.0180000      54064.4      18.7340    0.0170000      54064.4      18.6920    0.0470000
       54068.369      19.5110    0.0490000      54068.4      19.1490    0.0190000      54068.4      18.9670    0.0240000      54068.4      18.7530    0.0310000      54068.4      18.8730    0.0660000
       54357.427      19.3770    0.0380000      54357.4      19.1500    0.0210000      54357.4      18.9910    0.0190000      54357.4      18.7570    0.0250000      54357.4      18.8660    0.0670000
       54362.477      19.3650    0.0300000      54362.5      19.1170    0.0160000      54362.5      19.0060    0.0140000      54362.5      18.7730    0.0180000      54362.5      18.8180    0.0390000
       54376.472      19.3440    0.0340000      54376.5      19.1430    0.0240000      54376.5      19.0180    0.0160000      54376.5      18.7700    0.0170000      54376.5      18.7840    0.0400000
       54382.457      19.4930    0.0390000      54382.5      19.1410    0.0190000      54382.5      19.0050    0.0150000      54382.5      18.7700    0.0240000      54382.5      18.7860    0.0480000
       54385.475      19.4730    0.0380000      54385.5      19.1460    0.0190000      54385.5      19.0490    0.0170000      54385.5      18.7540    0.0190000      54385.5      18.8840    0.0480000
       54387.475      19.3390    0.0450000      54387.5      19.1280    0.0180000      54387.5      19.0000    0.0160000      54387.5      18.7550    0.0220000      54387.5      18.7680    0.0420000
       54390.468      19.3840    0.0510000      54390.5      19.1350    0.0310000      54390.5     -99.9900    0.0210000      54390.5     -99.9900    0.0240000      54390.5      18.7340    0.0740000
       54391.476      19.3550    0.0450000      54391.5      19.1450    0.0130000      54391.5      19.0430    0.0200000      54391.5      18.8030    0.0220000      54391.5      18.6710    0.0570000
       54402.469      19.4080    0.0970000      54402.5      19.2050    0.0350000      54402.5      18.9930    0.0240000      54402.5      18.7400    0.0260000      54402.5      18.7810    0.0580000
       52522.000       19.581000     0.035000000       52522.000       19.265000     0.022000000       52522.000       19.130000     0.016000000       52522.000       18.831000     0.019000000       52522.000       18.910000     0.051000000
       51078       19.841000     0.029000000       51078       19.524000     0.020000000       51078       19.226000     0.015000000       51078       18.950000     0.022000000       51078       18.994000     0.039000000
       51081       19.799000     0.046000000       51081       19.425000     0.019000000       51081       19.248000     0.021000000       51081       18.929000     0.020000000       51081       18.949000     0.053000000
       51132       19.675000     0.035000000       51132       19.420000     0.023000000       51132       19.213000     0.019000000       51132       18.927000     0.022000000       51132       18.956000     0.068000000
       51115       19.811000     0.031000000       51115       19.413000     0.017000000       51115       19.256000     0.020000000       51115       18.953000     0.020000000       51115       18.919000     0.060000000
       51136       19.733000     0.029000000       51136       19.427000     0.023000000       51136       19.226000     0.017000000       51136       18.937000     0.022000000       51136       18.942000     0.052000000
       51138       19.816000     0.035000000       51138       19.428000     0.022000000       51138       19.200000     0.021000000       51138       18.927000     0.021000000       51138       19.025000     0.066000000
       51866       19.317000     0.028000000       51866       19.014000     0.018000000       51866       18.923000     0.015000000       51866       18.696000     0.017000000       51866       18.732000     0.038000000
       51875       19.364000     0.029000000       51875       19.019000     0.015000000       51875       18.928000     0.019000000       51875       18.699000     0.019000000       51875       18.733000     0.039000000
       52171       19.726000     0.039000000       52171       19.354000     0.022000000       52171       19.145000     0.022000000       52171       18.897000     0.021000000       52171       18.964000     0.053000000
       52225       19.742000     0.039000000       52225       19.411000     0.017000000       52225       19.170000     0.019000000       52225       18.916000     0.021000000       52225       18.868000     0.042000000
       52288       19.584000     0.031000000       52288       19.310000     0.017000000       52288       19.123000     0.018000000       52288       18.867000     0.017000000       52288       18.863000     0.040000000
       52522       19.583000     0.032000000       52522       19.273000     0.022000000       52522       19.127000     0.016000000       52522       18.826000     0.016000000       52522       18.931000     0.044000000
       52551       19.595000     0.031000000       52551       19.249000     0.016000000       52551       19.053000     0.018000000       52551       18.841000     0.020000000       52551       18.835000     0.042000000
       52558       19.591000     0.031000000       52558       19.301000     0.026000000       52558       19.082000     0.016000000       52558       18.609000     0.028000000       52558       18.842000     0.040000000
       52578       19.532000     0.033000000       52578       19.245000     0.021000000       52578       19.076000     0.019000000       52578       18.720000     0.019000000       52578       18.877000     0.041000000
       52585       19.611000     0.031000000       52585       19.251000     0.020000000       52585       19.084000     0.021000000       52585       19.628000     0.054000000       52585       18.806000     0.043000000
       52910       19.710000     0.048000000       52910       19.255000     0.030000000       52910       19.071000     0.023000000       52910       18.819000     0.022000000       52910       18.856000     0.047000000
       52935       19.574000     0.039000000       52935       19.283000     0.018000000       52935       19.103000     0.022000000       52935       18.834000     0.020000000       52935       18.832000     0.048000000
       53351       19.530000     0.031000000       53351       19.145000     0.030000000       53351       19.034000     0.022000000       53351       18.777000     0.018000000       53351       18.783000     0.048000000
       54424       19.391000     0.039000000       54424       19.125000     0.025000000       54424       18.981000     0.022000000       54424       18.746000     0.020000000       54424       18.774000     0.039000000
