       51081.434      21.2830     0.139000      51081.4      20.7680    0.0330000      51081.4      20.6540    0.0440000      51081.4      20.4950    0.0580000      51081.4      19.9500     0.117000
       51875.249      21.0330    0.0950000      51875.2      20.5430    0.0260000      51875.2      20.3380    0.0300000      51875.2      20.2460    0.0400000      51875.2      19.9760     0.112000
       52171.481      20.6090    0.0800000      52171.5      20.2210    0.0220000      52171.5      20.1630    0.0270000      52171.5      20.0670    0.0360000      52171.5      19.7120    0.0840000
       52225.330      20.6680    0.0720000      52225.3      20.1540    0.0190000      52225.3      20.1520    0.0240000      52225.3      19.9950    0.0300000      52225.3      19.7540    0.0810000
       52288.164      20.5430    0.0690000      52288.2      20.1560    0.0190000      52288.2      20.0700    0.0230000      52288.2      19.9940    0.0310000      52288.2      19.6710    0.0740000
       52551.438      20.8480     0.102000      52551.4      20.1680    0.0190000      52551.4      20.1360    0.0240000      52551.4      20.0110    0.0310000      52551.4      19.6880    0.0820000
       52558.470      20.6120    0.0650000      52558.5      20.1730    0.0170000      52558.5      20.0910    0.0220000      52558.5      19.9850    0.0310000      52558.5      19.6520    0.0770000
       52578.342     -99.9900    0.0720000      52578.3      20.0510    0.0170000      52578.3      20.0420    0.0230000      52578.3      19.9040    0.0280000      52578.3      19.6330    0.0810000
       52585.305      20.5450    0.0590000      52585.3      20.1100    0.0170000      52585.3      20.0250    0.0210000      52585.3      19.9060    0.0310000      52585.3      19.8480     0.103000
       52909.472      20.6900    0.0690000      52909.5      20.1800    0.0180000      52909.5      20.0860    0.0220000      52909.5      19.9620    0.0290000      52909.5      19.6110    0.0680000
       52910.442      20.6920     0.101000      52910.4      20.2210    0.0200000      52910.4      20.0940    0.0230000      52910.4      19.9920    0.0310000      52910.4      19.7900    0.0980000
       52935.369      20.6330    0.0680000      52935.4      20.1530    0.0200000      52935.4      20.0280    0.0250000      52935.4      20.0040    0.0350000      52935.4      19.6590    0.0910000
       53351.214      20.4630    0.0760000      53351.2      20.1060    0.0210000      53351.2      20.0360    0.0260000      53351.2      19.9830    0.0370000      53351.2      19.6510    0.0920000
       53622.471      20.5160    0.0610000      53622.5      19.9830    0.0160000      53622.5      19.8750    0.0180000      53622.5      19.8350    0.0240000      53622.5      19.5600    0.0580000
       53627.429      20.3310    0.0700000      53627.4      19.9360    0.0170000      53627.4      19.8260    0.0230000      53627.4      19.7750    0.0310000      53627.4      19.6220    0.0830000
       53634.421      20.2130     0.168000      53634.4      19.9360    0.0540000      53634.4      19.9320    0.0540000      53634.4      19.8180    0.0520000      53634.4      19.5500    0.0950000
       53638.462      20.3820    0.0810000      53638.5      19.9570    0.0240000      53638.5      19.8650    0.0260000      53638.5      19.7630    0.0340000      53638.5      19.6270    0.0990000
       53640.426      20.4700    0.0870000      53640.4      19.9390    0.0210000      53640.4      19.8330    0.0220000      53640.4      19.8320    0.0310000      53640.4      19.5070    0.0770000
       53643.469      20.4160    0.0770000      53643.5      19.9160    0.0180000      53643.5      19.8550    0.0210000      53643.5      19.7850    0.0290000      53643.5      19.5540    0.0720000
       53657.306      20.4830     0.278000      53657.3      19.8710    0.0730000      53657.3      19.7650    0.0620000      53657.3      19.7170    0.0710000      53657.3     -99.9900     0.163000
       53657.471      20.3190    0.0740000      53657.5      19.9210    0.0190000      53657.5      19.8310    0.0210000      53657.5      19.7910    0.0290000      53657.5      19.7250    0.0920000
       53663.488      20.3580     0.200000      53663.5      19.9490    0.0590000      53663.5      19.7160    0.0420000      53663.5      19.7010    0.0460000      53663.5      19.4140    0.0930000
       53664.423     -99.9900     0.480000      53664.4      19.8700    0.0840000      53664.4     -99.9900     0.332000      53664.4      19.4360     0.191000      53664.4      19.1230     0.191000
       53665.488      20.4640     0.145000      53665.5      19.9380    0.0320000      53665.5      19.8230    0.0360000      53665.5      19.7990    0.0410000      53665.5      19.5360    0.0970000
       53668.477      20.4230     0.153000      53668.5      19.8850    0.0330000      53668.5      19.7540    0.0340000      53668.5      19.8420    0.0570000      53668.5      19.7160     0.150000
       53669.383      20.2270    0.0750000      53669.4      19.9150    0.0230000      53669.4      19.8380    0.0240000      53669.4      19.7720    0.0340000      53669.4      19.5160    0.0760000
       53670.483      20.5270     0.163000      53670.5      19.9160    0.0310000      53670.5      19.8620    0.0390000      53670.5      19.8320    0.0460000      53670.5      19.6210     0.134000
       53671.467      20.4250    0.0920000      53671.5      19.8990    0.0190000      53671.5      19.8630    0.0260000      53671.5      19.8190    0.0340000      53671.5      19.5000    0.0780000
       53674.367      20.3930    0.0980000      53674.4      19.9270    0.0220000      53674.4      19.8500    0.0280000      53674.4      19.7930    0.0420000      53674.4      19.4830     0.104000
       53676.456      20.1780     0.120000      53676.5      19.9410    0.0290000      53676.5      19.8890    0.0330000      53676.5      19.7620    0.0590000      53676.5      19.4540     0.108000
       53679.428      20.3800    0.0740000      53679.4      19.9210    0.0170000      53679.4      19.8310    0.0250000      53679.4      19.8400    0.0340000      53679.4      19.5580    0.0900000
       53681.420      20.2430    0.0860000      53681.4      19.9570    0.0190000      53681.4      19.8730    0.0280000      53681.4      19.7900    0.0350000      53681.4      19.3680    0.0780000
       53684.381      20.3630    0.0810000      53684.4      19.9100    0.0180000      53684.4      19.8410    0.0270000      53684.4      19.7590    0.0350000      53684.4      19.6840     0.134000
       53694.393      20.0500     0.151000      53694.4      19.7800    0.0430000      53694.4      19.7430    0.0420000      53694.4      19.7120    0.0470000      53694.4      19.3660    0.0990000
       53696.386      20.2640    0.0920000      53696.4      19.9140    0.0250000      53696.4      19.7970    0.0270000      53696.4      19.7610    0.0340000      53696.4      19.6200    0.0950000
       53697.377      20.4800     0.107000      53697.4      19.8870    0.0280000      53697.4      19.7610    0.0240000      53697.4      19.7440    0.0330000      53697.4      19.5450    0.0900000
       53700.376      20.3530    0.0690000      53700.4      19.9000    0.0170000      53700.4      19.7920    0.0240000      53700.4      19.8130    0.0350000      53700.4      19.4630    0.0780000
       53705.362      20.5640     0.120000      53705.4      19.8420    0.0230000      53705.4      19.7540    0.0250000      53705.4      19.6540    0.0350000      53705.4      19.5660     0.118000
       53975.447      20.1540    0.0580000      53975.4      19.6680    0.0170000      53975.4      19.6570    0.0250000      53975.4      19.6300    0.0270000      53975.4      19.3150    0.0620000
       53994.470      20.2310    0.0570000      53994.5      19.6920    0.0230000      53994.5      19.6770    0.0200000      53994.5      19.6230    0.0250000      53994.5      19.3580    0.0520000
       53996.454      20.2190    0.0610000      53996.5      19.7610    0.0150000      53996.5      19.6730    0.0200000      53996.5      19.6980    0.0320000      53996.5      19.5400    0.0710000
       54005.467      20.3120    0.0650000      54005.5      19.7190    0.0190000      54005.5      19.6340    0.0180000      54005.5      19.6440    0.0230000      54005.5      19.3440    0.0540000
       54009.481      20.1080    0.0410000      54009.5      19.7180    0.0170000      54009.5      19.6670    0.0210000      54009.5      19.6960    0.0220000      54009.5      19.3820    0.0470000
       54010.408      20.2170    0.0460000      54010.4      19.7190    0.0180000      54010.4      19.6390    0.0180000      54010.4      19.6240    0.0220000      54010.4      19.4050    0.0510000
       54012.401     -99.9900    0.0670000      54012.4      19.7560    0.0210000      54012.4      19.6880    0.0280000      54012.4      19.6940    0.0350000      54012.4      19.4300    0.0750000
       54020.439     -99.9900    0.0800000      54020.4      19.7820    0.0260000      54020.4      19.6670    0.0230000      54020.4      19.6540    0.0300000      54020.4      19.4300    0.0720000
       54024.489      20.1210    0.0750000      54024.5      19.7370    0.0220000      54024.5      19.7070    0.0230000      54024.5      19.6600    0.0290000      54024.5      19.4360    0.0710000
       54028.477     -99.9900    0.0680000      54028.5      19.7250    0.0190000      54028.5      19.7000    0.0250000      54028.5      19.6320    0.0340000      54028.5      19.4450    0.0830000
       54030.432      20.1560    0.0470000      54030.4      19.7550    0.0160000      54030.4      19.7450    0.0190000      54030.4      19.6180    0.0240000      54030.4      19.4790    0.0600000
       54035.476      20.1970    0.0850000      54035.5      19.7620    0.0190000      54035.5      19.6930    0.0230000      54035.5      19.6340    0.0330000      54035.5      19.4900    0.0850000
       54037.382     -99.9900    0.0450000      54037.4      19.7630    0.0200000      54037.4     -99.9900    0.0160000      54037.4     -99.9900    0.0220000      54037.4     -99.9900    0.0530000
       54040.396      19.9930    0.0470000      54040.4      19.7250    0.0200000      54040.4      19.7160    0.0210000      54040.4      19.6640    0.0280000      54040.4      19.4030    0.0620000
       54041.432     -99.9900    0.0540000      54041.4      19.7270    0.0210000      54041.4      19.6890    0.0200000      54041.4      19.6750    0.0270000      54041.4      19.4610    0.0630000
       54047.427      20.1030     0.145000      54047.4      19.7190    0.0460000      54047.4      19.6080    0.0350000      54047.4      19.7210    0.0420000      54047.4      19.4710    0.0840000
       54049.423      20.3390     0.144000      54049.4      19.7460    0.0310000      54049.4      19.7180    0.0290000      54049.4      19.6350    0.0390000      54049.4      19.4560    0.0870000
       54050.383      20.2290     0.116000      54050.4      19.7370    0.0360000      54050.4      19.6860    0.0290000      54050.4      19.6270    0.0420000      54050.4      19.4120     0.104000
       54053.403      20.1320    0.0790000      54053.4      19.7030    0.0230000      54053.4      19.7500    0.0400000      54053.4     -99.9900    0.0450000      54053.4     -99.9900     0.171000
       54056.389      20.2630    0.0770000      54056.4      19.7630    0.0200000      54056.4      19.6900    0.0190000      54056.4      19.6600    0.0270000      54056.4      19.4560    0.0740000
       54059.383      20.1150    0.0650000      54059.4      19.7280    0.0220000      54059.4      19.7000    0.0210000      54059.4      19.6660    0.0320000      54059.4      19.5950    0.0960000
       54061.394      20.3810    0.0820000      54061.4      19.7830    0.0240000      54061.4      19.6880    0.0270000      54061.4      19.6710    0.0660000      54061.4      19.5040    0.0860000
       54062.388      20.2630    0.0550000      54062.4      19.7880    0.0210000      54062.4      19.6720    0.0180000      54062.4      19.6950    0.0280000      54062.4      19.3450    0.0600000
       54064.384      20.1870    0.0690000      54064.4      19.7620    0.0200000      54064.4      19.7280    0.0220000      54064.4      19.6890    0.0320000      54064.4      19.4880    0.0830000
       54068.369      20.3080    0.0970000      54068.4      19.7440    0.0230000      54068.4      19.7660    0.0250000      54068.4      19.6520    0.0330000      54068.4      19.3210    0.0890000
       54357.426      20.4870    0.0560000      54357.4      19.9470    0.0230000      54357.4      19.8730    0.0190000      54357.4      19.8120    0.0260000      54357.4      19.6020    0.0560000
       54362.476      20.3980    0.0590000      54362.5      20.0000    0.0260000      54362.5      19.9110    0.0230000      54362.5      19.8850    0.0290000      54362.5      19.6230    0.0650000
       54376.471      20.3740    0.0720000      54376.5      19.9690    0.0250000      54376.5      19.8830    0.0200000      54376.5      19.8120    0.0280000      54376.5      19.6300    0.0710000
       54382.456      20.2250    0.0580000      54382.5      19.9580    0.0180000      54382.5      19.8970    0.0210000      54382.5      19.8540    0.0310000      54382.5      19.6440    0.0830000
       54385.474      20.4990    0.0730000      54385.5      19.9350    0.0240000      54385.5      19.9600    0.0220000      54385.5      19.8920    0.0300000      54385.5      19.5700    0.0700000
       54387.475      20.4760    0.0790000      54387.5      19.9770    0.0200000      54387.5      19.9440    0.0250000      54387.5      19.8350    0.0290000      54387.5      19.6090    0.0800000
       54391.476      20.7260     0.147000      54391.5      19.9690    0.0220000      54391.5      19.9140    0.0370000      54391.5      19.8710    0.0550000      54391.5      19.5050     0.102000
       54402.468      21.0180     0.374000      54402.5      19.9520    0.0570000      54402.5      19.9700    0.0530000      54402.5      19.8460    0.0560000      54402.5      19.5280    0.0950000
       52522.000       20.707000      0.10800000       52522.000       20.197000     0.023000000       52522.000       20.087000     0.023000000       52522.000       20.032000     0.030000000       52522.000       19.928000     0.087000000
       51078       21.344000     0.083000000       51078       20.857000     0.028000000       51078       20.703000     0.031000000       51078       20.492000     0.036000000       51078       20.080000     0.086000000
       51081       21.244000      0.11700000       51081       20.766000     0.033000000       51081       20.645000     0.044000000       51081       20.491000     0.055000000       51081       19.956000      0.11500000
       51115       21.414000      0.10700000       51115       20.823000     0.043000000       51115       20.613000     0.037000000       51115       20.419000     0.051000000       51115       20.182000      0.15900000
       51132       21.336000      0.11500000       51132       20.847000     0.039000000       51132       20.732000     0.055000000       51132       20.348000     0.058000000       51132       20.265000      0.18400000
       51133       21.342000     0.094000000       51133       20.828000     0.040000000       51133       20.634000     0.054000000       51133       20.612000     0.079000000       51133       19.975000      0.12900000
       51136       21.503000      0.10600000       51136       20.781000     0.028000000       51136       20.611000     0.035000000       51136       20.536000     0.051000000       51136       20.043000      0.12400000
       51875       21.065000     0.079000000       51875       20.542000     0.027000000       51875       20.339000     0.031000000       51875       20.269000     0.040000000       51875       19.978000      0.11000000
       52171       20.690000     0.069000000       52171       20.241000     0.027000000       52171       20.159000     0.027000000       52171       20.058000     0.034000000       52171       19.705000     0.082000000
       52225       20.456000     0.063000000       52225       20.144000     0.023000000       52225       20.146000     0.025000000       52225       19.996000     0.029000000       52225       19.758000     0.078000000
       52288       20.534000     0.060000000       52288       20.155000     0.023000000       52288       20.070000     0.025000000       52288       20.001000     0.030000000       52288       19.687000     0.071000000
       52522       20.730000     0.094000000       52522       20.211000     0.023000000       52522       20.094000     0.023000000       52522       20.025000     0.029000000       52522       19.893000     0.085000000
       52551       20.757000     0.069000000       52551       20.155000     0.021000000       52551       20.111000     0.026000000       52551       19.991000     0.031000000       52551       19.660000     0.079000000
       52558       20.564000     0.054000000       52558       20.198000     0.025000000       52558       20.081000     0.024000000       52558       19.982000     0.031000000       52558       19.679000     0.074000000
       52585       20.504000     0.053000000       52585       20.123000     0.020000000       52585       20.019000     0.021000000       52585       19.894000     0.030000000       52585       19.870000      0.10200000
       52909       20.668000     0.058000000       52909       20.202000     0.024000000       52909       20.114000     0.022000000       52909       19.981000     0.027000000       52909       19.614000     0.065000000
       52910       20.850000     0.086000000       52910       20.235000     0.033000000       52910       20.091000     0.030000000       52910       19.962000     0.032000000       52910       19.785000     0.096000000
       52935       20.667000     0.060000000       52935       20.168000     0.022000000       52935       20.029000     0.024000000       52935       20.016000     0.036000000       52935       19.680000     0.089000000
       53351       20.490000     0.063000000       53351       20.110000     0.024000000       53351       19.998000     0.032000000       53351       19.954000     0.037000000       53351       19.645000     0.090000000
       54424       20.310000     0.079000000       54424       19.988000     0.029000000       54424       19.971000     0.029000000       54424       19.938000     0.034000000       54424       19.550000     0.063000000
