       51075.447      21.1700    0.0960000      51075.4      20.8030    0.0330000      51075.4      20.6020    0.0360000      51075.4      20.3360    0.0450000      51075.4      20.7560     0.280000
       51818.417      20.6080    0.0700000      51818.4      20.3890    0.0240000      51818.4      20.3040    0.0280000      51818.4      20.0720    0.0320000      51818.4      19.9570     0.104000
       52171.405      20.9000    0.0820000      52171.4      20.6210    0.0280000      52171.4      20.4270    0.0310000      52171.4      20.1870    0.0320000      52171.4      20.0800     0.124000
       52173.381      21.0380     0.104000      52173.4      20.5610    0.0280000      52173.4      20.4270    0.0340000      52173.4      20.2630    0.0450000      52173.4      20.0500     0.141000
       52224.361      20.8990    0.0770000      52224.4      20.6800    0.0260000      52224.4      20.4850    0.0290000      52224.4      20.2570    0.0340000      52224.4      20.2660     0.130000
       52234.318      20.8740    0.0890000      52234.3      20.6440    0.0280000      52234.3      20.5810    0.0370000      52234.3      20.2850    0.0380000      52234.3      20.2210     0.116000
       52261.281      20.9890    0.0770000      52261.3      20.7700    0.0270000      52261.3      20.5820    0.0290000      52261.3      20.2930    0.0300000      52261.3      20.2920     0.111000
       52283.149      21.0400     0.112000      52283.1      20.8630    0.0390000      52283.1      20.6270    0.0430000      52283.1      20.3840    0.0550000      52283.1      20.1360     0.168000
       52287.162      20.9930    0.0840000      52287.2      20.7700    0.0320000      52287.2      20.5780    0.0330000      52287.2      20.3660    0.0390000      52287.2      20.5110     0.152000
       52552.481      21.0000    0.0860000      52552.5      20.7740    0.0280000      52552.5      20.5660    0.0300000      52552.5      20.5600    0.0420000      52552.5      20.4690     0.150000
       52557.455      21.0780    0.0990000      52557.5      20.7570    0.0280000      52557.5      20.6210    0.0350000      52557.5      20.3150    0.0410000      52557.5      20.2210     0.147000
       52585.356      21.0140    0.0870000      52585.4      20.8470    0.0290000      52585.4      20.6080    0.0340000      52585.4      20.3940    0.0410000      52585.4      20.3560     0.150000
       52908.429      20.9840    0.0850000      52908.4      20.7910    0.0300000      52908.4      20.6900    0.0330000      52908.4      20.4630    0.0380000      52908.4      20.2760     0.137000
       52912.409      21.2360     0.139000      52912.4      20.7930    0.0310000      52912.4      20.6460    0.0350000      52912.4      20.4510    0.0410000      52912.4      20.2950     0.141000
       52934.361      20.9350    0.0910000      52934.4      20.8530    0.0330000      52934.4      20.6650    0.0380000      52934.4      20.5080    0.0470000      52934.4      20.0790     0.132000
       52936.357      20.9450    0.0760000      52936.4      20.7850    0.0270000      52936.4      20.7430    0.0360000      52936.4      20.3680    0.0360000      52936.4      20.2380     0.124000
       53270.421      21.2770    0.0900000      53270.4      20.8650    0.0270000      53270.4      20.6950    0.0280000      53270.4      20.4660    0.0340000      53270.4      20.5360     0.132000
       53272.471      21.3640     0.119000      53272.5      20.9330    0.0300000      53272.5      20.7100    0.0330000      53272.5      20.4180    0.0370000      53272.5      20.1180     0.104000
       53286.440      20.9680     0.122000      53286.4      20.7350    0.0440000      53286.4      20.5020    0.0380000      53286.4      20.3230    0.0410000      53286.4      20.3580     0.188000
       53288.398      21.0730     0.100000      53288.4      20.7930    0.0290000      53288.4      20.6930    0.0330000      53288.4      20.3700    0.0380000      53288.4      20.4470     0.138000
       53294.446      21.1810     0.136000      53294.4      20.7850    0.0330000      53294.4      20.5900    0.0360000      53294.4      20.3870    0.0490000      53294.4      20.1510     0.141000
       53296.393      21.2310     0.116000      53296.4      20.7610    0.0290000      53296.4      20.6180    0.0380000      53296.4      20.3310    0.0410000      53296.4      20.2350     0.128000
       53298.443      21.1020    0.0980000      53298.4      20.7620    0.0290000      53298.4      20.6280    0.0390000      53298.4      20.3310    0.0440000      53298.4      20.2680     0.154000
       53312.350      20.7190     0.115000      53312.4      20.8640    0.0550000      53312.3      20.5860    0.0450000      53312.3      20.3400    0.0460000      53312.4      20.2640     0.167000
       53314.351      21.1340     0.154000      53314.4      20.7190    0.0360000      53314.3      20.5390    0.0370000      53314.4      20.3100    0.0430000      53314.4      20.2940     0.163000
       53319.339      20.9860     0.133000      53319.3      20.7410    0.0430000      53319.3      20.5430    0.0470000      53319.3      20.3300    0.0550000      53319.3      20.3170     0.195000
       53616.455      21.4550     0.148000      53616.5      20.8550    0.0340000      53616.5      20.6130    0.0360000      53616.5      20.3470    0.0420000      53616.5      20.2540     0.143000
       53626.432      21.2140     0.146000      53626.4     -99.9900     0.591000      53626.4     -99.9900    0.0420000      53626.4     -99.9900    0.0500000      53626.4     -99.9900     0.340000
       53628.417      21.4860     0.186000      53628.4      20.8700    0.0380000      53628.4      20.5780    0.0410000      53628.4      20.2540    0.0460000      53628.4      20.1070     0.145000
       53639.464      21.4410     0.167000      53639.5      20.7500    0.0390000      53639.5      20.6120    0.0350000      53639.5      20.3580    0.0410000      53639.5      20.2710     0.130000
       53641.463      21.2050     0.163000      53641.5      20.8160    0.0350000      53641.5      20.5390    0.0430000      53641.5      20.2550    0.0450000      53641.5      20.2420     0.144000
       53657.422      21.1090     0.136000      53657.4      20.8460    0.0370000      53657.4      20.5170    0.0440000      53657.4      20.3190    0.0530000      53657.4      20.2570     0.177000
       53663.406      21.5000     0.425000      53663.4      20.7720     0.109000      53663.4      20.3830    0.0690000      53663.4      20.1780    0.0550000      53663.4      20.2400     0.169000
       53665.384      21.4110     0.286000      53665.4      20.8140    0.0640000      53665.4      20.6310    0.0910000      53665.4      20.2960    0.0520000      53665.4      20.4240     0.187000
       53666.476      21.3070     0.252000      53666.5      20.8030    0.0600000      53666.5      20.6330    0.0500000      53666.5      20.4250    0.0780000      53666.5      20.3200     0.155000
       53668.396      21.5430     0.272000      53668.4      20.9040    0.0510000      53668.4      20.5240    0.0500000      53668.4      20.3500    0.0560000      53668.4      20.2910     0.191000
       53669.483      21.4640     0.300000      53669.5      20.8770    0.0550000      53669.5      20.6260    0.0580000      53669.5      20.3780    0.0610000      53669.5      20.0690     0.155000
       53670.401      21.5570     0.269000      53670.4      21.0300    0.0540000      53670.4      20.6280    0.0490000      53670.4      20.4300    0.0560000      53670.4      20.2630     0.185000
       53673.369      21.3560     0.126000      53673.4      20.7890    0.0300000      53673.4      20.5810    0.0330000      53673.4      20.2940    0.0330000      53673.4      20.2870     0.117000
       53675.365      21.5400     0.176000      53675.4      20.8790    0.0320000      53675.4      20.6060    0.0360000      53675.4      20.3690    0.0440000      53675.4      20.1140     0.128000
       53676.485      20.6120     0.391000      53676.5      20.9550     0.207000      53676.5      20.5840     0.130000      53676.5      20.1850     0.113000      53676.5      19.2120     0.299000
       53680.373      21.1610     0.105000      53680.4      20.8460    0.0280000      53680.4      20.5870    0.0350000      53680.4      20.3670    0.0360000      53680.4      20.2810     0.107000
       53683.432      21.1340     0.269000      53683.4      20.6760    0.0560000      53683.4      20.3000     0.119000      53683.4      20.1910     0.128000      53683.4      19.6620     0.225000
       53686.373      20.9110     0.176000      53686.4      20.7460    0.0720000      53686.4      20.4430    0.0530000      53686.4      20.2310    0.0490000      53686.4      20.3290     0.160000
       53693.375      20.9260     0.327000      53693.4      20.6630     0.111000      53693.4      20.6870    0.0950000      53693.4      20.3300    0.0670000      53693.4      20.2450     0.195000
       53699.396      21.2330     0.180000      53699.4      20.9090    0.0490000      53699.4      20.6170    0.0410000      53699.4      20.3100    0.0400000      53699.4      20.1670     0.128000
       53704.358      21.5810     0.213000      53704.4      20.8370    0.0350000      53704.4      20.5120    0.0390000      53704.4      20.3320    0.0490000      53704.4      20.1180     0.167000
       53989.455      20.5480     0.226000      53989.5      20.5580    0.0560000      53989.5      20.3570    0.0410000      53989.5      20.2390    0.0400000      53989.5      20.1550    0.0940000
       54000.430      20.8960     0.107000      54000.4      20.5690    0.0350000      54000.4     -99.9900    0.0370000      54000.4      20.2440    0.0430000      54000.4     -99.9900     0.154000
       54007.480      20.9910    0.0840000      54007.5      20.6850    0.0300000      54007.5      20.3670    0.0270000      54007.5      20.2490    0.0320000      54007.5      20.1100    0.0990000
       54009.404      20.9590    0.0650000      54009.4      20.6170    0.0230000      54009.4      20.4540    0.0230000      54009.4      20.1950    0.0290000      54009.4      20.2440    0.0840000
       54011.468      20.9710    0.0680000      54011.5      20.6320    0.0230000      54011.5      20.3850    0.0220000      54011.5      20.2070    0.0300000      54011.5      20.0350    0.0610000
       54012.481      21.0090    0.0990000      54012.5      20.6450    0.0300000      54012.5      20.3930    0.0290000      54012.5      20.2050    0.0330000      54012.5      20.0180    0.0950000
       54019.463      20.9110     0.203000      54019.5      20.6480    0.0590000      54019.5      20.4040    0.0410000      54019.5      20.2840    0.0510000      54019.5      20.1830     0.133000
       54025.467      21.1370     0.122000      54025.5      20.5850    0.0300000      54025.5      20.4370    0.0340000      54025.5      20.1880    0.0440000      54025.5      20.1690     0.125000
       54346.461      20.7490     0.157000      54346.5      20.3540    0.0530000      54346.5      20.3980    0.0470000      54346.5      20.2970    0.0460000      54346.5      19.9310    0.0990000
       54348.465      20.7210     0.105000      54348.5      20.5550    0.0380000      54348.5      20.3580    0.0340000      54348.5      20.1300    0.0350000      54348.5      19.9780    0.0990000
       54358.421      21.1010     0.105000      54358.4      20.5210    0.0230000      54358.4      20.4490    0.0350000      54358.4      20.1650    0.0360000      54358.4      20.1170     0.113000
       54365.454      20.8240    0.0630000      54365.5      20.5130    0.0230000      54365.5      20.3480    0.0250000      54365.5      20.1500    0.0270000      54365.5      20.0790    0.0740000
       54381.474      20.8680    0.0900000      54381.5      20.5690    0.0260000      54381.5      20.4050    0.0310000      54381.5      20.1880    0.0470000      54381.5      20.1430     0.104000
       54386.466      20.8040    0.0750000      54386.5      20.5520    0.0240000      54386.5      20.4050    0.0410000      54386.5      20.1400    0.0320000      54386.5      19.9900    0.0790000
       54388.470      20.8230    0.0750000      54388.5      20.5780    0.0240000      54388.5      20.3750    0.0320000      54388.5      20.2670    0.0380000      54388.5      20.1850     0.111000
       54392.468      21.1020     0.108000      54392.5      20.5780    0.0320000      54392.5      20.3540    0.0390000      54392.5      20.1770    0.0350000      54392.5      19.9280    0.0920000
       54403.384      20.9630     0.207000      54403.4      20.5820    0.0730000      54403.4      20.3370    0.0380000      54403.4      20.2080    0.0460000      54403.4     -99.9900     0.158000
       54404.441      20.7380     0.219000      54404.4      20.6570    0.0910000      54404.4     -99.9900     0.867000      54404.4      20.2240     0.259000      54404.4      20.4740     0.298000
       54406.378      20.8750    0.0870000      54406.4      20.5520    0.0270000      54406.4      20.4040    0.0250000      54406.4      20.1550    0.0290000      54406.4      19.8730    0.0670000
       54409.383      20.8850    0.0730000      54409.4      20.4970    0.0240000      54409.4      20.3130    0.0240000      54409.4      20.1630    0.0310000      54409.4      19.8170    0.0760000
       54412.403     -99.9900     0.123000      54412.4      20.5440    0.0330000      54412.4      20.3740    0.0430000      54412.4      20.1520    0.0470000      54412.4      20.4590     0.235000
       52234.000       20.892000     0.084000000       52234.000       20.664000     0.032000000       52234.000       20.569000     0.038000000       52234.000       20.293000     0.040000000       52234.000       20.176000      0.10600000
       51075       21.177000     0.083000000       51075       20.866000     0.037000000       51075       20.646000     0.035000000       51075       20.354000     0.039000000       51075       20.819000      0.28600000
       51133       21.086000     0.087000000       51133       20.913000     0.040000000       51133       20.640000     0.044000000       51133       20.478000     0.067000000       51133       20.241000      0.20100000
       51134       21.224000     0.083000000       51134       20.839000     0.031000000       51134       20.671000     0.034000000       51134       20.467000     0.044000000       51134       20.104000      0.12300000
       51818       20.651000     0.059000000       51818       20.416000     0.026000000       51818       20.290000     0.029000000       51818       20.058000     0.030000000       51818       19.973000      0.10100000
       51874       20.822000     0.080000000       51874       20.356000     0.027000000       51874       20.286000     0.029000000       51874       20.111000     0.043000000       51874       20.018000      0.12900000
       52170       20.962000     0.082000000       52170       20.566000     0.030000000       52170       20.444000     0.035000000       52170       20.217000     0.039000000       52170       20.027000      0.10700000
       52171       20.890000     0.068000000       52171       20.629000     0.031000000       52171       20.433000     0.033000000       52171       20.179000     0.035000000       52171       20.049000      0.11900000
       52173       21.077000     0.091000000       52173       20.573000     0.029000000       52173       20.421000     0.034000000       52173       20.259000     0.044000000       52173       20.033000      0.13500000
       52224       20.947000     0.069000000       52224       20.716000     0.030000000       52224       20.543000     0.028000000       52224       20.287000     0.039000000       52224       20.242000      0.11600000
       52234       20.890000     0.078000000       52234       20.669000     0.033000000       52234       20.572000     0.038000000       52234       20.293000     0.039000000       52234       20.158000      0.10600000
       52283       21.042000     0.097000000       52283       20.872000     0.044000000       52283       20.613000     0.045000000       52283       20.379000     0.056000000       52283       20.110000      0.16000000
       52287       21.044000     0.070000000       52287       20.788000     0.033000000       52287       20.604000     0.034000000       52287       20.473000     0.044000000       52287       20.462000      0.13800000
       52552       21.037000     0.076000000       52552       20.812000     0.029000000       52552       20.572000     0.029000000       52552       20.598000     0.063000000       52552       20.499000      0.14100000
       52557       21.081000     0.085000000       52557       20.795000     0.030000000       52557       20.670000     0.036000000       52557       20.353000     0.041000000       52557       20.204000      0.13100000
       52585       21.016000     0.074000000       52585       20.899000     0.032000000       52585       20.667000     0.033000000       52585       20.411000     0.037000000       52585       20.333000      0.13300000
       52908       20.997000     0.073000000       52908       20.781000     0.033000000       52908       20.670000     0.033000000       52908       20.453000     0.036000000       52908       20.247000      0.13100000
       52912       21.200000      0.10100000       52912       20.845000     0.033000000       52912       20.656000     0.037000000       52912       20.458000     0.041000000       52912       20.293000      0.13400000
       52934       20.988000      0.10200000       52934       20.852000     0.032000000       52934       20.657000     0.040000000       52934       20.502000     0.055000000       52934       20.045000      0.12600000
       52936       20.959000     0.076000000       52936       20.806000     0.031000000       52936       20.744000     0.035000000       52936       20.360000     0.036000000       52936       20.244000      0.11800000
       53270       21.349000     0.088000000       53270       20.857000     0.029000000       53270       20.705000     0.030000000       53270       20.451000     0.036000000       53270       20.496000      0.13700000
       53272       21.361000      0.10000000       53272       20.950000     0.031000000       53272       20.702000     0.032000000       53272       20.432000     0.035000000       53272       20.108000     0.098000000
       53286       21.043000      0.10900000       53286       20.748000     0.044000000       53286       20.593000     0.039000000       53286       20.377000     0.040000000       53286       20.400000      0.16800000
       53288       21.037000     0.081000000       53288       20.822000     0.028000000       53288       20.724000     0.033000000       53288       20.391000     0.038000000       53288       20.458000      0.12900000
       53294       21.159000      0.10900000       53294       20.757000     0.038000000       53294       20.559000     0.037000000       53294       20.312000     0.046000000       53294       20.189000      0.14400000
       53298       21.071000     0.080000000       53298       20.784000     0.032000000       53298       20.639000     0.039000000       53298       20.319000     0.042000000       53298       20.275000      0.14700000
       53312       20.721000      0.11800000       53312       20.867000     0.059000000       53312       20.562000     0.048000000       53312       20.321000     0.048000000       53312       20.242000      0.17800000
       53314       21.044000     0.099000000       53314       20.743000     0.042000000       53314       20.574000     0.040000000       53314       20.345000     0.047000000       53314       20.269000      0.15100000
       53319       20.952000      0.11100000       53319       20.781000     0.043000000       53319       20.565000     0.047000000       53319       20.351000     0.053000000       53319       20.258000      0.17900000
