       51081.427      20.5190    0.0730000      51081.4      20.1770    0.0220000      51081.4      20.0570    0.0270000      51081.4      19.8490    0.0340000      51081.4      19.9400     0.118000
       51875.242      20.8000    0.0820000      51875.2      20.5070    0.0260000      51875.2      20.2520    0.0310000      51875.2      19.9680    0.0350000      51875.2      20.0890     0.152000
       52171.474      20.8950    0.0900000      52171.5      20.4720    0.0250000      52171.5      20.2720    0.0290000      52171.5      20.0550    0.0350000      52171.5      19.8640    0.0990000
       52225.323      20.8930    0.0870000      52225.3      20.4920    0.0240000      52225.3      20.2970    0.0270000      52225.3      20.0590    0.0330000      52225.3      20.2870     0.131000
       52288.157      20.8960    0.0880000      52288.2      20.5790    0.0270000      52288.2      20.2580    0.0270000      52288.2      20.0510    0.0340000      52288.2      19.9440    0.0980000
       52551.430      20.7020    0.0920000      52551.4      20.4340    0.0240000      52551.4      20.2070    0.0290000      52551.4      19.9730    0.0370000      52551.4      20.0700     0.134000
       52558.463      20.8600    0.0800000      52558.5      20.4210    0.0210000      52558.5      20.1510    0.0240000      52558.5      19.9260    0.0310000      52558.5      20.2790     0.143000
       52578.335      20.6470    0.0700000      52578.3      20.3760    0.0210000      52578.3      20.1910    0.0230000      52578.3      19.9280    0.0280000      52578.3      19.9720    0.0930000
       52585.298      20.6610    0.0680000      52585.3      20.3850    0.0460000      52585.3      20.1660    0.0260000      52585.3      19.9040    0.0330000      52585.3      19.5850    0.0930000
       52909.464      20.5670    0.0640000      52909.5      20.1460    0.0190000      52909.5      20.0300    0.0220000      52909.5      19.8190    0.0280000      52909.5      19.8010    0.0890000
       52910.435      20.3530    0.0670000      52910.4     -99.9900    0.0250000      52910.4      20.0260    0.0230000      52910.4      19.7790    0.0300000      52910.4      19.7090    0.0860000
       52935.362      20.5580    0.0690000      52935.4      20.2260    0.0200000      52935.4      20.0120    0.0300000      52935.4      19.7830    0.0320000      52935.4      19.7880     0.117000
       52963.285      20.5250    0.0620000      52963.3      20.2000    0.0200000      52963.3      20.0290    0.0250000      52963.3      19.8110    0.0270000      52963.3      19.7620    0.0870000
       53351.207      20.2550    0.0640000      53351.2      19.9300    0.0180000      53351.2      19.8540    0.0240000      53351.2      19.6260    0.0290000      53351.2      19.8510     0.124000
       53622.464      20.5110    0.0610000      53622.5      20.1360    0.0180000      53622.5      19.9260    0.0200000      53622.5      19.7070    0.0240000      53622.5      19.8210    0.0780000
       53627.421      20.4490    0.0700000      53627.4      20.1200    0.0200000      53627.4      19.9430    0.0230000      53627.4      19.7140    0.0290000      53627.4      19.8760    0.0990000
       53634.414      20.5340     0.184000      53634.4      20.1510    0.0550000      53634.4      19.9330    0.0420000      53634.4      19.6650    0.0360000      53634.4      19.7670     0.108000
       53638.455      20.5110    0.0950000      53638.5      20.1850    0.0280000      53638.5      19.9520    0.0280000      53638.5      19.7450    0.0340000      53638.5      19.6730     0.104000
       53640.419      20.4630    0.0830000      53640.4      20.1550    0.0240000      53640.4      19.9380    0.0230000      53640.4      19.7490    0.0290000      53640.4      19.7180    0.0960000
       53643.462      20.4170    0.0750000      53643.5      20.1980    0.0230000      53643.5      19.9320    0.0230000      53643.5      19.7520    0.0300000      53643.5      19.7730    0.0990000
       53646.481      20.5220    0.0820000      53646.5      20.1650    0.0220000      53646.5      19.9330    0.0260000      53646.5      19.7550    0.0310000      53646.5      19.7470     0.102000
       53657.299     -99.9900     0.241000      53657.3      20.2090    0.0780000      53657.3      19.9540    0.0620000      53657.3      19.8160    0.0620000      53657.3      19.5840     0.162000
       53657.464      20.6040     0.101000      53657.5      20.1520    0.0220000      53657.5      19.9270    0.0250000      53657.5      19.7210    0.0310000      53657.5      19.8770     0.115000
       53663.481      20.2840     0.217000      53663.5      20.0880    0.0570000      53663.5      20.0030    0.0550000      53663.5      19.6700    0.0440000      53663.5      19.7840     0.125000
       53665.481      20.6470     0.168000      53665.5      20.2020    0.0420000      53665.5      19.9620    0.0360000      53665.5      19.7380    0.0380000      53665.5      19.8180     0.131000
       53668.469      20.4590     0.168000      53668.5      20.2090    0.0370000      53668.5      19.8590    0.0350000      53668.5      19.7710    0.0480000      53668.5      19.7590     0.167000
       53669.375      20.6850     0.100000      53669.4      20.2590    0.0260000      53669.4      19.9630    0.0270000      53669.4      19.8010    0.0320000      53669.4      19.9020     0.112000
       53670.475      20.3290     0.159000      53670.5      20.2390    0.0380000      53670.5      19.9040    0.0360000      53670.5      19.7930    0.0510000      53670.5      19.7170     0.147000
       53671.460      20.4760    0.0880000      53671.5      20.1760    0.0240000      53671.5      19.9320    0.0260000      53671.5      19.7290    0.0310000      53671.5      19.7290     0.101000
       53674.360      20.5220    0.0970000      53674.4      20.1440    0.0250000      53674.4      20.0280    0.0300000      53674.4      19.7750    0.0370000      53674.4      19.9760     0.163000
       53676.449      20.5960     0.108000      53676.4      20.1510    0.0230000      53676.4      19.9160    0.0320000      53676.4      19.6760    0.0360000      53676.4      19.9250     0.137000
       53679.421      20.7470     0.107000      53679.4      20.1930    0.0220000      53679.4      19.9640    0.0270000      53679.4      19.7420    0.0350000      53679.4      19.6210    0.0990000
       53681.413      20.5110     0.104000      53681.4      20.1600    0.0240000      53681.4      19.9620    0.0270000      53681.4      19.8120    0.0340000      53681.4      19.7930     0.117000
       53684.374      20.5060    0.0910000      53684.4      20.1930    0.0230000      53684.4      19.9530    0.0320000      53684.4      19.7750    0.0370000      53684.4      19.7990     0.130000
       53687.315      20.5920     0.281000      53687.3      20.1270    0.0720000      53687.3     -99.9900    0.0620000      53687.3      19.7640    0.0740000      53687.3      19.5500     0.131000
       53694.386     -99.9900     0.213000      53694.4      20.2190    0.0530000      53694.4      19.9590    0.0430000      53694.4      19.7000    0.0420000      53694.4      19.6620     0.116000
       53696.378      20.6390     0.126000      53696.4      20.1930    0.0300000      53696.4      20.0530    0.0320000      53696.4      19.7510    0.0350000      53696.4      19.8140     0.109000
       53697.370      20.8600     0.133000      53697.4      20.2810    0.0300000      53697.4      20.0370    0.0280000      53697.4      19.8050    0.0320000      53697.4      19.9110     0.113000
       53700.369      20.7470     0.124000      53700.4      20.2440    0.0240000      53700.4      20.0070    0.0290000      53700.4      19.7370    0.0390000      53700.4      19.6990     0.137000
       53705.355      20.6740     0.124000      53705.4      20.2980    0.0270000      53705.4      20.0540    0.0300000      53705.4      19.8120    0.0340000      53705.4      20.0220     0.147000
       53975.440      20.4050    0.0970000      53975.4      20.0850    0.0240000      53975.4     -99.9900    0.0320000      53975.4      19.8010    0.0400000      53975.4      19.7720     0.212000
       53994.463     -99.9900    0.0620000      53994.5      20.0730    0.0200000      53994.5      19.9610    0.0230000      53994.5      19.7420    0.0270000      53994.5      19.7050    0.0770000
       53996.447      20.4280    0.0650000      53996.4      20.1230    0.0270000      53996.4      19.9000    0.0290000      53996.4      19.7680    0.0310000      53996.4      19.7660    0.0860000
       54005.460      20.4770    0.0590000      54005.5      20.1570    0.0230000      54005.5      19.9480    0.0230000      54005.5      19.7340    0.0270000      54005.5      19.7890    0.0810000
       54009.474      20.3970    0.0540000      54009.5      20.1460    0.0260000      54009.5      19.9570    0.0230000      54009.5      19.7410    0.0260000      54009.5      19.7300    0.0940000
       54010.401      20.4390    0.0550000      54010.4      20.1660    0.0230000      54010.4      20.0230    0.0200000      54010.4      19.7390    0.0230000      54010.4      19.8440    0.0770000
       54012.394      20.6840     0.104000      54012.4      20.1300    0.0350000      54012.4      19.9930    0.0300000      54012.4      19.7090    0.0330000      54012.4      20.1130     0.150000
       54020.432      20.4490     0.105000      54020.4      20.1210    0.0340000      54020.4      19.9370    0.0310000      54020.4      19.7300    0.0330000      54020.4      19.9650     0.111000
       54024.481      20.5410     0.107000      54024.5      20.2020    0.0290000      54024.5      19.9730    0.0300000      54024.5      19.6920    0.0330000      54024.5      19.7610     0.104000
       54028.470      20.5340    0.0810000      54028.5      20.1170    0.0290000      54028.5      19.9590    0.0250000      54028.5      19.7740    0.0420000      54028.5      19.9790     0.130000
       54030.425      20.5160    0.0630000      54030.4      20.1260    0.0190000      54030.4      20.0060    0.0260000      54030.4      19.6760    0.0290000      54030.4      19.7430    0.0890000
       54035.469      20.5290     0.115000      54035.5      20.0720    0.0250000      54035.5      19.8930    0.0300000      54035.5      19.7170    0.0320000      54035.5      19.5740     0.130000
       54037.375      20.6230    0.0620000      54037.4      20.1170    0.0180000      54037.4      19.9450    0.0220000      54037.4      19.8010    0.0270000      54037.4      19.6980    0.0660000
       54040.389      20.3730    0.0540000      54040.4      20.1200    0.0190000      54040.4      19.9120    0.0210000      54040.4      19.6670    0.0270000      54040.4      19.9310     0.160000
       54041.425     -99.9900    0.0620000      54041.4      20.0990    0.0250000      54041.4      19.9440    0.0240000      54041.4     -99.9900    0.0310000      54041.4      19.6300     0.105000
       54047.420      20.3450     0.197000      54047.4      20.1320    0.0600000      54047.4      19.9730    0.0500000      54047.4      19.7650    0.0470000      54047.4      19.9630     0.146000
       54049.416      20.4780     0.145000      54049.4      20.1010    0.0350000      54049.4      19.8820    0.0330000      54049.4      19.8330    0.0410000      54049.4      19.8470     0.123000
       54050.376     -99.9900     0.159000      54050.4      20.0530    0.0430000      54050.4      19.9800    0.0450000      54050.4      19.7420    0.0480000      54050.4      19.7070     0.193000
       54053.395      20.2800    0.0880000      54053.4      20.0820    0.0280000      54053.4      19.9170    0.0310000      54053.4     -99.9900    0.0430000      54053.4     -99.9900     0.170000
       54056.382      20.3540    0.0700000      54056.4      20.0210    0.0270000      54056.4      19.8850    0.0250000      54056.4      19.7220    0.0330000      54056.4      19.7130    0.0900000
       54059.376      20.4640    0.0830000      54059.4      20.1090    0.0230000      54059.4      19.9210    0.0290000      54059.4      19.6530    0.0410000      54059.4      19.8870     0.136000
       54061.387      20.5040     0.109000      54061.4      20.0340    0.0320000      54061.4      19.9460    0.0370000      54061.4      19.7110    0.0350000      54061.4      19.8660     0.158000
       54062.381      20.3080    0.0570000      54062.4      20.0670    0.0240000      54062.4     -99.9900    0.0260000      54062.4      19.6400    0.0280000      54062.4      19.7780     0.115000
       54064.377      20.4310    0.0850000      54064.4      20.1040    0.0220000      54064.4      19.8940    0.0270000      54064.4      19.7480    0.0360000      54064.4      19.6180    0.0960000
       54068.361      20.2850    0.0890000      54068.4      20.1440    0.0290000      54068.4      19.8700    0.0320000      54068.4      19.6300    0.0380000      54068.4      19.7120     0.116000
       54357.419      20.6020    0.0650000      54357.4      20.2840    0.0240000      54357.4      20.0600    0.0230000      54357.4      19.8010    0.0270000      54357.4      20.0370    0.0800000
       54362.469      20.6220    0.0620000      54362.5      20.2460    0.0220000      54362.5      20.0600    0.0240000      54362.5      19.7900    0.0360000      54362.5      19.8360    0.0820000
       54376.464      20.6270    0.0860000      54376.5      20.2470    0.0270000      54376.5      20.0790    0.0250000      54376.5      19.8570    0.0310000      54376.5      20.1180     0.124000
       54382.449      20.7720    0.0850000      54382.4      20.2020    0.0240000      54382.4      20.0320    0.0270000      54382.4      19.8280    0.0290000      54382.4      19.9750     0.125000
       54385.467      20.4790    0.0740000      54385.5      20.2370    0.0250000      54385.5      20.0450    0.0330000      54385.5      19.7980    0.0320000      54385.5      20.0040    0.0900000
       54387.467      20.6700    0.0910000      54387.5      20.2700    0.0260000      54387.5      20.0220    0.0260000      54387.5      19.8110    0.0320000      54387.5      19.7600     0.116000
       54390.460     -99.9900      99.9990      54390.5     -99.9900    0.0400000      54390.5     -99.9900      99.9990      54390.5     -99.9900      99.9990      54390.5     -99.9900      1.08700
       54391.468      20.9690     0.182000      54391.5      20.2270    0.0290000      54391.5      20.1210    0.0400000      54391.5      19.8310    0.0460000      54391.5      19.8750     0.155000
       54402.461      20.6250     0.323000      54402.5      20.2390    0.0700000      54402.5      19.9720    0.0520000      54402.5      19.9030    0.0600000      54402.5      19.9660     0.152000
       52522.000       20.942000     0.097000000       52522.000       20.548000     0.029000000       52522.000       20.275000     0.026000000       52522.000       20.036000     0.032000000       52522.000       20.142000      0.11700000
       51078       20.475000     0.046000000       51078       20.191000     0.026000000       51078       20.044000     0.020000000       51078       19.863000     0.025000000       51078       19.967000     0.088000000
       51081       20.489000     0.064000000       51081       20.216000     0.029000000       51081       20.045000     0.029000000       51081       19.856000     0.035000000       51081       19.922000      0.11300000
       51115       20.650000     0.061000000       51115       20.260000     0.023000000       51115       20.117000     0.029000000       51115       19.834000     0.035000000       51115       20.002000      0.13700000
       51132       20.644000     0.070000000       51132       20.284000     0.031000000       51132       20.170000     0.036000000       51132       19.848000     0.042000000       51132       19.778000      0.14200000
       51136       20.615000     0.059000000       51136       20.278000     0.025000000       51136       20.109000     0.029000000       51136       19.892000     0.038000000       51136       19.759000      0.11200000
       51138       20.725000     0.077000000       51138       20.246000     0.026000000       51138       20.062000     0.029000000       51138       19.771000     0.038000000       51138       19.667000      0.12100000
       51866       20.908000     0.078000000       51866       20.512000     0.028000000       51866       20.324000     0.029000000       51866       20.045000     0.036000000       51866       20.045000      0.11900000
       51875       20.768000     0.069000000       51875       20.492000     0.033000000       51875       20.231000     0.032000000       51875       19.976000     0.038000000       51875       20.114000      0.15000000
       52173       20.948000     0.081000000       52173       20.563000     0.031000000       52173       20.284000     0.029000000       52173       19.993000     0.035000000       52173       19.998000     0.097000000
       52171       20.853000     0.072000000       52171       20.492000     0.027000000       52171       20.307000     0.027000000       52171       20.091000     0.036000000       52171       19.891000      0.12600000
       52225       20.922000     0.074000000       52225       20.541000     0.031000000       52225       20.337000     0.028000000       52225       20.083000     0.033000000       52225       20.273000      0.12300000
       52288       20.896000     0.075000000       52288       20.587000     0.029000000       52288       20.292000     0.030000000       52288       20.088000     0.035000000       52288       19.967000      0.11600000
       52522       20.898000     0.080000000       52522       20.552000     0.028000000       52522       20.278000     0.027000000       52522       20.031000     0.031000000       52522       20.155000      0.11800000
       52551       20.708000     0.079000000       52551       20.475000     0.030000000       52551       20.240000     0.035000000       52551       20.014000     0.040000000       52551       20.086000      0.21900000
       52558       20.860000     0.067000000       52558       20.464000     0.030000000       52558       20.195000     0.026000000       52558       19.964000     0.030000000       52558       20.375000      0.22300000
       52585       20.654000     0.058000000       52585       20.351000     0.024000000       52585       20.185000     0.028000000       52585       19.931000     0.035000000       52585       19.634000      0.11200000
       52909       20.576000     0.053000000       52909       20.211000     0.020000000       52909       20.027000     0.029000000       52909       19.785000     0.027000000       52909       19.864000     0.089000000
       52910       20.345000     0.056000000       52910       20.445000     0.068000000       52910       20.077000     0.038000000       52910       19.834000     0.034000000       52910       19.750000     0.099000000
       52935       20.542000     0.057000000       52935       20.269000     0.026000000       52935       20.048000     0.027000000       52935       19.823000     0.033000000       52935       19.809000      0.11300000
       52963       20.506000     0.053000000       52963       20.207000     0.027000000       52963       20.056000     0.023000000       52963       19.801000     0.026000000       52963       19.811000     0.090000000
       53351       20.226000     0.063000000       53351       20.000000     0.027000000       53351       19.888000     0.029000000       53351       19.646000     0.035000000       53351       19.870000      0.12300000
       54424       20.503000      0.10500000       54424       20.285000     0.037000000       54424       20.070000     0.034000000       54424       19.827000     0.033000000       54424       19.907000     0.088000000
