       51081.429      20.8360    0.0980000      51081.4      20.4940    0.0290000      51081.4      20.3820    0.0340000      51081.4      20.6020    0.0620000      51081.4      20.2900     0.172000
       51875.244      21.2460     0.124000      51875.2      20.6740    0.0310000      51875.2      20.5100    0.0380000      51875.2      20.7770    0.0780000      51875.2      20.5130     0.206000
       52171.476     -99.9900    0.0930000      52171.5      20.5540    0.0270000      52171.5      20.4390    0.0310000      52171.5      20.4780    0.0510000      52171.5      20.2270     0.147000
       52225.325      21.0230    0.0910000      52225.3      20.6000    0.0280000      52225.3      20.3540    0.0290000      52225.3      20.4940    0.0470000      52225.3      20.4670     0.145000
       52288.159      20.8600    0.0910000      52288.2      20.4390    0.0240000      52288.2      20.3510    0.0300000      52288.2      20.3170    0.0430000      52288.2      20.4160     0.144000
       52551.432      20.5560    0.0760000      52551.4      20.1880    0.0210000      52551.4      20.0690    0.0260000      52551.4      20.2460    0.0430000      52551.4      20.0790     0.134000
       52558.465      20.5670    0.0610000      52558.5      20.2090    0.0190000      52558.5      20.0370    0.0230000      52558.5      20.2060    0.0380000      52558.5      19.9520     0.107000
       52578.337      20.4710    0.0600000      52578.3      20.1790    0.0190000      52578.3      19.9930    0.0210000      52578.3      20.1550    0.0330000      52578.3      19.9620    0.0960000
       52585.300      20.4040    0.0580000      52585.3      20.1050    0.0180000      52585.3      20.0040    0.0240000      52585.3      20.1160    0.0420000      52585.3      19.7890     0.113000
       52909.467      20.4620    0.0580000      52909.5      20.1470    0.0180000      52909.5      19.9730    0.0230000      52909.5      20.0610    0.0330000      52909.5      19.9770     0.101000
       52910.437      20.2950    0.0640000      52910.4      20.1300    0.0220000      52910.4      19.9840    0.0230000      52910.4      20.0870    0.0380000      52910.4      19.9920     0.102000
       52935.364      20.6660    0.0730000      52935.4      20.1990    0.0270000      52935.4      20.0500    0.0270000      52935.4      20.1430    0.0440000      52935.4      20.0210     0.141000
       52963.287      20.5920    0.0650000      52963.3      20.2620    0.0200000      52963.3      20.1220    0.0240000      52963.3      20.1640    0.0360000      52963.3      20.1010     0.115000
       53351.209      20.6210    0.0830000      53351.2      20.2580    0.0230000      53351.2      20.0660    0.0270000      53351.2      20.2350    0.0480000      53351.2      19.8580     0.126000
       53622.466      20.2460    0.0510000      53622.5      19.9460    0.0160000      53622.5      19.8010    0.0170000      53622.5      19.9460    0.0270000      53622.5      19.8650    0.0790000
       53627.423      20.2570    0.0590000      53627.4      19.9840    0.0200000      53627.4      19.8010    0.0200000      53627.4      19.9540    0.0310000      53627.4      19.8770    0.0980000
       53634.416      20.0510     0.120000      53634.4      20.0200    0.0660000      53634.4      19.7930    0.0370000      53634.4      19.9750    0.0490000      53634.4      19.8750     0.130000
       53638.457      20.2400    0.0810000      53638.5      19.9060    0.0250000      53638.5      19.7570    0.0260000      53638.5      19.8220    0.0390000      53638.5      19.9190     0.145000
       53640.421      20.1960    0.0680000      53640.4      19.9510    0.0210000      53640.4      19.8100    0.0220000      53640.4      19.8930    0.0330000      53640.4      19.6410    0.0920000
       53643.464      20.2190    0.0730000      53643.5      19.9880    0.0190000      53643.5      19.7590    0.0240000      53643.5      19.8900    0.0340000      53643.5      19.8410    0.0990000
       53646.483      20.2070    0.0680000      53646.5      19.9810    0.0180000      53646.5      19.7460    0.0210000      53646.5      19.8880    0.0370000      53646.5      19.7530     0.105000
       53657.301      20.2820     0.196000      53657.3      20.0190    0.0690000      53657.3      19.7980    0.0540000      53657.3      19.9760    0.0740000      53657.3      19.7050     0.167000
       53657.466      20.2040    0.0710000      53657.5      19.9370    0.0190000      53657.5      19.7930    0.0220000      53657.5      19.8730    0.0350000      53657.5      19.5140    0.0860000
       53663.483      20.1020     0.168000      53663.5      20.0120    0.0570000      53663.5      19.8010    0.0460000      53663.5      19.8560    0.0530000      53663.5      19.4790     0.112000
       53664.418     -99.9900     0.296000      53664.4      19.7430     0.164000      53664.4      19.9260     0.164000      53664.4      20.3220     0.293000      53664.4      19.4250     0.686000
       53665.483      20.2970     0.135000      53665.5      19.8650    0.0330000      53665.5      19.7290    0.0310000      53665.5      19.8610    0.0470000      53665.5      19.5470     0.113000
       53668.472      20.1650     0.126000      53668.5      19.9170    0.0330000      53668.5      19.7220    0.0360000      53668.5      19.7970    0.0500000      53668.5      19.6190     0.158000
       53669.378      20.2290    0.0700000      53669.4      19.9790    0.0220000      53669.4      19.7720    0.0240000      53669.4      19.8600    0.0330000      53669.4      19.8980     0.118000
       53670.478      20.1240     0.111000      53670.5      19.9680    0.0280000      53670.5      19.7460    0.0360000      53670.5      19.8560    0.0530000      53670.5      20.0300     0.186000
       53671.462      20.0780    0.0690000      53671.5      19.9600    0.0240000      53671.5      19.8230    0.0240000      53671.5      19.8590    0.0350000      53671.5      19.7600     0.128000
       53674.362      20.3480    0.0940000      53674.4      20.0200    0.0230000      53674.4      19.8080    0.0260000      53674.4      19.8530    0.0450000      53674.4      20.0010     0.182000
       53676.451      20.0260    0.0640000      53676.5      19.9290    0.0210000      53676.4      19.7860    0.0260000      53676.4      19.7860    0.0350000      53676.5      19.7410     0.110000
       53679.423      20.2180    0.0680000      53679.4      19.9440    0.0190000      53679.4      19.7940    0.0250000      53679.4      19.8320    0.0380000      53679.4      19.7880     0.122000
       53681.415      20.1990    0.0800000      53681.4      19.8570    0.0220000      53681.4      19.7600    0.0270000      53681.4      19.8380    0.0400000      53681.4      19.6670     0.114000
       53684.376      20.2790    0.0780000      53684.4      19.9670    0.0200000      53684.4      19.7730    0.0250000      53684.4      19.8660    0.0420000      53684.4      19.6050     0.121000
       53687.317     -99.9900     0.177000      53687.3      19.9390    0.0770000      53687.3      19.6950    0.0500000      53687.3      19.7890    0.0590000      53687.3      19.6600     0.164000
       53694.388      20.2010     0.155000      53694.4      19.8550    0.0440000      53694.4      19.7230    0.0340000      53694.4      19.7380    0.0440000      53694.4      19.7380     0.136000
       53696.380      20.2240    0.0850000      53696.4      19.9210    0.0250000      53696.4      19.7580    0.0250000      53696.4      19.8200    0.0360000      53696.4      19.8180     0.105000
       53697.372      20.2280    0.0820000      53697.4      19.9300    0.0230000      53697.4      19.7830    0.0260000      53697.4      19.7620    0.0340000      53697.4      19.7770     0.102000
       53700.371      20.1270    0.0780000      53700.4      19.9010    0.0190000      53700.4      19.6810    0.0240000      53700.4      19.8140    0.0400000      53700.4      19.6050     0.112000
       53705.357      20.0530    0.0730000      53705.4      19.8910    0.0200000      53705.4      19.7670    0.0240000      53705.4      19.7890    0.0360000      53705.4      19.9660     0.140000
       53975.442      20.7390     0.104000      53975.4      20.4130    0.0490000      53975.4      20.2400    0.0360000      53975.4      20.4710    0.0570000      53975.4      20.3340     0.180000
       53994.465      21.2320     0.125000      53994.5      20.4950    0.0290000      53994.5      20.3410    0.0330000      53994.5      20.4720    0.0470000      53994.5      20.3720     0.138000
       53996.449      20.9650     0.106000      53996.4      20.4860    0.0320000      53996.4      20.3320    0.0310000      53996.4      20.5620    0.0550000      53996.4      20.1730     0.129000
       54005.462      21.0730    0.0990000      54005.5      20.5660    0.0300000      54005.5      20.3220    0.0300000      54005.5      20.4510    0.0500000      54005.5      20.3390     0.132000
       54009.476      20.9330    0.0760000      54009.5      20.5280    0.0240000      54009.5      20.4090    0.0280000      54009.5      20.5590    0.0470000      54009.5      20.4290     0.134000
       54010.403      21.1260    0.0870000      54010.4      20.5130    0.0220000      54010.4      20.3680    0.0260000      54010.4      20.5010    0.0410000      54010.4      20.2550     0.117000
       54012.396      21.0130     0.151000      54012.4      20.5170    0.0440000      54012.4      20.4480    0.0470000      54012.4      20.4270    0.0690000      54012.4      20.3180     0.195000
       54020.434      21.1750     0.196000      54020.4      20.4850    0.0420000      54020.4      20.4300    0.0470000      54020.4      20.4460    0.0600000      54020.4      20.4120     0.171000
       54024.484      20.9970     0.157000      54024.5      20.5420    0.0340000      54024.5      20.4470    0.0430000      54024.5      20.4080    0.0580000      54024.5      20.2760     0.165000
       54028.472     -99.9900     0.147000      54028.5      20.5450    0.0290000      54028.5      20.3560    0.0400000      54028.5      20.4290    0.0610000      54028.5     -99.9900     0.245000
       54030.427      21.0320    0.0940000      54030.4      20.5250    0.0290000      54030.4      20.3620    0.0320000      54030.4      20.4880    0.0530000      54030.4      20.3170     0.151000
       54035.471     -99.9900     0.128000      54035.5      20.4910    0.0290000      54035.5      20.3120    0.0430000      54035.5      20.5020    0.0720000      54035.5      20.3970     0.190000
       54037.377      21.3240     0.101000      54037.4      20.5330    0.0240000      54037.4      20.3530    0.0270000      54037.4      20.4690    0.0440000      54037.4      20.3730     0.125000
       54040.391      21.0620    0.0880000      54040.4      20.5120    0.0280000      54040.4      20.2900    0.0300000      54040.4      20.4960    0.0550000      54040.4      20.2090     0.139000
       54041.427      20.9370    0.0930000      54041.4      20.5480    0.0260000      54041.4     -99.9900    0.0320000      54041.4     -99.9900    0.0500000      54041.4      20.0430     0.106000
       54047.422      21.6740     0.668000      54047.4      20.4910    0.0810000      54047.4      20.3880    0.0770000      54047.4      20.6160     0.100000      54047.4      20.4640     0.226000
       54049.418      21.0740     0.230000      54049.4      20.5300    0.0550000      54049.4      20.4240    0.0530000      54049.4      20.4720    0.0720000      54049.4      20.3530     0.178000
       54050.378      20.5440     0.185000      54050.4      20.5170    0.0620000      54050.4      20.4560    0.0670000      54050.4      20.6390     0.104000      54050.4      19.9850     0.206000
       54056.384      21.2050     0.138000      54056.4      20.5090    0.0310000      54056.4      20.3800    0.0370000      54056.4      20.4750    0.0550000      54056.4      20.1210     0.151000
       54059.378      20.9500     0.118000      54059.4      20.4760    0.0300000      54059.4      20.4140    0.0410000      54059.4      20.5190    0.0700000      54059.4      20.2570     0.190000
       54061.389      20.8450     0.165000      54061.4      20.5490    0.0760000      54061.4      20.4460    0.0450000      54061.4      20.5250    0.0930000      54061.4      20.3590     0.281000
       54062.383      21.2090     0.121000      54062.4      20.5080    0.0280000      54062.4     -99.9900    0.0460000      54062.4      20.4310    0.0530000      54062.4      20.3130     0.155000
       54064.379      21.1360     0.158000      54064.4      20.5010    0.0280000      54064.4      20.3420    0.0360000      54064.4      20.4620    0.0650000      54064.4      20.1680     0.171000
       54068.364      20.9830     0.143000      54068.4      20.5800    0.0330000      54068.4      20.4160    0.0430000      54068.4      20.5260    0.0650000      54068.4      20.5060     0.215000
       54357.421      20.4460    0.0570000      54357.4      20.0220    0.0230000      54357.4      19.9050    0.0330000      54357.4      20.0220    0.0300000      54357.4      19.8290    0.0690000
       54362.471      20.3640    0.0560000      54362.5      20.0710    0.0200000      54362.5      19.9470    0.0230000      54362.5      19.9720    0.0310000      54362.5      19.8460    0.0840000
       54376.466      20.3500    0.0710000      54376.5      20.0500    0.0240000      54376.5      19.9010    0.0250000      54376.5      19.9560    0.0330000      54376.5      19.8300    0.0940000
       54382.451     -99.9900    0.0630000      54382.5      20.1230    0.0300000      54382.4      19.9070    0.0250000      54382.4      19.9930    0.0360000      54382.5      19.9940     0.110000
       54385.469      20.4290    0.0630000      54385.5      19.9740    0.0280000      54385.5      19.9190    0.0220000      54385.5      19.9970    0.0310000      54385.5      19.7960    0.0790000
       54387.470      20.3670    0.0720000      54387.5      20.0480    0.0200000      54387.5      19.8770    0.0260000      54387.5      19.9100    0.0330000      54387.5      19.8800    0.0940000
       54391.470      20.3370    0.0980000      54391.5      20.0200    0.0230000      54391.5      19.9930    0.0370000      54391.5      20.0630    0.0550000      54391.5      19.8710     0.148000
       54402.463      20.6480     0.292000      54402.5      20.0330    0.0620000      54402.5      19.8020    0.0470000      54402.5      19.9580    0.0600000      54402.5      19.9300     0.159000
       52522.000       20.706000     0.075000000       52522.000       20.339000     0.024000000       52522.000       20.167000     0.027000000       52522.000       20.238000     0.038000000       52522.000       20.355000      0.13400000
       51081       20.789000     0.085000000       51081       20.476000     0.033000000       51081       20.358000     0.035000000       51081       20.582000     0.058000000       51081       20.202000      0.15800000
       51115       20.965000     0.072000000       51115       20.417000     0.024000000       51115       20.270000     0.031000000       51115       20.564000     0.061000000       51115       20.436000      0.19400000
       51132       21.117000     0.099000000       51132       20.513000     0.033000000       51132       20.342000     0.045000000       51132       20.477000     0.071000000       51132       20.078000      0.17100000
       51136       20.843000     0.069000000       51136       20.475000     0.027000000       51136       20.363000     0.035000000       51136       20.502000     0.063000000       51136       20.143000      0.15300000
       51138       21.053000      0.10700000       51138       20.531000     0.031000000       51138       20.394000     0.039000000       51138       20.578000     0.075000000       51138       20.523000      0.28100000
       51866       21.129000      0.10300000       51866       20.801000     0.039000000       51866       20.622000     0.037000000       51866       20.853000     0.069000000       51866       20.407000      0.15800000
       51875       21.264000      0.10300000       51875       20.711000     0.031000000       51875       20.582000     0.041000000       51875       20.792000     0.074000000       51875       20.523000      0.19300000
       52171       20.792000     0.076000000       52171       20.549000     0.030000000       52171       20.455000     0.033000000       52171       20.537000     0.050000000       52171       20.204000      0.13800000
       52225       20.983000     0.076000000       52225       20.584000     0.029000000       52225       20.347000     0.029000000       52225       20.491000     0.047000000       52225       20.369000      0.13200000
       52288       20.842000     0.074000000       52288       20.478000     0.028000000       52288       20.340000     0.032000000       52288       20.342000     0.045000000       52288       20.424000      0.14000000
       52522       20.707000     0.068000000       52522       20.332000     0.024000000       52522       20.159000     0.026000000       52522       20.238000     0.038000000       52522       20.340000      0.13500000
       52551       20.530000     0.067000000       52551       20.192000     0.023000000       52551       20.073000     0.031000000       52551       20.257000     0.042000000       52551       20.061000      0.13000000
       52558       20.539000     0.053000000       52558       20.193000     0.027000000       52558       20.022000     0.022000000       52558       20.230000     0.037000000       52558       19.886000     0.099000000
       52585       20.450000     0.050000000       52585       20.160000     0.028000000       52585       20.039000     0.025000000       52585       20.171000     0.043000000       52585       19.837000      0.11100000
       52909       20.451000     0.050000000       52909       20.188000     0.022000000       52909       19.959000     0.022000000       52909       20.071000     0.035000000       52909       20.032000      0.10400000
       52910       20.335000     0.057000000       52910       20.141000     0.025000000       52910       19.948000     0.024000000       52910       20.078000     0.043000000       52910       19.976000      0.10000000
       52935       20.664000     0.063000000       52935       20.210000     0.031000000       52935       20.025000     0.029000000       52935       20.146000     0.043000000       52935       20.005000      0.13700000
       52963       20.548000     0.057000000       52963       20.264000     0.023000000       52963       20.092000     0.025000000       52963       20.154000     0.037000000       52963       20.143000      0.11900000
       53351       20.546000     0.069000000       53351       20.247000     0.029000000       53351       20.047000     0.030000000       53351       20.218000     0.046000000       53351       19.850000      0.12500000
       54424       20.344000     0.083000000       54424       20.055000     0.033000000       54424       19.883000     0.035000000       54424       20.021000     0.039000000       54424       19.891000     0.087000000
