       51081.425     -99.9900    0.0290000      51081.4      19.1500    0.0110000      51081.4      18.7110    0.0100000      51081.4      18.6130    0.0130000      51081.4      18.6060    0.0360000
       51875.240      19.1980    0.0250000      51875.2      19.1670    0.0110000      51875.2      18.7580    0.0100000      51875.2      18.6650    0.0130000      51875.2      18.6670    0.0370000
       52171.472      19.1650    0.0250000      52171.5      19.1100    0.0110000      52171.5      18.7200    0.0100000      52171.5      18.6220    0.0120000      52171.5      18.6330    0.0330000
       52225.320      19.0160    0.0230000      52225.3      19.0180    0.0100000      52225.3      18.6480   0.00900000      52225.3      18.5530    0.0110000      52225.3      18.5720    0.0280000
       52288.155      19.0670    0.0240000      52288.2      19.0170    0.0100000      52288.2      18.6320   0.00900000      52288.2      18.5480    0.0110000      52288.2      18.6190    0.0290000
       52551.428      18.8620    0.0220000      52551.4      18.8590   0.00900000      52551.4      18.5280   0.00900000      52551.4      18.4360    0.0120000      52551.4      18.4500    0.0310000
       52558.461      18.8520    0.0210000      52558.5      18.8740   0.00900000      52558.5      18.5210   0.00900000      52558.5      18.4380    0.0110000      52558.5      18.4600    0.0280000
       52578.332      18.9360    0.0220000      52578.3      18.8910   0.00900000      52578.3      18.5360   0.00900000      52578.3      18.4360    0.0100000      52578.3      18.5250    0.0260000
       52585.295      18.9360    0.0210000      52585.3      18.8900   0.00900000      52585.3      18.5420   0.00900000      52585.3      18.4440    0.0110000      52585.3      18.4620    0.0320000
       52909.462      19.2010    0.0250000      52909.5      19.1050    0.0100000      52909.5      18.6990   0.00900000      52909.5      18.5980    0.0120000      52909.5      18.6610    0.0300000
       52910.432      19.1830    0.0260000      52910.4      19.1240    0.0110000      52910.4      18.6770   0.00900000      52910.4      18.6050    0.0120000      52910.4      18.5930    0.0290000
       52935.360      19.1650    0.0250000      52935.4      19.0440    0.0100000      52935.4      18.6610    0.0100000      52935.4      18.5700    0.0130000      52935.4      18.5410    0.0340000
       52963.283      19.1190    0.0230000      52963.3      19.0970    0.0100000      52963.3      18.6820   0.00900000      52963.3      18.5730    0.0110000      52963.3      18.6380    0.0330000
       53351.205      18.9690    0.0250000      53351.2      18.8790   0.00900000      53351.2      18.5260   0.00900000      53351.2      18.4250    0.0130000      53351.2      18.4580    0.0340000
       53622.462     -99.9900    0.0230000      53622.5      18.9430    0.0100000      53622.5      18.5550   0.00900000      53622.5      18.4770    0.0110000      53622.5      18.4860    0.0240000
       53627.419      18.9540    0.0220000      53627.4      18.9470    0.0100000      53627.4      18.5540   0.00900000      53627.4      18.4550    0.0110000      53627.4      18.4510    0.0290000
       53634.411      19.0180    0.0510000      53634.4      18.9450    0.0190000      53634.4      18.5790    0.0170000      53634.4      18.4530    0.0170000      53634.4     -99.9900    0.0310000
       53638.453      19.0850    0.0320000      53638.5      18.9820    0.0120000      53638.4      18.5870    0.0110000      53638.5      18.4980    0.0140000      53638.5      18.5250    0.0350000
       53640.417      19.0520    0.0280000      53640.4      18.9800    0.0110000      53640.4      18.5780   0.00900000      53640.4      18.5230    0.0120000      53640.4      18.5590    0.0310000
       53643.459      19.1240    0.0300000      53643.5      19.0080    0.0110000      53643.5      18.6020    0.0100000      53643.5      18.4950    0.0130000      53643.5      18.5480    0.0320000
       53646.478      19.1310    0.0320000      53646.5      18.9900    0.0100000      53646.5      18.6550    0.0130000      53646.5      18.4830    0.0130000      53646.5      18.5190    0.0350000
       53657.297      19.2190    0.0930000      53657.3      19.0300    0.0260000      53657.3      18.6080    0.0190000      53657.3     -99.9900    0.0210000      53657.3      18.6720    0.0680000
       53657.461      19.0850    0.0290000      53657.5      18.9920    0.0110000      53657.5      18.5970    0.0100000      53657.5      18.5290    0.0130000      53657.5      18.5510    0.0350000
       53663.479      19.0300    0.0660000      53663.5      18.9840    0.0240000      53663.5      18.6080    0.0180000      53663.5      18.5110    0.0160000      53663.5      18.5610    0.0410000
       53664.414      19.0310    0.0980000      53664.4      19.1500    0.0690000      53664.4      18.6560    0.0310000      53664.4      18.5400    0.0430000      53664.4      18.4740     0.155000
       53665.479      19.1270    0.0470000      53665.5      19.0140    0.0160000      53665.5      18.6270    0.0120000      53665.5      18.4980    0.0140000      53665.5      18.4890    0.0370000
       53668.467      19.0350    0.0430000      53668.5      19.0110    0.0160000      53668.5      18.6240    0.0130000      53668.5      18.4730    0.0150000      53668.5      18.4970    0.0470000
       53669.373      19.0710    0.0300000      53669.4      19.0190    0.0120000      53669.4      18.6300    0.0100000      53669.4      18.4900    0.0120000      53669.4      18.5070    0.0320000
       53670.473      19.1710    0.0470000      53670.5      19.0110    0.0140000      53670.5      18.6540    0.0120000      53670.5      18.4660    0.0140000      53670.5      18.5490    0.0550000
       53671.458      19.1560    0.0310000      53671.5      19.0360    0.0120000      53671.5      18.6100    0.0100000      53671.5      18.5040    0.0130000      53671.5      18.5380    0.0310000
       53674.357     -99.9900    0.0310000      53674.4      18.9830    0.0120000      53674.4      18.5910    0.0110000      53674.4      18.4950    0.0150000      53674.4      18.4310    0.0360000
       53676.447     -99.9900    0.0340000      53676.4      18.9940    0.0110000      53676.4      18.6130    0.0100000      53676.4      18.5060    0.0120000      53676.4     -99.9900    0.0370000
       53679.419      19.0830    0.0290000      53679.4      18.9890    0.0110000      53679.4      18.5870    0.0100000      53679.4      18.5100    0.0130000      53679.4      18.5170    0.0340000
       53681.410      19.0770    0.0320000      53681.4      18.9990    0.0110000      53681.4      18.5800    0.0100000      53681.4      18.5080    0.0130000      53681.4      18.5700    0.0330000
       53684.372      19.0590    0.0310000      53684.4      18.9780    0.0110000      53684.4      18.5900    0.0150000      53684.4      18.4690    0.0170000      53684.4      18.4830    0.0390000
       53687.313     -99.9900    0.0710000      53687.3      18.9120    0.0310000      53687.3      18.5690    0.0190000      53687.3      18.4670    0.0220000      53687.3      18.5010    0.0470000
       53694.383      19.0600    0.0490000      53694.4      18.9570    0.0190000      53694.4      18.5610    0.0130000      53694.4      18.5170    0.0140000      53694.4     -99.9900    0.0400000
       53696.376      19.0230    0.0330000      53696.4      18.9890    0.0130000      53696.4      18.5950    0.0100000      53696.4      18.4970    0.0120000      53696.4      18.4990    0.0310000
       53697.367      19.0210    0.0310000      53697.4      18.9540    0.0120000      53697.4      18.5670    0.0100000      53697.4      18.5000    0.0120000      53697.4      18.5600    0.0300000
       53700.366      19.0050    0.0280000      53700.4      18.9560    0.0110000      53700.4      18.5670    0.0100000      53700.4      18.4520    0.0130000      53700.4      18.4870    0.0370000
       53705.353      19.0020    0.0290000      53705.4      18.9240    0.0120000      53705.4      18.5600    0.0110000      53705.4      18.4750    0.0140000      53705.4      18.3950    0.0350000
       53975.438      19.0690    0.0300000      53975.4     -99.9900    0.0200000      53975.4      18.5700    0.0160000      53975.4      18.4690    0.0200000      53975.4      18.4530    0.0370000
       53994.461     -99.9900    0.0220000      53994.5      18.9170    0.0200000      53994.5      18.5530    0.0120000      53994.5      18.4800    0.0130000      53994.5      18.4880    0.0260000
       53996.445     -99.9900    0.0390000      53996.4      18.9320    0.0210000      53996.4      18.5800    0.0170000      53996.4      18.4750    0.0180000      53996.4      18.5240    0.0380000
       54005.458     -99.9900    0.0220000      54005.5      18.9400    0.0210000      54005.5      18.5540    0.0150000      54005.5      18.4610    0.0140000      54005.5      18.5480    0.0260000
       54009.472      19.0220    0.0220000      54009.5      18.9630    0.0220000      54009.5      18.5700    0.0140000      54009.5      18.4900    0.0160000      54009.5      18.5310    0.0250000
       54010.399      19.0040    0.0230000      54010.4      18.9730    0.0210000      54010.4      18.5880    0.0130000      54010.4      18.4660    0.0150000      54010.4      18.4890    0.0240000
       54012.392      19.0250    0.0300000      54012.4     -99.9900    0.0290000      54012.4      18.5570    0.0160000      54012.4      18.4990    0.0150000      54012.4      18.4900    0.0320000
       54020.430      19.0410    0.0390000      54020.4      18.9830    0.0180000      54020.4      18.5620    0.0160000      54020.4      18.4660    0.0180000      54020.4      18.5530    0.0310000
       54024.479      19.0110    0.0290000      54024.5      18.9640    0.0190000      54024.5      18.5800    0.0170000      54024.5      18.4750    0.0150000      54024.5      18.4370    0.0310000
       54028.467      18.9780    0.0290000      54028.5      18.9630    0.0400000      54028.5      18.5720    0.0160000      54028.5     -99.9900    0.0240000      54028.5      18.5380    0.0330000
       54030.423     -99.9900    0.0240000      54030.4      18.9320    0.0230000      54030.4      18.5600    0.0160000      54030.4      18.4860    0.0180000      54030.4      18.4520    0.0320000
       54035.467      18.9970    0.0290000      54035.5      18.9290    0.0240000      54035.5      18.5290    0.0130000      54035.5      18.4530    0.0180000      54035.5      18.4520    0.0380000
       54037.372      18.9470    0.0220000      54037.4      18.9380    0.0200000      54037.4      18.5520    0.0150000      54037.4      18.4710    0.0200000      54037.4      18.5000    0.0230000
       54040.387      18.9470    0.0250000      54040.4      18.8950    0.0200000      54040.4      18.5290    0.0150000      54040.4      18.4640    0.0160000      54040.4      18.5160    0.0290000
       54041.422      18.9490    0.0250000      54041.4      18.9560    0.0170000      54041.4      18.5610    0.0130000      54041.4      18.4630    0.0140000      54041.4      18.4820    0.0260000
       54047.417     -99.9900    0.0540000      54047.4      18.9140    0.0260000      54047.4      18.5350    0.0190000      54047.4      18.4370    0.0170000      54047.4      18.4930    0.0350000
       54049.413      18.9350    0.0390000      54049.4      18.9370    0.0240000      54049.4      18.5290    0.0120000      54049.4      18.4650    0.0130000      54049.4      18.4540    0.0330000
       54050.374      19.0090    0.0440000      54050.4      18.9610    0.0240000      54050.4      18.5700    0.0240000      54050.4      18.4740    0.0580000      54050.4      18.4750    0.0480000
       54053.393      19.0230    0.0790000      54053.4     -99.9900    0.0230000      54053.4     -99.9900    0.0190000      54053.4     -99.9900    0.0230000      54053.4     -99.9900    0.0910000
       54056.379      18.9310    0.0280000      54056.4      18.9370    0.0160000      54056.4      18.5080    0.0180000      54056.4      18.4350    0.0180000      54056.4      18.4380    0.0340000
       54059.374      18.9990    0.0280000      54059.4      18.8970    0.0180000      54059.4      18.5080    0.0170000      54059.4      18.4580    0.0180000      54059.4      18.4620    0.0380000
       54061.385      18.8930    0.0370000      54061.4      18.8920    0.0150000      54061.4      18.5490    0.0160000      54061.4      18.4440    0.0170000      54061.4     -99.9900    0.0450000
       54062.378     -99.9900    0.0250000      54062.4      18.9510    0.0180000      54062.4      18.5360    0.0120000      54062.4      18.4370    0.0160000      54062.4      18.5100    0.0320000
       54064.375      18.9550    0.0370000      54064.4      18.9280    0.0260000      54064.4      18.5510    0.0150000      54064.4      18.4450    0.0170000      54064.4      18.4040    0.0370000
       54068.359      18.9030    0.0300000      54068.4      18.9150    0.0260000      54068.4     -99.9900     0.109000      54068.4      18.4390    0.0200000      54068.4      18.5530    0.0440000
       54357.417      18.8950    0.0250000      54357.4      18.9380    0.0140000      54357.4      18.5750    0.0320000      54357.4      18.5150    0.0220000      54357.4      18.5160    0.0320000
       54362.467      19.0340    0.0220000      54362.5      18.9640    0.0180000      54362.5      18.6120    0.0180000      54362.5      18.4920    0.0170000      54362.5      18.4510    0.0290000
       54376.462      19.0260    0.0280000      54376.5      18.9870    0.0150000      54376.5      18.5930    0.0140000      54376.5      18.5070    0.0130000      54376.5      18.5670    0.0300000
       54382.447      19.0060    0.0340000      54382.4      18.9990    0.0190000      54382.4      18.6150    0.0210000      54382.4      18.4870    0.0150000      54382.4      18.5250    0.0300000
       54385.465      19.0720    0.0270000      54385.5      19.0220    0.0200000      54385.5      18.6090    0.0200000      54385.5      18.5200    0.0180000      54385.5      18.6040    0.0350000
       54387.465      19.0560    0.0340000      54387.5      18.9810    0.0170000      54387.5      18.5880    0.0210000      54387.5      18.5000    0.0160000      54387.5      18.5140    0.0300000
       54390.458     -99.9900    0.0780000      54390.5     -99.9900      99.9990      54390.5     -99.9900     0.144000      54390.5     -99.9900     0.108000      54390.5     -99.9900      1.02300
       54391.466      18.9820    0.0280000      54391.5      18.9830    0.0170000      54391.5      18.6130    0.0270000      54391.5      18.5450    0.0180000      54391.5      18.4580    0.0430000
       54402.458      18.9730    0.0710000      54402.5      18.9940    0.0400000      54402.5      18.6360    0.0210000      54402.5      18.5360    0.0230000      54402.5      18.4830    0.0440000
       52522.000       18.969000     0.027000000       52522.000       18.960000     0.029000000       52522.000       18.566000     0.013000000       52522.000       18.449000     0.016000000       52522.000       18.478000     0.030000000
       51078       19.287000     0.022000000       51078       19.203000     0.018000000       51078       18.708000     0.015000000       51078       18.601000     0.020000000       51078       18.631000     0.031000000
       51115       19.188000     0.023000000       51115       19.149000     0.014000000       51115       18.743000     0.016000000       51115       18.607000     0.015000000       51115       18.546000     0.038000000
       51132       19.272000     0.026000000       51132       19.171000     0.013000000       51132       18.726000     0.024000000       51132       18.635000     0.019000000       51132       18.750000     0.049000000
       51081       19.303000     0.034000000       51081       19.154000     0.019000000       51081       18.698000     0.019000000       51081       18.596000     0.018000000       51081       18.600000     0.041000000
       51136       19.296000     0.022000000       51136       19.133000     0.013000000       51136       18.694000     0.015000000       51136       18.601000     0.020000000       51136       18.622000     0.038000000
       51866       19.329000     0.026000000       51866       19.207000     0.022000000       51866       18.736000     0.015000000       51866       18.640000     0.014000000       51866       18.660000     0.034000000
       51875       19.295000     0.028000000       51875       19.220000     0.035000000       51875       18.779000     0.014000000       51875       18.682000     0.018000000       51875       18.668000     0.040000000
       52171       19.232000     0.029000000       52171       19.136000     0.022000000       52171       18.723000     0.014000000       52171       18.615000     0.019000000       52171       18.629000     0.031000000
       52173       19.236000     0.030000000       52173       19.106000     0.025000000       52173       18.730000     0.014000000       52173       18.639000     0.020000000       52173       18.623000     0.036000000
       52225       19.099000     0.024000000       52225       19.050000     0.019000000       52225       18.649000     0.025000000       52225       18.553000     0.018000000       52225       18.571000     0.028000000
       52288       19.145000     0.025000000       52288       19.039000     0.022000000       52288       18.634000     0.017000000       52288       18.517000     0.017000000       52288       18.608000     0.030000000
       52522       18.964000     0.025000000       52522       18.949000     0.021000000       52522       18.574000     0.019000000       52522       18.452000     0.018000000       52522       18.469000     0.030000000
       52551       18.891000     0.036000000       52551       18.869000     0.021000000       52551       18.526000     0.036000000       52551       18.434000     0.035000000       52551       18.427000     0.031000000
       52558       18.899000     0.022000000       52558       18.893000     0.022000000       52558       18.523000     0.015000000       52558       18.427000     0.020000000       52558       18.456000     0.029000000
       52585       19.005000     0.023000000       52585       18.912000     0.030000000       52585       18.538000     0.012000000       52585       18.433000     0.017000000       52585       18.455000     0.033000000
       52909       19.257000     0.027000000       52909       19.115000     0.015000000       52909       18.693000     0.015000000       52909       18.596000     0.021000000       52909       18.623000     0.033000000
       52910       19.290000     0.034000000       52910       19.150000     0.030000000       52910       18.702000     0.023000000       52910       18.624000     0.029000000       52910       18.569000     0.037000000
       52935       19.218000     0.034000000       52935       19.089000     0.019000000       52935       18.712000     0.026000000       52935       18.587000     0.019000000       52935       18.578000     0.039000000
       52963       19.199000     0.026000000       52963       19.128000     0.028000000       52963       18.666000     0.015000000       52963       18.565000     0.023000000       52963       18.627000     0.029000000
       53351       19.017000     0.040000000       53351       18.892000     0.021000000       53351       18.542000     0.019000000       53351       18.415000     0.022000000       53351       18.442000     0.037000000
       54424       19.070000     0.037000000       54424       19.027000     0.025000000       54424       18.623000     0.018000000       54424       18.541000     0.016000000       54424       18.538000     0.032000000
