       51075.443      20.9110    0.0890000      51075.4      20.6290    0.0280000      51075.4      20.5440    0.0330000      51075.4      20.1980    0.0380000      51075.4      20.2960     0.178000
       51818.413      20.9470     0.104000      51818.4      20.9580    0.0340000      51818.4      20.8350    0.0400000      51818.4      20.3340    0.0350000      51818.4      20.4190     0.148000
       52171.401      20.6630    0.0830000      52171.4      20.5390    0.0250000      52171.4      20.3870    0.0280000      52171.4      20.1100    0.0290000      52171.4      20.1000     0.105000
       52173.377      20.6170    0.0880000      52173.4      20.5430    0.0260000      52173.4      20.4140    0.0350000      52173.4      20.2250    0.0400000      52173.4      19.9240     0.112000
       52224.357      20.6970    0.0780000      52224.4      20.5890    0.0250000      52224.4      20.4350    0.0280000      52224.4      20.1480    0.0280000      52224.4      20.1020     0.106000
       52234.314      20.5860    0.0860000      52234.3      20.5420    0.0270000      52234.3      20.4310    0.0360000      52234.3      20.1360    0.0330000      52234.3      20.1060     0.113000
       52261.277      20.7210    0.0830000      52261.3      20.4820    0.0230000      52261.3      20.4570    0.0280000      52261.3      20.1500    0.0260000      52261.3      19.9420    0.0820000
       52283.145      20.7240     0.108000      52283.1      20.6050    0.0310000      52283.1      20.4360    0.0430000      52283.1      20.1110    0.0440000      52283.1      20.0450     0.160000
       52287.158      20.8230    0.0920000      52287.2      20.5470    0.0250000      52287.2      20.4330    0.0290000      52287.2      20.2010    0.0300000      52287.2      20.2690     0.118000
       52552.476      20.4220    0.0620000      52552.5      20.2720    0.0200000      52552.5      20.2110    0.0230000      52552.5      19.9330    0.0250000      52552.5      19.6920    0.0740000
       52557.451      20.4870    0.0680000      52557.5      20.2500    0.0200000      52557.4      20.2090    0.0260000      52557.4      19.9240    0.0270000      52557.5      19.8590     0.102000
       52585.352      20.5220    0.0630000      52585.4      20.3130    0.0200000      52585.4      20.2270    0.0240000      52585.4      20.0150    0.0250000      52585.4      19.9590    0.0940000
       52908.425      20.5080    0.0720000      52908.4      20.3290    0.0220000      52908.4      20.2590    0.0250000      52908.4      20.0010    0.0260000      52908.4      19.7720    0.0840000
       52912.405      20.5140    0.0780000      52912.4      20.3700    0.0230000      52912.4      20.2120    0.0260000      52912.4      19.9800    0.0280000      52912.4      19.8200    0.0920000
       52934.357      20.4980    0.0720000      52934.4      20.3480    0.0220000      52934.4      20.2640    0.0270000      52934.4      19.9930    0.0290000      52934.4      19.9690     0.113000
       52936.353      20.5400    0.0690000      52936.4      20.3620    0.0210000      52936.4      20.2910    0.0270000      52936.4      19.9810    0.0280000      52936.4      19.8780    0.0900000
       53270.417      20.8290    0.0720000      53270.4      20.6520    0.0240000      53270.4      20.5030    0.0240000      53270.4      20.1760    0.0260000      53270.4      20.1430    0.0810000
       53272.467      20.8050    0.0850000      53272.5      20.6530    0.0250000      53272.5      20.4930    0.0280000      53272.5      20.1960    0.0280000      53272.5      19.9800    0.0890000
       53286.436      20.6800     0.101000      53286.4      20.6590    0.0330000      53286.4      20.4590    0.0340000      53286.4      20.1580    0.0330000      53286.4      20.2230     0.126000
       53288.394      20.7490    0.0880000      53288.4      20.5760    0.0250000      53288.4      20.4970    0.0330000      53288.4      20.1760    0.0320000      53288.4      19.9320    0.0930000
       53294.442      20.9400     0.103000      53294.4      20.6270    0.0270000      53294.4      20.4770    0.0340000      53294.4      20.1080    0.0320000      53294.4      20.2780     0.117000
       53296.389      20.7170    0.0940000      53296.4      20.6720    0.0280000      53296.4      20.4900    0.0460000      53296.4      20.1370    0.0380000      53296.4      20.0940     0.122000
       53298.439      20.7180    0.0880000      53298.4      20.5800    0.0250000      53298.4      20.4580    0.0370000      53298.4      20.1140    0.0360000      53298.4      19.9800     0.120000
       53312.346      20.7800     0.141000      53312.3      20.7240    0.0540000      53312.3      20.5120    0.0400000      53312.3      20.2020    0.0380000      53312.3      19.9570     0.114000
       53314.347      20.7780     0.101000      53314.3      20.6860    0.0370000      53314.3      20.5680    0.0390000      53314.3      20.1680    0.0330000      53314.3      20.1390     0.124000
       53319.334      20.8420     0.125000      53319.3      20.7880    0.0410000      53319.3      20.5610    0.0480000      53319.3      20.1390    0.0410000      53319.3      20.0160     0.128000
       53616.451      21.2210     0.155000      53616.5      21.2010    0.0450000      53616.4      20.9160    0.0480000      53616.4      20.5270    0.0460000      53616.5      20.3630     0.161000
       53626.427      21.2950     0.176000      53626.4     -99.9900     0.712000      53626.4     -99.9900    0.0850000      53626.4      20.3780    0.0440000      53626.4      20.2100     0.113000
       53628.412      21.6220     0.262000      53628.4      21.1880    0.0500000      53628.4      20.9390    0.0670000      53628.4     -99.9900    0.0900000      53628.4      20.7100     0.259000
       53639.459      21.0020     0.142000      53639.5      21.0980    0.0510000      53639.5      20.8410    0.0480000      53639.5      20.4720    0.0430000      53639.5      20.4040     0.149000
       53641.458      21.0900     0.175000      53641.5      21.1940    0.0570000      53641.5      20.9890    0.0540000      53641.5      20.4830    0.0450000      53641.5      20.3110     0.161000
       53657.417      21.1030     0.190000      53657.4      21.2290    0.0620000      53657.4      20.8990    0.0660000      53657.4      20.3520    0.0570000      53657.4      20.2040     0.182000
       53663.402      21.5530     0.610000      53663.4      21.0740     0.159000      53663.4      20.7100    0.0970000      53663.4      20.3630    0.0750000      53663.4      20.2420     0.189000
       53665.380      21.4340     0.393000      53665.4      21.0440    0.0870000      53665.4      21.0710    0.0740000      53665.4      20.5700    0.0780000      53665.4      20.3600     0.185000
       53666.472      20.9590     0.212000      53666.5      21.2520    0.0860000      53666.5      20.8700    0.0640000      53666.5      20.5220    0.0490000      53666.5      20.3580     0.148000
       53668.392      21.1700     0.255000      53668.4      21.1080    0.0780000      53668.4     -99.9900    0.0750000      53668.4      20.5630    0.0780000      53668.4     -99.9900     0.265000
       53669.479      20.8680     0.214000      53669.5      21.0930    0.0730000      53669.5      20.9240    0.0810000      53669.5      20.3580    0.0590000      53669.5      20.4610     0.249000
       53670.396      21.0530     0.188000      53670.4      21.1480    0.0630000      53670.4      20.8460    0.0700000      53670.4      20.3870    0.0550000      53670.4      20.3150     0.179000
       53673.364      21.1470     0.126000      53673.4      21.1590    0.0360000      53673.4      20.8510    0.0430000      53673.4      20.4540    0.0360000      53673.4      20.3240     0.119000
       53675.361      21.0900     0.124000      53675.4      21.1610    0.0380000      53675.4      20.9680    0.0500000      53675.4      20.5020    0.0460000      53675.4      20.4100     0.151000
       53680.369      21.2690     0.127000      53680.4      21.0450    0.0330000      53680.4      20.8240    0.0380000      53680.4      20.4170    0.0340000      53680.4      20.4370     0.122000
       53683.427      21.7210     0.573000      53683.4      21.1960     0.130000      53683.4      21.0240     0.139000      53683.4      20.6530     0.132000      53683.4      20.8350     0.665000
       53686.368      21.4770     0.324000      53686.4      21.0590    0.0990000      53686.4      20.7970    0.0720000      53686.4      20.3600    0.0510000      53686.4      20.3830     0.164000
       53693.371      20.8650     0.322000      53693.4      21.0330     0.149000      53693.4      20.6120    0.0870000      53693.4      20.4900    0.0750000      53693.4     -99.9900     0.264000
       53699.392      20.8750     0.148000      53699.4      20.9980    0.0550000      53699.4      20.8490    0.0490000      53699.4      20.3580    0.0380000      53699.4      20.1430     0.123000
       53704.354      20.8300     0.129000      53704.4      20.9340    0.0400000      53704.4      20.8000    0.0470000      53704.4      20.3940    0.0490000      53704.4      20.2200     0.168000
       53989.450      20.8120     0.171000      53989.5      20.7050    0.0630000      53989.4      20.5700    0.0530000      53989.4      20.2860    0.0400000      53989.4      20.0740    0.0870000
       54000.426      20.8620     0.116000      54000.4      20.6900    0.0320000      54000.4     -99.9900    0.0420000      54000.4      20.2530    0.0450000      54000.4      20.3420     0.154000
       54007.476      20.8710    0.0870000      54007.5      20.7010    0.0300000      54007.5      20.5520    0.0290000      54007.5      20.1940    0.0280000      54007.5      19.9510    0.0870000
       54009.400      20.9100    0.0750000      54009.4      20.6950    0.0250000      54009.4      20.6130    0.0330000      54009.4      20.2680    0.0260000      54009.4      20.1720    0.0800000
       54011.464      20.9410    0.0770000      54011.5      20.6860    0.0300000      54011.5      20.5930    0.0230000      54011.5      20.2430    0.0260000      54011.5      20.0420    0.0600000
       54012.477      20.7430    0.0950000      54012.5      20.6820    0.0380000      54012.5      20.5590    0.0320000      54012.5      20.2620    0.0350000      54012.5      20.1860     0.115000
       54019.459      20.9710     0.186000      54019.5      20.6180    0.0530000      54019.5      20.5900    0.0470000      54019.5      20.2840    0.0380000      54019.5      20.1640     0.116000
       54025.463      20.7860     0.106000      54025.5      20.6650    0.0320000      54025.5      20.5300    0.0410000      54025.5      20.2280    0.0360000      54025.5      19.9740     0.104000
       54346.457      21.0490     0.197000      54346.5      20.8800    0.0700000      54346.5      20.7570    0.0590000      54346.5      20.2910    0.0410000      54346.5      20.2420    0.0990000
       54348.461      21.2460     0.177000      54348.5      20.8860    0.0520000      54348.5      20.6530    0.0540000      54348.5      20.3750    0.0380000      54348.5      20.2870     0.120000
       54358.417      20.9970     0.104000      54358.4      20.7930    0.0300000      54358.4      20.6590    0.0450000      54358.4      20.4000    0.0400000      54358.4      20.4110     0.128000
       54365.450      20.9690    0.0820000      54365.5      20.8380    0.0270000      54365.4      20.7180    0.0310000      54365.4      20.3390    0.0300000      54365.4      20.2270    0.0840000
       54381.469      21.0010     0.111000      54381.5      20.8770    0.0350000      54381.5      20.7580    0.0360000      54381.5      20.4030    0.0360000      54381.5      20.3090     0.117000
       54386.462      20.9040    0.0960000      54386.5      21.0470    0.0470000      54386.5      20.7010    0.0380000      54386.5      20.3410    0.0320000      54386.5      20.2250     0.115000
       54388.466      21.0850     0.143000      54388.5      20.8840    0.0390000      54388.5      20.7530    0.0350000      54388.5      20.3970    0.0350000      54388.5      20.2350     0.125000
       54392.463      20.9740     0.106000      54392.5      20.9010    0.0340000      54392.5      20.6800    0.0390000      54392.5      20.3540    0.0360000      54392.5      20.4360     0.150000
       54406.373      20.8820    0.0980000      54406.4      20.8130    0.0370000      54406.4      20.6110    0.0340000      54406.4      20.3270    0.0310000      54406.4      20.2710    0.0810000
       54409.378      20.9720    0.0900000      54409.4      20.8310    0.0300000      54409.4      20.6500    0.0300000      54409.4      20.3870    0.0350000      54409.4      20.1460    0.0980000
       54412.399      20.9380     0.143000      54412.4      20.9100    0.0430000      54412.4      20.6820    0.0460000      54412.4      20.3530    0.0440000      54412.4      20.5240     0.218000
       52234.000       20.567000     0.083000000       52234.000       20.551000     0.032000000       52234.000       20.443000     0.042000000       52234.000       20.152000     0.037000000       52234.000       20.126000      0.11100000
       51075       20.929000     0.075000000       51075       20.643000     0.030000000       51075       20.535000     0.033000000       51075       20.183000     0.037000000       51075       20.324000      0.18100000
       51133       20.743000     0.074000000       51133       20.716000     0.044000000       51133       20.585000     0.047000000       51133       20.294000     0.053000000       51133       20.016000      0.16500000
       51134       20.900000     0.066000000       51134       20.764000     0.027000000       51134       20.612000     0.039000000       51134       20.335000     0.039000000       51134       20.252000      0.13000000
       51818       20.940000     0.077000000       51818       20.966000     0.035000000       51818       20.871000     0.041000000       51818       20.362000     0.041000000       51818       20.390000      0.14000000
       51874       20.837000     0.084000000       51874       20.733000     0.034000000       51874       20.659000     0.038000000       51874       20.379000     0.052000000       51874       20.138000      0.15300000
       52170       20.789000     0.088000000       52170       20.528000     0.030000000       52170       20.428000     0.034000000       52170       20.173000     0.042000000       52170       20.201000      0.13200000
       52171       20.668000     0.068000000       52171       20.549000     0.028000000       52171       20.434000     0.035000000       52171       20.146000     0.034000000       52171       20.114000      0.10200000
       52173       20.623000     0.069000000       52173       20.533000     0.033000000       52173       20.411000     0.040000000       52173       20.224000     0.048000000       52173       19.910000      0.10800000
       52224       20.631000     0.061000000       52224       20.589000     0.032000000       52224       20.418000     0.033000000       52224       20.097000     0.035000000       52224       20.060000     0.099000000
       52234       20.566000     0.069000000       52234       20.560000     0.031000000       52234       20.472000     0.043000000       52234       20.168000     0.038000000       52234       20.139000      0.11400000
       52261       20.719000     0.066000000       52261       20.511000     0.032000000       52261       20.473000     0.034000000       52261       20.169000     0.029000000       52261       19.936000     0.079000000
       52283       20.643000     0.080000000       52283       20.602000     0.035000000       52283       20.436000     0.040000000       52283       20.105000     0.050000000       52283       19.966000      0.13700000
       52287       20.814000     0.071000000       52287       20.533000     0.026000000       52287       20.402000     0.031000000       52287       20.182000     0.037000000       52287       20.239000      0.11600000
       52552       20.400000     0.051000000       52552       20.283000     0.027000000       52552       20.200000     0.024000000       52552       19.933000     0.027000000       52552       19.659000     0.072000000
       52557       20.457000     0.053000000       52557       20.264000     0.028000000       52557       20.221000     0.030000000       52557       19.951000     0.033000000       52557       19.912000      0.10600000
       52585       20.533000     0.058000000       52585       20.307000     0.029000000       52585       20.226000     0.026000000       52585       19.998000     0.028000000       52585       19.922000     0.087000000
       52908       20.492000     0.056000000       52908       20.362000     0.028000000       52908       20.272000     0.026000000       52908       20.008000     0.031000000       52908       19.813000     0.089000000
       52912       20.523000     0.063000000       52912       20.410000     0.027000000       52912       20.256000     0.028000000       52912       20.009000     0.032000000       52912       19.831000     0.089000000
       52934       20.490000     0.063000000       52934       20.354000     0.025000000       52934       20.304000     0.029000000       52934       20.027000     0.037000000       52934       19.959000      0.10800000
       52936       20.556000     0.054000000       52936       20.374000     0.028000000       52936       20.313000     0.035000000       52936       19.996000     0.033000000       52936       19.896000     0.092000000
       53272       20.786000     0.065000000       53272       20.681000     0.031000000       53272       20.525000     0.034000000       53272       20.216000     0.036000000       53272       20.028000     0.092000000
       53286       20.732000     0.085000000       53286       20.682000     0.039000000       53286       20.472000     0.039000000       53286       20.186000     0.037000000       53286       20.242000      0.12600000
       53288       20.768000     0.069000000       53288       20.596000     0.029000000       53288       20.510000     0.036000000       53288       20.187000     0.039000000       53288       19.970000     0.095000000
       53294       20.943000     0.080000000       53294       20.664000     0.043000000       53294       20.461000     0.038000000       53294       20.055000     0.039000000       53294       20.294000      0.12000000
       53298       20.677000     0.066000000       53298       20.606000     0.031000000       53298       20.468000     0.038000000       53298       20.130000     0.041000000       53298       19.964000      0.11300000
       53312       20.736000      0.13300000       53312       20.713000     0.056000000       53312       20.517000     0.045000000       53312       20.204000     0.048000000       53312       20.016000      0.13900000
       53314       20.745000     0.082000000       53314       20.664000     0.037000000       53314       20.550000     0.049000000       53314       20.146000     0.037000000       53314       20.118000      0.12500000
       53319       20.842000      0.10000000       53319       20.745000     0.043000000       53319       20.583000     0.049000000       53319       20.197000     0.050000000       53319       20.037000      0.13600000
