       51081.423      20.1390    0.0580000      51081.4      19.9700    0.0200000      51081.4      19.9310    0.0250000      51081.4      19.5970    0.0280000      51081.4      19.5180    0.0840000
       51875.238      20.2960    0.0550000      51875.2      20.0530    0.0200000      51875.2      20.0090    0.0250000      51875.2      19.6750    0.0270000      51875.2      19.6000    0.0850000
       52171.471      20.2750    0.0550000      52171.5      20.0430    0.0180000      52171.5      20.0230    0.0210000      52171.5      19.7200    0.0250000      52171.5      19.4980    0.0670000
       52225.319      20.2120    0.0510000      52225.3      20.0350    0.0170000      52225.3      19.9800    0.0210000      52225.3      19.7110    0.0240000      52225.3      19.6230    0.0720000
       52288.154      20.4000    0.0600000      52288.2      20.0730    0.0180000      52288.2      20.0230    0.0250000      52288.2      19.7070    0.0250000      52288.2      19.6930    0.0790000
       52551.427      20.3500    0.0710000      52551.4      20.1500    0.0210000      52551.4      20.1120    0.0270000      52551.4      19.7270    0.0300000      52551.4      19.4940    0.0870000
       52558.460      20.3680    0.0590000      52558.5      20.1230    0.0180000      52558.5      20.0190    0.0220000      52558.5      19.7030    0.0270000      52558.5      19.5250    0.0780000
       52578.331      20.3320    0.0540000      52578.3      20.1050    0.0170000      52578.3      20.0530    0.0200000      52578.3      19.7790    0.0240000      52578.3      19.8180    0.0790000
       52585.294      20.2130    0.0530000      52585.3      20.0640    0.0180000      52585.3      20.0390    0.0240000      52585.3      19.7560    0.0310000      52585.3      19.7980     0.114000
       52909.461      20.3880    0.0580000      52909.5      20.2270    0.0200000      52909.5      20.1840    0.0240000      52909.5      19.8180    0.0270000      52909.5     -99.9900     0.104000
       52910.431      20.4140    0.0680000      52910.4     -99.9900    0.0210000      52910.4      20.1640    0.0300000      52910.4      19.7490    0.0260000      52910.4      19.8190     0.100000
       52935.358      20.3870    0.0640000      52935.4      20.2310    0.0210000      52935.4      20.1970    0.0280000      52935.4      19.8090    0.0330000      52935.4      19.8040     0.116000
       52963.282      20.4180    0.0570000      52963.3      20.1880    0.0200000      52963.3      20.1070    0.0230000      52963.3      19.8010    0.0300000      52963.3      19.6970    0.0800000
       53351.204      20.3280    0.0800000      53351.2      20.0840    0.0210000      53351.2      20.1080    0.0280000      53351.2      19.7200    0.0340000      53351.2      19.5560    0.0990000
       53622.461      20.4270    0.0590000      53622.5      20.1950    0.0180000      53622.5      20.1270    0.0200000      53622.5      19.9310    0.0520000      53622.5      19.6030    0.0600000
       53627.418      20.3460    0.0630000      53627.4      20.1690    0.0210000      53627.4      20.0960    0.0240000      53627.4      19.7740    0.0270000      53627.4      19.6090    0.0770000
       53634.410      20.6490     0.244000      53634.4      20.1540    0.0530000      53634.4      20.1200    0.0620000      53634.4      19.7220    0.0490000      53634.4      19.5930    0.0960000
       53638.452      20.4100     0.105000      53638.5      20.1300    0.0280000      53638.4      20.0850    0.0350000      53638.4      19.7910    0.0410000      53638.5      19.6330     0.107000
       53640.416      20.3740    0.0780000      53640.4      20.1110    0.0220000      53640.4      20.0630    0.0260000      53640.4      19.6840    0.0290000      53640.4      19.7460    0.0970000
       53643.458      20.2520    0.0840000      53643.5      20.1300    0.0220000      53643.5      20.0250    0.0260000      53643.5      19.7430    0.0340000      53643.5      19.6850     0.100000
       53646.477     -99.9900    0.0800000      53646.5      20.1160    0.0220000      53646.5      20.1110    0.0280000      53646.5      19.6930    0.0350000      53646.5      19.6240    0.0940000
       53657.296      20.2750     0.221000      53657.3      20.1200    0.0740000      53657.3      20.1320    0.0680000      53657.3      19.7460    0.0630000      53657.3      19.8550     0.239000
       53657.460      20.3250    0.0830000      53657.5      20.1530    0.0230000      53657.5      20.0650    0.0260000      53657.5      19.6140    0.0280000      53657.5      19.6790    0.0950000
       53663.478      20.3960     0.198000      53663.5      20.1380    0.0680000      53663.5      20.1220    0.0570000      53663.5      19.7750    0.0530000      53663.5      19.6320     0.113000
       53665.478      20.4100     0.148000      53665.5      20.0120    0.0370000      53665.5      20.0240    0.0420000      53665.5      19.7380    0.0430000      53665.5      19.6700     0.122000
       53668.466      20.3770     0.140000      53668.5      20.0780    0.0340000      53668.5      20.0420    0.0390000      53668.5      19.6740    0.0420000      53668.5      19.5340     0.125000
       53669.372      20.3660    0.0830000      53669.4      20.1450    0.0250000      53669.4      20.0700    0.0290000      53669.4      19.8040    0.0340000      53669.4      19.7140     0.102000
       53670.472      20.5470     0.141000      53670.5      20.1340    0.0370000      53670.5      20.0050    0.0370000      53670.5      19.7090    0.0390000      53670.5      19.6960     0.140000
       53671.457      20.4270    0.0900000      53671.5      20.0810    0.0230000      53671.5      20.0030    0.0270000      53671.5      19.6830    0.0290000      53671.5      19.5550    0.0840000
       53674.356      20.3830    0.0920000      53674.4      20.1220    0.0220000      53674.4      20.0350    0.0330000      53674.4      19.6550    0.0380000      53674.4      19.6360     0.112000
       53676.446      20.3280    0.0840000      53676.4     -99.9900    0.0280000      53676.4      20.1250    0.0470000      53676.4     -99.9900    0.0350000      53676.4      19.7530     0.117000
       53679.418      20.2590    0.0730000      53679.4      20.1650    0.0210000      53679.4      20.0290    0.0290000      53679.4      19.7930    0.0350000      53679.4      19.9030     0.127000
       53681.409      20.5650     0.109000      53681.4      20.1360    0.0230000      53681.4      20.0830    0.0310000      53681.4      19.7470    0.0320000      53681.4      19.7520     0.106000
       53684.371      20.3340     0.109000      53684.4      20.1250    0.0240000      53684.4     -99.9900    0.0590000      53684.4      19.8700    0.0630000      53684.4      19.6540     0.132000
       53687.312      20.7890     0.394000      53687.3      20.1030    0.0720000      53687.3      20.1130    0.0730000      53687.3      19.7330    0.0580000      53687.3      19.6520     0.135000
       53694.382     -99.9900     0.153000      53694.4      20.1290    0.0480000      53694.4      20.0580    0.0410000      53694.4      19.7300    0.0380000      53694.4      19.5710    0.0940000
       53696.375      20.2410    0.0900000      53696.4      20.1030    0.0310000      53696.4      20.1070    0.0330000      53696.4      19.6830    0.0320000      53696.4      19.5600    0.0850000
       53697.366      20.1240    0.0770000      53697.4      20.0790    0.0260000      53697.4      20.0180    0.0300000      53697.4      19.6920    0.0310000      53697.4      19.5270    0.0810000
       53700.365      20.4280    0.0880000      53700.4      20.0960    0.0210000      53700.4      20.0960    0.0280000      53700.4      19.7970    0.0340000      53700.4      19.8290     0.126000
       53705.352      20.3180    0.0910000      53705.4      20.0960    0.0230000      53705.4      20.0910    0.0350000      53705.4      19.7190    0.0350000      53705.4      19.7580     0.113000
       53975.437      20.5850    0.0910000      53975.4      20.3600    0.0310000      53975.4      20.2480    0.0380000      53975.4      19.9090    0.0390000      53975.4      19.5630    0.0880000
       53994.460      20.4100    0.0620000      53994.5      20.3440    0.0250000      53994.5      20.2440    0.0260000      53994.5      19.9220    0.0330000      53994.5      19.8090    0.0820000
       53996.444      20.7140    0.0980000      53996.4      20.3280    0.0270000      53996.4      20.2490    0.0310000      53996.4      19.8620    0.0350000      53996.4      19.8620     0.119000
       54005.457      20.5760    0.0670000      54005.5      20.3270    0.0280000      54005.5      20.2370    0.0260000      54005.5      19.8500    0.0290000      54005.5      19.8420    0.0860000
       54009.471      20.5200    0.0630000      54009.5      20.3230    0.0200000      54009.5      20.2040    0.0250000      54009.5      19.8600    0.0270000      54009.5      19.7650    0.0700000
       54010.398      20.5090    0.0580000      54010.4      20.4040    0.0210000      54010.4      20.3070    0.0270000      54010.4      19.9890    0.0290000      54010.4      19.8240    0.0720000
       54012.391      20.5700    0.0950000      54012.4      20.3840    0.0350000      54012.4      20.2340    0.0420000      54012.4      19.9020    0.0400000      54012.4      19.6710    0.0880000
       54020.429      20.7990     0.147000      54020.4      20.3290    0.0370000      54020.4      20.2920    0.0460000      54020.4      19.8440    0.0370000      54020.4      19.7850     0.104000
       54024.478      20.5960     0.112000      54024.5      20.2890    0.0280000      54024.5      20.2660    0.0350000      54024.5      19.8500    0.0380000      54024.5      19.7230    0.0980000
       54028.467      20.4610    0.0820000      54028.5      20.3250    0.0250000      54028.5      20.2050    0.0310000      54028.5      19.8910    0.0380000      54028.5      19.6200    0.0870000
       54030.422      20.5620    0.0710000      54030.4      20.3130    0.0250000      54030.4      20.2200    0.0300000      54030.4      19.8170    0.0340000      54030.4      19.8880     0.100000
       54035.466      20.6740     0.105000      54035.5      20.3330    0.0270000      54035.5      20.2690    0.0350000      54035.5      19.8920    0.0390000      54035.5      19.7160    0.0950000
       54037.371      20.4470    0.0580000      54037.4      20.3170    0.0220000      54037.4      20.2970    0.0260000      54037.4      19.9050    0.0300000      54037.4      19.8530    0.0760000
       54040.386      20.6000    0.0700000      54040.4      20.2980    0.0240000      54040.4      20.2150    0.0280000      54040.4      19.8500    0.0340000      54040.4      19.7410    0.0870000
       54041.421      20.4380    0.0680000      54041.4      20.3450    0.0210000      54041.4      20.2130    0.0300000      54041.4      19.7850    0.0310000      54041.4      19.6990    0.0770000
       54047.417      21.0930     0.363000      54047.4      20.3000    0.0690000      54047.4      20.2580    0.0660000      54047.4      19.8340    0.0500000      54047.4      19.8520     0.117000
       54049.412      20.5210     0.145000      54049.4      20.3560    0.0440000      54049.4      20.2480    0.0440000      54049.4      19.8940    0.0430000      54049.4      19.7890     0.111000
       54050.373     -99.9900     0.148000      54050.4      20.2810    0.0460000      54050.4      20.1290    0.0650000      54050.4      19.8610    0.0690000      54050.4      20.0090     0.192000
       54056.378      20.3720    0.0780000      54056.4      20.2660    0.0290000      54056.4      20.1700    0.0290000      54056.4      19.8880    0.0400000      54056.4      19.7250    0.0980000
       54059.373      20.5790    0.0900000      54059.4      20.2340    0.0260000      54059.4      20.2070    0.0360000      54059.4      19.8180    0.0420000      54059.4      19.7600     0.122000
       54061.384      20.6780     0.127000      54061.4     -99.9900    0.0370000      54061.4      20.1870    0.0320000      54061.4      19.7750    0.0360000      54061.4      19.7630     0.140000
       54062.377      20.6270    0.0720000      54062.4      20.3140    0.0220000      54062.4     -99.9900    0.0300000      54062.4     -99.9900    0.0330000      54062.4      19.6980    0.0840000
       54064.374      20.3790    0.0810000      54064.4      20.2880    0.0240000      54064.4      20.2270    0.0310000      54064.4      19.9150    0.0370000      54064.4      19.7100     0.107000
       54068.358     -99.9900     0.124000      54068.4      20.2520    0.0380000      54068.4      20.1690    0.0410000      54068.4      19.7270    0.0470000      54068.4      19.6840     0.134000
       54357.416      20.3550    0.0600000      54357.4      20.1620    0.0210000      54357.4      20.0650    0.0230000      54357.4      19.7440    0.0260000      54357.4      19.7170    0.0680000
       54362.466      20.3350    0.0500000      54362.5      20.1020    0.0200000      54362.5      20.0570    0.0220000      54362.5      19.8150    0.0280000      54362.5      19.8080    0.0780000
       54376.461      20.3890    0.0700000      54376.5      20.1100    0.0260000      54376.5      20.0190    0.0240000      54376.5      19.7770    0.0280000      54376.5      19.7960    0.0840000
       54382.446      20.3170    0.0730000      54382.4      20.0380    0.0200000      54382.4      20.1010    0.0310000      54382.4      19.7610    0.0310000      54382.4      19.7880    0.0990000
       54385.464      20.2640    0.0600000      54385.5      20.1550    0.0220000      54385.5      20.0900    0.0300000      54385.5      19.7660    0.0310000      54385.5      19.7120    0.0780000
       54387.464      20.2510    0.0740000      54387.5      20.1270    0.0230000      54387.5      20.1110    0.0310000      54387.5      19.7330    0.0310000      54387.5      19.8390     0.101000
       54391.465      20.4860     0.120000      54391.5      20.0840    0.0320000      54391.5      20.0440    0.0620000      54391.5      19.7070    0.0450000      54391.5      19.5840     0.113000
       54402.457      20.2720     0.206000      54402.5      20.0750    0.0640000      54402.5      20.0090    0.0510000      54402.5      19.7500    0.0520000      54402.5      19.6890     0.118000
       52522.000       20.435000     0.068000000       52522.000       20.179000     0.024000000       52522.000       20.083000     0.023000000       52522.000       19.717000     0.030000000       52522.000       19.770000     0.085000000
       51078       20.170000     0.041000000       51078       19.999000     0.021000000       51078       19.957000     0.021000000       51078       19.609000     0.022000000       51078       19.604000     0.061000000
       51081       20.199000     0.058000000       51081       19.976000     0.024000000       51081       19.928000     0.029000000       51081       19.617000     0.031000000       51081       19.526000     0.083000000
       51115       20.251000     0.046000000       51115       20.046000     0.021000000       51115       19.980000     0.025000000       51115       19.662000     0.030000000       51115       19.440000     0.084000000
       51132       20.272000     0.047000000       51132       20.126000     0.029000000       51132       20.076000     0.032000000       51132       19.682000     0.036000000       51132       19.514000      0.10100000
       51136       20.342000     0.050000000       51136       20.114000     0.021000000       51136       20.043000     0.030000000       51136       19.679000     0.032000000       51136       19.613000      0.10000000
       51875       20.298000     0.050000000       51875       20.050000     0.023000000       51875       19.996000     0.027000000       51875       19.650000     0.026000000       51875       19.599000     0.084000000
       52173       20.386000     0.060000000       52173       20.080000     0.019000000       52173       20.025000     0.026000000       52173       19.692000     0.027000000       52173       19.615000     0.083000000
       52171       20.306000     0.048000000       52171       20.047000     0.026000000       52171       20.020000     0.025000000       52171       19.721000     0.027000000       52171       19.516000     0.068000000
       52225       20.227000     0.047000000       52225       20.048000     0.020000000       52225       19.977000     0.023000000       52225       19.703000     0.025000000       52225       19.616000     0.070000000
       52288       20.398000     0.056000000       52288       20.096000     0.021000000       52288       20.001000     0.026000000       52288       19.712000     0.027000000       52288       19.679000     0.077000000
       52522       20.437000     0.063000000       52522       20.171000     0.027000000       52522       20.083000     0.023000000       52522       19.722000     0.028000000       52522       19.774000     0.085000000
       52551       20.362000     0.066000000       52551       20.152000     0.029000000       52551       20.104000     0.029000000       52551       19.735000     0.034000000       52551       19.472000     0.086000000
       52558       20.349000     0.058000000       52558       20.145000     0.026000000       52558       20.016000     0.023000000       52558       19.712000     0.026000000       52558       19.539000     0.077000000
       52585       20.264000     0.052000000       52585       20.090000     0.024000000       52585       20.079000     0.026000000       52585       19.787000     0.032000000       52585       19.790000      0.10900000
       52909       20.402000     0.051000000       52909       20.264000     0.024000000       52909       20.205000     0.025000000       52909       19.820000     0.026000000       52909       19.983000      0.10400000
       52910       20.368000     0.060000000       52910       20.300000     0.030000000       52910       20.266000     0.044000000       52910       19.781000     0.029000000       52910       19.821000     0.099000000
       52935       20.429000     0.060000000       52935       20.238000     0.025000000       52935       20.181000     0.034000000       52935       19.827000     0.037000000       52935       19.791000      0.11300000
       52963       20.428000     0.054000000       52963       20.191000     0.021000000       52963       20.106000     0.028000000       52963       19.812000     0.032000000       52963       19.671000     0.079000000
       53351       20.313000     0.068000000       53351       20.098000     0.027000000       53351       20.119000     0.035000000       53351       19.734000     0.036000000       53351       19.567000     0.099000000
       54424       20.427000     0.089000000       54424       20.134000     0.034000000       54424       20.036000     0.030000000       54424       19.757000     0.033000000       54424       19.598000     0.067000000
