       51081.431      20.4580    0.0710000      51081.4      20.1920    0.0220000      51081.4      20.0940    0.0260000      51081.4      19.8100    0.0300000      51081.4      19.9840     0.152000
       51875.246      20.4680    0.0600000      51875.2      20.2720    0.0210000      51875.2      20.2250    0.0270000      51875.2      19.8850    0.0270000      51875.2      19.9430     0.122000
       52171.479      20.3590    0.0600000      52171.5      20.1910    0.0210000      52171.5      20.1170    0.0260000      52171.5      19.8240    0.0250000      52171.5      19.8260     0.107000
       52225.327      20.2570    0.0510000      52225.3      19.9740    0.0160000      52225.3      19.9630    0.0200000      52225.3      19.6710    0.0210000      52225.3      19.8940     0.102000
       52288.161      20.2110    0.0540000      52288.2      19.9930    0.0180000      52288.2      19.9500    0.0220000      52288.2      19.7090    0.0220000      52288.2      19.6360    0.0850000
       52551.435      20.6300    0.0770000      52551.4      20.2620    0.0190000      52551.4      20.1900    0.0260000      52551.4      19.8470    0.0280000      52551.4      19.7340    0.0980000
       52558.468      20.4470    0.0570000      52558.5      20.2810    0.0190000      52558.5      20.1440    0.0220000      52558.5      19.8200    0.0240000      52558.5      19.8440    0.0970000
       52578.339      20.4630    0.0640000      52578.3      20.3150    0.0210000      52578.3      20.1510    0.0220000      52578.3      19.8260    0.0230000      52578.3      19.7640    0.0920000
       52585.302      20.4650    0.0570000      52585.3      20.2870    0.0190000      52585.3      20.1620    0.0230000      52585.3      19.8380    0.0250000      52585.3      19.7560    0.0960000
       52909.469      20.2700    0.0500000      52909.5      19.9650    0.0150000      52909.5      19.9060    0.0180000      52909.5      19.6050    0.0190000      52909.5      19.6080    0.0740000
       52910.439      20.2890    0.0650000      52910.4      19.9520    0.0160000      52910.4      19.8550    0.0180000      52910.4      19.6190    0.0230000      52910.4      19.5860    0.0870000
       52935.366      20.2170    0.0500000      52935.4      19.9910    0.0160000      52935.4      19.9310    0.0200000      52935.4      19.6250    0.0220000      52935.4      19.5170    0.0800000
       53351.212      20.0440    0.0550000      53351.2      19.7840    0.0170000      53351.2      19.7380    0.0200000      53351.2      19.5340    0.0260000      53351.2      19.3340    0.0870000
       53622.469      20.1090    0.0460000      53622.5      19.8970    0.0150000      53622.5      19.8050    0.0160000      53622.5      19.5670    0.0180000      53622.5      19.6110    0.0690000
       53627.426     -99.9900    0.0550000      53627.4      19.8310    0.0170000      53627.4      19.8550    0.0200000      53627.4      19.5850    0.0230000      53627.4      19.6590    0.0960000
       53634.418     -99.9900     0.132000      53634.4      19.9400    0.0510000      53634.4      19.8780    0.0440000      53634.4      19.5990    0.0400000      53634.4      19.7060     0.126000
       53638.459      20.1100    0.0660000      53638.5      19.8330    0.0210000      53638.5      19.7900    0.0240000      53638.5      19.4960    0.0240000      53638.5      19.5930     0.102000
       53640.423      20.0960    0.0640000      53640.4      19.8840    0.0190000      53640.4      19.8670    0.0220000      53640.4      19.5660    0.0220000      53640.4      19.3960    0.0810000
       53643.466      20.1000    0.0590000      53643.5      19.8760    0.0190000      53643.5      19.8140    0.0200000      53643.5      19.5550    0.0230000      53643.5      19.5570    0.0940000
       53657.468      19.9750    0.0610000      53657.5      19.7810    0.0160000      53657.5      19.7910    0.0220000      53657.5      19.5220    0.0230000      53657.5      19.4870    0.0890000
       53663.485      19.9670     0.142000      53663.5      19.8660    0.0480000      53663.5      19.8380    0.0430000      53663.5      19.5820    0.0360000      53663.5      19.3780    0.0950000
       53664.421      19.8280     0.300000      53664.4      19.5360     0.118000      53664.4      19.6820     0.302000      53664.4     -99.9900     0.154000      53664.4     -99.9900     0.499000
       53665.485      19.9180     0.103000      53665.5      19.8580    0.0300000      53665.5      19.7760    0.0280000      53665.5      19.5420    0.0290000      53665.5      19.4710     0.117000
       53668.474      20.1260     0.124000      53668.5      19.8540    0.0310000      53668.5      19.7780    0.0340000      53668.5      19.5180    0.0360000      53668.5      19.6180     0.163000
       53669.380      19.9960    0.0640000      53669.4      19.7590    0.0190000      53669.4      19.7690    0.0220000      53669.4      19.5190    0.0230000      53669.4      19.6360     0.113000
       53670.480      20.3150     0.119000      53670.5      19.8910    0.0290000      53670.5      19.8350    0.0320000      53670.5      19.5810    0.0340000      53670.5      19.5490     0.166000
       53671.465      20.0900    0.0780000      53671.5      19.8480    0.0200000      53671.5      19.7570    0.0250000      53671.5      19.5870    0.0280000      53671.5      19.4040    0.0840000
       53674.364      20.0070    0.0730000      53674.4      19.7770    0.0180000      53674.4      19.7950    0.0280000      53674.4      19.5070    0.0330000      53674.4      19.5070     0.128000
       53676.454      20.1240    0.0750000      53676.5     -99.9900    0.0320000      53676.5      19.8010    0.0230000      53676.5      19.5340    0.0260000      53676.5      19.6210     0.114000
       53679.425      19.9630    0.0570000      53679.4      19.7490    0.0160000      53679.4      19.8050    0.0230000      53679.4      19.5240    0.0250000      53679.4      19.4960     0.102000
       53681.417     -99.9900    0.0740000      53681.4      19.7920    0.0190000      53681.4      19.7280    0.0240000      53681.4      19.5400    0.0240000      53681.4      19.4800     0.101000
       53684.378      20.0320    0.0660000      53684.4      19.8190    0.0180000      53684.4      19.7820    0.0240000      53684.4      19.5230    0.0270000      53684.4      19.4680     0.106000
       53687.320      19.8420     0.155000      53687.3      19.7930    0.0560000      53687.3      19.8120    0.0670000      53687.3     -99.9900    0.0480000      53687.3     -99.9900     0.105000
       53694.390      20.1820     0.157000      53694.4      19.8120    0.0420000      53694.4      19.7450    0.0350000      53694.4      19.5470    0.0340000      53694.4      19.3490     0.100000
       53696.383      20.0370     0.109000      53696.4      19.8330    0.0240000      53696.4      19.7580    0.0220000      53696.4      19.5150    0.0230000      53696.4      19.4270    0.0850000
       53697.374      20.0900    0.0690000      53697.4      19.8460    0.0210000      53697.4      19.7670    0.0220000      53697.4      19.5410    0.0220000      53697.4      19.4450    0.0750000
       53700.373      20.0290    0.0600000      53700.4      19.7910    0.0160000      53700.4      19.7650    0.0240000      53700.4      19.5260    0.0250000      53700.4      19.5160     0.107000
       53705.360      19.9620    0.0710000      53705.4      19.7780    0.0180000      53705.4      19.7610    0.0230000      53705.4      19.5610    0.0280000      53705.4      19.5350     0.125000
       53975.445      20.2620    0.0620000      53975.4      20.0220    0.0240000      53975.4      19.9830    0.0280000      53975.4      19.5890    0.0300000      53975.4      19.6270     0.104000
       53994.468      20.2380    0.0600000      53994.5      20.0410    0.0210000      53994.5      19.9580    0.0240000      53994.5      19.6690    0.0230000      53994.5      19.6760    0.0810000
       53996.451      20.2860    0.0700000      53996.5      19.9990    0.0220000      53996.4      19.9250    0.0220000      53996.4      19.6850    0.0230000      53996.5      19.6050    0.0830000
       54005.465      20.2440    0.0520000      54005.5      19.9770    0.0180000      54005.5      19.9480    0.0210000      54005.5      19.6550    0.0210000      54005.5      19.6760    0.0800000
       54009.478     -99.9900    0.0500000      54009.5      20.0220    0.0230000      54009.5      19.9390    0.0180000      54009.5      19.6650    0.0210000      54009.5      19.7010    0.0690000
       54010.405      20.2130    0.0460000      54010.4      20.0280    0.0190000      54010.4      19.9470    0.0240000      54010.4      19.6510    0.0200000      54010.4      19.5140    0.0540000
       54012.398      20.3960    0.0850000      54012.4      19.9760    0.0280000      54012.4      19.9820    0.0320000      54012.4      19.6420    0.0290000      54012.4      19.6440    0.0980000
       54020.436      20.3570    0.0880000      54020.4      20.0770    0.0320000      54020.4      19.9750    0.0270000      54020.4      19.6300    0.0240000      54020.4      19.8390    0.0970000
       54024.486     -99.9900    0.0870000      54024.5      20.0790    0.0250000      54024.5      19.9890    0.0280000      54024.5      19.6750    0.0290000      54024.5      19.7250     0.113000
       54028.474      20.3420    0.0780000      54028.5      20.0030    0.0220000      54028.5      19.9520    0.0330000      54028.5      19.6300    0.0280000      54028.5      19.4940    0.0930000
       54030.430      20.3550    0.0610000      54030.4      20.0290    0.0190000      54030.4      19.9580    0.0220000      54030.4      19.6500    0.0230000      54030.4      19.4880    0.0700000
       54035.474      20.2310    0.0840000      54035.5      20.0740    0.0230000      54035.5      19.9650    0.0270000      54035.5      19.6520    0.0280000      54035.5      19.5730     0.112000
       54037.379      20.3450    0.0470000      54037.4      20.0950    0.0190000      54037.4      19.9730    0.0200000      54037.4      19.6420    0.0190000      54037.4      19.6060    0.0580000
       54040.394      20.3460    0.0610000      54040.4      20.0590    0.0190000      54040.4      19.9600    0.0190000      54040.4      19.6620    0.0220000      54040.4      19.6800    0.0840000
       54041.429      20.1970    0.0590000      54041.4      20.0780    0.0180000      54041.4      19.9670    0.0210000      54041.4      19.6520    0.0200000      54041.4      19.5660    0.0700000
       54047.424      20.7580     0.263000      54047.4      20.0920    0.0560000      54047.4      20.0210    0.0500000      54047.4      19.6920    0.0370000      54047.4      19.5930     0.101000
       54049.420      20.1890     0.111000      54049.4      20.0650    0.0410000      54049.4      19.9610    0.0300000      54049.4      19.7140    0.0330000      54049.4      19.4960    0.0910000
       54050.380      20.3820     0.141000      54050.4      20.0300    0.0340000      54050.4      19.9090    0.0390000      54050.4      19.5800    0.0390000      54050.4      19.4910     0.122000
       54053.400      20.3510    0.0990000      54053.4     -99.9900    0.0480000      54053.4     -99.9900    0.0330000      54053.4      19.6900    0.0390000      54053.4     -99.9900     0.166000
       54056.386      20.1540    0.0640000      54056.4      20.0910    0.0210000      54056.4      19.9570    0.0320000      54056.4      19.6640    0.0310000      54056.4      19.5810    0.0890000
       54059.380     -99.9900    0.0700000      54059.4      20.1060    0.0200000      54059.4      20.0040    0.0260000      54059.4      19.6970    0.0290000      54059.4      19.6510     0.110000
       54061.391      20.3520     0.115000      54061.4      20.1770    0.0340000      54061.4      19.9430    0.0350000      54061.4      19.6500    0.0370000      54061.4      19.7580     0.137000
       54062.385     -99.9900    0.0580000      54062.4      20.1150    0.0220000      54062.4      20.0080    0.0190000      54062.4      19.7390    0.0240000      54062.4      19.7040    0.0860000
       54064.382      20.2280    0.0690000      54064.4      20.1010    0.0250000      54064.4      20.0020    0.0260000      54064.4      19.6930    0.0280000      54064.4      19.5380    0.0940000
       54068.366      20.3050    0.0790000      54068.4      20.0690    0.0270000      54068.4      19.9550    0.0250000      54068.4      19.6560    0.0290000      54068.4      19.5870     0.114000
       54357.424     -99.9900    0.0470000      54357.4      19.7930    0.0200000      54357.4      19.7340    0.0180000      54357.4      19.4910    0.0230000      54357.4      19.4950    0.0590000
       54362.473      20.0280    0.0490000      54362.5      19.7700    0.0200000      54362.5      19.7610    0.0180000      54362.5      19.4730    0.0230000      54362.5      19.3830    0.0640000
       54376.468      19.9040    0.0500000      54376.5      19.7940    0.0250000      54376.5      19.7060    0.0190000      54376.5      19.4870    0.0200000      54376.5      19.3930    0.0650000
       54382.454      20.0230    0.0520000      54382.5      19.7300    0.0170000      54382.5      19.7200    0.0200000      54382.5      19.4690    0.0240000      54382.5      19.3540    0.0710000
       54385.471      20.0250    0.0550000      54385.5      19.7740    0.0250000      54385.5      19.7170    0.0210000      54385.5      19.5110    0.0230000      54385.5      19.3850    0.0650000
       54387.472      20.0260    0.0580000      54387.5      19.7400    0.0170000      54387.5      19.7000    0.0210000      54387.5      19.4430    0.0210000      54387.5      19.3390    0.0670000
       54390.464     -99.9900     0.245000      54390.5     -99.9900    0.0310000      54390.5      19.7060    0.0270000      54390.5     -99.9900    0.0710000      54390.5     -99.9900     0.181000
       54391.473      20.0220    0.0840000      54391.5      19.7370    0.0340000      54391.5      19.7080    0.0260000      54391.5      19.4520    0.0290000      54391.5      19.6000     0.152000
       54402.465      20.1710     0.190000      54402.5      19.7670    0.0480000      54402.5      19.7270    0.0440000      54402.5      19.4600    0.0320000      54402.5      19.3880     0.100000
       52522.000       20.477000     0.062000000       52522.000       20.194000     0.025000000       52522.000       20.137000     0.022000000       52522.000       19.824000     0.023000000       52522.000       19.846000     0.095000000
       51078       20.338000     0.039000000       51078       20.219000     0.022000000       51078       20.114000     0.022000000       51078       19.776000     0.021000000       51078       19.714000     0.066000000
       51081       20.435000     0.065000000       51081       20.184000     0.025000000       51081       20.084000     0.030000000       51081       19.837000     0.033000000       51081       20.055000      0.14900000
       51132       20.385000     0.056000000       51132       20.208000     0.029000000       51132       20.091000     0.031000000       51132       19.826000     0.031000000       51132       19.571000      0.11900000
       51115       20.342000     0.049000000       51115       20.178000     0.026000000       51115       20.064000     0.023000000       51115       19.793000     0.027000000       51115       19.780000      0.10600000
       51136       20.458000     0.046000000       51136       20.155000     0.026000000       51136       20.097000     0.023000000       51136       19.792000     0.028000000       51136       19.871000      0.10900000
       51875       20.498000     0.052000000       51875       20.297000     0.023000000       51875       20.225000     0.032000000       51875       19.878000     0.026000000       51875       19.960000      0.11300000
       52171       20.337000     0.052000000       52171       20.196000     0.024000000       52171       20.089000     0.029000000       52171       19.782000     0.027000000       52171       19.820000     0.095000000
       52225       20.239000     0.044000000       52225       20.004000     0.024000000       52225       19.958000     0.027000000       52225       19.676000     0.023000000       52225       19.859000     0.087000000
       52288       20.207000     0.048000000       52288       20.010000     0.019000000       52288       19.939000     0.027000000       52288       19.713000     0.024000000       52288       19.653000     0.077000000
       52522       20.479000     0.054000000       52522       20.198000     0.024000000       52522       20.134000     0.021000000       52522       19.828000     0.024000000       52522       19.847000     0.085000000
       52551       20.669000     0.062000000       52551       20.254000     0.023000000       52551       20.176000     0.028000000       52551       19.838000     0.029000000       52551       19.730000     0.099000000
       52558       20.417000     0.053000000       52558       20.271000     0.022000000       52558       20.113000     0.024000000       52558       19.813000     0.030000000       52558       19.839000     0.086000000
       52578       20.438000     0.058000000       52578       20.301000     0.021000000       52578       20.140000     0.024000000       52578       19.821000     0.022000000       52578       19.784000     0.082000000
       52585       20.467000     0.051000000       52585       20.319000     0.023000000       52585       20.150000     0.025000000       52585       19.836000     0.029000000       52585       19.727000     0.084000000
       52910       20.351000     0.058000000       52910       19.961000     0.024000000       52910       19.842000     0.026000000       52910       19.612000     0.024000000       52910       19.585000     0.079000000
       52935       20.218000     0.043000000       52935       19.981000     0.026000000       52935       19.908000     0.020000000       52935       19.597000     0.024000000       52935       19.452000     0.071000000
       53351       20.051000     0.057000000       53351       19.791000     0.029000000       53351       19.766000     0.024000000       53351       19.551000     0.033000000       53351       19.389000     0.088000000
       54424       19.851000     0.072000000       54424       19.688000     0.029000000       54424       19.662000     0.023000000       54424       19.442000     0.024000000       54424       19.231000     0.049000000
