       51075.450      20.7040    0.0770000      51075.5      20.4770    0.0250000      51075.4      20.0950    0.0270000      51075.4      20.1500    0.0460000      51075.4      20.0720     0.155000
       51818.420      20.9520     0.103000      51818.4      20.4540    0.0250000      51818.4      20.1300    0.0250000      51818.4      20.1910    0.0420000      51818.4      19.9580     0.120000
       52171.408      20.6310    0.0720000      52171.4      20.3030    0.0210000      52171.4      19.9800    0.0250000      52171.4      20.0460    0.0330000      52171.4      20.0010     0.100000
       52173.384      20.6300    0.0850000      52173.4      20.3290    0.0230000      52173.4      20.0410    0.0250000      52173.4      20.0300    0.0380000      52173.4      19.9110     0.129000
       52224.364      20.5720    0.0650000      52224.4      20.3120    0.0210000      52224.4      20.0070    0.0210000      52224.4      20.0970    0.0330000      52224.4      20.0190     0.112000
       52234.321      20.5500    0.0790000      52234.3      20.3300    0.0240000      52234.3      19.8990    0.0220000      52234.3      20.0410    0.0350000      52234.3      19.8010    0.0960000
       52261.284      20.6780    0.0770000      52261.3      20.3800    0.0220000      52261.3      20.0360    0.0220000      52261.3      20.1080    0.0310000      52261.3      20.0240    0.0940000
       52283.151      20.5770    0.0770000      52283.2      20.3420    0.0240000      52283.1      19.9880    0.0260000      52283.2      20.1000    0.0470000      52283.2      20.3010     0.174000
       52287.165      20.6440    0.0740000      52287.2      20.3180    0.0220000      52287.2      20.0410    0.0240000      52287.2      20.0410    0.0340000      52287.2      19.9450    0.0950000
       52552.483      20.6010    0.0630000      52552.5      20.3000    0.0200000      52552.5      19.9730    0.0210000      52552.5      19.9910    0.0320000      52552.5      20.0060     0.107000
       52557.458      20.5830    0.0670000      52557.5      20.2780    0.0200000      52557.5      19.9690    0.0230000      52557.5      20.0060    0.0370000      52557.5      20.2390     0.198000
       52585.359      20.4920    0.0610000      52585.4      20.2400    0.0190000      52585.4      19.9370    0.0210000      52585.4      20.0290    0.0350000      52585.4      19.8390     0.107000
       52908.432      21.1830     0.121000      52908.4      20.6700    0.0330000      52908.4      20.2740    0.0280000      52908.4      20.2550    0.0420000      52908.4      20.2270     0.157000
       52912.412      21.1370     0.122000      52912.4      20.6820    0.0290000      52912.4      20.2770    0.0280000      52912.4      20.3720    0.0440000      52912.4      20.2970     0.159000
       52934.364      20.9130    0.0910000      52934.4      20.7040    0.0280000      52934.4      20.2670    0.0290000      52934.4      20.3730    0.0500000      52934.4      20.2340     0.169000
       52936.360      20.7960    0.0760000      52936.4      20.6350    0.0270000      52936.4      20.2610    0.0300000      52936.4      20.3170    0.0440000      52936.4      20.0680     0.134000
       53270.424      20.7860    0.0700000      53270.4      20.5480    0.0250000      53270.4      20.2010    0.0230000      53270.4      20.2290    0.0320000      53270.4      20.2040     0.115000
       53272.474      20.8350    0.0800000      53272.5      20.5620    0.0240000      53272.5      20.1880    0.0240000      53272.5      20.1740    0.0380000      53272.5      20.1090     0.120000
       53286.443      20.7790     0.132000      53286.4      20.4860    0.0410000      53286.4      20.1210    0.0320000      53286.4      20.1310    0.0530000      53286.4      20.0890     0.178000
       53288.401      20.6340    0.0750000      53288.4      20.4740    0.0250000      53288.4      20.1450    0.0240000      53288.4      20.1780    0.0370000      53288.4      20.0810     0.119000
       53294.449      20.7760     0.121000      53294.4      20.5200    0.0260000      53294.4      20.1730    0.0300000      53294.4      20.1520    0.0440000      53294.4      20.0490     0.126000
       53296.396      20.9490     0.101000      53296.4      20.5060    0.0300000      53296.4      20.1790    0.0290000      53296.4      20.2270    0.0420000      53296.4      19.9610     0.110000
       53298.446      20.7070    0.0800000      53298.4      20.5240    0.0250000      53298.4      20.1570    0.0300000      53298.4      20.1840    0.0470000      53298.4      19.9410     0.134000
       53312.352      20.7150     0.117000      53312.4      20.4890    0.0430000      53312.4      20.1150    0.0330000      53312.4      20.2050    0.0500000      53312.4      20.1190     0.163000
       53314.354      20.7450    0.0990000      53314.4      20.4200    0.0300000      53314.4      20.1130    0.0290000      53314.4      20.1050    0.0410000      53314.4      20.0610     0.147000
       53319.341      20.7170     0.114000      53319.3      20.4700    0.0350000      53319.3      20.1690    0.0350000      53319.3      20.1580    0.0530000      53319.3      20.2650     0.219000
       53616.458      20.7990    0.0920000      53616.5      20.5830    0.0300000      53616.5      20.2590    0.0260000      53616.5      20.3940    0.0450000      53616.5      20.1270     0.135000
       53628.419      20.8500     0.120000      53628.4     -99.9900    0.0400000      53628.4      20.1610    0.0280000      53628.4      20.2300    0.0530000      53628.4      19.9120     0.162000
       53639.466      20.7860     0.108000      53639.5      20.6570    0.0350000      53639.5      20.1910    0.0280000      53639.5      20.2560    0.0420000      53639.5      20.1210     0.115000
       53641.465      20.5910     0.100000      53641.5      20.6460    0.0360000      53641.5      20.2330    0.0300000      53641.5      20.1850    0.0410000      53641.5      20.2310     0.163000
       53657.424      20.8990     0.117000      53657.4      20.5620    0.0290000      53657.4      20.1920    0.0300000      53657.4      20.3020    0.0580000      53657.4      20.2770     0.195000
       53663.409      20.8480     0.238000      53663.4      20.6600    0.0740000      53663.4      20.2730    0.0550000      53663.4      20.2790    0.0630000      53663.4     -99.9900     0.149000
       53665.387      20.6170     0.127000      53665.4      20.6360    0.0540000      53665.4      20.2380    0.0410000      53665.4      20.3580    0.0580000      53665.4      20.0970     0.143000
       53666.479      20.8650     0.178000      53666.5      20.5960    0.0470000      53666.5      20.1940    0.0370000      53666.5      20.3080    0.0520000      53666.5      20.3050     0.163000
       53668.398      20.5980     0.136000      53668.4      20.6010    0.0450000      53668.4      20.1400    0.0360000      53668.4      20.2410    0.0530000      53668.4      20.1010     0.162000
       53669.486      20.8790     0.177000      53669.5      20.7070    0.0450000      53669.5      20.2560    0.0410000      53669.5      20.1690    0.0500000      53669.5      20.1170     0.161000
       53670.403      20.9670     0.154000      53670.4      20.4980    0.0440000      53670.4      20.0400    0.0350000      53670.4      20.2180    0.0740000      53670.4      19.9580     0.149000
       53673.371      20.8750    0.0930000      53673.4      20.5650    0.0240000      53673.4      20.1630    0.0270000      53673.4      20.3190    0.0460000      53673.4      20.0620     0.110000
       53675.368      20.9060     0.102000      53675.4      20.5680    0.0240000      53675.4      20.2820    0.0300000      53675.4      20.2660    0.0460000      53675.4      19.9890     0.126000
       53680.376      20.8700    0.0890000      53680.4      20.6530    0.0270000      53680.4      20.2000    0.0260000      53680.4      20.1960    0.0360000      53680.4      20.0550     0.101000
       53683.434      20.9470     0.218000      53683.4      20.7430    0.0590000      53683.4      20.2770    0.0670000      53683.4      20.4520     0.112000      53683.4      20.4530     0.392000
       53686.375      20.7970     0.164000      53686.4      20.5580    0.0620000      53686.4      20.2140    0.0470000      53686.4      20.1760    0.0570000      53686.4      20.1030     0.144000
       53693.378      20.9470     0.340000      53693.4      20.5670    0.0920000      53693.4      20.2120    0.0680000      53693.4      20.2480    0.0780000      53693.4      19.7830     0.141000
       53699.399      20.8180     0.139000      53699.4      20.6140    0.0350000      53699.4      20.2020    0.0320000      53699.4      20.2260    0.0430000      53699.4      20.1210     0.123000
       53704.361      20.9470     0.127000      53704.4      20.5530    0.0300000      53704.4      20.1700    0.0300000      53704.4      20.1880    0.0450000      53704.4      19.8900     0.124000
       53989.457      20.6600     0.139000      53989.5      20.4890    0.0520000      53989.5      20.1440    0.0400000      53989.5      20.1180    0.0480000      53989.5     -99.9900     0.143000
       54007.483      20.6660    0.0740000      54007.5      20.5040    0.0220000      54007.5      20.1260    0.0240000      54007.5      20.0940    0.0380000      54007.5      20.4180     0.146000
       54008.443     -99.9900    0.0720000      54008.4      20.5440    0.0250000      54008.4      20.1290    0.0270000      54008.4      20.1360    0.0380000      54008.4      19.8020     0.100000
       54009.406      20.6130    0.0590000      54009.4      20.5200    0.0180000      54009.4      20.0960    0.0190000      54009.4      20.1290    0.0280000      54009.4      19.9950    0.0850000
       54011.471      20.7590    0.0630000      54011.5      20.4710    0.0210000      54011.5      20.1570    0.0220000      54011.5      20.1630    0.0290000      54011.5      20.0740    0.0750000
       54012.484      20.8790    0.0920000      54012.5      20.4710    0.0270000      54012.5      20.1010    0.0250000      54012.5      20.1060    0.0360000      54012.5      20.2860     0.132000
       54019.466      20.5180     0.109000      54019.5      20.5050    0.0470000      54019.5      20.0170    0.0410000      54019.5      20.0810    0.0510000      54019.5      20.4240     0.153000
       54025.470     -99.9900    0.0860000      54025.5      20.4370    0.0240000      54025.5      20.1070    0.0300000      54025.5      20.1590    0.0420000      54025.5      20.0350     0.112000
       54348.468      20.5950     0.101000      54348.5     -99.9900    0.0340000      54348.5      20.0330    0.0310000      54348.5      19.9870    0.0370000      54348.5      19.9380     0.109000
       54358.424      20.6530    0.0770000      54358.4      20.2980    0.0210000      54358.4      19.9860    0.0220000      54358.4      19.9850    0.0290000      54358.4      19.9200    0.0870000
       54365.457      20.6720    0.0630000      54365.5      20.3150    0.0190000      54365.5      20.0330    0.0190000      54365.5      20.1300    0.0490000      54365.5      20.1040    0.0790000
       54381.476      20.4200    0.0690000      54381.5      20.3550    0.0300000      54381.5      19.9700    0.0220000      54381.5      20.0010    0.0350000      54381.5      20.2600     0.136000
       54386.468      20.4830    0.0640000      54386.5      20.2820    0.0200000      54386.5      19.9750    0.0200000      54386.5      20.0420    0.0300000      54386.5      19.9390    0.0760000
       54388.473      20.5180    0.0710000      54388.5      20.3580    0.0280000      54388.5      20.0030    0.0240000      54388.5      20.0150    0.0350000      54388.5      20.1150     0.104000
       54392.470      20.5250    0.0700000      54392.5      20.2900    0.0230000      54392.5      20.0070    0.0240000      54392.5      20.0590    0.0360000      54392.5      19.8980    0.0930000
       54403.387      20.2370     0.109000      54403.4      20.3730    0.0870000      54403.4      20.0170    0.0750000      54403.4      20.0370    0.0700000      54403.4      19.8460     0.139000
       54404.444      20.7300     0.196000      54404.4      20.2500    0.0610000      54404.4      19.9880    0.0560000      54404.4      19.8740    0.0750000      54404.4      19.7380     0.122000
       54406.380      20.6470    0.0750000      54406.4      20.3260    0.0270000      54406.4      19.9830    0.0230000      54406.4      20.0550    0.0300000      54406.4      19.8880    0.0740000
       54409.385      20.5130    0.0660000      54409.4      20.2800    0.0220000      54409.4      20.0230    0.0230000      54409.4      19.9490    0.0300000      54409.4      19.7700    0.0810000
       54412.406      20.4430     0.100000      54412.4      20.2720    0.0260000      54412.4      19.9690    0.0330000      54412.4      19.9740    0.0450000      54412.4      20.1040     0.156000
       52234.000       20.613000     0.076000000       52234.000       20.387000     0.030000000       52234.000       20.001000     0.022000000       52234.000       20.135000     0.038000000       52234.000       19.885000     0.094000000
       51075       20.673000     0.067000000       51075       20.471000     0.024000000       51075       20.137000     0.030000000       51075       20.171000     0.047000000       51075       20.021000      0.14700000
       51134       20.798000     0.066000000       51134       20.563000     0.030000000       51134       20.177000     0.027000000       51134       20.221000     0.046000000       51134       20.203000      0.13100000
       51133       20.756000     0.067000000       51133       20.539000     0.031000000       51133       20.154000     0.039000000       51133       20.177000     0.057000000       51133       20.234000      0.19000000
       51138       20.912000     0.089000000       51138       20.539000     0.029000000       51138       20.170000     0.041000000       51138       20.186000     0.054000000       51138       19.818000      0.14400000
       51818       20.952000     0.084000000       51818       20.453000     0.029000000       51818       20.120000     0.026000000       51818       20.174000     0.041000000       51818       19.953000      0.11600000
       51866       20.810000     0.076000000       51866       20.487000     0.030000000       51866       20.149000     0.028000000       51866       20.210000     0.043000000       51866       20.103000      0.11900000
       51874       20.758000     0.075000000       51874       20.473000     0.030000000       51874       20.133000     0.035000000       51874       20.100000     0.043000000       51874       20.157000      0.16800000
       52170       20.664000     0.076000000       52170       20.327000     0.027000000       52170       19.950000     0.025000000       52170       20.020000     0.037000000       52170       20.052000      0.11200000
       52171       20.665000     0.064000000       52171       20.343000     0.027000000       52171       19.998000     0.032000000       52171       20.052000     0.037000000       52171       20.085000      0.10400000
       52173       20.636000     0.072000000       52173       20.341000     0.027000000       52173       20.060000     0.025000000       52173       20.049000     0.040000000       52173       19.904000      0.11700000
       52224       20.552000     0.057000000       52224       20.336000     0.034000000       52224       19.995000     0.021000000       52224       20.080000     0.033000000       52224       20.020000      0.10900000
       52234       20.599000     0.071000000       52234       20.374000     0.032000000       52234       19.988000     0.025000000       52234       20.140000     0.038000000       52234       19.883000     0.094000000
       52261       20.716000     0.068000000       52261       20.380000     0.035000000       52261       20.060000     0.022000000       52261       20.133000     0.030000000       52261       20.062000     0.093000000
       52283       20.533000     0.065000000       52283       20.360000     0.045000000       52283       19.999000     0.028000000       52283       20.139000     0.066000000       52283       20.274000      0.17100000
       52287       20.656000     0.064000000       52287       20.351000     0.033000000       52287       20.056000     0.027000000       52287       20.049000     0.034000000       52287       19.957000     0.093000000
       52552       20.605000     0.061000000       52552       20.292000     0.019000000       52552       19.959000     0.021000000       52552       19.977000     0.032000000       52552       20.029000      0.10600000
       52557       20.587000     0.062000000       52557       20.309000     0.023000000       52557       19.982000     0.025000000       52557       20.005000     0.036000000       52557       20.122000      0.13900000
       52585       20.456000     0.057000000       52585       20.263000     0.020000000       52585       19.949000     0.021000000       52585       20.026000     0.033000000       52585       19.892000      0.10800000
       52908       21.163000     0.097000000       52908       20.714000     0.036000000       52908       20.332000     0.032000000       52908       20.306000     0.043000000       52908       20.260000      0.15100000
       52912       21.075000      0.10000000       52912       20.685000     0.028000000       52912       20.277000     0.028000000       52912       20.379000     0.044000000       52912       20.276000      0.15300000
       52934       20.898000     0.080000000       52934       20.710000     0.028000000       52934       20.265000     0.031000000       52934       20.389000     0.049000000       52934       20.260000      0.16700000
       52936       20.846000     0.068000000       52936       20.699000     0.030000000       52936       20.318000     0.031000000       52936       20.354000     0.046000000       52936       20.063000      0.12500000
       53272       20.898000     0.072000000       53272       20.618000     0.027000000       53272       20.213000     0.027000000       53272       20.251000     0.039000000       53272       20.205000      0.11900000
       53286       20.838000      0.11500000       53286       20.519000     0.041000000       53286       20.185000     0.033000000       53286       20.159000     0.051000000       53286       20.157000      0.17800000
       53288       20.654000     0.065000000       53288       20.493000     0.024000000       53288       20.164000     0.024000000       53288       20.205000     0.039000000       53288       20.112000      0.11600000
       53294       20.777000     0.098000000       53294       20.567000     0.026000000       53294       20.214000     0.034000000       53294       20.175000     0.043000000       53294       20.110000      0.12600000
       53298       20.724000     0.070000000       53298       20.530000     0.026000000       53298       20.157000     0.030000000       53298       20.158000     0.046000000       53298       19.930000      0.13100000
       53312       20.696000      0.12500000       53312       20.472000     0.047000000       53312       20.107000     0.036000000       53312       20.198000     0.053000000       53312       20.096000      0.17100000
       53314       20.767000     0.089000000       53314       20.469000     0.030000000       53314       20.158000     0.033000000       53314       20.163000     0.042000000       53314       20.035000      0.14000000
       53319       20.708000     0.099000000       53319       20.500000     0.035000000       53319       20.154000     0.037000000       53319       20.164000     0.052000000       53319       20.277000      0.21300000
