       51075.439      20.0280    0.0420000      51075.4      19.5470    0.0130000      51075.4      19.3850    0.0150000      51075.4      19.1450    0.0180000      51075.4      19.0730    0.0740000
       51818.409      19.9760    0.0430000      51818.4      19.5560    0.0130000      51818.4      19.3560    0.0140000      51818.4      19.1430    0.0160000      51818.4      19.2110    0.0680000
       52171.397      20.0310    0.0450000      52171.4      19.6430    0.0140000      52171.4      19.4150    0.0140000      52171.4      19.1960    0.0170000      52171.4      19.2030    0.0580000
       52173.373      19.9770    0.0500000      52173.4      19.6270    0.0140000      52173.4      19.4280    0.0160000      52173.4      19.2280    0.0180000      52173.4      19.0490    0.0690000
       52224.354      20.0980    0.0460000      52224.4      19.6670    0.0130000      52224.4      19.4400    0.0140000      52224.4      19.2280    0.0160000      52224.4      19.1400    0.0560000
       52234.310      20.1090    0.0560000      52234.3      19.7120    0.0150000      52234.3      19.4130    0.0160000      52234.3      19.2470    0.0180000      52234.3      19.2310    0.0660000
       52261.273      20.1150    0.0490000      52261.3      19.6570    0.0130000      52261.3      19.4550    0.0150000      52261.3      19.2110    0.0150000      52261.3      19.1600    0.0540000
       52283.141      20.1960    0.0630000      52283.1      19.6460    0.0170000      52283.1      19.4750    0.0210000      52283.1      19.1900    0.0240000      52283.1      19.1290    0.0860000
       52287.154      20.1540    0.0510000      52287.2      19.6870    0.0140000      52287.2      19.4270    0.0140000      52287.2      19.1960    0.0170000      52287.2      19.1380    0.0580000
       52552.473      20.0240    0.0450000      52552.5      19.6240    0.0130000      52552.5      19.4010    0.0140000      52552.5      19.1850    0.0160000      52552.5      19.1530    0.0620000
       52557.447      20.0550    0.0490000      52557.4      19.6370    0.0130000      52557.4      19.4090    0.0150000      52557.4      19.1880    0.0170000      52557.4      19.1190    0.0630000
       52585.348      20.0040    0.0410000      52585.4      19.5970    0.0120000      52585.3      19.3980    0.0130000      52585.3      19.1590    0.0150000      52585.3      19.3350    0.0650000
       52908.421      19.9710    0.0500000      52908.4      19.5740    0.0130000      52908.4      19.3510    0.0140000      52908.4      19.1580    0.0160000      52908.4      19.1000    0.0590000
       52912.401      19.9930    0.0490000      52912.4      19.5750    0.0140000      52912.4      19.3810    0.0140000      52912.4      19.1050    0.0150000      52912.4      19.0110    0.0580000
       52934.353      19.9950    0.0480000      52934.4      19.6020    0.0130000      52934.4      19.3950    0.0150000      52934.4      19.2000    0.0170000      52934.4      19.1260    0.0630000
       52936.349      20.0330    0.0450000      52936.4      19.5690    0.0130000      52936.3      19.3830    0.0140000      52936.3      19.1430    0.0150000      52936.4      19.1590    0.0610000
       53270.413      20.0330    0.0370000      53270.4      19.6160    0.0220000      53270.4      19.4260    0.0180000      53270.4      19.1870    0.0180000      53270.4      19.2460    0.0490000
       53272.463      20.0620    0.0520000      53272.5      19.6670    0.0130000      53272.5      19.4610    0.0150000      53272.5      19.1650    0.0160000      53272.5      19.1600    0.0580000
       53286.432      20.0770    0.0570000      53286.4      19.6670    0.0150000      53286.4      19.4320    0.0150000      53286.4      19.1910    0.0160000      53286.4      19.0960    0.0560000
       53288.391      20.1050    0.0510000      53288.4      19.6290    0.0140000      53288.4      19.4570    0.0150000      53288.4      19.2000    0.0160000      53288.4      19.1410    0.0590000
       53294.438      20.1430    0.0540000      53294.4      19.6660    0.0140000      53294.4      19.4150    0.0160000      53294.4      19.1830    0.0160000      53294.4      19.1580    0.0600000
       53296.385      20.0460    0.0510000      53296.4      19.6990    0.0220000      53296.4      19.4230    0.0290000      53296.4      19.1670    0.0250000      53296.4      19.2450    0.0740000
       53298.435      20.1190    0.0530000      53298.4      19.6690    0.0140000      53298.4      19.4410    0.0170000      53298.4      19.2220    0.0200000      53298.4      19.2510    0.0740000
       53302.386     -99.9900    0.0940000      53302.4      19.6910    0.0190000      53302.4      19.4290    0.0170000      53302.4      19.2110    0.0170000      53302.4      19.1190    0.0600000
       53312.342      20.1410    0.0720000      53312.3      19.6620    0.0200000      53312.3      19.4310    0.0190000      53312.3      19.2020    0.0220000      53312.3      19.2140    0.0670000
       53314.343      19.9980    0.0560000      53314.3      19.6920    0.0180000      53314.3      19.4250    0.0170000      53314.3      19.2480    0.0180000      53314.3      19.2480    0.0670000
       53319.331      20.2210    0.0760000      53319.3      19.6560    0.0160000      53319.3      19.4310    0.0180000      53319.3      19.2340    0.0200000      53319.3      19.2560    0.0890000
       53616.447      20.0320    0.0580000      53616.4      19.5700    0.0140000      53616.4      19.3920    0.0160000      53616.4      19.1910    0.0190000      53616.4      19.1760    0.0740000
       53626.424     -99.9900    0.0660000      53626.4      19.6530    0.0180000      53626.4      19.4330    0.0170000      53626.4     -99.9900    0.0180000      53626.4     -99.9900    0.0870000
       53628.409      19.9170    0.0610000      53628.4      19.6100    0.0160000      53628.4      19.3980    0.0180000      53628.4      19.2170    0.0230000      53628.4      19.0020    0.0830000
       53639.456      19.9640    0.0540000      53639.5      19.6000    0.0150000      53639.5      19.3650    0.0150000      53639.5      19.1340    0.0160000      53639.5      19.1730    0.0580000
       53641.455      20.1080    0.0670000      53641.5      19.5670    0.0150000      53641.5      19.3740    0.0160000      53641.5      19.1680    0.0190000      53641.5      19.1400    0.0650000
       53657.414      19.9530    0.0650000      53657.4      19.5660    0.0160000      53657.4      19.3780    0.0210000      53657.4      19.1550    0.0230000      53657.4      19.1690    0.0870000
       53663.398      19.8960     0.115000      53663.4      19.5940    0.0340000      53663.4      19.3700    0.0220000      53663.4      19.1390    0.0210000      53663.4      19.0930    0.0660000
       53665.376      19.9690    0.0780000      53665.4      19.5750    0.0210000      53665.4      19.3820    0.0180000      53665.4      19.1240    0.0180000      53665.4      19.0860    0.0680000
       53666.468      20.1860     0.102000      53666.5      19.5700    0.0210000      53666.5      19.3830    0.0180000      53666.5      19.1500    0.0180000      53666.5      19.0450    0.0580000
       53668.388      19.9140    0.0810000      53668.4      19.5290    0.0220000      53668.4      19.3590    0.0210000      53668.4      19.0830    0.0220000      53668.4      19.1060     0.102000
       53669.475      19.9810     0.107000      53669.5      19.6360    0.0370000      53669.5      19.4110    0.0240000      53669.5      19.1900    0.0250000      53669.5      19.2790    0.0990000
       53670.393      20.1290    0.0870000      53670.4      19.5960    0.0180000      53670.4      19.3900    0.0220000      53670.4      19.1430    0.0230000      53670.4      19.1390    0.0820000
       53673.361      19.9720    0.0440000      53673.4      19.6020    0.0130000      53673.4      19.3690    0.0140000      53673.4      19.1770    0.0150000      53673.4      19.2010    0.0520000
       53675.357      19.9590    0.0500000      53675.4      19.5740    0.0130000      53675.4      19.3940    0.0160000      53675.4      19.1330    0.0170000      53675.4      19.1490    0.0600000
       53676.477      19.9820     0.167000      53676.5      19.5990    0.0400000      53676.5      19.4250    0.0510000      53676.5      19.2040    0.0480000      53676.5      19.4910     0.238000
       53680.365      20.0270    0.0470000      53680.4      19.5980    0.0130000      53680.4      19.3650    0.0140000      53680.4      19.1500    0.0150000      53680.4      19.1490    0.0530000
       53683.424      20.2550     0.125000      53683.4      19.5940    0.0250000      53683.4      19.4020    0.0300000      53683.4      19.1700    0.0340000      53683.4     -99.9900     0.170000
       53686.365      20.0030    0.0860000      53686.4      19.5900    0.0250000      53686.4      19.4240    0.0220000      53686.4      19.1520    0.0190000      53686.4      19.1630    0.0670000
       53693.367      19.8980     0.157000      53693.4      19.6800    0.0380000      53693.4      19.3560    0.0320000      53693.4      19.1890    0.0280000      53693.4      19.1390    0.0850000
       53699.388      20.1280    0.0750000      53699.4      19.6220    0.0180000      53699.4      19.4010    0.0160000      53699.4      19.1710    0.0160000      53699.4      19.0940    0.0570000
       53704.350      20.1090    0.0640000      53704.4      19.6560    0.0150000      53704.3      19.4420    0.0170000      53704.3      19.1800    0.0190000      53704.4      19.2680    0.0780000
       53989.447      19.9810    0.0800000      53989.4      19.6380    0.0250000      53989.4      19.4200    0.0240000      53989.4      19.1690    0.0210000      53989.4      19.0840    0.0480000
       53997.470      20.0480    0.0410000      53997.5      19.6380    0.0160000      53997.5      19.4620    0.0150000      53997.5      19.2020    0.0160000      53997.5      19.1490    0.0480000
       54000.422      20.1170    0.0700000      54000.4      19.6190    0.0240000      54000.4      19.3630    0.0190000      54000.4      19.1840    0.0200000      54000.4      19.1050    0.0690000
       54007.472      19.9390    0.0440000      54007.5      19.6170    0.0170000      54007.5      19.4130    0.0180000      54007.5      19.1680    0.0200000      54007.5      19.1620    0.0520000
       54009.396      19.9830    0.0390000      54009.4      19.6550    0.0160000      54009.4      19.4180    0.0180000      54009.4      19.1950    0.0160000      54009.4      19.1260    0.0410000
       54011.460      20.0280    0.0390000      54011.5      19.6180    0.0180000      54011.5      19.4080    0.0280000      54011.5      19.1970    0.0210000      54011.5      19.1850    0.0420000
       54012.473      19.9110    0.0480000      54012.5      19.6140    0.0230000      54012.5      19.3830    0.0210000      54012.5      19.1920    0.0180000      54012.5      19.0340    0.0570000
       54019.455      19.8320    0.0690000      54019.5      19.6440    0.0320000      54019.5      19.3880    0.0200000      54019.5      19.1820    0.0220000      54019.5      19.1560    0.0560000
       54025.459      20.0970    0.0590000      54025.5      19.6070    0.0200000      54025.5      19.4290    0.0220000      54025.5      19.1970    0.0250000      54025.5      19.0730    0.0590000
       54346.453      19.9640    0.0740000      54346.5      19.6170    0.0250000      54346.5      19.3680    0.0230000      54346.5      19.1460    0.0210000      54346.5      19.1930    0.0570000
       54348.457      19.9480    0.0540000      54348.5      19.5890    0.0200000      54348.5      19.3770    0.0200000      54348.5      19.1020    0.0270000      54348.5      19.1290    0.0550000
       54358.413      19.9460    0.0530000      54358.4      19.5730    0.0330000      54358.4      19.3960    0.0300000      54358.4      19.1450    0.0250000      54358.4      19.0500    0.0650000
       54365.446      19.9570    0.0400000      54365.4      19.6440    0.0200000      54365.4      19.3550    0.0160000      54365.4      19.1540    0.0180000      54365.4      19.1000    0.0420000
       54381.465      20.1060    0.0550000      54381.5      19.6310    0.0180000      54381.5      19.3950    0.0190000      54381.5      19.1980    0.0260000      54381.5      19.1370    0.0550000
       54386.458      20.1350    0.0520000      54386.5      19.6090    0.0240000      54386.5      19.3960    0.0200000      54386.5      19.1940    0.0190000      54386.5      19.2500    0.0520000
       54388.462      20.0960    0.0550000      54388.5      19.6620    0.0150000      54388.5      19.4100    0.0200000      54388.5      19.1640    0.0240000      54388.5      19.0990    0.0510000
       54392.460      20.1190    0.0740000      54392.5     -99.9900    0.0270000      54392.5      19.4080    0.0180000      54392.5      19.1460    0.0170000      54392.5      19.1370    0.0620000
       54403.376      20.0920     0.195000      54403.4      19.4920    0.0640000      54403.4      19.3690    0.0370000      54403.4      19.1400    0.0520000      54403.4      19.3170     0.211000
       54404.433      20.3210     0.491000      54404.4      19.6200     0.162000      54404.4      19.8210     0.455000      54404.4     -99.9900     0.135000      54404.4     -99.9900      1.00900
       54406.370      19.9770    0.0470000      54406.4      19.6230    0.0230000      54406.4      19.3860    0.0170000      54406.4      19.1440    0.0220000      54406.4      19.2580    0.0470000
       54409.375      20.0200    0.0460000      54409.4      19.6610    0.0210000      54409.4      19.3760    0.0190000      54409.4      19.1700    0.0190000      54409.4      19.0860    0.0470000
       54412.395      19.9680    0.0710000      54412.4      19.6830    0.0260000      54412.4      19.4720    0.0280000      54412.4      19.1850    0.0310000      54412.4      19.1910    0.0820000
       52234.000       20.127000     0.055000000       52234.000       19.708000     0.027000000       52234.000       19.407000     0.021000000       52234.000       19.248000     0.028000000       52234.000       19.229000     0.069000000
       51075       20.058000     0.038000000       51075       19.550000     0.019000000       51075       19.400000     0.021000000       51075       19.125000     0.018000000       51075       19.065000     0.068000000
       51134       20.006000     0.035000000       51134       19.616000     0.017000000       51134       19.423000     0.018000000       51134       19.166000     0.019000000       51134       19.144000     0.058000000
       51138       20.067000     0.042000000       51138       19.630000     0.019000000       51138       19.409000     0.022000000       51138       19.210000     0.023000000       51138       19.161000     0.080000000
       51818       19.999000     0.039000000       51818       19.560000     0.027000000       51818       19.351000     0.016000000       51818       19.136000     0.021000000       51818       19.174000     0.060000000
       51866       19.993000     0.038000000       51866       19.541000     0.018000000       51866       19.355000     0.018000000       51866       19.122000     0.022000000       51866       19.216000     0.058000000
       51874       20.012000     0.040000000       51874       19.548000     0.018000000       51874       19.359000     0.041000000       51874       19.164000     0.023000000       51874       19.061000     0.065000000
       52170       20.085000     0.046000000       52170       19.657000     0.028000000       52170       19.439000     0.025000000       52170       19.155000     0.019000000       52170       19.177000     0.059000000
       52171       20.051000     0.039000000       52171       19.649000     0.021000000       52171       19.397000     0.020000000       52171       19.173000     0.024000000       52171       19.213000     0.054000000
       52173       20.009000     0.043000000       52173       19.643000     0.028000000       52173       19.419000     0.021000000       52173       19.206000     0.027000000       52173       19.030000     0.063000000
       52224       20.093000     0.045000000       52224       19.633000     0.019000000       52224       19.414000     0.021000000       52224       19.188000     0.025000000       52224       19.117000     0.052000000
       52234       20.123000     0.049000000       52234       19.694000     0.031000000       52234       19.408000     0.021000000       52234       19.246000     0.027000000       52234       19.210000     0.063000000
       52261       20.147000     0.041000000       52261       19.671000     0.022000000       52261       19.453000     0.020000000       52261       19.200000     0.028000000       52261       19.153000     0.051000000
       52283       20.148000     0.057000000       52283       19.652000     0.021000000       52283       19.447000     0.032000000       52283       19.175000     0.030000000       52283       19.090000     0.076000000
       52287       20.129000     0.043000000       52287       19.701000     0.019000000       52287       19.438000     0.021000000       52287       19.177000     0.023000000       52287       19.126000     0.049000000
       52552       20.041000     0.042000000       52552       19.625000     0.019000000       52552       19.396000     0.019000000       52552       19.177000     0.022000000       52552       19.196000     0.058000000
       52557       20.077000     0.044000000       52557       19.644000     0.022000000       52557       19.388000     0.017000000       52557       19.161000     0.018000000       52557       19.097000     0.060000000
       52585       20.036000     0.039000000       52585       19.598000     0.024000000       52585       19.398000     0.021000000       52585       19.134000     0.021000000       52585       19.308000     0.059000000
       52908       20.013000     0.042000000       52908       19.591000     0.019000000       52908       19.354000     0.019000000       52908       19.147000     0.020000000       52908       19.092000     0.053000000
       52912       20.002000     0.049000000       52912       19.579000     0.023000000       52912       19.373000     0.023000000       52912       19.095000     0.021000000       52912       19.017000     0.056000000
       52934       19.983000     0.044000000       52934       19.590000     0.025000000       52934       19.381000     0.022000000       52934       19.178000     0.027000000       52934       19.096000     0.059000000
       52936       20.044000     0.040000000       52936       19.556000     0.018000000       52936       19.372000     0.017000000       52936       19.126000     0.023000000       52936       19.151000     0.058000000
       53272       20.054000     0.045000000       53272       19.664000     0.020000000       53272       19.444000     0.026000000       53272       19.151000     0.025000000       53272       19.158000     0.052000000
       53286       20.074000     0.064000000       53286       19.653000     0.022000000       53286       19.411000     0.022000000       53286       19.178000     0.020000000       53286       19.097000     0.051000000
       53288       20.106000     0.044000000       53288       19.623000     0.023000000       53288       19.435000     0.020000000       53288       19.179000     0.024000000       53288       19.106000     0.054000000
       53294       20.175000     0.057000000       53294       19.666000     0.018000000       53294       19.372000     0.023000000       53294       19.177000     0.019000000       53294       19.156000     0.068000000
       53298       20.135000     0.048000000       53298       19.671000     0.022000000       53298       19.423000     0.021000000       53298       19.190000     0.026000000       53298       19.189000     0.067000000
       53312       20.152000     0.074000000       53312       19.651000     0.022000000       53312       19.418000     0.022000000       53312       19.174000     0.024000000       53312       19.202000     0.068000000
       53314       19.981000     0.049000000       53314       19.687000     0.018000000       53314       19.414000     0.018000000       53314       19.213000     0.027000000       53314       19.217000     0.060000000
       53319       20.224000     0.061000000       53319       19.615000     0.034000000       53319       19.393000     0.021000000       53319       19.194000     0.024000000       53319       19.228000     0.077000000
