       51075.449      21.4760     0.146000      51075.4      20.6130    0.0290000      51075.4      20.4540    0.0330000      51075.4      20.3980    0.0480000      51075.4      20.1100     0.149000
       51818.418      21.2360     0.139000      51818.4      20.4070    0.0250000      51818.4      20.0950    0.0240000      51818.4      20.0330    0.0300000      51818.4      19.8600     0.105000
       52171.407      20.9510     0.119000      52171.4      20.3490    0.0210000      52171.4      20.1490    0.0240000      52171.4      20.1330    0.0310000      52171.4      19.8620    0.0830000
       52173.383      20.9500     0.117000      52173.4      20.3310    0.0240000      52173.4      20.1660    0.0290000      52173.4      20.0790    0.0340000      52173.4      19.9700     0.127000
       52234.319      20.9850     0.110000      52234.3      20.3330    0.0240000      52234.3      20.1530    0.0270000      52234.3      20.0560    0.0280000      52234.3      20.1520     0.112000
       52261.283      21.0000    0.0980000      52261.3      20.4410    0.0230000      52261.3      20.2250    0.0230000      52261.3      20.1140    0.0250000      52261.3      19.9770    0.0800000
       52283.150      21.0010     0.124000      52283.2      20.4000    0.0250000      52283.1      20.1840    0.0300000      52283.1      20.1740    0.0420000      52283.2      19.8990     0.124000
       52287.163      20.9890     0.110000      52287.2      20.3930    0.0240000      52287.2      20.1900    0.0260000      52287.2      20.1380    0.0280000      52287.2      19.7710    0.0820000
       52552.482      21.0960     0.104000      52552.5      20.4490    0.0230000      52552.5      20.2260    0.0250000      52552.5      20.2070    0.0300000      52552.5      19.9260    0.0890000
       52557.456      21.0120     0.103000      52557.5      20.3720    0.0220000      52557.5      20.2090    0.0280000      52557.5      20.2020    0.0340000      52557.5      19.8480     0.103000
       52585.358      21.0410    0.0960000      52585.4      20.4280    0.0220000      52585.4      20.2420    0.0260000      52585.4      20.1240    0.0290000      52585.4      19.8800    0.0980000
       52908.431      21.4290     0.158000      52908.4      20.7980    0.0320000      52908.4      20.4840    0.0310000      52908.4      20.4100    0.0390000      52908.4      19.9830     0.105000
       52912.410      21.4690     0.173000      52912.4      20.7400    0.0310000      52912.4      20.4640    0.0310000      52912.4      20.3830    0.0410000      52912.4      20.1240     0.118000
       52934.363      21.5660     0.178000      52934.4      20.7610    0.0290000      52934.4      20.4960    0.0350000      52934.4      20.3900    0.0420000      52934.4      20.0400     0.123000
       52936.359      21.4750     0.140000      52936.4      20.6950    0.0260000      52936.4      20.4880    0.0300000      52936.4      20.3850    0.0350000      52936.4      20.0740     0.104000
       53270.423      21.2400     0.107000      53270.4      20.4150    0.0220000      53270.4      20.2540    0.0210000      53270.4      20.1630    0.0250000      53270.4      20.0350    0.0760000
       53272.473      21.0260    0.0970000      53272.5      20.3810    0.0210000      53272.5      20.1920    0.0230000      53272.5      20.1790    0.0280000      53272.5      19.9080    0.0820000
       53286.441      21.0130     0.164000      53286.4      20.3800    0.0350000      53286.4      20.1960    0.0290000      53286.4      20.1470    0.0370000      53286.4      19.7340    0.0960000
       53288.400      20.9450    0.0990000      53288.4      20.3890    0.0220000      53288.4      20.1980    0.0240000      53288.4      20.1450    0.0280000      53288.4      20.0430    0.0960000
       53294.448      20.9720     0.118000      53294.4      20.3480    0.0290000      53294.4      20.1760    0.0350000      53294.4      20.1680    0.0390000      53294.4      19.9430     0.131000
       53296.395      20.9260     0.100000      53296.4      20.3810    0.0250000      53296.4      20.2120    0.0290000      53296.4      20.1290    0.0350000      53296.4      19.7480    0.0880000
       53298.444      21.0890     0.113000      53298.4      20.3840    0.0230000      53298.4      20.2010    0.0290000      53298.4      20.0930    0.0320000      53298.4      19.8440     0.103000
       53312.351      21.2520     0.200000      53312.4      20.3190    0.0410000      53312.3      20.1170    0.0310000      53312.4      20.0990    0.0400000      53312.4      19.9390     0.116000
       53314.352      20.8270     0.107000      53314.4      20.3260    0.0270000      53314.4      20.1440    0.0270000      53314.4      20.0980    0.0330000      53314.4      19.7140    0.0840000
       53319.340      20.8060     0.129000      53319.3      20.3690    0.0320000      53319.3      20.0610    0.0310000      53319.3      20.1990    0.0450000      53319.3      19.9950     0.149000
       53616.457      20.8820     0.102000      53616.5      20.3340    0.0230000      53616.5      20.1620    0.0250000      53616.5      20.1300    0.0320000      53616.5      19.7760    0.0870000
       53626.433     -99.9900      1.35200      53626.4     -99.9900    0.0330000      53626.4     -99.9900    0.0460000      53626.4     -99.9900    0.0580000      53626.4     -99.9900     0.457000
       53628.418      20.9940     0.133000      53628.4      20.3290    0.0270000      53628.4      20.1380    0.0320000      53628.4      20.1380    0.0390000      53628.4      19.9010     0.130000
       53639.465      21.0920     0.148000      53639.5      20.3840    0.0290000      53639.5      20.1820    0.0280000      53639.5      20.1520    0.0320000      53639.5      19.9180    0.0900000
       53641.464      21.1580     0.150000      53641.5      20.3960    0.0310000      53641.5      20.1680    0.0310000      53641.5      20.1050    0.0330000      53641.5      19.7730    0.0930000
       53657.423      21.0760     0.152000      53657.4      20.4100    0.0260000      53657.4      20.1660    0.0300000      53657.4      20.0880    0.0390000      53657.4      19.8040     0.116000
       53663.408      22.0250     0.767000      53663.4      20.4400    0.0700000      53663.4      20.2220    0.0470000      53663.4      20.1750    0.0440000      53663.4      19.7960    0.0990000
       53665.386      21.4900     0.316000      53665.4      20.3600    0.0450000      53665.4      20.1110    0.0400000      53665.4      20.1570    0.0440000      53665.4      19.7610    0.0960000
       53666.478      20.9690     0.217000      53666.5      20.3190    0.0380000      53666.5      20.2010    0.0350000      53666.5      20.1060    0.0350000      53666.5      19.9720     0.111000
       53668.397      21.4200     0.264000      53668.4      20.3640    0.0380000      53668.4      20.2490    0.0380000      53668.4      20.1300    0.0430000      53668.4      20.0840     0.147000
       53669.485      21.5440     0.344000      53669.5      20.4170    0.0370000      53669.5      20.2210    0.0390000      53669.5      20.0870    0.0390000      53669.5      19.8480     0.114000
       53670.402      20.9940     0.176000      53670.4      20.4050    0.0320000      53670.4      20.1320    0.0380000      53670.4     -99.9900    0.0410000      53670.4      19.9910     0.124000
       53673.370      21.0030     0.108000      53673.4      20.3890    0.0220000      53673.4      20.2440    0.0260000      53673.4      20.0600    0.0270000      53673.4     -99.9900    0.0870000
       53675.367      21.0700     0.123000      53675.4      20.3510    0.0230000      53675.4      20.3070    0.0330000      53675.4      20.1420    0.0320000      53675.4      20.0120     0.118000
       53680.375      20.9790     0.100000      53680.4      20.4120    0.0220000      53680.4      20.2030    0.0270000      53680.4      20.1450    0.0270000      53680.4      19.7150    0.0680000
       53683.433      21.2820     0.357000      53683.4      20.3340    0.0470000      53683.4      19.9700    0.0670000      53683.4      20.1310    0.0800000      53683.4      20.0410     0.297000
       53686.374      20.8590     0.183000      53686.4      20.3450    0.0500000      53686.4      20.1400    0.0400000      53686.4      20.1370    0.0400000      53686.4      20.0490     0.121000
       53687.431     -99.9900      1.29100      53687.4     -99.9900     0.273000      53687.4      19.9460     0.119000      53687.4     -99.9900     0.208000      53687.4      20.7780     0.962000
       53693.376     -99.9900     0.514000      53693.4      20.4160    0.0890000      53693.4      20.0890    0.0560000      53693.4      20.0940    0.0580000      53693.4      19.8980     0.156000
       53699.397      20.9640     0.171000      53699.4      20.3650    0.0330000      53699.4      20.1790    0.0300000      53699.4      20.1310    0.0330000      53699.4      19.7650    0.0870000
       53704.360      20.9670     0.137000      53704.4      20.4020    0.0260000      53704.4      20.1540    0.0290000      53704.4      20.0710    0.0380000      53704.4      19.8770     0.119000
       53989.456      21.1260     0.223000      53989.5      20.4670    0.0530000      53989.5      20.2060    0.0370000      53989.5      20.2780    0.0400000      53989.5      19.9770    0.0800000
       54007.481      21.2950     0.128000      54007.5      20.4390    0.0260000      54007.5      20.2630    0.0250000      54007.5      20.1210    0.0260000      54007.5      19.9240    0.0940000
       54008.442      21.0550     0.106000      54008.4      20.4510    0.0240000      54008.4      20.2060    0.0260000      54008.4      20.2370    0.0330000      54008.4      19.8800    0.0880000
       54009.405      21.0640    0.0820000      54009.4      20.4500    0.0220000      54009.4      20.2870    0.0220000      54009.4      20.1690    0.0260000      54009.4      19.8790    0.0610000
       54011.470      21.0650    0.0860000      54011.5      20.4730    0.0250000      54011.5      20.2690    0.0220000      54011.5      20.1650    0.0290000      54011.5      19.8410    0.0530000
       54012.482      21.2260     0.126000      54012.5      20.4640    0.0280000      54012.5      20.3070    0.0280000      54012.5      20.1840    0.0310000      54012.5      19.9140    0.0850000
       54019.465      21.2140     0.247000      54019.5      20.4790    0.0480000      54019.5      20.2130    0.0590000      54019.5      20.1990    0.0400000      54019.5      20.2100     0.188000
       54025.469      21.4460     0.184000      54025.5      20.5390    0.0280000      54025.5      20.2430    0.0320000      54025.5      20.2170    0.0340000      54025.5      20.0440     0.104000
       54346.463      21.5120     0.357000      54346.5      20.4100    0.0580000      54346.5      20.3360    0.0470000      54346.5      20.3160    0.0490000      54346.5      20.2080     0.127000
       54348.466      21.2510     0.186000      54348.5      20.5090    0.0400000      54348.5      20.4320    0.0460000      54348.5      20.2750    0.0370000      54348.5      20.1110     0.120000
       54358.422      21.3370     0.138000      54358.4      20.4660    0.0240000      54358.4      20.3130    0.0320000      54358.4      20.2790    0.0350000      54358.4      20.2520     0.106000
       54365.455      21.3110     0.103000      54365.5      20.5290    0.0250000      54365.5      20.3290    0.0230000      54365.5      20.2800    0.0250000      54365.5      20.0740    0.0700000
       54381.475      21.2350     0.130000      54381.5      20.5390    0.0270000      54381.5      20.3260    0.0280000      54381.5      20.2460    0.0300000      54381.5      19.9210    0.0900000
       54386.467      20.9980    0.0970000      54386.5      20.4930    0.0230000      54386.5      20.3540    0.0270000      54386.5      20.3190    0.0290000      54386.5      20.0930     0.116000
       54388.471      21.1130     0.126000      54388.5      20.5510    0.0250000      54388.5      20.3140    0.0290000      54388.5      20.2030    0.0290000      54388.5      19.8200     0.105000
       54392.469      21.2440     0.129000      54392.5      20.5570    0.0280000      54392.5      20.3490    0.0300000      54392.5      20.4010    0.0390000      54392.5      19.9110    0.0880000
       54403.385     -99.9900     0.706000      54403.4      20.5670    0.0640000      54403.4      20.3920    0.0560000      54403.4      20.3410    0.0780000      54403.4      20.0200     0.133000
       54404.443      21.0810     0.330000      54404.4      20.5470    0.0610000      54404.4     -99.9900    0.0870000      54404.4      20.1980    0.0680000      54404.4      19.7930     0.159000
       54406.379      21.1370     0.117000      54406.4      20.5350    0.0300000      54406.4      20.2870    0.0280000      54406.4      20.2890    0.0280000      54406.4      20.0580    0.0740000
       54409.384      21.3100     0.123000      54409.4      20.5350    0.0280000      54409.4      20.3480    0.0240000      54409.4      20.3470    0.0330000      54409.4      20.2850     0.114000
       54412.405      20.9020     0.147000      54412.4      20.5500    0.0360000      54412.4      20.3290    0.0420000      54412.4      20.3580    0.0500000      54412.4      19.8480     0.117000
       52234.000       20.988000      0.10500000       52234.000       20.372000     0.029000000       52234.000       20.155000     0.029000000       52234.000       20.055000     0.030000000       52234.000       20.137000      0.16900000
       51075       21.387000      0.11600000       51075       20.624000     0.031000000       51075       20.453000     0.033000000       51075       20.362000     0.059000000       51075       20.071000      0.14400000
       51133       21.138000      0.10100000       51133       20.553000     0.027000000       51133       20.337000     0.040000000       51133       20.145000     0.050000000       51133       19.935000      0.14100000
       51134       21.200000     0.093000000       51134       20.587000     0.032000000       51134       20.378000     0.035000000       51134       20.270000     0.037000000       51134       20.129000      0.12400000
       51138       21.307000      0.17300000       51138       20.591000     0.030000000       51138       20.351000     0.042000000       51138       20.413000     0.077000000       51138       20.003000      0.14900000
       51818       21.189000      0.10000000       51818       20.413000     0.028000000       51818       20.131000     0.026000000       51818       20.043000     0.033000000       51818       19.843000      0.12100000
       51874       20.933000     0.088000000       51874       20.330000     0.032000000       51874       20.058000     0.031000000       51874       20.033000     0.037000000       51874       19.574000     0.077000000
       52170       21.025000     0.092000000       52170       20.314000     0.025000000       52170       20.126000     0.028000000       52170       20.093000     0.035000000       52170       19.874000     0.094000000
       52171       20.898000     0.089000000       52171       20.330000     0.026000000       52171       20.127000     0.027000000       52171       20.096000     0.035000000       52171       19.861000     0.096000000
       52173       20.944000     0.089000000       52173       20.319000     0.029000000       52173       20.151000     0.032000000       52173       20.081000     0.041000000       52173       19.927000      0.12100000
       52224       21.111000     0.085000000       52224       20.360000     0.030000000       52224       20.151000     0.024000000       52224       20.260000     0.093000000       52224       19.731000     0.076000000
       52234       20.979000     0.087000000       52234       20.377000     0.032000000       52234       20.139000     0.028000000       52234       20.057000     0.032000000       52234       20.127000      0.16800000
       52261       21.006000     0.078000000       52261       20.439000     0.027000000       52261       20.218000     0.028000000       52261       20.117000     0.029000000       52261       19.933000     0.074000000
       52283       20.957000     0.095000000       52283       20.362000     0.028000000       52283       20.155000     0.036000000       52283       20.114000     0.044000000       52283       19.805000      0.15900000
       52287       20.996000     0.084000000       52287       20.359000     0.028000000       52287       20.177000     0.027000000       52287       20.121000     0.032000000       52287       19.753000     0.074000000
       52552       21.091000     0.081000000       52552       20.453000     0.024000000       52552       20.214000     0.026000000       52552       20.172000     0.031000000       52552       19.912000     0.086000000
       52557       20.978000     0.079000000       52557       20.399000     0.025000000       52557       20.207000     0.028000000       52557       20.188000     0.035000000       52557       19.827000     0.098000000
       52585       21.070000     0.084000000       52585       20.445000     0.027000000       52585       20.251000     0.030000000       52585       20.101000     0.033000000       52585       19.851000     0.089000000
       52908       21.462000      0.12200000       52908       20.806000     0.034000000       52908       20.466000     0.031000000       52908       20.391000     0.040000000       52908       19.968000     0.091000000
       52912       21.454000      0.13400000       52912       20.730000     0.036000000       52912       20.439000     0.035000000       52912       20.352000     0.043000000       52912       20.094000      0.11600000
       52934       21.508000      0.13500000       52934       20.768000     0.032000000       52934       20.506000     0.034000000       52934       20.378000     0.045000000       52934       19.971000      0.11400000
       52936       21.495000      0.11000000       52936       20.718000     0.029000000       52936       20.472000     0.029000000       52936       20.367000     0.037000000       52936       20.048000      0.11000000
       53272       21.047000     0.077000000       53272       20.403000     0.026000000       53272       20.185000     0.024000000       53272       20.173000     0.029000000       53272       19.906000     0.074000000
       53286       20.959000      0.12800000       53286       20.369000     0.037000000       53286       20.200000     0.030000000       53286       20.159000     0.040000000       53286       19.744000     0.098000000
       53288       20.975000     0.079000000       53288       20.367000     0.026000000       53288       20.191000     0.026000000       53288       20.153000     0.031000000       53288       19.999000     0.089000000
       53294       20.958000     0.092000000       53294       20.364000     0.031000000       53294       20.151000     0.036000000       53294       20.190000     0.042000000       53294       19.929000      0.14400000
       53298       21.072000     0.086000000       53298       20.368000     0.025000000       53298       20.173000     0.030000000       53298       20.056000     0.036000000       53298       19.822000      0.10000000
       53312       21.176000      0.18800000       53312       20.318000     0.044000000       53312       20.091000     0.034000000       53312       20.064000     0.048000000       53312       19.895000      0.12400000
       53314       20.788000     0.089000000       53314       20.318000     0.031000000       53314       20.115000     0.037000000       53314       20.072000     0.041000000       53314       19.674000     0.081000000
       53319       20.793000      0.10400000       53319       20.361000     0.036000000       53319       20.023000     0.028000000       53319       20.166000     0.048000000       53319       19.914000      0.13900000
