       51081.435      20.8060    0.0880000      51081.4      20.6140    0.0290000      51081.4      20.4650    0.0350000      51081.4      20.1310    0.0380000      51081.4      20.1580     0.169000
       51875.250      20.7470    0.0740000      51875.2      20.5590    0.0260000      51875.2      20.4230    0.0300000      51875.2      20.1710    0.0340000      51875.2      20.2240     0.157000
       52171.482      20.8480    0.0870000      52171.5      20.6740    0.0300000      52171.5      20.6120    0.0340000      52171.5      20.2990    0.0370000      52171.5      20.2730     0.156000
       52225.330      20.7230    0.0790000      52225.3      20.6480    0.0250000      52225.3      20.5410    0.0300000      52225.3      20.2050    0.0320000      52225.3      20.0910     0.119000
       52288.165      20.7590    0.0830000      52288.2      20.6170    0.0260000      52288.2      20.5100    0.0330000      52288.2      20.1340    0.0330000      52288.2      20.0760     0.127000
       52551.438      20.7680    0.0790000      52551.4      20.6390    0.0260000      52551.4      20.5750    0.0310000      52551.4      20.3100    0.0380000      52551.4      20.4230     0.172000
       52558.471      20.8790    0.0780000      52558.5      20.7160    0.0240000      52558.5      20.5820    0.0300000      52558.5      20.1850    0.0300000      52558.5      20.0890     0.116000
       52578.343      20.7490    0.0920000      52578.3      20.6420    0.0250000      52578.3      20.5750    0.0320000      52578.3      20.2200    0.0340000      52578.3      20.1710     0.136000
       52585.306      20.6820    0.0660000      52585.3      20.6300    0.0230000      52585.3      20.5260    0.0310000      52585.3      20.1860    0.0340000      52585.3      20.0880     0.136000
       52909.472      20.8670    0.0780000      52909.5      20.6220    0.0230000      52909.5      20.5190    0.0270000      52909.5      20.2590    0.0290000      52909.5      20.1930     0.117000
       52910.443      20.6570     0.104000      52910.4      20.6230    0.0250000      52910.4      20.5870    0.0310000      52910.4      20.2950    0.0400000      52910.4      20.0900     0.129000
       52935.370      20.6500    0.0680000      52935.4      20.5700    0.0240000      52935.4      20.5310    0.0320000      52935.4      20.1870    0.0350000      52935.4      20.0520     0.135000
       53351.215      20.7930     0.100000      53351.2      20.7220    0.0310000      53351.2      20.6700    0.0430000      53351.2      20.4100    0.0500000      53351.2      20.3960     0.228000
       53622.472      20.6900    0.0710000      53622.5      20.6840    0.0250000      53622.5      20.6430    0.0290000      53622.5      20.2890    0.0290000      53622.5      20.5560     0.190000
       53627.429      20.9240     0.111000      53627.4      20.6520    0.0260000      53627.4      20.6390    0.0430000      53627.4      20.3510    0.0420000      53627.4      20.4710     0.182000
       53634.422      20.8220     0.305000      53634.4      20.6050    0.0930000      53634.4      20.3940    0.0830000      53634.4      20.1100    0.0700000      53634.4      19.6230     0.131000
       53638.463      20.9220     0.134000      53638.5      20.6360    0.0390000      53638.5      20.6230    0.0460000      53638.5      20.2840    0.0440000      53638.5      20.1490     0.171000
       53640.427      20.9270     0.124000      53640.4      20.7120    0.0340000      53640.4      20.6180    0.0390000      53640.4      20.3130    0.0420000      53640.4      20.4680     0.205000
       53643.469      20.6960    0.0960000      53643.5      20.6920    0.0310000      53643.5      20.5900    0.0380000      53643.5      20.4400    0.0450000      53643.5      20.5760     0.220000
       53657.471      20.9250     0.131000      53657.5      20.7400    0.0320000      53657.5      20.6430    0.0370000      53657.5      20.3810    0.0410000      53657.5      20.2470     0.177000
       53663.489     -99.9900     0.268000      53663.5      20.6560    0.0980000      53663.5      20.5860    0.0870000      53663.5      20.2330    0.0600000      53663.5      20.6480     0.310000
       53664.424      21.8060      1.19800      53664.4      20.8990     0.165000      53664.4     -99.9900     0.535000      53664.4      20.8400     0.322000      53664.4     -99.9900     0.757000
       53665.489      20.8820     0.200000      53665.5      20.7210    0.0630000      53665.5      20.4410    0.0510000      53665.5      20.3430    0.0540000      53665.5      20.1640     0.184000
       53668.477      20.3320     0.155000      53668.5      20.5360    0.0600000      53668.5      20.4910    0.0760000      53668.5      20.2030    0.0740000      53668.5      20.5200     0.437000
       53669.383      20.9790     0.143000      53669.4     -99.9900    0.0460000      53669.4      20.6300    0.0450000      53669.4      20.3000    0.0470000      53669.4      20.5450     0.225000
       53670.483      20.6800     0.206000      53670.5     -99.9900    0.0610000      53670.5      20.6320    0.0800000      53670.5      20.2980    0.0740000      53670.5      20.3230     0.340000
       53671.468      20.7790     0.121000      53671.5      20.7640    0.0340000      53671.5      20.6330    0.0470000      53671.5      20.2990    0.0420000      53671.5      20.7900     0.261000
       53674.368      21.0740     0.182000      53674.4      20.6710    0.0380000      53674.4      20.6660    0.0580000      53674.4      20.2890    0.0620000      53674.4      20.4900     0.322000
       53676.457      20.7760     0.181000      53676.5      20.5860    0.0480000      53676.5      20.4990     0.105000      53676.5      20.2190    0.0900000      53676.5      19.4850     0.179000
       53679.429      20.8300     0.119000      53679.4      20.7780    0.0310000      53679.4      20.6410    0.0450000      53679.4      20.2660    0.0440000      53679.4      20.4310     0.213000
       53681.420      20.6000     0.120000      53681.4      20.6730    0.0350000      53681.4      20.6360    0.0520000      53681.4      20.2100    0.0440000      53681.4      20.1510     0.156000
       53684.382      20.8390     0.114000      53684.4      20.7150    0.0320000      53684.4      20.6660    0.0510000      53684.4      20.3650    0.0540000      53684.4      20.1830     0.174000
       53687.323     -99.9900     0.304000      53687.3      20.8590     0.177000      53687.3      20.5670     0.112000      53687.3      20.4500     0.108000      53687.3     -99.9900     0.244000
       53694.393      20.6950     0.266000      53694.4      20.9680     0.115000      53694.4      20.5140    0.0720000      53694.4      20.2910    0.0630000      53694.4      20.2610     0.230000
       53696.386      21.0410     0.189000      53696.4      20.7220    0.0440000      53696.4      20.6900    0.0520000      53696.4      20.2930    0.0460000      53696.4      20.3880     0.202000
       53697.377      20.7510     0.136000      53697.4      20.7950    0.0520000      53697.4      20.6060    0.0450000      53697.4      20.3120    0.0460000      53697.4      19.9730     0.158000
       53700.376      20.9440     0.113000      53700.4      20.7770    0.0310000      53700.4      20.7550    0.0470000      53700.4      20.4330    0.0490000      53700.4      20.2270     0.169000
       53705.363      20.8350     0.161000      53705.4      20.6780    0.0420000      53705.4      20.6710    0.0510000      53705.4      20.2600    0.0550000      53705.4      20.1310     0.261000
       53975.448      20.5490    0.0790000      53975.4      20.5340    0.0290000      53975.4      20.5210    0.0310000      53975.4      20.1370    0.0350000      53975.4      19.9720     0.130000
       53994.471      20.6760    0.0780000      53994.5      20.5010    0.0360000      53994.5      20.4530    0.0320000      53994.5      20.2760    0.0330000      53994.5      20.0070     0.104000
       53996.455      20.5790    0.0760000      53996.5      20.5100    0.0270000      53996.5      20.5380    0.0410000      53996.5      20.1990    0.0390000      53996.5      20.3450     0.169000
       54005.468      20.6860    0.0690000      54005.5      20.5650    0.0270000      54005.5      20.4620    0.0290000      54005.5      20.2490    0.0380000      54005.5      19.9650    0.0970000
       54009.482      20.6960    0.0650000      54009.5      20.5890    0.0220000      54009.5      20.4820    0.0280000      54009.5      20.1680    0.0280000      54009.5      20.0430    0.0890000
       54010.409      20.7860    0.0640000      54010.4      20.6030    0.0230000      54010.4      20.5090    0.0260000      54010.4      20.3950    0.0460000      54010.4      20.3140     0.109000
       54012.402      20.6690    0.0870000      54012.4      20.5170    0.0330000      54012.4      20.4950    0.0510000      54012.4      20.1570    0.0490000      54012.4      20.2160     0.146000
       54020.440      20.7380     0.143000      54020.4      20.5490    0.0400000      54020.4      20.5790    0.0600000      54020.4      20.2460    0.0400000      54020.4      20.1750     0.142000
       54024.489      20.6010     0.113000      54024.5      20.5690    0.0320000      54024.5      20.4910    0.0410000      54024.5      20.2540    0.0430000      54024.5      20.1770     0.162000
       54028.478      20.6180    0.0930000      54028.5      20.5730    0.0250000      54028.5      20.4940    0.0440000      54028.5      20.2810    0.0460000      54028.5      19.8600     0.132000
       54030.433      20.7650    0.0740000      54030.4      20.6020    0.0250000      54030.4      20.5340    0.0320000      54030.4      20.2030    0.0320000      54030.4      20.2500     0.120000
       54035.477      20.7040     0.121000      54035.5      20.5410    0.0340000      54035.5      20.5010    0.0440000      54035.5      20.2910    0.0520000      54035.5      20.0460     0.176000
       54037.383      20.8790    0.0730000      54037.4      20.5610    0.0220000      54037.4      20.5630    0.0270000      54037.4      20.2370    0.0290000      54037.4      20.0990    0.0920000
       54040.397      20.7110    0.0680000      54040.4      20.6210    0.0220000      54040.4      20.5050    0.0300000      54040.4      20.2420    0.0360000      54040.4      20.1370     0.115000
       54041.433      20.7850    0.0880000      54041.4      20.6170    0.0250000      54041.4      20.5360    0.0310000      54041.4      20.2560    0.0340000      54041.4      20.0150     0.100000
       54047.428      21.8010     0.732000      54047.4      20.5840    0.0890000      54047.4      20.5730    0.0790000      54047.4      20.3320    0.0850000      54047.4     -99.9900     0.212000
       54049.424      20.6560     0.187000      54049.4      20.5570    0.0620000      54049.4      20.4830    0.0580000      54049.4      20.1470    0.0580000      54049.4      20.2130     0.185000
       54050.384      20.6690     0.163000      54050.4      20.5900    0.0580000      54050.4      20.6010    0.0630000      54050.4      20.2740    0.0600000      54050.4      20.0450     0.220000
       54053.403      20.5380     0.130000      54053.4     -99.9900    0.0380000      54053.4     -99.9900    0.0570000      54053.4      20.1680    0.0630000      54053.4     -99.9900     0.206000
       54056.390      20.7070     0.101000      54056.4      20.5960    0.0360000      54056.4      20.5260    0.0340000      54056.4      20.1440    0.0390000      54056.4      20.2290     0.148000
       54059.384      20.7250    0.0930000      54059.4      20.5430    0.0280000      54059.4      20.4840    0.0420000      54059.4      20.1470    0.0390000      54059.4      19.8130     0.131000
       54061.395      20.7210     0.110000      54061.4      20.5820    0.0320000      54061.4      20.4890    0.0620000      54061.4      20.2180    0.0470000      54061.4      20.2510     0.183000
       54062.389      20.7490    0.0780000      54062.4      20.6190    0.0260000      54062.4      20.4980    0.0440000      54062.4      20.2390    0.0370000      54062.4      20.1930     0.125000
       54064.385      20.6270    0.0950000      54064.4      20.5850    0.0280000      54064.4      20.5560    0.0370000      54064.4      20.2160    0.0420000      54064.4      19.9290     0.137000
       54068.369      20.7250     0.132000      54068.4      20.6070    0.0300000      54068.4      20.4680    0.0460000      54068.4      20.0630    0.0460000      54068.4      20.8300     0.389000
       54357.427      20.8810    0.0820000      54357.4      20.6600    0.0280000      54357.4      20.5780    0.0280000      54357.4      20.2680    0.0330000      54357.4      20.2080     0.122000
       54362.477      20.8270    0.0720000      54362.5      20.6730    0.0240000      54362.5      20.5600    0.0280000      54362.5      20.2080    0.0320000      54362.5      20.0760    0.0990000
       54376.472      20.9440     0.110000      54376.5      20.6320    0.0360000      54376.5      20.5780    0.0320000      54376.5      20.3080    0.0330000      54376.5      19.9130    0.0970000
       54382.457      20.9190     0.108000      54382.5      20.6730    0.0290000      54382.5      20.5350    0.0330000      54382.5      20.2290    0.0390000      54382.5      20.4760     0.198000
       54385.475      21.1080     0.124000      54385.5      20.7000    0.0280000      54385.5      20.5480    0.0310000      54385.5      20.2890    0.0350000      54385.5      20.2670     0.157000
       54387.475      20.6470     0.106000      54387.5      20.6740    0.0290000      54387.5      20.5980    0.0340000      54387.5      20.2700    0.0410000      54387.5      19.8660     0.107000
       54390.468      20.6750     0.151000      54390.5      20.6450    0.0490000      54390.5     -99.9900    0.0690000      54390.5     -99.9900    0.0860000      54390.5      19.8210     0.187000
       54391.476      20.6950     0.129000      54391.5      20.6810    0.0350000      54391.5      20.6310    0.0790000      54391.5      20.2410    0.0630000      54391.5      20.1120     0.201000
       54402.469      21.1880     0.465000      54402.5      20.6060     0.100000      54402.5      20.4760    0.0810000      54402.5      20.2290    0.0630000      54402.5      20.3590     0.227000
       52522.000       20.769000     0.077000000       52522.000       20.640000     0.031000000       52522.000       20.547000     0.028000000       52522.000       20.225000     0.032000000       52522.000       19.760000     0.094000000
       51078       20.664000     0.046000000       51078       20.546000     0.024000000       51078       20.488000     0.026000000       51078       20.110000     0.029000000       51078       20.166000     0.093000000
       51081       20.778000     0.080000000       51081       20.625000     0.031000000       51081       20.454000     0.035000000       51081       20.108000     0.037000000       51081       20.139000      0.14600000
       51132       20.916000     0.073000000       51132       20.645000     0.034000000       51132       20.517000     0.038000000       51132       20.158000     0.047000000       51132       19.870000      0.14000000
       51115       20.712000     0.060000000       51115       20.641000     0.029000000       51115       20.452000     0.039000000       51115       20.211000     0.036000000       51115       19.938000      0.14000000
       51136       20.871000     0.059000000       51136       20.671000     0.031000000       51136       20.612000     0.033000000       51136       20.208000     0.038000000       51136       19.806000      0.10300000
       51138       20.754000     0.071000000       51138       20.683000     0.034000000       51138       20.591000     0.043000000       51138       20.276000     0.049000000       51138       19.949000      0.14800000
       51866       20.698000     0.061000000       51866       20.534000     0.029000000       51866       20.477000     0.033000000       51866       20.337000     0.044000000       51866       20.106000      0.11400000
       51875       20.784000     0.065000000       51875       20.576000     0.027000000       51875       20.444000     0.033000000       51875       20.186000     0.033000000       51875       20.233000      0.14000000
       52171       20.826000     0.074000000       52171       20.656000     0.033000000       52171       20.585000     0.045000000       52171       20.280000     0.038000000       52171       20.215000      0.13400000
       52225       20.683000     0.067000000       52225       20.660000     0.027000000       52225       20.503000     0.030000000       52225       20.162000     0.033000000       52225       20.008000     0.099000000
       52288       20.802000     0.066000000       52288       20.650000     0.030000000       52288       20.554000     0.033000000       52288       20.168000     0.033000000       52288       20.080000      0.10600000
       52522       20.751000     0.066000000       52522       20.636000     0.031000000       52522       20.554000     0.029000000       52522       20.222000     0.029000000       52522       19.771000     0.082000000
       52551       20.770000     0.066000000       52551       20.622000     0.026000000       52551       20.536000     0.031000000       52551       20.284000     0.038000000       52551       20.385000      0.15100000
       52558       20.867000     0.065000000       52558       20.732000     0.032000000       52558       20.543000     0.029000000       52558       20.164000     0.036000000       52558       20.067000     0.099000000
       52578       20.750000     0.077000000       52578       20.662000     0.029000000       52578       20.596000     0.034000000       52578       20.211000     0.034000000       52578       20.151000      0.11500000
       52585       20.696000     0.057000000       52585       20.641000     0.027000000       52585       20.563000     0.034000000       52585       20.199000     0.035000000       52585       20.045000      0.11600000
       52910       20.638000     0.083000000       52910       20.606000     0.034000000       52910       20.576000     0.036000000       52910       20.267000     0.047000000       52910       20.012000      0.10600000
       52935       20.643000     0.062000000       52935       20.559000     0.026000000       52935       20.543000     0.035000000       52935       20.187000     0.035000000       52935       20.056000      0.12200000
       53351       20.825000     0.078000000       53351       20.762000     0.039000000       53351       20.728000     0.049000000       53351       20.456000     0.045000000       53351       20.449000      0.20000000
       54424       20.664000      0.10500000       54424       20.661000     0.051000000       54424       20.554000     0.042000000       54424       20.292000     0.039000000       54424       20.261000      0.11100000
