       51075.447      19.3470    0.0370000      51075.4      19.1230    0.0110000      51075.4      18.8330    0.0110000      51075.4      18.5630    0.0120000      51075.4      18.5010    0.0380000
       51818.417      19.4440    0.0340000      51818.4      19.1940    0.0110000      51818.4      18.8620    0.0110000      51818.4      18.5950    0.0110000      51818.4      18.5150    0.0310000
       52171.405      19.3390    0.0320000      52171.4      19.1660    0.0120000      52171.4      18.8350    0.0110000      52171.4      18.5560    0.0100000      52171.4      18.5170    0.0310000
       52173.381      19.3610    0.0350000      52173.4      19.1410    0.0110000      52173.4      18.8780    0.0110000      52173.4      18.5550    0.0120000      52173.4      18.4940    0.0350000
       52224.362      19.3690    0.0310000      52224.4      19.1660    0.0100000      52224.4      18.8670    0.0110000      52224.4      18.5430    0.0100000      52224.4      18.4650    0.0280000
       52234.318      19.3630    0.0350000      52234.3      19.1680    0.0110000      52234.3      18.8570    0.0110000      52234.3      18.5600    0.0100000      52234.3      18.4990    0.0270000
       52261.281      19.4260    0.0320000      52261.3      19.1540    0.0100000      52261.3      18.8760    0.0100000      52261.3      18.5620    0.0100000      52261.3      18.5110    0.0260000
       52283.149      19.4390    0.0370000      52283.2      19.1880    0.0120000      52283.1      18.8810    0.0120000      52283.1      18.5920    0.0120000      52283.1      18.5290    0.0390000
       52287.162      19.3990    0.0310000      52287.2      19.1670    0.0110000      52287.2      18.8830    0.0130000      52287.2      18.5640    0.0120000      52287.2      18.5310    0.0290000
       52552.481      19.5710    0.0360000      52552.5      19.2220    0.0110000      52552.5      18.9200    0.0110000      52552.5      18.6370    0.0100000      52552.5      18.6230    0.0310000
       52557.455      19.4650    0.0340000      52557.5      19.2460    0.0110000      52557.5      18.9120    0.0110000      52557.5      18.6060    0.0110000      52557.5      18.5120    0.0330000
       52585.356      19.5270    0.0360000      52585.4      19.2650    0.0110000      52585.4      18.9380    0.0110000      52585.4      18.6200    0.0110000      52585.4      18.5710    0.0310000
       52908.429      19.6340    0.0420000      52908.4      19.4030    0.0120000      52908.4      19.0170    0.0110000      52908.4      18.7140    0.0110000      52908.4      18.6620    0.0350000
       52912.409      19.6540    0.0420000      52912.4      19.4080    0.0130000      52912.4      18.9980    0.0120000      52912.4      18.7070    0.0110000      52912.4      18.5940    0.0340000
       52934.361      19.6770    0.0410000      52934.4      19.3970    0.0120000      52934.4      19.0180    0.0120000      52934.4      18.7170    0.0120000      52934.4      18.6430    0.0380000
       52936.357      19.6320    0.0360000      52936.4      19.3730    0.0120000      52936.4      19.0110    0.0120000      52936.4      18.7150    0.0110000      52936.4      18.6660    0.0320000
       53270.421      19.6980    0.0330000      53270.4      19.4000    0.0150000      53270.4      19.0190    0.0170000      53270.4      18.7210    0.0120000      53270.4      18.6800    0.0270000
       53272.471      19.6450    0.0380000      53272.5      19.3850    0.0110000      53272.5      19.0210    0.0110000      53272.5      18.7350    0.0110000      53272.5      18.6840    0.0310000
       53286.440      19.5240    0.0420000      53286.4      19.3820    0.0150000      53286.4      19.0030    0.0120000      53286.4      18.7060    0.0110000      53286.4      18.6370    0.0400000
       53288.399      19.5830    0.0390000      53288.4      19.3350    0.0120000      53288.4      19.0150    0.0110000      53288.4      18.7190    0.0110000      53288.4      18.6670    0.0320000
       53294.446      19.6280    0.0470000      53294.4      19.3560    0.0130000      53294.4      19.0180    0.0120000      53294.4     -99.9900    0.0160000      53294.4      18.6590    0.0370000
       53296.393      19.5630    0.0380000      53296.4      19.3600    0.0220000      53296.4      19.0080    0.0170000      53296.4      18.6940    0.0180000      53296.4      18.6470    0.0340000
       53298.443      19.5960    0.0450000      53298.4      19.3730    0.0120000      53298.4      19.0110    0.0120000      53298.4      18.7200    0.0120000      53298.4      18.6470    0.0370000
       53312.350      19.6270    0.0510000      53312.4      19.3310    0.0180000      53312.3      18.9960    0.0170000      53312.3      18.7090    0.0170000      53312.4      18.6800    0.0410000
       53314.351      19.5970    0.0410000      53314.4      19.3480    0.0140000      53314.3      19.0000    0.0120000      53314.4      18.7160    0.0120000      53314.4      18.6050    0.0370000
       53319.339      19.5520    0.0460000      53319.3      19.3030    0.0170000      53319.3      18.9640    0.0130000      53319.3      18.7030    0.0140000      53319.3      18.7020    0.0440000
       53616.455      19.7880    0.0460000      53616.5      19.5890    0.0140000      53616.5      19.1580    0.0130000      53616.5      18.8530    0.0130000      53616.5      18.7290    0.0370000
       53626.432      19.8600    0.0590000      53626.4     -99.9900     0.920000      53626.4     -99.9900    0.0140000      53626.4     -99.9900    0.0160000      53626.4     -99.9900     0.167000
       53628.417      19.7840    0.0520000      53628.4      19.5730    0.0150000      53628.4      19.1510    0.0140000      53628.4      18.8500    0.0150000      53628.4      18.7580    0.0420000
       53639.464      19.8490    0.0520000      53639.5      19.5620    0.0160000      53639.5      19.1680    0.0130000      53639.5      18.8930    0.0130000      53639.5      18.8910    0.0390000
       53641.463      19.8670    0.0570000      53641.5      19.6180    0.0150000      53641.5      19.1890    0.0150000      53641.5      18.8570    0.0140000      53641.5      18.6840    0.0360000
       53657.422      19.8110    0.0560000      53657.4      19.5960    0.0150000      53657.4      19.1920    0.0160000      53657.4      18.8510    0.0150000      53657.4      18.7860    0.0460000
       53663.406      19.7630    0.0900000      53663.4      19.5920    0.0340000      53663.4      19.1610    0.0210000      53663.4      18.8550    0.0150000      53663.4      18.8240    0.0410000
       53665.384      19.9500    0.0840000      53665.4      19.6070    0.0230000      53665.4     -99.9900    0.0250000      53665.4      18.9030    0.0150000      53665.4      18.8400    0.0440000
       53666.476      19.9010    0.0830000      53666.5      19.6320    0.0230000      53666.5      19.1840    0.0170000      53666.5      18.8720    0.0140000      53666.5      18.8480    0.0420000
       53668.396      19.7680    0.0670000      53668.4      19.6000    0.0190000      53668.4      19.1780    0.0170000      53668.4      18.8820    0.0170000      53668.4      18.8730    0.0520000
       53669.483     -99.9900    0.0830000      53669.5      19.6450    0.0210000      53669.5      19.1870    0.0180000      53669.5      18.8650    0.0170000      53669.5      18.7130    0.0460000
       53670.401      19.9890    0.0780000      53670.4     -99.9900    0.0200000      53670.4      19.2010    0.0170000      53670.4      18.8610    0.0150000      53670.4      18.9370    0.0560000
       53673.369      19.8200    0.0450000      53673.4      19.6060    0.0140000      53673.4      19.2020    0.0130000      53673.4      18.8470    0.0120000      53673.4      18.8230    0.0350000
       53675.366     -99.9900    0.0540000      53675.4      19.5980    0.0140000      53675.4      19.1510    0.0130000      53675.4      18.8550    0.0130000      53675.4      18.8010    0.0400000
       53676.485      20.2390     0.346000      53676.5     -99.9900    0.0670000      53676.5      19.2340    0.0420000      53676.5     -99.9900    0.0360000      53676.5     -99.9900     0.218000
       53680.373      19.8390    0.0440000      53680.4      19.6170    0.0130000      53680.4      19.2000    0.0130000      53680.4      18.8560    0.0120000      53680.4      18.8190    0.0320000
       53683.432      19.9880     0.109000      53683.4      19.6160    0.0250000      53683.4      19.1780    0.0400000      53683.4      18.8470    0.0310000      53683.4      18.7870    0.0910000
       53686.373      19.9560    0.0810000      53686.4      19.5950    0.0270000      53686.4      19.1700    0.0180000      53686.4      18.8770    0.0150000      53686.4      18.8100    0.0400000
       53693.375      20.0680     0.161000      53693.4      19.5420    0.0400000      53693.4      19.1810    0.0250000      53693.4     -99.9900    0.0190000      53693.4      18.8180    0.0530000
       53699.396      19.8000    0.0630000      53699.4      19.5910    0.0180000      53699.4      19.1930    0.0140000      53699.4      18.8700    0.0130000      53699.4      18.8140    0.0390000
       53704.358      19.8660    0.0580000      53704.4      19.6010    0.0150000      53704.4      19.1580    0.0140000      53704.4      18.8550    0.0140000      53704.4      18.9310    0.0530000
       53989.454      19.7770    0.0750000      53989.5      19.5450    0.0270000      53989.5      19.1250    0.0200000      53989.5      18.8630    0.0160000      53989.5      18.7850    0.0310000
       54000.430      19.7790    0.0490000      54000.4      19.4880    0.0210000      54000.4     -99.9900    0.0240000      54000.4      18.8030    0.0190000      54000.4      18.7860    0.0490000
       54007.480      19.8260    0.0400000      54007.5      19.5620    0.0180000      54007.5      19.1360    0.0140000      54007.5      18.8440    0.0150000      54007.5      18.7650    0.0340000
       54009.404      19.8100    0.0380000      54009.4      19.5070    0.0180000      54009.4      19.1300    0.0180000      54009.4      18.8610    0.0180000      54009.4      18.7720    0.0270000
       54011.468      19.8590    0.0380000      54011.5      19.5260    0.0210000      54011.5      19.1640    0.0160000      54011.5      18.8670    0.0220000      54011.5      18.7790    0.0250000
       54012.481      19.7540    0.0430000      54012.5      19.5130    0.0180000      54012.5      19.1280    0.0160000      54012.5      18.8820    0.0190000      54012.5      18.8560    0.0370000
       54019.463      19.7630    0.0800000      54019.5      19.5550    0.0290000      54019.5      19.1500    0.0170000      54019.5      18.8140    0.0170000      54019.5      18.8070    0.0410000
       54025.467      19.7250    0.0500000      54025.5      19.5590    0.0200000      54025.5      19.1560    0.0160000      54025.5      18.8470    0.0170000      54025.5      18.7460    0.0380000
       54346.461      19.3930    0.0490000      54346.5      19.2020    0.0270000      54346.5      18.9290    0.0180000      54346.5      18.6450    0.0140000      54346.5      18.5070    0.0310000
       54348.465      19.3880    0.0520000      54348.5     -99.9900    0.0250000      54348.5      18.9170    0.0180000      54348.5      18.6380    0.0170000      54348.5      18.5700    0.0320000
       54358.421      19.4460    0.0390000      54358.4      19.2120    0.0210000      54358.4      18.8710    0.0190000      54358.4      18.6230    0.0220000      54358.4      18.5980    0.0350000
       54365.454      19.4610    0.0290000      54365.5      19.1680    0.0260000      54365.5      18.8720    0.0160000      54365.5      18.6020    0.0180000      54365.5      18.4990    0.0280000
       54381.474      19.3840    0.0370000      54381.5      19.1660    0.0260000      54381.5      18.8760    0.0240000      54381.5      18.5930    0.0180000      54381.5      18.5240    0.0280000
       54386.466      19.3830    0.0340000      54386.5      19.1340    0.0180000      54386.5     -99.9900    0.0170000      54386.5      18.5720    0.0150000      54386.5      18.5030    0.0240000
       54388.470      19.3530    0.0400000      54388.5      19.1560    0.0230000      54388.5      18.8430    0.0180000      54388.5      18.5970    0.0170000      54388.5      18.5090    0.0310000
       54392.468      19.3770    0.0350000      54392.5      19.1430    0.0190000      54392.5      18.8230    0.0220000      54392.5      18.5630    0.0190000      54392.5      18.5240    0.0320000
       54403.384      19.3860    0.0600000      54403.4      19.1580    0.0260000      54403.4      18.8200    0.0160000      54403.4      18.5800    0.0190000      54403.4      18.4780    0.0540000
       54404.441      19.4050    0.0790000      54404.4      19.1240    0.0260000      54404.4      18.9150     0.123000      54404.4     -99.9900    0.0480000      54404.4      18.5560    0.0540000
       54406.378      19.3380    0.0320000      54406.4      19.1130    0.0180000      54406.4      18.8100    0.0130000      54406.4      18.5640    0.0130000      54406.4      18.5020    0.0230000
       54409.383      19.3500    0.0300000      54409.4      19.1410    0.0160000      54409.4      18.8120    0.0130000      54409.4      18.5790    0.0160000      54409.4      18.5500    0.0290000
       54412.404      19.4130    0.0460000      54412.4      19.1410    0.0200000      54412.4      18.8460    0.0190000      54412.4      18.5640    0.0180000      54412.4      18.4340    0.0450000
       52234.000       19.380000     0.034000000       52234.000       19.129000     0.050000000       52234.000       18.823000     0.023000000       52234.000       18.533000     0.017000000       52234.000       18.465000     0.028000000
       51075       19.307000     0.026000000       51075       19.136000     0.019000000       51075       18.827000     0.014000000       51075       18.554000     0.015000000       51075       18.462000     0.037000000
       51133       19.354000     0.035000000       51133       19.111000     0.025000000       51133       18.801000     0.030000000       51133       18.528000     0.022000000       51133       18.493000     0.048000000
       51134       19.321000     0.033000000       51134       19.055000     0.033000000       51134       18.804000     0.019000000       51134       18.524000     0.018000000       51134       18.489000     0.033000000
       51818       19.455000     0.031000000       51818       19.202000     0.019000000       51818       18.854000     0.021000000       51818       18.580000     0.017000000       51818       18.507000     0.032000000
       51874       19.379000     0.029000000       51874       19.163000     0.019000000       51874       18.866000     0.016000000       51874       18.562000     0.017000000       51874       18.530000     0.040000000
       52170       19.364000     0.030000000       52170       19.147000     0.026000000       52170       18.842000     0.022000000       52170       18.523000     0.015000000       52170       18.473000     0.035000000
       52171       19.346000     0.033000000       52171       19.171000     0.027000000       52171       18.834000     0.019000000       52171       18.527000     0.023000000       52171       18.518000     0.033000000
       52173       19.346000     0.032000000       52173       19.124000     0.019000000       52173       18.860000     0.018000000       52173       18.548000     0.024000000       52173       18.452000     0.037000000
       52224       19.350000     0.027000000       52224       19.176000     0.024000000       52224       18.829000     0.019000000       52224       18.526000     0.017000000       52224       18.398000     0.028000000
       52234       19.365000     0.031000000       52234       19.116000     0.036000000       52234       18.824000     0.022000000       52234       18.532000     0.019000000       52234       18.462000     0.028000000
       52261       19.445000     0.033000000       52261       19.166000     0.022000000       52261       18.860000     0.015000000       52261       18.536000     0.015000000       52261       18.484000     0.031000000
       52283       19.450000     0.034000000       52283       19.194000     0.024000000       52283       18.869000     0.018000000       52283       18.569000     0.021000000       52283       18.516000     0.040000000
       52287       19.411000     0.029000000       52287       19.178000     0.016000000       52287       18.872000     0.022000000       52287       18.636000     0.049000000       52287       18.508000     0.029000000
       52552       19.559000     0.031000000       52552       19.225000     0.026000000       52552       18.904000     0.018000000       52552       18.621000     0.016000000       52552       18.577000     0.031000000
       52557       19.488000     0.032000000       52557       19.251000     0.017000000       52557       18.900000     0.015000000       52557       18.587000     0.023000000       52557       18.471000     0.036000000
       52585       19.515000     0.031000000       52585       19.275000     0.022000000       52585       18.925000     0.017000000       52585       18.611000     0.019000000       52585       18.553000     0.031000000
       52908       19.625000     0.032000000       52908       19.410000     0.023000000       52908       18.998000     0.015000000       52908       18.694000     0.018000000       52908       18.596000     0.036000000
       52912       19.663000     0.044000000       52912       19.412000     0.031000000       52912       18.991000     0.020000000       52912       18.691000     0.026000000       52912       18.557000     0.043000000
       52934       19.695000     0.037000000       52934       19.405000     0.022000000       52934       19.032000     0.016000000       52934       18.689000     0.016000000       52934       18.615000     0.038000000
       52936       19.637000     0.032000000       52936       19.397000     0.023000000       52936       18.989000     0.017000000       52936       18.705000     0.016000000       52936       18.630000     0.034000000
       53272       19.663000     0.033000000       53272       19.402000     0.020000000       53272       19.027000     0.020000000       53272       18.730000     0.015000000       53272       18.692000     0.032000000
       53286       19.485000     0.039000000       53286       19.376000     0.020000000       53286       19.007000     0.017000000       53286       18.687000     0.021000000       53286       18.612000     0.045000000
       53288       19.590000     0.032000000       53288       19.327000     0.020000000       53288       19.021000     0.019000000       53288       18.721000     0.018000000       53288       18.638000     0.032000000
       53294       19.621000     0.040000000       53294       19.349000     0.023000000       53294       19.016000     0.016000000       53294       18.703000     0.025000000       53294       18.643000     0.043000000
       53298       19.562000     0.031000000       53298       19.355000     0.028000000       53298       18.989000     0.012000000       53298       18.700000     0.021000000       53298       18.594000     0.039000000
       53312       19.571000     0.052000000       53312       19.313000     0.020000000       53312       18.984000     0.021000000       53312       18.684000     0.018000000       53312       18.649000     0.044000000
       53314       19.602000     0.038000000       53314       19.356000     0.017000000       53314       19.001000     0.020000000       53314       18.711000     0.021000000       53314       18.622000     0.040000000
       53319       19.559000     0.041000000       53319       19.274000     0.023000000       53319       18.956000     0.022000000       53319       18.699000     0.018000000       53319       18.674000     0.049000000
