       51075.445      20.6440    0.0660000      51075.4      20.2850    0.0220000      51075.4      20.0090    0.0240000      51075.4      19.8550    0.0350000      51075.4      19.5110    0.0910000
       51081.429      20.5680    0.0770000      51081.4      20.1720    0.0230000      51081.4      19.9600    0.0260000      51081.4      19.8810    0.0320000      51081.4      19.5920    0.0920000
       51875.244      20.8040    0.0820000      51875.2      20.4370    0.0250000      51875.2      20.1090    0.0260000      51875.2      19.9360    0.0370000      51875.2      19.7450    0.0980000
       52171.476     -99.9900    0.0670000      52171.5      20.1110    0.0190000      52171.5      19.8380    0.0200000      52171.5      19.7310    0.0270000      52171.5      19.5950    0.0830000
       52225.325      20.4670    0.0610000      52225.3      20.1200    0.0180000      52225.3      19.9200    0.0210000      52225.3      19.8060    0.0260000      52225.3      19.6440    0.0690000
       52288.159      20.5130    0.0680000      52288.2      20.1220    0.0190000      52288.2      19.8650    0.0210000      52288.2      19.7650    0.0270000      52288.2      19.5650    0.0680000
       52551.432      20.2460    0.0580000      52551.4      19.9910    0.0180000      52551.4      19.7020    0.0210000      52551.4      19.5970    0.0270000      52551.4      19.5290    0.0830000
       52558.465      20.2380    0.0500000      52558.5      19.9880    0.0160000      52558.5      19.8240    0.0180000      52558.5      20.5270    0.0460000      52558.5      19.5290     0.107000
       52578.337      20.2480    0.0510000      52578.3      19.9320    0.0160000      52578.3      19.7420    0.0170000      52578.3      19.6520    0.0220000      52578.3      19.4830    0.0610000
       52585.300      20.2540    0.0500000      52585.3      19.9680    0.0150000      52585.3      19.7500    0.0190000      52585.3      19.6570    0.0280000      52585.3      19.5400    0.0820000
       52909.466      20.3590    0.0550000      52909.5      20.1080    0.0200000      52909.5      19.8890    0.0210000      52909.5      19.8360    0.0280000      52909.5      19.6800    0.0750000
       52910.437      20.4070    0.0740000      52910.4      20.1420    0.0210000      52910.4      19.8850    0.0220000      52910.4      19.7920    0.0280000      52910.4      19.4080    0.0610000
       52935.364      20.5770    0.0690000      52935.4      20.2170    0.0200000      52935.4      19.9390    0.0260000      52935.4      19.8080    0.0320000      52935.4      19.5530    0.0880000
       52963.287      20.5880    0.0660000      52963.3      20.2560    0.0200000      52963.3      20.0070    0.0210000      52963.3      19.8960    0.0290000      52963.3      19.6480    0.0720000
       53351.209      20.5570    0.0800000      53351.2      20.2430    0.0230000      53351.2      20.0100    0.0250000      53351.2      19.8670    0.0350000      53351.2      19.6420    0.0990000
       53634.416      20.9740     0.282000      53634.4      20.6670     0.128000      53634.4      20.4300    0.0730000      53634.4      20.1810    0.0660000      53634.4      19.8810     0.143000
       53638.457      21.8160     0.302000      53638.5      20.8480    0.0490000      53638.5      20.5760    0.0460000      53638.5      20.3200    0.0520000      53638.5      20.0720     0.151000
       53643.464      21.1110     0.158000      53643.5      20.7570    0.0330000      53643.5      20.4640    0.0340000      53643.5      20.2340    0.0460000      53643.5      19.8420    0.0990000
       53646.482      21.3570     0.182000      53646.5      20.7040    0.0310000      53646.5      20.4570    0.0350000      53646.5      20.3360    0.0510000      53646.5      19.7610     0.104000
       53657.301      21.0220     0.415000      53657.3      20.4260     0.105000      53657.3      20.4190     0.103000      53657.3      19.9400    0.0780000      53657.3      19.4960     0.151000
       53657.465      21.2830     0.178000      53657.5      20.6410    0.0310000      53657.5      20.4320    0.0360000      53657.5      20.2860    0.0470000      53657.5      19.8870     0.110000
       53663.483      20.8100     0.308000      53663.5      20.6920     0.103000      53663.5      20.3700    0.0730000      53663.5      20.3140    0.0730000      53663.5      20.1660     0.179000
       53664.418     -99.9900      1.45000      53664.4      19.9610     0.188000      53664.4      20.1600     0.202000      53664.4      19.8570     0.177000      53664.4      21.3760      2.30000
       53665.483      21.5530     0.385000      53665.5      20.7450    0.0660000      53665.5      20.4940    0.0540000      53665.5      20.2430    0.0570000      53665.5      19.9850     0.146000
       53668.471      21.6620     0.483000      53668.5      20.6470    0.0640000      53668.5      20.3670    0.0650000      53668.5      20.1030    0.0680000      53668.5      19.5840     0.154000
       53671.462      21.0700     0.159000      53671.5      20.6300    0.0420000      53671.5      20.3450    0.0370000      53671.5      20.1210    0.0450000      53671.5      19.8630     0.143000
       53679.423      20.8690     0.123000      53679.4      20.6080    0.0290000      53679.4      20.3760    0.0400000      53679.4      20.1410    0.0490000      53679.4      19.6800     0.107000
       53681.415      21.1010     0.163000      53681.4      20.5320    0.0320000      53681.4      20.3280    0.0420000      53681.4      20.1580    0.0490000      53681.4      19.7740     0.112000
       53684.376      20.9680     0.138000      53684.4      20.5890    0.0310000      53684.4      20.3340    0.0380000      53684.4      20.2160    0.0540000      53684.4      19.7280     0.122000
       53687.317      20.7930     0.325000      53687.3      20.5680     0.128000      53687.3      20.4180    0.0930000      53687.3      20.1090    0.0740000      53687.3      19.8000     0.195000
       53694.387      20.9820     0.322000      53694.4      20.4740    0.0780000      53694.4      20.2260    0.0530000      53694.4      20.1800    0.0650000      53694.4      19.7160     0.133000
       53696.380      20.8280     0.141000      53696.4      20.6040    0.0420000      53696.4      20.3560    0.0410000      53696.4      20.1930    0.0480000      53696.4      19.9250     0.112000
       53697.372      21.0740     0.168000      53697.4      20.6760    0.0390000      53697.4      20.3610    0.0370000      53697.4      20.0860    0.0420000      53697.4      20.0340     0.121000
       53700.371      21.2370     0.185000      53700.4      20.6240    0.0290000      53700.4      20.3570    0.0400000      53700.4      20.1550    0.0520000      53700.4      19.7240     0.118000
       53705.357      20.9450     0.166000      53705.4      20.4830    0.0320000      53705.4      20.3010    0.0390000      53705.4      20.0670    0.0460000      53705.4      19.8400     0.129000
       53975.442      20.5220    0.0860000      53975.4      20.2970    0.0480000      53975.4      20.0490    0.0310000      53975.4      19.9180    0.0350000      53975.4      19.5910    0.0720000
       53994.465      20.7700    0.0840000      53994.5      20.3600    0.0270000      53994.5      20.1680    0.0290000      53994.5      19.9750    0.0300000      53994.5      19.7640    0.0760000
       53996.449      20.7920    0.0910000      53996.4      20.3900    0.0300000      53996.4      20.1450    0.0280000      53996.4      20.0050    0.0350000      53996.4      19.6850    0.0910000
       54005.462      20.7810    0.0810000      54005.5      20.4330    0.0260000      54005.5      20.1950    0.0270000      54005.5      20.0060    0.0340000      54005.5      19.8270    0.0780000
       54009.476      20.7120    0.0640000      54009.5      20.3960    0.0200000      54009.5      20.1310    0.0230000      54009.5      20.0830    0.0310000      54009.5      19.7850    0.0660000
       54010.403      20.8560    0.0700000      54010.4      20.4640    0.0220000      54010.4      20.1880    0.0230000      54010.4      20.0590    0.0300000      54010.4      19.8180    0.0710000
       54020.434      20.7160     0.133000      54020.4      20.4880    0.0410000      54020.4      20.2170    0.0380000      54020.4      20.1240    0.0410000      54020.4      19.6510     0.110000
       54024.483      20.9260     0.147000      54024.5      20.4750    0.0330000      54024.5      20.1870    0.0330000      54024.5      20.0280    0.0400000      54024.5      19.8520     0.104000
       54028.472      20.7540     0.116000      54028.5     -99.9900    0.0440000      54028.5      20.1850    0.0350000      54028.5      20.0870    0.0440000      54028.5      20.0390     0.175000
       54030.427      20.8460    0.0820000      54030.4      20.4860    0.0260000      54030.4      20.2340    0.0270000      54030.4      20.0310    0.0330000      54030.4      19.9950     0.100000
       54035.471     -99.9900     0.136000      54035.5      20.4470    0.0280000      54035.5      20.2730    0.0410000      54035.5      20.0280    0.0460000      54035.5      19.7490     0.103000
       54037.377      20.9010    0.0730000      54037.4      20.4680    0.0210000      54037.4      20.2400    0.0240000      54037.4      20.0580    0.0290000      54037.4      19.6840    0.0610000
       54040.391      20.7590    0.0710000      54040.4      20.4980    0.0270000      54040.4      20.2090    0.0260000      54040.4      20.1270    0.0360000      54040.4      20.0170     0.421000
       54047.422     -99.9900     0.320000      54047.4      20.3750    0.0750000      54047.4      20.1870    0.0620000      54047.4      20.0360    0.0600000      54047.4      19.7940     0.120000
       54049.418      20.7360     0.165000      54049.4      20.4980    0.0520000      54049.4      20.1060    0.0390000      54049.4      20.0800    0.0490000      54049.4      19.8720     0.107000
       54053.397      20.9180     0.157000      54053.4      20.3380    0.0360000      54053.4      20.1030    0.0370000      54053.4     -99.9900    0.0500000      54053.4     -99.9900     0.240000
       54056.384      20.6000    0.0850000      54056.4      20.3950    0.0320000      54056.4      20.1460    0.0280000      54056.4      19.9830    0.0370000      54056.4      19.7280     0.102000
       54059.378      20.6180    0.0850000      54059.4      20.3600    0.0260000      54059.4      20.1730    0.0330000      54059.4      20.0790    0.0470000      54059.4      19.7170     0.132000
       54061.389      20.6260     0.137000      54061.4      20.2830    0.0640000      54061.4      20.0980    0.0340000      54061.4      19.9340    0.0570000      54061.4      19.8620     0.175000
       54062.383      20.6610    0.0740000      54062.4      20.4000    0.0220000      54062.4     -99.9900    0.0520000      54062.4      19.9540    0.0320000      54062.4      19.7300    0.0780000
       54064.379      20.8500     0.121000      54064.4      20.4220    0.0270000      54064.4      20.1800    0.0310000      54064.4      19.9900    0.0420000      54064.4      19.8370     0.118000
       54068.363      20.6730     0.107000      54068.4      20.3620    0.0270000      54068.4      20.1540    0.0330000      54068.4      20.0170    0.0400000      54068.4      19.7600     0.104000
       54357.421      20.5560    0.0620000      54357.4      20.4030    0.0250000      54357.4      20.1840    0.0350000      54357.4      19.9940    0.0290000      54357.4      19.7250    0.0890000
       54362.471      20.7310    0.0670000      54362.5      20.3400    0.0210000      54362.5      20.1270    0.0240000      54362.5      20.0760    0.0300000      54362.5      19.7160    0.0690000
       54382.451     -99.9900    0.0670000      54382.5      20.3170    0.0320000      54382.4      20.1250    0.0270000      54382.4      19.9720    0.0330000      54382.5      19.9310    0.0960000
       54385.469      20.6220    0.0730000      54385.5      20.3750    0.0360000      54385.5      20.1610    0.0270000      54385.5      20.0640    0.0330000      54385.5      19.7250    0.0720000
       54387.469      20.5310    0.0810000      54387.5      20.3520    0.0270000      54387.5      20.1490    0.0280000      54387.5      19.9330    0.0320000      54387.5      19.7040    0.0760000
       54390.462      20.8570     0.167000      54390.5     -99.9900    0.0950000      54390.5      19.3180     0.428000      54390.5     -99.9900     0.752000      54390.5      19.6630     0.140000
       54391.470      21.1430     0.191000      54391.5      20.4090    0.0310000      54391.5      20.1240    0.0410000      54391.5      19.8660    0.0450000      54391.5      19.7320     0.125000
       54402.463      20.7540     0.315000      54402.5      20.2810    0.0740000      54402.5      20.1360    0.0580000      54402.5      19.9620    0.0560000      54402.5      19.9000     0.149000
       52522.000       20.351000     0.056000000       52522.000       20.016000     0.020000000       52522.000       19.786000     0.023000000       52522.000       19.740000     0.027000000       52522.000       19.556000     0.066000000
       51078       20.559000     0.049000000       51078       20.282000     0.021000000       51078       20.036000     0.021000000       51078       19.901000     0.028000000       51078       19.739000     0.067000000
       51081       20.591000     0.069000000       51081       20.193000     0.028000000       51081       19.995000     0.026000000       51081       19.935000     0.033000000       51081       19.627000     0.090000000
       51115       20.763000     0.065000000       51115       20.403000     0.025000000       51115       20.091000     0.026000000       51115       19.996000     0.035000000       51115       19.654000      0.13100000
       51132       20.621000     0.066000000       51132       20.409000     0.033000000       51132       20.154000     0.037000000       51132       19.966000     0.047000000       51132       19.673000      0.11500000
       51133       20.676000     0.062000000       51133       20.392000     0.031000000       51133       20.161000     0.038000000       51133       19.993000     0.047000000       51133       19.991000      0.14600000
       51136       20.731000     0.063000000       51136       20.430000     0.026000000       51136       20.188000     0.030000000       51136       20.037000     0.042000000       51136       19.623000     0.091000000
       51875       20.812000     0.073000000       51875       20.482000     0.027000000       51875       20.131000     0.031000000       51875       19.977000     0.040000000       51875       19.792000      0.10000000
       52171       20.436000     0.057000000       52171       20.144000     0.025000000       52171       19.872000     0.023000000       52171       19.772000     0.027000000       52171       19.655000     0.098000000
       52225       20.473000     0.054000000       52225       20.143000     0.025000000       52225       19.929000     0.022000000       52225       19.810000     0.027000000       52225       19.654000     0.067000000
       52288       20.455000     0.054000000       52288       20.158000     0.025000000       52288       19.890000     0.024000000       52288       19.795000     0.030000000       52288       19.594000     0.066000000
       52522       20.322000     0.052000000       52522       20.013000     0.021000000       52522       19.789000     0.021000000       52522       19.745000     0.028000000       52522       19.562000     0.065000000
       52551       20.229000     0.054000000       52551       20.005000     0.021000000       52551       19.733000     0.026000000       52551       19.658000     0.027000000       52551       19.569000     0.074000000
       52558       20.213000     0.043000000       52558       19.999000     0.025000000       52558       19.828000     0.018000000       52558       20.609000      0.20700000       52558       19.526000     0.067000000
       52585       20.283000     0.044000000       52585       19.985000     0.023000000       52585       19.773000     0.024000000       52585       19.680000     0.032000000       52585       19.573000     0.081000000
       52909       20.389000     0.048000000       52909       20.164000     0.021000000       52909       19.928000     0.021000000       52909       19.891000     0.029000000       52909       19.725000     0.071000000
       52910       20.466000     0.063000000       52910       20.188000     0.025000000       52910       19.921000     0.023000000       52910       19.845000     0.036000000       52910       19.503000     0.063000000
       52935       20.554000     0.057000000       52935       20.252000     0.030000000       52935       19.994000     0.026000000       52935       19.874000     0.032000000       52935       19.612000     0.087000000
       52963       20.526000     0.056000000       52963       20.273000     0.022000000       52963       20.020000     0.023000000       52963       19.917000     0.029000000       52963       19.677000     0.072000000
       53351       20.477000     0.066000000       53351       20.251000     0.029000000       53351       20.032000     0.029000000       53351       19.914000     0.036000000       53351       19.611000     0.094000000
       54424       20.696000      0.10100000       54424       20.328000     0.041000000       54424       20.165000     0.038000000       54424       20.013000     0.035000000       54424       19.707000     0.071000000
