       51081.423      20.4410    0.0680000      51081.4      20.1950    0.0230000      51081.4      20.1740    0.0280000      51081.4      19.9310    0.0300000      51081.4      19.7740    0.0990000
       51875.238      20.3430    0.0540000      51875.2      20.0470    0.0200000      51875.2      20.0920    0.0250000      51875.2      19.8640    0.0270000      51875.2      19.9000     0.103000
       52171.471      20.2250    0.0470000      52171.5      20.1090    0.0190000      52171.5      20.0730    0.0210000      52171.5      19.9450    0.0250000      52171.5      19.9220    0.0900000
       52225.319      20.2690    0.0510000      52225.3      20.0270    0.0170000      52225.3      20.0050    0.0210000      52225.3      19.8580    0.0240000      52225.3      19.8380    0.0820000
       52288.154      20.3840    0.0550000      52288.2      20.1160    0.0200000      52288.2      20.0500    0.0240000      52288.2      19.8890    0.0260000      52288.2      19.9580    0.0970000
       52551.427      20.3710    0.0670000      52551.4      20.0440    0.0190000      52551.4      20.0270    0.0230000      52551.4      19.8700    0.0290000      52551.4      19.8340     0.118000
       52558.460      20.3400    0.0530000      52558.5      20.1150    0.0170000      52558.5      20.0140    0.0210000      52558.5      19.9220    0.0270000      52558.5      19.8160    0.0950000
       52578.331      20.3590    0.0510000      52578.3      20.0970    0.0170000      52578.3      20.0660    0.0190000      52578.3      19.8530    0.0220000      52578.3      19.7670    0.0670000
       52585.294      20.4030    0.0550000      52585.3      20.1330    0.0180000      52585.3      20.0500    0.0230000      52585.3      19.9360    0.0300000      52585.3      19.8070     0.105000
       52909.461      20.4230    0.0550000      52909.5      20.2600    0.0200000      52909.5      20.1400    0.0220000      52909.5      19.9940    0.0250000      52909.5      19.7820    0.0800000
       52910.431      20.6040    0.0740000      52910.4     -99.9900    0.0200000      52910.4      20.1850    0.0290000      52910.4     -99.9900    0.0270000      52910.4      20.1160     0.130000
       52935.358      20.4870    0.0630000      52935.4      20.2380    0.0210000      52935.4      20.1570    0.0260000      52935.4      19.9600    0.0310000      52935.4      19.9720     0.119000
       52963.282      20.5160    0.0570000      52963.3      20.1910    0.0180000      52963.3      20.1010    0.0220000      52963.3      19.9850    0.0250000      52963.3      19.8350    0.0810000
       53351.204      20.2500    0.0680000      53351.2      20.1420    0.0210000      53351.2      20.1250    0.0280000      53351.2      19.9250    0.0350000      53351.2      19.9010     0.127000
       53622.461      20.3410    0.0500000      53622.5      20.0730    0.0170000      53622.5      20.0550    0.0200000      53622.5      19.9310    0.0230000      53622.5      19.8820    0.0720000
       53627.418      20.2710    0.0530000      53627.4      20.1010    0.0190000      53627.4      20.1120    0.0230000      53627.4      19.9040    0.0270000      53627.4      19.9370    0.0910000
       53634.410      20.5410     0.216000      53634.4      20.0710    0.0490000      53634.4      20.0440    0.0600000      53634.4      19.8600    0.0520000      53634.4      19.7250     0.100000
       53638.452      20.2760    0.0900000      53638.5      20.0580    0.0260000      53638.4      20.0600    0.0330000      53638.4      19.9350    0.0440000      53638.5      19.8830     0.124000
       53640.416      20.2500    0.0650000      53640.4      20.0600    0.0220000      53640.4      20.0650    0.0250000      53640.4      19.9050    0.0290000      53640.4      19.6120    0.0810000
       53643.458      20.4010    0.0830000      53643.5      20.1020    0.0200000      53643.5      20.0840    0.0260000      53643.5      19.8590    0.0340000      53643.5      19.8740     0.116000
       53646.477     -99.9900    0.0750000      53646.5      20.1140    0.0220000      53646.5      20.0990    0.0270000      53646.5      19.8770    0.0330000      53646.5      19.9420     0.118000
       53657.296      20.2260     0.209000      53657.3      20.0210    0.0710000      53657.3      20.0460    0.0650000      53657.3      19.8560    0.0640000      53657.3      20.3390     0.376000
       53657.460      20.3600    0.0800000      53657.5      20.0700    0.0220000      53657.5      20.0400    0.0260000      53657.5      19.8600    0.0300000      53657.5      19.8520     0.112000
       53663.478      20.1920     0.171000      53663.5      20.0800    0.0650000      53663.5      20.1190    0.0540000      53663.5      19.9160    0.0530000      53663.5      19.6330     0.111000
       53664.413      20.7140     0.376000      53664.4      20.1670     0.187000      53664.4      20.0000     0.103000      53664.4      19.9460     0.116000      53664.4      19.6480     0.343000
       53665.477      20.4670     0.144000      53665.5      20.1080    0.0380000      53665.5      20.0900    0.0400000      53665.5      19.9690    0.0410000      53665.5      19.8020     0.125000
       53669.372      20.3970    0.0780000      53669.4      20.1480    0.0250000      53669.4      20.1040    0.0290000      53669.4      19.9060    0.0330000      53669.4      19.9520     0.122000
       53670.472      20.2840     0.106000      53670.5      20.2250    0.0380000      53670.5      20.0430    0.0370000      53670.5      19.9290    0.0430000      53670.5      20.0550     0.192000
       53671.457      20.4500    0.0830000      53671.5      20.2050    0.0230000      53671.5      20.0980    0.0250000      53671.5      19.9440    0.0280000      53671.5      19.8770    0.0960000
       53674.356      20.4340    0.0890000      53674.4      20.1920    0.0230000      53674.4      20.1650    0.0360000      53674.4      20.0120    0.0450000      53674.4      19.9000     0.143000
       53676.446      20.4290    0.0900000      53676.4     -99.9900    0.0280000      53676.4      20.1050    0.0490000      53676.4     -99.9900    0.0360000      53676.4     -99.9900     0.103000
       53679.418      20.5460    0.0860000      53679.4      20.2100    0.0220000      53679.4      20.1010    0.0290000      53679.4      19.9360    0.0350000      53679.4      19.6520     0.100000
       53681.409      20.4780    0.0930000      53681.4      20.1460    0.0230000      53681.4      20.0790    0.0300000      53681.4      19.9360    0.0330000      53681.4      19.8760     0.117000
       53684.371      20.3580     0.105000      53684.4      20.1370    0.0240000      53684.4      20.1540    0.0530000      53684.4      19.9220    0.0600000      53684.4      20.1040     0.189000
       53687.312      20.4740     0.281000      53687.3      20.1470    0.0720000      53687.3      20.1140    0.0720000      53687.3      19.9500    0.0590000      53687.3      19.9740     0.162000
       53694.382      20.4440     0.168000      53694.4      20.1650    0.0510000      53694.4      20.2240    0.0470000      53694.4      19.9520    0.0430000      53694.4      19.7510     0.110000
       53696.375      20.3520    0.0950000      53696.4      20.1700    0.0310000      53696.4      20.1050    0.0280000      53696.4      19.9190    0.0300000      53696.4      20.0450     0.118000
       53697.366      20.4450    0.0910000      53697.4      20.2380    0.0290000      53697.4      20.0960    0.0270000      53697.4      19.9450    0.0300000      53697.4      19.7780    0.0900000
       53700.365      20.4570    0.0770000      53700.4      20.1410    0.0220000      53700.4      20.0950    0.0270000      53700.4      19.9320    0.0330000      53700.4      19.9310     0.142000
       53705.352      20.4700    0.0980000      53705.4      20.1980    0.0250000      53705.4      20.1600    0.0370000      53705.4      19.9140    0.0390000      53705.4      19.7650     0.125000
       53975.437      20.4700    0.0740000      53975.4      20.1670    0.0260000      53975.4      20.1530    0.0330000      53975.4      19.9650    0.0410000      53975.4      19.9030     0.120000
       53994.460      20.3640    0.0580000      53994.5      20.1460    0.0190000      53994.5      20.1470    0.0260000      53994.5      19.9190    0.0260000      53994.5      19.9590    0.0830000
       53996.444      20.5480    0.0740000      53996.4      20.1740    0.0270000      53996.4      20.0930    0.0330000      53996.4      19.9780    0.0300000      53996.4      19.8980     0.116000
       54005.457      20.5020    0.0570000      54005.5      20.1650    0.0190000      54005.5      20.1050    0.0210000      54005.5      19.9280    0.0260000      54005.5      19.9140    0.0810000
       54009.471      20.3360    0.0470000      54009.5      20.1430    0.0200000      54009.5      20.1090    0.0220000      54009.5      19.9240    0.0240000      54009.5      19.7730    0.0650000
       54010.398      20.4800    0.0490000      54010.4      20.1510    0.0230000      54010.4      20.0910    0.0200000      54010.4      19.9120    0.0220000      54010.4      19.8550    0.0600000
       54012.391      20.4280    0.0760000      54012.4      20.1080    0.0280000      54012.4      20.1050    0.0320000      54012.4      19.9260    0.0330000      54012.4      19.9190    0.0910000
       54020.429      20.2750    0.0920000      54020.4      20.1430    0.0330000      54020.4      20.0890    0.0360000      54020.4      19.8940    0.0330000      54020.4      19.7940     0.100000
       54024.478      20.3320    0.0840000      54024.5      20.0840    0.0260000      54024.5      20.1600    0.0360000      54024.5      19.9290    0.0360000      54024.5      19.6830    0.0970000
       54028.466      20.3750    0.0680000      54028.5      20.1890    0.0200000      54028.5      20.0890    0.0240000      54028.5      19.9000    0.0340000      54028.5      19.9060     0.111000
       54030.422      20.4440    0.0590000      54030.4      20.1650    0.0220000      54030.4      20.1010    0.0240000      54030.4      19.9390    0.0290000      54030.4      20.0360     0.106000
       54035.466      20.6050    0.0880000      54035.5      20.1710    0.0300000      54035.5      20.1230    0.0300000      54035.5      19.9310    0.0340000      54035.5      19.8850     0.109000
       54037.371      20.5520    0.0530000      54037.4      20.1380    0.0190000      54037.4      20.1260    0.0200000      54037.4      19.9290    0.0240000      54037.4      20.0240    0.0750000
       54040.386      20.4250    0.0560000      54040.4      20.2090    0.0180000      54040.4      20.1290    0.0210000      54040.4      19.9560    0.0260000      54040.4      20.0320     0.101000
       54041.421      20.4570    0.0610000      54041.4      20.2210    0.0220000      54041.4      20.1060    0.0230000      54041.4      19.9570    0.0270000      54041.4      19.7630    0.0730000
       54047.416      20.5020     0.218000      54047.4      20.1290    0.0630000      54047.4      20.0560    0.0570000      54047.4      19.9530    0.0490000      54047.4      19.7560     0.106000
       54049.412      20.6710     0.158000      54049.4      20.1790    0.0390000      54049.4      20.1360    0.0360000      54049.4      19.9960    0.0370000      54049.4      19.9360     0.125000
       54050.372      20.7850     0.202000      54050.4      20.2100    0.0440000      54050.4      20.2490    0.0560000      54050.4      19.9590    0.0540000      54050.4      19.9570     0.185000
       54053.392     -99.9900    0.0820000      54053.4     -99.9900    0.0300000      54053.4      20.1860    0.0320000      54053.4     -99.9900    0.0400000      54053.4     -99.9900     0.160000
       54056.378      20.6070    0.0850000      54056.4     -99.9900    0.0310000      54056.4      20.1790    0.0250000      54056.4      19.9670    0.0360000      54056.4      19.8540     0.108000
       54059.373      20.4940    0.0770000      54059.4      20.2380    0.0300000      54059.4      20.1170    0.0310000      54059.4      19.9040    0.0350000      54059.4      19.6940     0.117000
       54061.384      20.3950    0.0900000      54061.4     -99.9900    0.0640000      54061.4      20.1580    0.0290000      54061.4      19.8580    0.0340000      54061.4      19.6820     0.140000
       54062.377      20.4610    0.0570000      54062.4      20.1820    0.0230000      54062.4      20.1210    0.0210000      54062.4      19.9220    0.0260000      54062.4      19.8520    0.0920000
       54064.374      20.4080    0.0740000      54064.4      20.2090    0.0240000      54064.4      20.1510    0.0270000      54064.4      20.0000    0.0350000      54064.4      19.7180     0.117000
       54068.358      20.1960    0.0970000      54068.4      20.1160    0.0310000      54068.4      20.1430    0.0350000      54068.4      20.0120    0.0590000      54068.4      20.0400     0.183000
       54357.416      20.3090    0.0560000      54357.4      20.1760    0.0240000      54357.4      20.1240    0.0280000      54357.4      19.9180    0.0260000      54357.4      19.8890    0.0670000
       54362.466      20.4640    0.0540000      54362.5      20.1830    0.0210000      54362.5      20.1360    0.0240000      54362.5      19.9610    0.0260000      54362.5      19.8440    0.0670000
       54376.461      20.6620    0.0800000      54376.5      20.2770    0.0270000      54376.5      20.1550    0.0250000      54376.5      19.9440    0.0280000      54376.5      19.8030    0.0770000
       54382.446      20.4960    0.0700000      54382.4      20.1800    0.0220000      54382.4      20.1550    0.0300000      54382.4      19.9530    0.0340000      54382.4      19.8730     0.104000
       54385.464      20.4140    0.0670000      54385.5      20.1960    0.0220000      54385.5      20.1160    0.0340000      54385.5      19.9410    0.0380000      54385.5      19.8310    0.0910000
       54387.464      20.5250    0.0820000      54387.5      20.2940    0.0240000      54387.5      20.1640    0.0300000      54387.5      19.9790    0.0340000      54387.5      20.0620     0.122000
       54391.465      20.8530     0.148000      54391.5      20.2390    0.0260000      54391.5      20.1360    0.0480000      54391.5      19.9440    0.0530000      54391.5      19.9860     0.171000
       54402.457      19.8990     0.148000      54402.5      20.1260    0.0630000      54402.5      20.2100    0.0580000      54402.5      19.9550    0.0550000      54402.5      19.9990     0.157000
       52522.000       20.402000     0.057000000       52522.000       20.087000     0.021000000       52522.000       20.019000     0.025000000       52522.000       19.869000     0.025000000       52522.000       20.075000     0.099000000
       51078       20.372000     0.040000000       51078       20.152000     0.019000000       51078       20.125000     0.024000000       51078       19.865000     0.023000000       51078       19.930000     0.071000000
       51081       20.460000     0.061000000       51081       20.185000     0.023000000       51081       20.163000     0.031000000       51081       19.922000     0.039000000       51081       19.743000     0.095000000
       51132       20.361000     0.050000000       51132       20.096000     0.023000000       51132       20.182000     0.038000000       51132       19.932000     0.038000000       51132       19.945000      0.14600000
       51115       20.408000     0.053000000       51115       20.119000     0.021000000       51115       20.084000     0.025000000       51115       19.858000     0.030000000       51115       19.777000      0.10300000
       51136       20.355000     0.045000000       51136       20.122000     0.021000000       51136       20.100000     0.027000000       51136       19.882000     0.032000000       51136       19.829000      0.11300000
       51875       20.369000     0.047000000       51875       20.044000     0.022000000       51875       20.073000     0.027000000       51875       19.830000     0.027000000       51875       19.884000      0.10000000
       52171       20.263000     0.043000000       52171       20.106000     0.023000000       52171       20.062000     0.023000000       52171       19.922000     0.027000000       52171       19.923000     0.087000000
       52173       20.285000     0.048000000       52173       20.076000     0.021000000       52173       20.042000     0.024000000       52173       19.899000     0.030000000       52173       19.771000     0.088000000
       52225       20.275000     0.049000000       52225       20.053000     0.018000000       52225       20.011000     0.022000000       52225       19.869000     0.024000000       52225       19.852000     0.079000000
       52288       20.403000     0.049000000       52288       20.125000     0.022000000       52288       20.035000     0.025000000       52288       19.870000     0.026000000       52288       19.951000     0.094000000
       52522       20.400000     0.053000000       52522       20.070000     0.022000000       52522       20.020000     0.025000000       52522       19.865000     0.025000000       52522       20.061000     0.099000000
       52551       20.383000     0.059000000       52551       20.031000     0.027000000       52551       19.993000     0.032000000       52551       19.862000     0.035000000       52551       19.850000      0.11800000
       52558       20.372000     0.047000000       52558       20.133000     0.023000000       52558       20.021000     0.023000000       52558       19.913000     0.026000000       52558       19.837000     0.091000000
       52585       20.407000     0.048000000       52585       20.146000     0.022000000       52585       20.038000     0.025000000       52585       19.889000     0.030000000       52585       19.807000      0.10000000
       52909       20.407000     0.048000000       52909       20.281000     0.021000000       52909       20.157000     0.024000000       52909       19.998000     0.026000000       52909       19.839000     0.081000000
       52910       20.613000     0.073000000       52910       20.288000     0.027000000       52910       20.248000     0.067000000       52910       19.961000     0.029000000       52910       20.107000      0.12300000
       52935       20.506000     0.056000000       52935       20.236000     0.033000000       52935       20.156000     0.027000000       52935       19.951000     0.033000000       52935       19.949000      0.11100000
       52963       20.532000     0.051000000       52963       20.201000     0.022000000       52963       20.093000     0.025000000       52963       19.976000     0.027000000       52963       19.786000     0.076000000
       53351       20.276000     0.061000000       53351       20.137000     0.030000000       53351       20.116000     0.048000000       53351       19.907000     0.036000000       53351       19.853000      0.12200000
       54424       20.335000     0.079000000       54424       20.145000     0.036000000       54424       20.112000     0.030000000       54424       19.942000     0.028000000       54424       20.010000     0.085000000
