       51075.450      21.2180     0.101000      51075.5      20.5320    0.0260000      51075.4      19.9580    0.0220000      51075.4      19.8080    0.0290000      51075.5      19.5330    0.0900000
       51818.420      20.8300    0.0840000      51818.4      20.4300    0.0250000      51818.4      19.8880    0.0210000      51818.4      19.8040    0.0290000      51818.4      19.5270    0.0760000
       52171.408      20.8270    0.0760000      52171.4      20.2700    0.0200000      52171.4      19.8320    0.0220000      52171.4      19.7750    0.0240000      52171.4      19.4390    0.0600000
       52173.385      20.7430    0.0820000      52173.4      20.2770    0.0220000      52173.4      19.8160    0.0210000      52173.4      19.6500    0.0280000      52173.4      19.3760    0.0780000
       52224.365      20.8580    0.0740000      52224.4      20.3640    0.0220000      52224.4      19.8520    0.0190000      52224.4      19.7780    0.0230000      52224.4      19.5300    0.0700000
       52234.321      20.6640    0.0750000      52234.3      20.3760    0.0260000      52234.3      19.8070    0.0190000      52234.3      19.7670    0.0240000      52234.3      19.5910    0.0730000
       52261.285      20.9510    0.0900000      52261.3      20.3830    0.0250000      52261.3      19.8730    0.0180000      52261.3      19.8010    0.0220000      52261.3      19.5540    0.0610000
       52283.152      21.0460     0.103000      52283.2      20.3700    0.0260000      52283.1      19.8350    0.0250000      52283.2      19.8470    0.0330000      52283.2      19.4180    0.0910000
       52287.165      21.0090    0.0870000      52287.2      20.3930    0.0240000      52287.2      19.9140    0.0220000      52287.2      19.8550    0.0260000      52287.2      19.5080    0.0660000
       52552.484      21.0630    0.0870000      52552.5      20.5250    0.0230000      52552.5      20.0510    0.0210000      52552.5      19.8350    0.0240000      52552.5      19.6010    0.0690000
       52557.458      21.0680    0.0920000      52557.5      20.5030    0.0230000      52557.5      20.0140    0.0220000      52557.5      19.8440    0.0280000      52557.5      19.6490    0.0860000
       52585.359      21.1270    0.0920000      52585.4      20.5380    0.0220000      52585.4      20.0330    0.0210000      52585.4      19.9290    0.0280000      52585.4      19.6120    0.0790000
       52908.433      21.2970     0.121000      52908.4      20.6180    0.0310000      52908.4      20.1140    0.0240000      52908.4      19.9580    0.0320000      52908.4      19.6170    0.0880000
       52912.412      21.2960     0.138000      52912.4      20.6070    0.0280000      52912.4      20.0870    0.0230000      52912.4      19.9010    0.0290000      52912.4      19.5110    0.0780000
       52934.365      21.1000     0.100000      52934.4      20.5340    0.0240000      52934.4      20.0150    0.0230000      52934.4      19.8980    0.0290000      52934.4      19.7220    0.0930000
       52936.360      21.1420    0.0940000      52936.4      20.5330    0.0240000      52936.4      20.0410    0.0220000      52936.4      19.9250    0.0260000      52936.4      19.7400    0.0800000
       53270.425      20.6560    0.0580000      53270.4      20.2180    0.0230000      53270.4      19.7950    0.0180000      53270.4      19.7340    0.0220000      53270.4      19.5280    0.0550000
       53272.474      20.8070    0.0720000      53272.5      20.2750    0.0190000      53272.5      19.8070    0.0170000      53272.5      19.7150    0.0210000      53272.5      19.4610    0.0580000
       53286.443      20.7840     0.121000      53286.4      20.2590    0.0370000      53286.4      19.7870    0.0270000      53286.4      19.7150    0.0290000      53286.4      19.3770    0.0880000
       53288.402      20.7520    0.0760000      53288.4      20.2600    0.0210000      53288.4      19.7910    0.0180000      53288.4      19.6930    0.0220000      53288.4      19.4490    0.0600000
       53294.449      20.8600     0.102000      53294.4      20.2170    0.0220000      53294.4      19.7940    0.0220000      53294.4      19.6710    0.0310000      53294.4      19.5120    0.0690000
       53296.396      20.7430    0.0770000      53296.4      20.2730    0.0200000      53296.4      19.7970    0.0220000      53296.4      19.6610    0.0260000      53296.4      19.4230    0.0700000
       53298.446      20.8410    0.0850000      53298.4      20.2120    0.0200000      53298.4      19.7450    0.0200000      53298.4      19.6970    0.0280000      53298.4      19.4950    0.0830000
       53312.353      20.9770     0.147000      53312.4      20.2290    0.0350000      53312.4      19.7540    0.0230000      53312.4      19.6690    0.0280000      53312.4      19.4750    0.0910000
       53314.354      20.7530    0.0950000      53314.4      20.1670    0.0240000      53314.4      19.7980    0.0200000      53314.4      19.8150    0.0270000      53314.4      19.4590    0.0740000
       53319.342      20.7010     0.110000      53319.3      20.2050    0.0280000      53319.3      19.7510    0.0250000      53319.3      19.7760    0.0360000      53319.3      19.4260    0.0990000
       53616.458      20.8690    0.0940000      53616.5      20.3820    0.0240000      53616.5      19.8250    0.0190000      53616.5      19.7640    0.0260000      53616.5      19.5030    0.0790000
       53628.420      20.9530     0.120000      53628.4      20.3010    0.0300000      53628.4      19.8300    0.0240000      53628.4      19.6930    0.0310000      53628.4      19.5710     0.137000
       53639.467      21.2130     0.141000      53639.5      20.3110    0.0290000      53639.5      19.7710    0.0200000      53639.5      19.7910    0.0240000      53639.5      19.5740    0.0710000
       53641.466      20.9780     0.140000      53641.5      20.2680    0.0280000      53641.5      19.8370    0.0210000      53641.5      19.7220    0.0270000      53641.5      19.5150    0.0860000
       53657.425      20.7030    0.0950000      53657.4      20.3110    0.0260000      53657.4      19.7660    0.0230000      53657.4      19.7100    0.0300000      53657.4      19.6480     0.111000
       53663.409      20.9590     0.241000      53663.4      20.4080    0.0580000      53663.4      19.7930    0.0360000      53663.4      19.7570    0.0360000      53663.4      19.5840    0.0800000
       53665.387      20.9030     0.172000      53665.4      20.3080    0.0450000      53665.4      19.7960    0.0280000      53665.4      19.7200    0.0290000      53665.4      19.5200    0.0800000
       53666.479      21.0320     0.197000      53666.5      20.3310    0.0380000      53666.5      19.8280    0.0270000      53666.5      19.7110    0.0280000      53666.5      19.5320    0.0770000
       53668.399      20.8870     0.161000      53668.4      20.3360    0.0360000      53668.4      19.7680    0.0260000      53668.4      19.7640    0.0350000      53668.4      19.3310    0.0830000
       53669.487      20.7570     0.152000      53669.5      20.3740    0.0340000      53669.5      19.8360    0.0280000      53669.5      19.7120    0.0300000      53669.5      19.6390     0.102000
       53670.404      21.2230     0.164000      53670.4      20.3390    0.0410000      53670.4      19.8330    0.0280000      53670.4      19.7450    0.0300000      53670.4      19.5600     0.110000
       53673.372      21.0230    0.0960000      53673.4      20.3110    0.0200000      53673.4      19.8120    0.0190000      53673.4      19.7070    0.0230000      53673.4      19.4580    0.0590000
       53675.369      21.0950     0.107000      53675.4      20.3420    0.0210000      53675.4      19.8240    0.0210000      53675.4      19.8060    0.0290000      53675.4      19.4610    0.0720000
       53680.376      20.9300    0.0860000      53680.4      20.3720    0.0210000      53680.4      19.8200    0.0180000      53680.4      19.9620    0.0260000      53680.4      19.3960    0.0540000
       53683.435      21.2050     0.253000      53683.4      20.3590    0.0490000      53683.4      19.8730    0.0450000      53683.4      19.7750    0.0540000      53683.4      19.7440     0.290000
       53686.376      20.8280     0.155000      53686.4      20.3910    0.0460000      53686.4      19.8860    0.0310000      53686.4      19.7790    0.0320000      53686.4      19.4530    0.0740000
       53687.433      21.5510      1.29000      53687.4      20.4120     0.183000      53687.4      19.6300    0.0980000      53687.4      20.6540     0.362000      53687.4      19.2930     0.228000
       53693.378      20.7020     0.277000      53693.4      20.4150    0.0770000      53693.4      19.8970    0.0470000      53693.4      19.7700    0.0440000      53693.4      19.5270     0.101000
       53699.399      21.0230     0.156000      53699.4      20.3490    0.0300000      53699.4      19.8620    0.0230000      53699.4      19.7050    0.0270000      53699.4      19.5690    0.0790000
       53704.362      20.8730     0.113000      53704.4      20.4510    0.0270000      53704.4      19.8640    0.0220000      53704.4      19.7450    0.0280000      53704.4      19.6660     0.106000
       53989.458      21.0400     0.184000      53989.5      20.3900    0.0470000      53989.5      19.8200    0.0280000      53989.5      19.7660    0.0310000      53989.5      19.5270    0.0560000
       54007.483      20.8400    0.0830000      54007.5      20.3440    0.0240000      54007.5      19.8810    0.0210000      54007.5      19.7900    0.0250000      54007.5      19.4380    0.0560000
       54008.444      20.7900    0.0780000      54008.4      20.3420    0.0200000      54008.4      19.8940    0.0190000      54008.4      19.7770    0.0310000      54008.4      19.5410    0.0670000
       54009.407      20.8750    0.0690000      54009.4      20.3310    0.0190000      54009.4      19.8870    0.0170000      54009.4      20.1030    0.0370000      54009.4      19.5980    0.0500000
       54011.471      20.7860    0.0590000      54011.5      20.3330    0.0210000      54011.5      19.8640    0.0200000      54011.5      19.7840    0.0190000      54011.5      19.5090    0.0440000
       54012.484      20.7600    0.0770000      54012.5      20.3340    0.0270000      54012.5      19.8810    0.0200000      54012.5      19.7010    0.0280000      54012.5      19.4450    0.0630000
       54019.467      20.4720     0.107000      54019.5      20.3310    0.0410000      54019.5      19.8430    0.0300000      54019.5      19.8080    0.0280000      54019.5      19.5900    0.0690000
       54025.470      20.8620    0.0970000      54025.5      20.3320    0.0260000      54025.5      19.8840    0.0230000      54025.5      19.7570    0.0310000      54025.5      19.3940    0.0620000
       54346.464      21.2350     0.260000      54346.5      20.4700    0.0600000      54346.5      19.8840    0.0360000      54346.5      19.9230    0.0480000      54346.5      19.7660    0.0840000
       54348.468      20.8250     0.128000      54348.5      20.3990    0.0380000      54348.5      19.9420    0.0290000      54348.5      19.8640    0.0350000      54348.5      19.5640    0.0770000
       54358.424     -99.9900    0.0860000      54358.4      20.3870    0.0300000      54358.4      19.9210    0.0230000      54358.4      19.8840    0.0270000      54358.4      19.5150    0.0560000
       54365.457      20.8970    0.0680000      54365.5      20.4020    0.0250000      54365.5      19.9380    0.0220000      54365.5      19.8440    0.0230000      54365.5      19.6350    0.0490000
       54381.477      21.0600     0.104000      54381.5      20.3700    0.0260000      54381.5      19.8720    0.0220000      54381.5      19.7950    0.0240000      54381.5      19.5340    0.0760000
       54386.469      20.9170    0.0820000      54386.5      20.4170    0.0240000      54386.5      19.8950    0.0200000      54386.5      19.8250    0.0240000      54386.5      19.5700    0.0590000
       54388.473      20.7080    0.0780000      54388.5      20.3720    0.0250000      54388.5      19.8800    0.0210000      54388.5      19.7930    0.0240000      54388.5      19.6010    0.0730000
       54392.471      20.9590    0.0950000      54392.5      20.3620    0.0260000      54392.5      19.9410    0.0260000      54392.5      19.8180    0.0250000      54392.5      19.8220    0.0890000
       54403.387      20.5730     0.147000      54403.4     -99.9900     0.160000      54403.4      19.9560    0.0530000      54403.4      19.8700    0.0440000      54403.4      19.5420     0.120000
       54404.445      21.2320     0.263000      54404.4      20.4530    0.0650000      54404.4      19.8380    0.0500000      54404.4      19.8700    0.0580000      54404.4      19.6400     0.112000
       54406.381     -99.9900    0.0890000      54406.4      20.3370    0.0230000      54406.4      19.8970    0.0220000      54406.4      19.8180    0.0230000      54406.4      19.6150    0.0550000
       54409.386      20.9150    0.0810000      54409.4      20.3810    0.0200000      54409.4      19.9420    0.0210000      54409.4      19.8180    0.0240000      54409.4      19.5940    0.0640000
       54412.407      20.9060     0.126000      54412.4      20.3450    0.0280000      54412.4      19.9030    0.0290000      54412.4      19.8350    0.0320000      54412.4      19.5340    0.0910000
       52234.000       20.687000     0.071000000       52234.000       20.416000     0.033000000       52234.000       19.815000     0.019000000       52234.000       19.777000     0.029000000       52234.000       19.583000     0.071000000
       51075       21.211000     0.087000000       51075       20.519000     0.027000000       51075       19.941000     0.024000000       51075       19.802000     0.029000000       51075       19.534000     0.090000000
       51133       21.143000     0.080000000       51133       20.587000     0.040000000       51133       19.988000     0.037000000       51133       19.930000     0.049000000       51133       19.611000     0.097000000
       51134       21.181000     0.084000000       51134       20.559000     0.025000000       51134       20.033000     0.026000000       51134       19.851000     0.031000000       51134       19.494000     0.072000000
       51818       20.839000     0.073000000       51818       20.409000     0.026000000       51818       19.891000     0.022000000       51818       19.802000     0.045000000       51818       19.495000     0.075000000
       51874       21.096000     0.095000000       51874       20.499000     0.040000000       51874       19.963000     0.027000000       51874       19.818000     0.045000000       51874       19.792000      0.11600000
       52170       20.960000     0.079000000       52170       20.268000     0.023000000       52170       19.836000     0.025000000       52170       19.767000     0.027000000       52170       19.368000     0.063000000
       52171       20.885000     0.071000000       52171       20.315000     0.024000000       52171       19.833000     0.025000000       52171       19.761000     0.027000000       52171       19.453000     0.058000000
       52173       20.799000     0.074000000       52173       20.296000     0.024000000       52173       19.856000     0.028000000       52173       19.704000     0.030000000       52173       19.393000     0.075000000
       52224       20.833000     0.064000000       52224       20.370000     0.023000000       52224       19.846000     0.021000000       52224       19.758000     0.031000000       52224       19.511000     0.064000000
       52234       20.698000     0.067000000       52234       20.408000     0.029000000       52234       19.815000     0.019000000       52234       19.790000     0.030000000       52234       19.573000     0.073000000
       52283       21.013000     0.085000000       52283       20.436000     0.049000000       52283       19.851000     0.029000000       52283       19.909000     0.035000000       52283       19.426000     0.092000000
       52287       21.043000     0.073000000       52287       20.384000     0.024000000       52287       19.900000     0.024000000       52287       19.846000     0.026000000       52287       19.498000     0.063000000
       52552       21.017000     0.072000000       52552       20.521000     0.027000000       52552       20.050000     0.024000000       52552       19.852000     0.030000000       52552       19.627000     0.066000000
       52557       21.079000     0.077000000       52557       20.526000     0.024000000       52557       20.001000     0.023000000       52557       19.851000     0.031000000       52557       19.648000     0.082000000
       52585       21.166000     0.080000000       52585       20.556000     0.027000000       52585       20.037000     0.023000000       52585       19.918000     0.028000000       52585       19.584000     0.073000000
       52908       21.302000     0.095000000       52908       20.643000     0.033000000       52908       20.150000     0.029000000       52908       20.002000     0.034000000       52908       19.626000     0.084000000
       52912       21.443000      0.12100000       52912       20.627000     0.029000000       52912       20.130000     0.024000000       52912       19.936000     0.032000000       52912       19.534000     0.075000000
       52934       21.152000     0.090000000       52934       20.529000     0.029000000       52934       19.998000     0.026000000       52934       19.884000     0.028000000       52934       19.706000     0.089000000
       52936       21.251000     0.088000000       52936       20.541000     0.027000000       52936       20.053000     0.028000000       52936       19.925000     0.029000000       52936       19.742000     0.077000000
       53270       20.688000     0.058000000       53270       20.236000     0.024000000       53270       19.802000     0.019000000       53270       19.726000     0.025000000       53270       19.531000     0.060000000
       53272       20.878000     0.062000000       53272       20.284000     0.025000000       53272       19.807000     0.019000000       53272       19.705000     0.024000000       53272       19.484000     0.058000000
       53286       20.746000      0.10700000       53286       20.301000     0.049000000       53286       19.838000     0.028000000       53286       19.722000     0.030000000       53286       19.363000     0.083000000
       53288       20.817000     0.065000000       53288       20.289000     0.022000000       53288       19.799000     0.022000000       53288       19.701000     0.026000000       53288       19.429000     0.057000000
       53294       20.887000     0.095000000       53294       20.208000     0.026000000       53294       19.799000     0.026000000       53294       19.798000     0.032000000       53294       19.475000     0.067000000
       53298       20.836000     0.071000000       53298       20.227000     0.027000000       53298       19.746000     0.021000000       53298       19.701000     0.027000000       53298       19.478000     0.080000000
       53312       20.981000      0.15400000       53312       20.226000     0.036000000       53312       19.767000     0.025000000       53312       19.673000     0.030000000       53312       19.466000     0.099000000
       53314       20.753000     0.087000000       53314       20.165000     0.026000000       53314       19.783000     0.027000000       53314       19.814000     0.038000000       53314       19.396000     0.070000000
       53319       20.721000     0.099000000       53319       20.200000     0.032000000       53319       19.755000     0.027000000       53319       19.770000     0.053000000       53319       19.420000      0.10100000
