       51081.432      22.2680     0.344000      51081.4      20.5800    0.0300000      51081.4      20.2040    0.0310000      51081.4      19.7780    0.0340000      51081.4      19.7110     0.101000
       52171.479      22.4860     0.348000      52171.5      20.7030    0.0300000      52171.5      20.2920    0.0290000      52171.5      19.9140    0.0320000      52171.5      19.7350    0.0870000
       52225.328      22.2990     0.281000      52225.3      20.5510    0.0240000      52225.3      20.2080    0.0250000      52225.3      19.8690    0.0270000      52225.3      19.7920    0.0830000
       52288.162      22.0520     0.232000      52288.2      20.5930    0.0260000      52288.2      20.2320    0.0260000      52288.2      19.8930    0.0290000      52288.2      19.7690    0.0830000
       52551.436      22.3080     0.293000      52551.4      20.6700    0.0270000      52551.4      20.2710    0.0300000      52551.4      19.9590    0.0330000      52551.4      19.8020    0.0910000
       52558.468      22.7550     0.369000      52558.5      20.6470    0.0240000      52558.5      20.2480    0.0260000      52558.5      19.9160    0.0300000      52558.5      19.7980    0.0900000
       52578.340      22.2350     0.286000      52578.3      20.6700    0.0280000      52578.3      20.3110    0.0260000      52578.3      19.9310    0.0290000      52578.3      19.7130    0.0800000
       52585.303      23.1620     0.467000      52585.3      20.6880    0.0250000      52585.3      20.3550    0.0270000      52585.3      19.9550    0.0330000      52585.3      20.3390     0.163000
       52909.470      22.0050     0.194000      52909.5      20.5910    0.0240000      52909.5      20.1800    0.0230000      52909.5      19.8700    0.0280000      52909.5      19.8310    0.0830000
       52910.440      22.1480     0.289000      52910.4      20.5350    0.0280000      52910.4      20.2420    0.0280000      52910.4      19.9120    0.0320000      52910.4      19.7910    0.0850000
       52935.367      22.1500     0.234000      52935.4      20.5670    0.0260000      52935.4      20.1940    0.0270000      52935.4      19.8660    0.0320000      52935.4      19.6810    0.0940000
       53351.212      21.6090     0.203000      53351.2      20.3760    0.0250000      53351.2      19.9970    0.0260000      53351.2      19.7380    0.0320000      53351.2      19.6260     0.101000
       53622.470      22.3080     0.241000      53622.5      20.5880    0.0240000      53622.5      20.2060    0.0220000      53622.5      19.8980    0.0250000      53622.5      19.6930    0.0640000
       53627.427      21.6880     0.218000      53627.4      20.5110    0.0280000      53627.4      20.1250    0.0280000      53627.4      19.8860    0.0330000      53627.4      19.8410     0.110000
       53634.419      21.9130     0.863000      53634.4      20.2960    0.0840000      53634.4      20.1320    0.0720000      53634.4      19.7900    0.0530000      53634.4      19.7100     0.126000
       53638.460      22.5250     0.533000      53638.5      20.5300    0.0340000      53638.5      20.1990    0.0340000      53638.5      19.8660    0.0360000      53638.5      19.8350     0.120000
       53640.424      22.7680     0.609000      53640.4      20.5120    0.0310000      53640.4      20.2030    0.0290000      53640.4      19.9300    0.0350000      53640.4      19.9850     0.119000
       53643.467      22.1560     0.336000      53643.5      20.5720    0.0280000      53643.5      20.2540    0.0290000      53643.5      19.8610    0.0310000      53643.5      19.6680    0.0910000
       53657.305      23.1300      3.10300      53657.3      20.5740     0.116000      53657.3      20.3480    0.0930000      53657.3      19.8700    0.0760000      53657.3      19.7850     0.215000
       53657.469      22.1760     0.378000      53657.5      20.5490    0.0280000      53657.5      20.1470    0.0300000      53657.5      19.8340    0.0330000      53657.5      19.6680    0.0880000
       53663.486      22.0590      1.13800      53663.5      20.4060    0.0910000      53663.5      20.0030    0.0630000      53663.5      19.6900    0.0540000      53663.5      19.7500     0.154000
       53665.486      21.8720     0.649000      53665.5      20.4580    0.0540000      53665.5      20.1450    0.0450000      53665.5      19.8830    0.0500000      53665.5      19.6260     0.127000
       53668.475      21.2530     0.338000      53668.5      20.5450    0.0580000      53668.5      20.1830    0.0510000      53668.5      19.8090    0.0550000      53668.5      19.8080     0.198000
       53669.381      22.6650     0.673000      53669.4      20.6010    0.0380000      53669.4      20.2280    0.0320000      53669.4      19.9570    0.0380000      53669.4      19.8430     0.104000
       53670.481      26.1100      1.54800      53670.5      20.6370    0.0470000      53670.5      20.1950    0.0490000      53670.5      19.9820    0.0530000      53670.5      19.9480     0.173000
       53671.465      22.6400     0.628000      53671.5      20.6410    0.0340000      53671.5      20.2880    0.0420000      53671.5      19.9110    0.0390000      53671.5      19.8860     0.124000
       53674.365      22.3670     0.538000      53674.4      20.6560    0.0390000      53674.4      20.2700    0.0430000      53674.4      19.9320    0.0470000      53674.4      19.9170     0.158000
       53676.454      22.2390     0.445000      53676.5      20.6190    0.0500000      53676.5      20.2400    0.0380000      53676.5      19.8970    0.0410000      53676.5     -99.9900     0.264000
       53679.426      22.4270     0.473000      53679.4      20.6190    0.0280000      53679.4      20.2030    0.0330000      53679.4      19.9310    0.0390000      53679.4      19.7440     0.107000
       53681.418      22.2110     0.468000      53681.4      20.6400    0.0350000      53681.4      20.2740    0.0370000      53681.4      19.8660    0.0390000      53681.4      19.6980     0.105000
       53684.379      22.4920     0.508000      53684.4      20.6310    0.0330000      53684.4      20.1800    0.0340000      53684.4      19.8870    0.0420000      53684.4      19.8040     0.130000
       53687.321      22.5260      1.49300      53687.3      20.4160     0.121000      53687.3      20.2810    0.0910000      53687.3      19.9640    0.0700000      53687.3      19.7410     0.152000
       53694.391      22.7240      1.66100      53694.4      20.6920    0.0900000      53694.4      20.2810    0.0600000      53694.4      19.9350    0.0570000      53694.4      19.8240     0.142000
       53696.384      22.1400     0.505000      53696.4      20.5630    0.0430000      53696.4      20.2570    0.0360000      53696.4      19.9760    0.0400000      53696.4      19.6900     0.101000
       53697.375      22.0100     0.349000      53697.4      20.6410    0.0420000      53697.4      20.2650    0.0330000      53697.4      19.8940    0.0340000      53697.4      19.9710     0.122000
       53700.374      22.9500     0.696000      53700.4      20.6560    0.0300000      53700.4      20.2640    0.0340000      53700.4      20.0210    0.0420000      53700.4      19.8860     0.146000
       53705.360      22.4890     0.625000      53705.4      20.5780    0.0350000      53705.4      20.2870    0.0380000      53705.4      20.0140    0.0470000      53705.4      19.8930     0.142000
       53975.445      22.2320     0.357000      53975.4      20.6710    0.0320000      53975.4      20.3650    0.0380000      53975.4      20.0830    0.0420000      53975.4      20.1650     0.137000
       53994.468      24.8090      3.30400      53994.5      20.6920    0.0320000      53994.5      20.3140    0.0270000      53994.5      20.0640    0.0340000      53994.5      19.9280    0.0950000
       53996.452      24.3140      2.02000      53996.5      20.7570    0.0360000      53996.4      20.3970    0.0340000      53996.5      20.0140    0.0360000      53996.5      19.9110    0.0980000
       54005.465      23.0090     0.517000      54005.5      20.6970    0.0320000      54005.5      20.3170    0.0270000      54005.5      20.0000    0.0310000      54005.5      19.8490    0.0860000
       54009.479      22.8350     0.383000      54009.5      20.7040    0.0260000      54009.5      20.3130    0.0260000      54009.5      19.9480    0.0280000      54009.5      20.0060    0.0840000
       54010.406      22.4960     0.272000      54010.4      20.7270    0.0260000      54010.4      20.2910    0.0240000      54010.4      19.9440    0.0260000      54010.4      20.0970    0.0890000
       54012.399      21.8840     0.307000      54012.4      20.6780    0.0440000      54012.4      20.3720    0.0450000      54012.4      19.9350    0.0420000      54012.4      19.5650    0.0920000
       54020.437      21.8040     0.305000      54020.4      20.7950    0.0520000      54020.4      20.2870    0.0380000      54020.4      19.9950    0.0390000      54020.4      19.9420     0.108000
       54024.487      22.0380     0.404000      54024.5      20.6800    0.0380000      54024.5      20.3550    0.0400000      54024.5      20.0370    0.0410000      54024.5      20.0430     0.124000
       54028.475      21.8900     0.277000      54028.5      20.6280    0.0320000      54028.5     -99.9900    0.0380000      54028.5      19.9410    0.0390000      54028.5      19.9510     0.149000
       54030.430      22.4190     0.313000      54030.4      20.6950    0.0270000      54030.4      20.3410    0.0320000      54030.4      19.9760    0.0340000      54030.4      19.9440    0.0990000
       54035.474      23.5050      1.45000      54035.5      20.7360    0.0380000      54035.5      20.2670    0.0350000      54035.5      19.9920    0.0430000      54035.5      19.9840     0.141000
       54037.380      22.7200     0.430000      54037.4      20.7240    0.0250000      54037.4      20.2860    0.0250000      54037.4     -99.9900    0.0280000      54037.4      19.9190    0.0750000
       54040.394      22.5690     0.498000      54040.4      20.7210    0.0270000      54040.4      20.3470    0.0280000      54040.4      19.9790    0.0350000      54040.4      19.9780     0.105000
       54041.430      23.0640     0.600000      54041.4      20.6530    0.0270000      54041.4      20.3460    0.0300000      54041.4     -99.9900    0.0320000      54041.4      19.8380    0.0860000
       54047.425      100.011      99.9990      54047.4      20.7380    0.0990000      54047.4      20.3780    0.0700000      54047.4      20.0760    0.0580000      54047.4      20.0820     0.150000
       54049.421     -99.9900     0.487000      54049.4      20.7680    0.0790000      54049.4      20.2530    0.0440000      54049.4      20.1030    0.0500000      54049.4      19.6520     0.107000
       54050.381      22.6040     0.949000      54050.4      20.6780    0.0620000      54050.4      20.2680    0.0560000      54050.4      20.0610    0.0620000      54050.4      20.0480     0.189000
       54053.401     -99.9900      99.9990      54053.4      20.7530    0.0460000      54053.4      20.3610    0.0630000      54053.4     -99.9900    0.0550000      54053.4     -99.9900     0.256000
       54056.387      22.7190     0.519000      54056.4      20.7170    0.0310000      54056.4      20.3570    0.0330000      54056.4      20.0740    0.0440000      54056.4      19.7870    0.0950000
       54059.381      22.5820     0.476000      54059.4      20.7410    0.0310000      54059.4      20.3860    0.0380000      54059.4      20.0100    0.0420000      54059.4      19.7950     0.115000
       54061.392      21.9640     0.365000      54061.4      20.7120    0.0580000      54061.4      20.4300    0.0480000      54061.4      20.0190    0.0470000      54061.4      19.7840     0.150000
       54062.386      22.2200     0.287000      54062.4      20.7130    0.0290000      54062.4      20.3700    0.0290000      54062.4      19.9400    0.0350000      54062.4      19.8270    0.0970000
       54064.383     -99.9900      9.60400      54064.4      20.7270    0.0300000      54064.4      20.3450    0.0350000      54064.4      20.0520    0.0410000      54064.4      19.7070     0.103000
       54068.367      22.9260     0.855000      54068.4      20.7620    0.0380000      54068.4      20.3680    0.0390000      54068.4      19.9610    0.0390000      54068.4      19.7440     0.123000
       54357.424      22.7080     0.351000      54357.4      20.7240    0.0310000      54357.4      20.3900    0.0250000      54357.4      20.0690    0.0300000      54357.4      19.8890    0.0690000
       54362.474      22.8630     0.442000      54362.5      20.7380    0.0310000      54362.5      20.3360    0.0260000      54362.5      20.0080    0.0310000      54362.5      19.8760    0.0890000
       54376.469      22.5220     0.441000      54376.5      20.6970    0.0340000      54376.5      20.3420    0.0300000      54376.5      20.0240    0.0330000      54376.5      20.0100    0.0990000
       54382.454      21.9460     0.232000      54382.5      20.6640    0.0260000      54382.5      20.4760    0.0350000      54382.5      20.0160    0.0340000      54382.5      19.6370    0.0830000
       54385.472      23.1450     0.690000      54385.5      20.7430    0.0310000      54385.5      20.3930    0.0290000      54385.5      20.0290    0.0350000      54385.5      19.9830    0.0870000
       54387.473      22.4560     0.412000      54387.5      20.7780    0.0320000      54387.5      20.4040    0.0350000      54387.5      20.0310    0.0360000      54387.5      19.8280    0.0900000
       54390.465     -99.9900     0.818000      54390.5     -99.9900    0.0570000      54390.5     -99.9900     0.187000      54390.5     -99.9900     0.303000      54390.5     -99.9900     0.196000
       54391.474      21.7760     0.390000      54391.5      20.7120    0.0420000      54391.5      20.3160    0.0430000      54391.5      20.1660    0.0580000      54391.5      19.9300     0.189000
       54402.466     -99.9900     0.589000      54402.5      20.5660    0.0930000      54402.5      20.3600    0.0730000      54402.5      20.0170    0.0620000      54402.5      20.2410     0.197000
       52522.000       22.699000      0.45300000       52522.000       20.604000     0.028000000       52522.000       20.213000     0.024000000       52522.000       19.903000     0.028000000       52522.000       19.963000     0.092000000
       51078       22.489000      0.20800000       51078       20.557000     0.025000000       51078       20.173000     0.021000000       51078       19.826000     0.025000000       51078       19.637000     0.066000000
       51081       22.309000      0.31400000       51081       20.578000     0.036000000       51081       20.203000     0.033000000       51081       19.767000     0.038000000       51081       19.692000     0.099000000
       51115       22.451000      0.25700000       51115       20.579000     0.027000000       51115       20.163000     0.028000000       51115       19.838000     0.034000000       51115       19.906000      0.12200000
       51132       22.977000      0.49500000       51132       20.599000     0.035000000       51132       20.243000     0.037000000       51132       19.828000     0.042000000       51132       19.827000      0.12900000
       51136       22.142000      0.17800000       51136       20.628000     0.027000000       51136       20.242000     0.028000000       51136       19.875000     0.033000000       51136       19.854000      0.10700000
       51875       24.806000       1.1880000       51875       20.771000     0.032000000       51875       20.480000     0.046000000       51875       20.084000     0.037000000       51875       19.989000      0.11400000
       52171       22.469000      0.29100000       52171       20.712000     0.032000000       52171       20.287000     0.029000000       52171       19.919000     0.033000000       52171       19.719000     0.084000000
       52225       22.301000      0.22900000       52225       20.554000     0.027000000       52225       20.219000     0.025000000       52225       19.869000     0.029000000       52225       19.790000     0.082000000
       52288       22.023000      0.18200000       52288       20.592000     0.029000000       52288       20.225000     0.026000000       52288       19.880000     0.028000000       52288       19.757000     0.081000000
       52522       22.655000      0.37900000       52522       20.596000     0.030000000       52522       20.212000     0.024000000       52522       19.905000     0.027000000       52522       19.968000     0.094000000
       52551       22.266000      0.24200000       52551       20.666000     0.030000000       52551       20.251000     0.030000000       52551       19.948000     0.035000000       52551       19.791000     0.087000000
       52558       22.708000      0.29600000       52558       20.640000     0.026000000       52558       20.257000     0.026000000       52558       19.920000     0.028000000       52558       19.803000     0.086000000
       52585       23.046000      0.36000000       52585       20.707000     0.026000000       52585       20.337000     0.029000000       52585       19.955000     0.033000000       52585       20.311000      0.15500000
       52909       22.045000      0.16100000       52909       20.626000     0.025000000       52909       20.199000     0.023000000       52909       19.886000     0.028000000       52909       19.827000     0.080000000
       52910       22.111000      0.21800000       52910       20.571000     0.039000000       52910       20.262000     0.029000000       52910       19.903000     0.032000000       52910       19.785000     0.081000000
       52935       22.083000      0.18600000       52935       20.580000     0.026000000       52935       20.194000     0.028000000       52935       19.872000     0.033000000       52935       19.662000     0.093000000
       53351       21.546000      0.16000000       53351       20.376000     0.028000000       53351       20.021000     0.029000000       53351       19.758000     0.044000000       53351       19.627000     0.098000000
       54424       22.794000      0.64700000       54424       20.778000     0.054000000       54424       20.343000     0.039000000       54424       20.038000     0.038000000       54424       19.819000     0.078000000
