       51081.425      20.5320    0.0810000      51081.4      20.4750    0.0290000      51081.4      20.1040    0.0280000      51081.4      19.7530    0.0320000      51081.4      19.7150    0.0930000
       51875.240      20.5430    0.0620000      51875.2      20.3700    0.0270000      51875.2      20.0240    0.0250000      51875.2      19.7440    0.0270000      51875.2      19.7750    0.0960000
       52171.472      20.5520    0.0610000      52171.5      20.2660    0.0240000      52171.5      19.9470    0.0200000      52171.5      19.6790    0.0240000      52171.5      19.6270    0.0750000
       52225.321      20.3320    0.0500000      52225.3      20.1780    0.0210000      52225.3      19.8610    0.0190000      52225.3      19.6400    0.0220000      52225.3      19.5370    0.0630000
       52288.155      20.3290    0.0530000      52288.2      20.1140    0.0220000      52288.2      19.8570    0.0200000      52288.2      19.6010    0.0230000      52288.2      19.5700    0.0660000
       52551.429      20.4900    0.0640000      52551.4      20.2570    0.0260000      52551.4      20.0000    0.0250000      52551.4      19.7760    0.0320000      52551.4      19.7290    0.0950000
       52558.461      20.4860    0.0570000      52558.5      20.3390    0.0230000      52558.5      19.9940    0.0210000      52558.5      19.7330    0.0250000      52558.5      19.6670    0.0770000
       52578.333      20.6010    0.0580000      52578.3      20.4030    0.0240000      52578.3      20.0630    0.0210000      52578.3      19.7730    0.0230000      52578.3      19.6340    0.0640000
       52585.296      20.6100    0.0620000      52585.3      20.4090    0.0240000      52585.3      19.9900    0.0230000      52585.3      19.7380    0.0280000      52585.3      19.7940     0.100000
       52909.463      20.6010    0.0870000      52909.5      20.4170    0.0240000      52909.5      20.0700    0.0210000      52909.5      19.8640    0.0260000      52909.5      19.7580    0.0720000
       52910.433      20.7020    0.0700000      52910.4      20.4600    0.0300000      52910.4      20.0690    0.0230000      52910.4      19.8320    0.0300000      52910.4      19.7030    0.0830000
       52935.360      20.3860    0.0580000      52935.4      20.3670    0.0250000      52935.4      20.0450    0.0250000      52935.4      19.7890    0.0300000      52935.4      19.7390    0.0930000
       52963.283      20.5150    0.0550000      52963.3      20.2820    0.0230000      52963.3      20.0730    0.0230000      52963.3      19.8020    0.0250000      52963.3      19.6140    0.0660000
       53351.205      20.7050    0.0860000      53351.2      20.4100    0.0290000      53351.2      20.1350    0.0310000      53351.2      19.8740    0.0370000      53351.2      19.8410     0.102000
       53622.462      20.7620    0.0640000      53622.5      20.5940    0.0260000      53622.5      20.1810    0.0210000      53622.5      19.9600    0.0250000      53622.5      19.9520    0.0740000
       53627.420      20.7260    0.0740000      53627.4      20.5780    0.0300000      53627.4      20.2200    0.0260000      53627.4      19.9150    0.0280000      53627.4      19.8000    0.0820000
       53634.412      20.7630     0.201000      53634.4      20.5290    0.0850000      53634.4      20.1450    0.0620000      53634.4      19.9490    0.0500000      53634.4      19.8440    0.0980000
       53638.453      20.6610     0.112000      53638.5      20.4590    0.0400000      53638.5      20.2300    0.0540000      53638.5      19.8640    0.0380000      53638.5      19.7980     0.117000
       53640.417      20.7050    0.0940000      53640.4      20.4640    0.0330000      53640.4      20.1640    0.0280000      53640.4      19.9130    0.0330000      53640.4      19.8450    0.0940000
       53643.460      20.7170    0.0890000      53643.5      20.5300    0.0320000      53643.5      20.1870    0.0330000      53643.5      20.0070    0.0390000      53643.5      19.9190     0.106000
       53646.479      20.5990    0.0930000      53646.5      20.4810    0.0300000      53646.5      20.2390    0.0340000      53646.5      19.9080    0.0330000      53646.5      19.7530    0.0950000
       53657.462      20.7400     0.106000      53657.5      20.5090    0.0330000      53657.5      20.1780    0.0300000      53657.5      19.9810    0.0360000      53657.5      20.0300     0.122000
       53663.479      20.7590     0.314000      53663.5      20.6480     0.121000      53663.5      20.0720    0.0500000      53663.5      19.8960    0.0480000      53663.5      19.6780     0.114000
       53665.479      20.4860     0.152000      53665.5      20.5700    0.0620000      53665.5      20.1780    0.0390000      53665.5      20.0060    0.0440000      53665.5      19.6580     0.111000
       53668.468      20.7110     0.173000      53668.5      20.6640    0.0710000      53668.5      20.2070    0.0460000      53668.5      19.9890    0.0550000      53668.5      19.7950     0.164000
       53669.374      20.7750     0.107000      53669.4      20.4820    0.0350000      53669.4      20.2380    0.0310000      53669.4      19.9130    0.0360000      53669.4      19.8810    0.0990000
       53670.474      20.6720     0.174000      53670.5      20.5260    0.0550000      53670.5      20.2660    0.0430000      53670.5      19.8980    0.0450000      53670.5      19.7390     0.134000
       53671.458      20.6310    0.0940000      53671.5      20.5270    0.0330000      53671.5      20.1550    0.0290000      53671.5      19.9100    0.0300000      53671.5      19.9890     0.112000
       53674.358      20.7820     0.105000      53674.4      20.4870    0.0340000      53674.4      20.2210    0.0410000      53674.4      19.8830    0.0420000      53674.4      19.7050     0.117000
       53676.447     -99.9900     0.117000      53676.4      20.5760    0.0370000      53676.4      20.1630    0.0310000      53676.4      19.9060    0.0350000      53676.4      19.8240     0.116000
       53679.419      20.6680    0.0880000      53679.4      20.4810    0.0310000      53679.4      20.1830    0.0320000      53679.4      19.9070    0.0360000      53679.4      19.9700     0.133000
       53681.411      20.6820     0.108000      53681.4      20.5000    0.0380000      53681.4      20.2350    0.0330000      53681.4      19.9880    0.0370000      53681.4      19.8540     0.104000
       53684.372      20.7140     0.104000      53684.4      20.6110    0.0350000      53684.4      20.1550    0.0480000      53684.4      19.9600    0.0460000      53684.4      19.7050     0.108000
       53687.314      20.3870     0.231000      53687.3      20.5400     0.119000      53687.3      20.1770    0.0840000      53687.3      19.8560    0.0600000      53687.3     -99.9900     0.235000
       53694.384      20.6370     0.201000      53694.4      20.5810    0.0780000      53694.4      20.0790    0.0420000      53694.4      19.9620    0.0450000      53694.4      19.9040     0.132000
       53696.377      20.5720     0.123000      53696.4      20.5500    0.0450000      53696.4      20.1540    0.0300000      53696.4      19.9000    0.0320000      53696.4      19.8030     0.104000
       53697.368      20.5220    0.0960000      53697.4      20.5050    0.0400000      53697.4      20.1860    0.0300000      53697.4      19.9370    0.0320000      53697.4      19.7720    0.0900000
       53700.367      20.5180    0.0800000      53700.4      20.5080    0.0380000      53700.4      20.1680    0.0280000      53700.4      19.9060    0.0370000      53700.4      19.8810     0.142000
       53705.353      20.5560    0.0940000      53705.4      20.5180    0.0400000      53705.4      20.1650    0.0320000      53705.4      19.9870    0.0400000      53705.4      19.9150     0.123000
       53975.438      20.5350    0.0770000      53975.4      20.5530    0.0370000      53975.4      20.1440    0.0340000      53975.4      19.9070    0.0410000      53975.4      19.9040     0.117000
       53994.461      20.6510    0.0660000      53994.5      20.5160    0.0290000      53994.5      20.2080    0.0260000      53994.5      19.9760    0.0300000      53994.5      19.8920    0.0740000
       53996.445      20.5770    0.0710000      53996.4      20.5590    0.0300000      53996.4      20.1360    0.0390000      53996.4      19.9960    0.0390000      53996.4      19.9060    0.0950000
       54005.458      20.7380    0.0690000      54005.5      20.5160    0.0310000      54005.5      20.2060    0.0300000      54005.5      19.9570    0.0260000      54005.5      19.7690    0.0700000
       54009.472      20.6300    0.0600000      54009.5      20.5300    0.0270000      54009.5      20.1980    0.0230000      54009.5      19.9350    0.0240000      54009.5      19.8670    0.0690000
       54010.399      20.5790    0.0560000      54010.4      20.5140    0.0300000      54010.4      20.1690    0.0230000      54010.4      19.9590    0.0250000      54010.4      19.8650    0.0620000
       54012.392      20.5580    0.0850000      54012.4      20.4920    0.0490000      54012.4      20.2370    0.0330000      54012.4      19.9240    0.0320000      54012.4      19.8650    0.0990000
       54020.430      20.6920     0.129000      54020.4      20.4640    0.0480000      54020.4      20.2050    0.0350000      54020.4      20.0040    0.0400000      54020.4      19.8210    0.0930000
       54024.480      20.7120     0.116000      54024.5      20.4930    0.0390000      54024.5      20.1760    0.0330000      54024.5      19.9440    0.0370000      54024.5      19.7540    0.0980000
       54028.468      20.7050    0.0820000      54028.5      20.6250    0.0410000      54028.5      20.2660    0.0320000      54028.5      19.8720    0.0430000      54028.5      20.1230     0.148000
       54030.423      20.6280    0.0700000      54030.4      20.5830    0.0370000      54030.4      20.2670    0.0300000      54030.4      19.9220    0.0310000      54030.4      19.9300    0.0970000
       54035.467      20.6600    0.0980000      54035.5      20.5010    0.0440000      54035.5      20.2000    0.0320000      54035.5      19.9840    0.0360000      54035.5      20.0910     0.132000
       54037.373      20.6250    0.0550000      54037.4      20.5990    0.0290000      54037.4      20.2170    0.0240000      54037.4      19.9440    0.0260000      54037.4      19.8630    0.0700000
       54040.387      20.6420    0.0620000      54040.4      20.6150    0.0330000      54040.4      20.2690    0.0250000      54040.4      19.9400    0.0290000      54040.4      19.9040    0.0900000
       54041.423      20.6300    0.0680000      54041.4      20.5310    0.0330000      54041.4      20.1940    0.0260000      54041.4      19.9730    0.0260000      54041.4      19.8570    0.0790000
       54047.418      21.1130     0.387000      54047.4      20.4590    0.0860000      54047.4      20.2790    0.0620000      54047.4      20.0210    0.0500000      54047.4      19.9250     0.121000
       54049.414      20.9970     0.216000      54049.4      20.4770    0.0550000      54049.4      20.1860    0.0380000      54049.4      19.9750    0.0390000      54049.4      19.7140     0.102000
       54050.374      20.9430     0.218000      54050.4      20.5670    0.0650000      54050.4      20.3010    0.0570000      54050.4      19.9890    0.0550000      54050.4      19.6970     0.133000
       54053.393      20.6280    0.0980000      54053.4      20.4640    0.0470000      54053.4     -99.9900    0.0360000      54053.4      20.0510    0.0580000      54053.4     -99.9900    0.0980000
       54056.380      20.4610    0.0900000      54056.4      20.5240    0.0350000      54056.4      20.2200    0.0290000      54056.4      19.9710    0.0480000      54056.4      19.8100    0.0870000
       54059.374      20.6740    0.0920000      54059.4      20.5060    0.0340000      54059.4      20.2410    0.0320000      54059.4      19.9070    0.0410000      54059.4      19.8210     0.139000
       54061.385      20.5340     0.117000      54061.4      20.6280    0.0450000      54061.4      20.2210    0.0350000      54061.4      20.0320    0.0530000      54061.4      19.9680     0.134000
       54062.379      20.6300    0.0710000      54062.4      20.6030    0.0300000      54062.4      20.2150    0.0230000      54062.4      19.9340    0.0330000      54062.4      19.7820    0.0830000
       54064.375      20.5770     0.103000      54064.4      20.5690    0.0400000      54064.4      20.1400    0.0300000      54064.4      19.9980    0.0450000      54064.4      19.6690     0.107000
       54068.360      20.4950     0.110000      54068.4      20.5240    0.0390000      54068.4      20.2570    0.0630000      54068.4      19.9300    0.0460000      54068.4      19.8270     0.144000
       54357.417      20.8090    0.0640000      54357.4      20.7030    0.0290000      54357.4      20.2620    0.0270000      54357.4      20.0660    0.0340000      54357.4      19.9750    0.0770000
       54362.467      20.7740    0.0630000      54362.5      20.6740    0.0280000      54362.5      20.2770    0.0250000      54362.5      20.0550    0.0310000      54362.5      19.9470    0.0880000
       54376.462      20.8650     0.100000      54376.5      20.6220    0.0400000      54376.5      20.3590    0.0280000      54376.5      20.0800    0.0310000      54376.5      19.8700    0.0860000
       54382.447      20.7870    0.0750000      54382.4      20.6670    0.0360000      54382.4      20.3330    0.0350000      54382.4      20.0760    0.0370000      54382.4      19.9500    0.0920000
       54385.465      20.7930     0.101000      54385.5      20.5940    0.0320000      54385.5      20.3270    0.0320000      54385.5      19.9850    0.0320000      54385.5      20.0820     0.107000
       54387.466      20.7820    0.0940000      54387.5      20.6950    0.0360000      54387.5      20.3390    0.0330000      54387.5      20.0010    0.0350000      54387.5      20.1270     0.116000
       54390.458     -99.9900      2.29800      54390.5     -99.9900      2.52000      54390.5     -99.9900     0.256000      54390.5     -99.9900    0.0830000      54390.5     -99.9900      99.9990
       54391.467      20.9750     0.144000      54391.5      20.6880    0.0500000      54391.5      20.2790    0.0470000      54391.5      20.0510    0.0500000      54391.5      19.9060     0.166000
       54402.459      20.7780     0.259000      54402.5      20.6250     0.106000      54402.5      20.2680    0.0650000      54402.5      19.9230    0.0530000      54402.5      19.9510     0.158000
       52522.000       20.546000     0.062000000       52522.000       20.286000     0.031000000       52522.000       20.007000     0.023000000       52522.000       19.698000     0.026000000       52522.000       19.632000     0.067000000
       51078       20.603000     0.044000000       51078       20.459000     0.025000000       51078       20.052000     0.023000000       51078       19.776000     0.024000000       51078       19.835000     0.073000000
       51081       20.629000     0.070000000       51081       20.448000     0.026000000       51081       20.087000     0.032000000       51081       19.795000     0.033000000       51081       19.694000     0.094000000
       51115       20.517000     0.052000000       51115       20.441000     0.024000000       51115       20.083000     0.027000000       51115       19.807000     0.031000000       51115       19.841000      0.11400000
       51132       20.737000     0.061000000       51132       20.419000     0.028000000       51132       20.121000     0.038000000       51132       19.859000     0.042000000       51132       19.729000      0.12300000
       51136       20.754000     0.058000000       51136       20.477000     0.025000000       51136       20.112000     0.027000000       51136       19.864000     0.035000000       51136       19.776000      0.11300000
       51875       20.527000     0.053000000       51875       20.379000     0.028000000       51875       20.046000     0.025000000       51875       19.771000     0.032000000       51875       19.760000     0.081000000
       52171       20.518000     0.053000000       52171       20.249000     0.027000000       52171       19.937000     0.022000000       52171       19.672000     0.027000000       52171       19.620000     0.076000000
       52173       20.359000     0.051000000       52173       20.253000     0.028000000       52173       19.916000     0.027000000       52173       19.725000     0.030000000       52173       19.700000     0.083000000
       52225       20.284000     0.045000000       52225       20.193000     0.030000000       52225       19.849000     0.022000000       52225       19.633000     0.024000000       52225       19.505000     0.060000000
       52288       20.285000     0.047000000       52288       20.085000     0.024000000       52288       19.814000     0.020000000       52288       19.595000     0.024000000       52288       19.550000     0.064000000
       52522       20.571000     0.057000000       52522       20.295000     0.029000000       52522       20.005000     0.022000000       52522       19.692000     0.026000000       52522       19.625000     0.067000000
       52551       20.434000     0.052000000       52551       20.257000     0.033000000       52551       19.967000     0.038000000       52551       19.776000     0.033000000       52551       19.703000     0.093000000
       52558       20.436000     0.052000000       52558       20.363000     0.030000000       52558       20.004000     0.023000000       52558       19.727000     0.025000000       52558       19.679000     0.074000000
       52578       20.575000     0.053000000       52578       20.417000     0.033000000       52578       20.079000     0.025000000       52578       19.785000     0.026000000       52578       19.647000     0.064000000
       52585       20.583000     0.054000000       52585       20.403000     0.026000000       52585       19.997000     0.026000000       52585       19.743000     0.028000000       52585       19.791000     0.097000000
       52910       20.687000     0.061000000       52910       20.444000     0.030000000       52910       20.090000     0.029000000       52910       19.827000     0.032000000       52910       19.659000     0.083000000
       52935       20.363000     0.055000000       52935       20.369000     0.025000000       52935       20.040000     0.033000000       52935       19.769000     0.032000000       52935       19.715000     0.089000000
       52963       20.512000     0.049000000       52963       20.292000     0.032000000       52963       20.094000     0.023000000       52963       19.809000     0.027000000       52963       19.641000     0.066000000
       53351       20.665000     0.071000000       53351       20.386000     0.032000000       53351       20.130000     0.034000000       53351       19.848000     0.042000000       53351       19.784000     0.090000000
       54424       20.688000      0.11900000       54424       20.726000     0.061000000       54424       20.351000     0.037000000       54424       20.170000     0.035000000       54424       20.086000      0.10000000
