       51081.428      25.7270     0.709000      51081.4      21.7110    0.0780000      51081.4      20.5770    0.0370000      51081.4      20.4200    0.0490000      51081.4      20.2340     0.144000
       51875.243      25.5480     0.792000      51875.2      21.5340    0.0580000      51875.2      20.6830    0.0400000      51875.2      20.3810    0.0520000      51875.2      20.2920     0.142000
       52171.476      26.0080     0.537000      52171.5      21.7840    0.0700000      52171.5      20.6620    0.0350000      52171.5      20.5020    0.0460000      52171.5      20.3160     0.138000
       52225.324      24.8910     0.905000      52225.3      21.5190    0.0480000      52225.3      20.6600    0.0340000      52225.3      20.4140    0.0410000      52225.3      20.3360     0.112000
       52288.159      25.5770     0.712000      52288.2      21.5040    0.0560000      52288.2      20.5620    0.0330000      52288.2      20.3850    0.0430000      52288.2      20.2460     0.115000
       52551.432      24.1260      1.01600      52551.4      21.7020    0.0670000      52551.4      20.6760    0.0430000      52551.4      20.5190    0.0540000      52551.4      20.3370     0.154000
       52558.465      24.6940     0.815000      52558.5      21.8080    0.0580000      52558.5      20.6920    0.0330000      52558.5      20.5360    0.0440000      52558.5      20.2460     0.114000
       52578.336      24.3510     0.934000      52578.3      22.2620    0.0870000      52578.3      20.7200    0.0320000      52578.3      20.5160    0.0390000      52578.3      20.2100    0.0960000
       52585.299      25.1160     0.747000      52585.3      21.6530    0.0510000      52585.3      20.6910    0.0340000      52585.3      20.4120    0.0460000      52585.3      20.2910     0.138000
       52909.466      24.4350     0.764000      52909.5      21.6350    0.0500000      52909.5      20.6780    0.0300000      52909.5      20.3900    0.0370000      52909.5      20.2470     0.100000
       52910.436     -99.9900     0.466000      52910.4      21.7350    0.0660000      52910.4      20.6110    0.0350000      52910.4      20.3580    0.0420000      52910.4      20.4220     0.124000
       52935.364      24.2780     0.933000      52935.4      21.8160    0.0620000      52935.4      20.6940    0.0380000      52935.4      20.4690    0.0500000      52935.4      20.2260     0.128000
       52963.287      24.0800     0.770000      52963.3      21.7300    0.0550000      52963.3      20.7190    0.0330000      52963.3      20.5140    0.0410000      52963.3      20.3650     0.115000
       53351.209      25.5230     0.879000      53351.2      21.6980    0.0760000      53351.2      20.7070    0.0420000      53351.2      20.4660    0.0600000      53351.2      20.2360     0.138000
       53622.466      25.1200     0.608000      53622.5      21.7060    0.0520000      53622.5      20.6340    0.0280000      53622.5      20.4530    0.0370000      53622.5      20.3300    0.0980000
       53627.423      25.6180     0.710000      53627.4      21.7550    0.0710000      53627.4      20.6280    0.0370000      53627.4      20.4470    0.0470000      53627.4      20.2490     0.112000
       53634.415      23.1230      1.82400      53634.4      21.6580     0.315000      53634.4      20.5030    0.0770000      53634.4      20.4720    0.0860000      53634.4      20.2910     0.177000
       53638.457      23.6110      1.23800      53638.5      21.6570     0.100000      53638.5      20.6240    0.0450000      53638.5      20.3600    0.0520000      53638.5      20.5550     0.206000
       53640.421      25.1410      1.01400      53640.4      21.8190    0.0920000      53640.4      20.6960    0.0430000      53640.4      20.4270    0.0520000      53640.4      20.2290     0.127000
       53643.463      25.1030      1.15100      53643.5      21.6580    0.0670000      53643.5      20.6790    0.0380000      53643.5      20.4920    0.0540000      53643.5      20.3510     0.142000
       53646.482      23.7720      1.06100      53646.5      21.6830    0.0940000      53646.5      20.7110    0.0390000      53646.5      20.5170    0.0570000      53646.5      20.2610     0.135000
       53657.301      21.8370     0.855000      53657.3      21.0540     0.174000      53657.3      20.9280     0.156000      53657.3      20.6260     0.141000      53657.3      20.4740     0.318000
       53657.465      25.1800      1.28600      53657.5      21.7940    0.0770000      53657.5      20.7000    0.0430000      53657.5      20.5040    0.0560000      53657.5      20.1810     0.122000
       53663.483      26.9260      1.14600      53663.5      22.1090     0.441000      53663.5      20.7800     0.113000      53663.5      20.3740    0.0780000      53663.5      20.3790     0.201000
       53665.483      26.4810      1.01600      53665.5      21.7620     0.178000      53665.5      20.6160    0.0580000      53665.5      20.4820    0.0700000      53665.5      20.3080     0.183000
       53668.471      23.5530      2.09700      53668.5      21.6690     0.153000      53668.5      20.7840    0.0880000      53668.5      20.4210    0.0900000      53668.5      20.9080     0.424000
       53669.377      23.1580     0.727000      53669.4      21.7290    0.0920000      53669.4      20.7190    0.0450000      53669.4      20.5530    0.0560000      53669.4      20.4090     0.149000
       53670.477      25.4350      2.21600      53670.5      21.7700     0.144000      53670.5      20.6240    0.0800000      53670.5      20.5360    0.0940000      53670.5      20.4770     0.280000
       53671.462      23.4000     0.908000      53671.5      21.7090     0.106000      53671.5      20.6330    0.0400000      53671.5      20.5390    0.0530000      53671.5      20.4980     0.185000
       53674.361      23.0560     0.886000      53674.4      21.6650    0.0990000      53674.4      20.7180    0.0520000      53674.4      20.3610    0.0640000      53674.4      20.2110     0.199000
       53676.451      23.8370      1.09100      53676.5      21.5660    0.0710000      53676.4      20.6250    0.0470000      53676.4      20.5480    0.0610000      53676.5      20.2960     0.144000
       53679.423      22.6080     0.453000      53679.4      21.6460    0.0660000      53679.4      20.6860    0.0490000      53679.4      20.4220    0.0570000      53679.4      20.5170     0.192000
       53681.414      23.4220      1.01000      53681.4      21.5970    0.0780000      53681.4      20.7100    0.0520000      53681.4      20.3170    0.0570000      53681.4      20.2710     0.142000
       53684.376      23.5970     0.941000      53684.4      21.8750    0.0930000      53684.4      20.6480    0.0470000      53684.4      20.4880    0.0660000      53684.4      20.1700     0.157000
       53687.317      23.8310      4.41100      53687.3      21.4310     0.295000      53687.3      20.6650     0.119000      53687.3      20.5850     0.125000      53687.3      20.0800     0.276000
       53694.387     -99.9900      1.13000      53694.4      21.8640     0.274000      53694.4      20.7950    0.0820000      53694.4      20.5990    0.0830000      53694.4      20.2040     0.168000
       53696.380      24.4510      1.94300      53696.4      21.5780    0.0920000      53696.4      20.6800    0.0490000      53696.4      20.5110    0.0570000      53696.4      20.3910     0.140000
       53697.371      25.4410      1.26400      53697.4      21.5640    0.0870000      53697.4      20.6670    0.0450000      53697.4      20.3910    0.0500000      53697.4      20.3060     0.136000
       53700.370      23.7300      1.12100      53700.4      21.7570    0.0920000      53700.4      20.6370    0.0530000      53700.4      20.3170    0.0720000      53700.4      20.2510     0.202000
       53705.357      26.5490     0.573000      53705.4      21.8810     0.104000      53705.4      20.6350    0.0510000      53705.4      20.4560    0.0660000      53705.4      20.3020     0.176000
       53975.442      99.9750      99.9990      53975.4      21.6810    0.0840000      53975.4      20.7270    0.0540000      53975.4      20.3900    0.0570000      53975.4      20.4640     0.174000
       53994.465      23.8100      1.06000      53994.5      21.7610    0.0710000      53994.5      20.6510    0.0350000      53994.5      20.3760    0.0410000      53994.5      20.2610     0.103000
       53996.449      23.6640     0.510000      53996.4      21.6900    0.0760000      53996.4      20.6520    0.0350000      53996.4      20.5040    0.0500000      53996.4      20.2870     0.117000
       54005.462      22.9430     0.416000      54005.5      21.6020    0.0450000      54005.5      20.5810    0.0290000      54005.5      20.5150    0.0440000      54005.5      20.2910     0.101000
       54009.476      99.9910      99.9990      54009.5      21.5420    0.0400000      54009.5      20.6080    0.0290000      54009.5      20.4190    0.0370000      54009.5      20.2040    0.0800000
       54010.403      25.3410      2.99500      54010.4      21.5890    0.0420000      54010.4      20.5720    0.0270000      54010.4      20.3900    0.0330000      54010.4      20.3170    0.0870000
       54020.434     -99.9900      1.00000      54020.4      21.6630     0.110000      54020.4      20.6300    0.0500000      54020.4      20.2590    0.0470000      54020.4      20.6180     0.171000
       54024.483      23.1560     0.689000      54024.5      21.6400     0.126000      54024.5      20.5870    0.0470000      54024.5      20.4000    0.0560000      54024.5      20.2700     0.140000
       54028.471      24.5040      2.57900      54028.5     -99.9900    0.0740000      54028.5      20.5530    0.0380000      54028.5      20.3930    0.0530000      54028.5      20.6300     0.246000
       54030.427      99.9900      99.9990      54030.4      21.5850    0.0490000      54030.4      20.6200    0.0320000      54030.4      20.4350    0.0440000      54030.4      20.3500     0.119000
       54035.471      21.7950     0.251000      54035.5      21.5220    0.0600000      54035.5      20.6070    0.0580000      54035.5      20.5150    0.0700000      54035.5      20.0950     0.135000
       54037.376      99.9880      99.9990      54037.4      21.5850    0.0410000      54037.4      20.5660    0.0290000      54037.4      20.4190    0.0340000      54037.4      20.3600    0.0910000
       54040.391      26.3270      8.25500      54040.4      21.5500    0.0430000      54040.4      20.5620    0.0310000      54040.4      20.4160    0.0410000      54040.4      20.0300    0.0870000
       54041.426      99.9800      99.9990      54041.4      21.5250    0.0450000      54041.4      20.6340    0.0340000      54041.4      20.3860    0.0410000      54041.4      20.2490    0.0960000
       54047.421      21.8240     0.738000      54047.4      21.5790     0.226000      54047.4      20.6360    0.0820000      54047.4      20.3980    0.0820000      54047.4      20.0890     0.140000
       54049.417      21.9840     0.501000      54049.4      21.5440     0.129000      54049.4      20.6490    0.0600000      54049.4      20.4370    0.0640000      54049.4      20.3410     0.148000
       54050.378      99.9830      99.9990      54050.4      21.5240     0.162000      54050.4      20.6250    0.0690000      54050.4      20.4910    0.0900000      54050.4      19.8650     0.165000
       54053.397      99.9910      99.9990      54053.4     -99.9900     0.110000      54053.4     -99.9900    0.0550000      54053.4      20.5090    0.0790000      54053.4     -99.9900     0.435000
       54056.383      99.9800      99.9990      54056.4      21.5520    0.0560000      54056.4      20.6600    0.0410000      54056.4      20.4080    0.0450000      54056.4      20.2820     0.149000
       54059.378      23.1860      1.00000      54059.4      21.5240    0.0670000      54059.4      20.5840    0.0460000      54059.4      20.4290    0.0600000      54059.4      20.1610     0.142000
       54061.389      99.9880      99.9990      54061.4      21.6220    0.0900000      54061.4      20.7170    0.0540000      54061.4     -99.9900    0.0920000      54061.4      20.2500     0.222000
       54062.382      100.006      99.9990      54062.4      21.5220    0.0430000      54062.4      20.5610    0.0340000      54062.4      20.3670    0.0410000      54062.4      20.4140     0.137000
       54068.363      99.9840      99.9990      54068.4      21.6660    0.0730000      54068.4      20.6430    0.0520000      54068.4      20.3510    0.0540000      54068.4      19.9910     0.120000
       54357.421      99.9940      99.9990      54357.4      21.3710    0.0420000      54357.4      20.4490    0.0250000      54357.4      20.2150    0.0290000      54357.4      20.1320    0.0740000
       54362.471      99.9830      99.9990      54362.5      21.3360    0.0340000      54362.5      20.4390    0.0260000      54362.5      20.2660    0.0340000      54362.5      20.1490    0.0850000
       54376.466      99.9900      99.9990      54376.5      21.4240    0.0610000      54376.5      20.4290    0.0300000      54376.5      20.2400    0.0390000      54376.5      20.0310    0.0910000
       54382.451      25.0430      3.16800      54382.5      21.4000    0.0490000      54382.4      20.4720    0.0300000      54382.4      20.2330    0.0380000      54382.5      20.1810     0.110000
       54385.469      99.9980      99.9990      54385.5      21.3230    0.0400000      54385.5      20.4010    0.0300000      54385.5      20.2610    0.0350000      54385.5      20.1180    0.0840000
       54387.469      99.9860      99.9990      54387.5     -99.9900    0.0490000      54387.5      20.4930    0.0330000      54387.5      20.1310    0.0370000      54387.5      19.9830    0.0880000
       54390.462     -99.9900      1.54400      54390.5     -99.9900    0.0890000      54390.5     -99.9900      2.70300      54390.5     -99.9900     0.361000      54390.5      20.5180     0.284000
       54391.470      24.9640      5.10200      54391.5      21.5180    0.0690000      54391.5      20.5210    0.0580000      54391.5      20.2880    0.0670000      54391.5      20.5240     0.258000
       54402.462      99.9880      99.9990      54402.5      21.0240     0.154000      54402.5      20.4070    0.0720000      54402.5      20.2040    0.0690000      54402.5     -99.9900     0.175000
       52522.000       25.869000      0.51900000       52522.000       21.778000     0.061000000       52522.000       20.682000     0.034000000       52522.000       20.417000     0.040000000       52522.000       20.323000      0.11500000
       51078       23.280000      0.32500000       51078       21.638000     0.046000000       51078       20.640000     0.027000000       51078       20.363000     0.033000000       51078       20.211000     0.087000000
       51081       25.619000      0.70500000       51081       21.694000     0.076000000       51081       20.580000     0.037000000       51081       20.423000     0.045000000       51081       20.278000      0.14500000
       51115       24.086000      0.60800000       51115       21.600000     0.059000000       51115       20.689000     0.037000000       51115       20.400000     0.047000000       51115       20.119000      0.11700000
       51132       24.238000      0.90200000       51132       21.661000     0.067000000       51132       20.576000     0.046000000       51132       20.492000     0.068000000       51132       20.304000      0.18800000
       51136       25.931000      0.43600000       51136       21.567000     0.047000000       51136       20.594000     0.038000000       51136       20.414000     0.049000000       51136       20.153000      0.13600000
       51875       25.455000      0.72000000       51875       21.533000     0.054000000       51875       20.719000     0.040000000       51875       20.365000     0.050000000       51875       20.310000      0.13800000
       52171       25.900000      0.89300000       52171       21.812000     0.086000000       52171       20.668000     0.036000000       52171       20.492000     0.043000000       52171       20.329000      0.13700000
       52225       24.826000      0.78400000       52225       21.545000     0.049000000       52225       20.684000     0.036000000       52225       20.420000     0.038000000       52225       20.331000      0.10600000
       52288       25.671000      0.55100000       52288       21.619000     0.059000000       52288       20.601000     0.038000000       52288       20.398000     0.040000000       52288       20.254000      0.10900000
       52522       25.390000      0.65300000       52522       21.884000     0.071000000       52522       20.695000     0.035000000       52522       20.432000     0.040000000       52522       20.679000      0.17900000
       52551       24.084000      0.84100000       52551       21.726000     0.062000000       52551       20.716000     0.045000000       52551       20.524000     0.050000000       52551       20.366000      0.15000000
       52558       24.442000      0.68300000       52558       21.746000     0.052000000       52558       20.680000     0.032000000       52558       20.526000     0.042000000       52558       20.223000      0.10400000
       52585       25.144000      0.64400000       52585       21.661000     0.051000000       52585       20.681000     0.036000000       52585       20.388000     0.042000000       52585       20.198000      0.12400000
       52909       24.435000      0.61800000       52909       21.632000     0.047000000       52909       20.655000     0.028000000       52909       20.388000     0.035000000       52909       20.242000     0.096000000
       52910       22.738000       1.0230000       52910       21.742000     0.071000000       52910       20.648000     0.047000000       52910       20.356000     0.047000000       52910       20.446000      0.12000000
       52935       24.368000      0.82100000       52935       21.831000     0.060000000       52935       20.691000     0.040000000       52935       20.477000     0.047000000       52935       20.189000      0.12200000
       52963       24.102000      0.63500000       52963       21.757000     0.055000000       52963       20.697000     0.032000000       52963       20.492000     0.042000000       52963       20.350000      0.11200000
       53351       25.088000      0.93800000       53351       21.676000     0.075000000       53351       20.697000     0.043000000       53351       20.424000     0.057000000       53351       20.253000      0.13700000
       54424       26.247000      0.98000000       54424       21.383000     0.089000000       54424       20.475000     0.046000000       54424       20.240000     0.038000000       54424       20.168000     0.087000000
