       51075.445      21.1770     0.107000      51075.4      20.6960    0.0290000      51075.4      20.3220    0.0290000      51075.4      19.8370    0.0300000      51075.4      19.4640     0.108000
       51081.428      21.4100     0.135000      51081.4      20.6120    0.0320000      51081.4      20.2630    0.0280000      51081.4      19.9090    0.0320000      51081.4      19.5600    0.0810000
       51875.243      21.6260     0.155000      51875.2      20.6810    0.0280000      51875.2      20.2980    0.0290000      51875.2      19.8090    0.0300000      51875.2      19.6600    0.0780000
       52171.476      21.3380     0.120000      52171.5      20.6880    0.0290000      52171.5      20.2580    0.0260000      52171.5      19.7850    0.0270000      52171.5      19.6750    0.0810000
       52225.324      21.2340     0.104000      52225.3      20.6340    0.0240000      52225.3      20.2230    0.0240000      52225.3      19.7840    0.0250000      52225.3      19.6650    0.0630000
       52288.159      21.0270    0.0910000      52288.2      20.5480    0.0260000      52288.2      20.1880    0.0240000      52288.2      19.7210    0.0260000      52288.2      19.5980    0.0650000
       52551.432      21.6790     0.162000      52551.4      20.7810    0.0310000      52551.4      20.3240    0.0320000      52551.4      19.8970    0.0330000      52551.4      19.7740    0.0940000
       52558.465      21.4080     0.107000      52558.5      20.8020    0.0270000      52558.5      20.3860    0.0260000      52558.5      19.9690    0.0280000      52558.5      19.6800    0.0710000
       52578.336      21.3100     0.110000      52578.3      20.7480    0.0270000      52578.3      20.4140    0.0250000      52578.3      19.9060    0.0250000      52578.3      19.7310    0.0640000
       52585.299      21.6730     0.138000      52585.3      20.7770    0.0270000      52585.3      20.4230    0.0280000      52585.3      19.9370    0.0320000      52585.3      19.6420    0.0800000
       52909.466      21.5110     0.115000      52909.5      20.7330    0.0260000      52909.5      20.3610    0.0240000      52909.5      19.8960    0.0250000      52909.5      19.7010    0.0640000
       52910.436     -99.9900     0.493000      52910.4      20.7080    0.0310000      52910.4      20.3810    0.0310000      52910.4      19.9610    0.0300000      52910.4      19.8940    0.0780000
       52935.363      21.4900     0.133000      52935.4      20.7360    0.0270000      52935.4      20.4090    0.0310000      52935.4      19.9210    0.0320000      52935.4      19.7060    0.0840000
       52963.286      21.3700     0.107000      52963.3      20.7030    0.0260000      52963.3      20.3010    0.0250000      52963.3      19.8440    0.0250000      52963.3      19.6880    0.0680000
       53351.209      21.5660     0.163000      53351.2      20.7210    0.0340000      53351.2      20.3940    0.0340000      53351.2      19.8920    0.0360000      53351.2      19.8210    0.0940000
       53622.466      21.4300     0.109000      53622.5      20.7960    0.0270000      53622.5      20.2760    0.0220000      53622.5      19.8780    0.0240000      53622.5      19.6690    0.0580000
       53627.423      21.6330     0.158000      53627.4      20.8820    0.0350000      53627.4      20.4520    0.0310000      53627.4      20.0250    0.0330000      53627.4      19.9260    0.0870000
       53634.415      21.7280     0.494000      53634.4      20.7200     0.125000      53634.4      20.3480    0.0610000      53634.4      19.9970    0.0520000      53634.4      19.8060     0.103000
       53638.457      21.5060     0.219000      53638.5      20.7450    0.0450000      53638.5      20.3760    0.0370000      53638.5      20.0140    0.0400000      53638.5      19.7800     0.105000
       53640.421      21.4180     0.170000      53640.4      20.8590    0.0420000      53640.4      20.4430    0.0330000      53640.4      19.9740    0.0350000      53640.4      19.7280    0.0830000
       53643.463      21.7440     0.234000      53643.5      20.7940    0.0340000      53643.5      20.4140    0.0320000      53643.5      19.9710    0.0360000      53643.5      19.6810    0.0880000
       53646.482      21.3860     0.173000      53646.5      20.8010    0.0320000      53646.5      20.4290    0.0320000      53646.5      19.9470    0.0360000      53646.5      19.5900    0.0770000
       53657.301      21.2040     0.461000      53657.3      20.8790     0.138000      53657.3      20.5020    0.0990000      53657.3      20.1280    0.0850000      53657.3      19.8210     0.166000
       53657.465      21.4970     0.194000      53657.5      20.8130    0.0350000      53657.5      20.3770    0.0350000      53657.5      19.9150    0.0350000      53657.5      19.6390    0.0780000
       53663.482      21.5740     0.579000      53663.5      20.7980     0.136000      53663.5      20.3320    0.0780000      53663.5      19.8970    0.0510000      53663.5      19.7460     0.117000
       53665.482      21.4100     0.336000      53665.5      20.6990    0.0650000      53665.5      20.4890    0.0510000      53665.5      19.9860    0.0450000      53665.5      19.6740     0.104000
       53668.471      21.9920     0.561000      53668.5      20.7510    0.0680000      53668.5      20.5760    0.0740000      53668.5      19.8750    0.0560000      53668.5      19.7940     0.157000
       53669.377      21.4140     0.172000      53669.4      20.7170    0.0400000      53669.4      20.3710    0.0350000      53669.4      19.9200    0.0350000      53669.4      19.6050    0.0760000
       53670.477      21.3310     0.319000      53670.5      20.6280    0.0530000      53670.5      20.3650    0.0610000      53670.5      19.8840    0.0540000      53670.5      19.5120     0.126000
       53671.462      21.3570     0.184000      53671.5      20.7300    0.0470000      53671.5      20.2900    0.0330000      53671.5      19.8990    0.0340000      53671.5      19.5000    0.0790000
       53674.361      21.5060     0.232000      53674.4      20.7660    0.0440000      53674.4      20.3440    0.0380000      53674.4      19.9570    0.0440000      53674.4      19.9070     0.149000
       53676.451      21.3110     0.162000      53676.5      20.6760    0.0340000      53676.4      20.4620    0.0400000      53676.4      19.9390    0.0360000      53676.5      19.6600    0.0820000
       53679.423      21.1270     0.130000      53679.4      20.7010    0.0320000      53679.4      20.3180    0.0370000      53679.4      19.9170    0.0380000      53679.4      19.4920    0.0830000
       53681.414      21.2210     0.166000      53681.4      20.7100    0.0380000      53681.4      20.3390    0.0370000      53681.4      19.8940    0.0390000      53681.4      19.7680    0.0890000
       53684.376      21.5730     0.189000      53684.4      20.7750    0.0380000      53684.4      20.3560    0.0370000      53684.4      19.9050    0.0390000      53684.4      19.8420     0.120000
       53687.317      20.6190     0.282000      53687.3      20.4920     0.124000      53687.3      20.2940    0.0830000      53687.3      19.8310    0.0660000      53687.3     -99.9900     0.150000
       53694.387     -99.9900     0.806000      53694.4      20.4600    0.0820000      53694.4      20.2310    0.0570000      53694.4      19.7220    0.0430000      53694.4      19.6690     0.118000
       53696.380      21.2650     0.200000      53696.4      20.6570    0.0440000      53696.4      20.3310    0.0380000      53696.4      19.9200    0.0370000      53696.4      19.7920    0.0890000
       53697.371      21.1970     0.166000      53697.4      20.6970    0.0400000      53697.4      20.3540    0.0340000      53697.4      19.9480    0.0330000      53697.4      19.7810    0.0850000
       53700.370      21.2830     0.158000      53700.4      20.6520    0.0360000      53700.4      20.3940    0.0410000      53700.4      19.9100    0.0490000      53700.4      19.5680     0.108000
       53705.357      21.4490     0.204000      53705.4      20.6920    0.0370000      53705.4      20.4060    0.0420000      53705.4      19.8980    0.0400000      53705.4      19.6500    0.0980000
       53975.442      21.3230     0.145000      53975.4      20.6100    0.0560000      53975.4      20.2840    0.0400000      53975.4      19.9130    0.0380000      53975.4      19.6860    0.0860000
       53994.465      21.5600     0.147000      53994.5      20.6740    0.0320000      53994.5      20.4260    0.0300000      53994.5      19.9730    0.0300000      53994.5      19.7440    0.0660000
       53996.448      21.5030     0.145000      53996.4      20.6330    0.0390000      53996.4      20.2710    0.0260000      53996.4      19.9050    0.0330000      53996.4      19.7060    0.0710000
       54005.462      21.5580     0.124000      54005.5      20.7270    0.0250000      54005.5      20.3150    0.0280000      54005.5      19.9160    0.0270000      54005.5      19.6540    0.0610000
       54009.475      21.5000     0.104000      54009.5      20.7390    0.0250000      54009.5      20.3210    0.0280000      54009.5      19.8940    0.0310000      54009.5      19.9330    0.0670000
       54010.403      21.4100    0.0950000      54010.4      20.7000    0.0250000      54010.4      20.3190    0.0210000      54010.4      19.9090    0.0250000      54010.4      19.7950    0.0530000
       54012.395      21.3570     0.178000      54012.4      20.5890    0.0530000      54012.4      20.4400    0.0400000      54012.4      20.0200    0.0420000      54012.4      19.7460    0.0930000
       54020.434     -99.9900     0.189000      54020.4      20.6080    0.0440000      54020.4      20.3100    0.0380000      54020.4      19.8530    0.0350000      54020.4      19.7110    0.0770000
       54024.483      21.5570     0.243000      54024.5      20.6670    0.0400000      54024.5      20.3000    0.0380000      54024.5      19.8610    0.0350000      54024.5      20.0050     0.110000
       54028.471      21.3440     0.144000      54028.5     -99.9900    0.0650000      54028.5      20.3620    0.0330000      54028.5      19.8960    0.0340000      54028.5      19.6740    0.0990000
       54030.427      21.2870     0.102000      54030.4      20.6980    0.0260000      54030.4      20.3750    0.0300000      54030.4      19.9150    0.0300000      54030.4      19.7180    0.0700000
       54035.471      21.4900     0.200000      54035.5      20.6790    0.0330000      54035.5      20.3700    0.0510000      54035.5      19.8450    0.0410000      54035.5      19.7230    0.0990000
       54037.376      21.3190    0.0920000      54037.4      20.6510    0.0260000      54037.4      20.3540    0.0250000      54037.4      19.9200    0.0250000      54037.4      19.6300    0.0490000
       54040.391      21.7010     0.134000      54040.4      20.6710    0.0260000      54040.4      20.3280    0.0260000      54040.4      19.8780    0.0270000      54040.4      19.7960    0.0710000
       54041.426      21.3570     0.109000      54041.4      20.7210    0.0280000      54041.4      20.3320    0.0280000      54041.4      19.9420    0.0300000      54041.4      19.8390    0.0680000
       54047.421      21.8720     0.782000      54047.4      20.7480     0.107000      54047.4      20.2620    0.0600000      54047.4      19.9480    0.0600000      54047.4      19.7500     0.101000
       54049.417      21.1230     0.227000      54049.4      20.7830    0.0640000      54049.4      20.3370    0.0450000      54049.4      19.9410    0.0410000      54049.4      19.7210    0.0870000
       54050.377      21.0290     0.253000      54050.4      20.5810    0.0730000      54050.4      20.3300    0.0520000      54050.4      19.8730    0.0530000      54050.4      19.4920     0.122000
       54053.397      21.8810     0.318000      54053.4     -99.9900    0.0520000      54053.4     -99.9900    0.0420000      54053.4      19.8790    0.0450000      54053.4     -99.9900     0.116000
       54056.383      21.3030     0.125000      54056.4      20.7370    0.0330000      54056.4      20.2890    0.0300000      54056.4      19.8600    0.0330000      54056.4      19.6550    0.0880000
       54059.377      21.3070     0.132000      54059.4      20.6360    0.0310000      54059.4      20.4080    0.0370000      54059.4      19.8250    0.0400000      54059.4      19.7100    0.0980000
       54061.389      21.9580     0.439000      54061.4      20.6140    0.0440000      54061.4      20.3590    0.0400000      54061.4      19.9070    0.0430000      54061.4      19.9370     0.165000
       54062.382      21.3310     0.115000      54062.4      20.6270    0.0280000      54062.4      20.2920    0.0250000      54062.4      19.8790    0.0340000      54062.4      19.7210    0.0780000
       54064.379      21.3980     0.162000      54064.4      20.7060    0.0330000      54064.4      20.3410    0.0340000      54064.4      19.9440    0.0370000      54064.4      19.4920    0.0820000
       54068.363      21.2630     0.154000      54068.4      20.6880    0.0350000      54068.4      20.3320    0.0410000      54068.4      19.8800    0.0370000      54068.4      19.6340    0.0900000
       54357.421      21.0880    0.0780000      54357.4      20.6110    0.0230000      54357.4      20.2580    0.0270000      54357.4      19.8370    0.0230000      54357.4      19.6440    0.0500000
       54362.470      21.4110    0.0970000      54362.5      20.6230    0.0220000      54362.5      20.2560    0.0240000      54362.5      19.8580    0.0260000      54362.5      19.7370    0.0600000
       54376.466      21.0550     0.119000      54376.5      20.6230    0.0330000      54376.5      20.3240    0.0270000      54376.5      19.8720    0.0300000      54376.5      19.6710    0.0670000
       54382.451      21.3930     0.121000      54382.5      20.6270    0.0330000      54382.4      20.2820    0.0270000      54382.4      19.8790    0.0290000      54382.5      19.7560    0.0760000
       54385.468      21.1750     0.100000      54385.5      20.6830    0.0320000      54385.5      20.3400    0.0300000      54385.5      19.8810    0.0270000      54385.5      19.6210    0.0550000
       54387.469      21.6040     0.178000      54387.5      20.6200    0.0270000      54387.5      20.3700    0.0300000      54387.5      19.8550    0.0310000      54387.5      19.7450    0.0720000
       54390.461     -99.9900     0.283000      54390.5     -99.9900    0.0380000      54390.5     -99.9900      3.74000      54390.5     -99.9900     0.398000      54390.5      19.7560     0.144000
       54391.470      21.5010     0.216000      54391.5      20.5950    0.0350000      54391.5      20.3300    0.0510000      54391.5      19.8780    0.0630000      54391.5      19.7900     0.132000
       54402.462      22.7910      1.95100      54402.5      20.5460     0.101000      54402.5      20.2970    0.0640000      54402.5      19.9320    0.0530000      54402.5     -99.9900     0.116000
       52522.000       21.524000      0.11300000       52522.000       20.799000     0.031000000       52522.000       20.406000     0.029000000       52522.000       19.932000     0.028000000       52522.000       19.739000     0.071000000
       51075       21.210000     0.093000000       51075       20.715000     0.029000000       51075       20.348000     0.029000000       51075       19.843000     0.030000000       51075       19.491000      0.10100000
       51115       20.985000     0.073000000       51115       20.562000     0.025000000       51115       20.263000     0.026000000       51115       19.808000     0.030000000       51115       19.675000     0.078000000
       51132       21.373000      0.10700000       51132       20.569000     0.031000000       51132       20.277000     0.043000000       51132       19.787000     0.038000000       51132       19.543000     0.097000000
       51133       21.243000     0.095000000       51133       20.648000     0.032000000       51133       20.224000     0.042000000       51133       19.753000     0.038000000       51133       19.597000      0.10300000
       51136       21.315000     0.089000000       51136       20.663000     0.025000000       51136       20.284000     0.031000000       51136       19.855000     0.031000000       51136       19.696000     0.093000000
       51875       21.597000      0.12900000       51875       20.674000     0.029000000       51875       20.287000     0.031000000       51875       19.781000     0.032000000       51875       19.630000     0.076000000
       52171       21.359000     0.099000000       52171       20.683000     0.036000000       52171       20.275000     0.027000000       52171       19.805000     0.027000000       52171       19.649000     0.079000000
       52225       21.220000     0.087000000       52225       20.657000     0.029000000       52225       20.218000     0.028000000       52225       19.766000     0.025000000       52225       19.648000     0.060000000
       52288       21.093000     0.079000000       52288       20.543000     0.031000000       52288       20.216000     0.030000000       52288       19.754000     0.026000000       52288       19.536000     0.062000000
       52522       21.536000      0.10100000       52522       20.805000     0.032000000       52522       20.408000     0.027000000       52522       19.930000     0.027000000       52522       19.738000     0.071000000
       52551       21.675000      0.13800000       52551       20.796000     0.035000000       52551       20.359000     0.033000000       52551       19.923000     0.033000000       52551       19.798000     0.092000000
       52558       21.444000     0.092000000       52558       20.817000     0.029000000       52558       20.359000     0.024000000       52558       19.944000     0.031000000       52558       19.641000     0.064000000
       52585       21.731000      0.11700000       52585       20.746000     0.030000000       52585       20.414000     0.030000000       52585       19.932000     0.034000000       52585       19.613000     0.075000000
       52909       21.575000     0.097000000       52909       20.754000     0.027000000       52909       20.372000     0.023000000       52909       19.906000     0.026000000       52909       19.698000     0.061000000
       52910       22.848000      0.38800000       52910       20.686000     0.044000000       52910       20.331000     0.043000000       52910       19.922000     0.039000000       52910       19.854000     0.076000000
       52935       21.533000      0.11500000       52935       20.767000     0.030000000       52935       20.432000     0.033000000       52935       19.952000     0.031000000       52935       19.706000     0.081000000
       52963       21.394000     0.087000000       52963       20.733000     0.029000000       52963       20.341000     0.026000000       52963       19.878000     0.031000000       52963       19.725000     0.068000000
       53351       21.664000      0.14600000       53351       20.727000     0.039000000       53351       20.377000     0.036000000       53351       19.869000     0.039000000       53351       19.779000     0.089000000
       54424       21.273000      0.14600000       54424       20.467000     0.047000000       54424       20.283000     0.042000000       54424       19.869000     0.032000000       54424       19.696000     0.059000000
