       51081.427      20.5700    0.0700000      51081.4      20.4730    0.0270000      51081.4      20.0600    0.0260000      51081.4      19.9730    0.0310000      51081.4      19.9120     0.122000
       51875.242      20.5250    0.0650000      51875.2      20.4100    0.0230000      51875.2      20.0640    0.0250000      51875.2      19.9910    0.0310000      51875.2      19.9670     0.135000
       52171.475      20.4650    0.0620000      52171.5      20.3000    0.0220000      52171.5      19.9700    0.0210000      52171.5      19.8560    0.0250000      52171.5      19.9360     0.109000
       52225.323      20.3820    0.0570000      52225.3      20.3040    0.0190000      52225.3      19.9370    0.0200000      52225.3      19.8400    0.0250000      52225.3      20.0380     0.118000
       52288.158      20.3740    0.0620000      52288.2      20.2710    0.0220000      52288.2      19.9070    0.0210000      52288.2      19.8470    0.0250000      52288.2      19.8940     0.105000
       52551.431      20.4460    0.0710000      52551.4      20.3570    0.0220000      52551.4      20.0420    0.0240000      52551.4      19.9680    0.0330000      52551.4      20.1170     0.143000
       52558.464      20.6240    0.0660000      52558.5      20.3750    0.0200000      52558.5      20.0200    0.0210000      52558.5      19.9200    0.0260000      52558.5      19.8490    0.0960000
       52578.335      20.4520    0.0570000      52578.3      20.3240    0.0190000      52578.3      20.0280    0.0200000      52578.3      19.9000    0.0240000      52578.3      20.0110     0.104000
       52585.298      20.4750    0.0600000      52585.3      20.3240    0.0190000      52585.3      20.0140    0.0220000      52585.3      19.9390    0.0280000      52585.3      20.0530     0.133000
       52909.465      20.8230    0.0760000      52909.5      20.6060    0.0230000      52909.5      20.2570    0.0230000      52909.5      20.0850    0.0260000      52909.5      20.2350     0.126000
       52910.435      20.9130     0.103000      52910.4      20.6810    0.0300000      52910.4      20.2500    0.0270000      52910.4      20.1760    0.0360000      52910.4     -99.9900     0.155000
       52935.362      20.8560    0.0830000      52935.4      20.6940    0.0260000      52935.4      20.2580    0.0280000      52935.4      20.1220    0.0350000      52935.4      20.0960     0.132000
       52963.285      20.6500    0.0650000      52963.3      20.6000    0.0240000      52963.3      20.1900    0.0220000      52963.3      20.1210    0.0280000      52963.3      20.2880     0.135000
       53351.208      21.1780     0.138000      53351.2      20.7240    0.0290000      53351.2      20.3160    0.0310000      53351.2      20.2360    0.0430000      53351.2      20.0260     0.152000
       53622.465      20.7580    0.0750000      53622.5      20.4950    0.0220000      53622.5      20.1980    0.0210000      53622.5      20.0800    0.0260000      53622.5      20.1300     0.107000
       53627.422      20.5360    0.0730000      53627.4      20.5280    0.0240000      53627.4      20.2100    0.0250000      53627.4      20.0750    0.0300000      53627.4      20.0780     0.134000
       53634.414      21.1480     0.316000      53634.4      20.4500    0.0730000      53634.4      20.1190    0.0460000      53634.4      20.1130    0.0500000      53634.4      19.9120     0.121000
       53638.456      20.4750    0.0980000      53638.5      20.4950    0.0360000      53638.5      20.1800    0.0310000      53638.5      20.1020    0.0380000      53638.5      20.4580     0.216000
       53640.420      20.5310    0.0920000      53640.4      20.4970    0.0300000      53640.4      20.2100    0.0270000      53640.4      20.0320    0.0320000      53640.4      20.1540     0.149000
       53643.462      20.6870    0.0970000      53643.5      20.4860    0.0280000      53643.5      20.1710    0.0270000      53643.5      20.0550    0.0340000      53643.5      20.3450     0.202000
       53646.481      20.6490    0.0910000      53646.5      20.4750    0.0250000      53646.5      20.1460    0.0270000      53646.5      20.0510    0.0320000      53646.5      20.1120     0.171000
       53657.300      20.9610     0.405000      53657.3      20.2990    0.0760000      53657.3      20.1390    0.0690000      53657.3      20.0440    0.0710000      53657.3      20.1450     0.301000
       53657.464      20.5850     0.100000      53657.5      20.4210    0.0250000      53657.5      20.1960    0.0290000      53657.5      20.0630    0.0360000      53657.5      20.0150     0.144000
       53663.481      20.1660     0.175000      53663.5      20.5510    0.0920000      53663.5      20.0630    0.0550000      53663.5      20.0550    0.0610000      53663.5      20.0080     0.165000
       53665.481      20.6270     0.174000      53665.5      20.4790    0.0520000      53665.5      20.1180    0.0380000      53665.5      20.0080    0.0410000      53665.5      20.1420     0.187000
       53668.470      20.6470     0.202000      53668.5      20.4270    0.0480000      53668.5     -99.9900    0.0410000      53668.5      19.9450    0.0590000      53668.5      19.8080     0.184000
       53669.376      20.6980     0.104000      53669.4      20.4280    0.0280000      53669.4      20.1270    0.0270000      53669.4      20.0260    0.0340000      53669.4      20.2970     0.156000
       53670.476      20.5920     0.167000      53670.5      20.4170    0.0410000      53670.5      20.0880    0.0450000      53670.5      20.0240    0.0550000      53670.5      19.8880     0.202000
       53671.461      20.6350     0.103000      53671.5      20.4230    0.0280000      53671.5      20.1480    0.0280000      53671.5      20.0220    0.0310000      53671.5      20.1180     0.137000
       53674.360      20.4350    0.0930000      53674.4      20.3950    0.0300000      53674.4      20.0980    0.0310000      53674.4      19.9600    0.0390000      53674.4      20.0080     0.205000
       53676.450      20.5310     0.102000      53676.5      20.4490    0.0260000      53676.4      20.0910    0.0330000      53676.4      20.0340    0.0370000      53676.4      19.9040     0.125000
       53679.422      20.5320    0.0900000      53679.4      20.3610    0.0240000      53679.4      20.0840    0.0290000      53679.4      20.0270    0.0400000      53679.4      19.9670     0.147000
       53681.413      20.7960     0.145000      53681.4      20.4180    0.0260000      53681.4      20.1290    0.0300000      53681.4      20.0280    0.0360000      53681.4      20.0130     0.142000
       53684.375      20.5430    0.0900000      53684.4      20.4840    0.0280000      53684.4      20.1800    0.0320000      53684.4      20.0050    0.0370000      53684.4      20.4490     0.234000
       53694.386      20.4210     0.179000      53694.4     -99.9900    0.0670000      53694.4      20.0820    0.0510000      53694.4      19.9750    0.0480000      53694.4     -99.9900     0.148000
       53696.379      20.5870     0.118000      53696.4      20.4670    0.0340000      53696.4      20.0590    0.0290000      53696.4      20.0250    0.0340000      53696.4      19.9020     0.115000
       53697.370      20.5380     0.103000      53697.4      20.4030    0.0320000      53697.4      20.1030    0.0270000      53697.4      19.9890    0.0310000      53697.4      19.8960     0.113000
       53700.369      20.6130     0.115000      53700.4      20.4620    0.0280000      53700.4      20.1400    0.0310000      53700.4      20.0200    0.0430000      53700.4      19.8420     0.165000
       53705.356      20.5980     0.116000      53705.4      20.4680    0.0290000      53705.4      20.1390    0.0300000      53705.4      20.0250    0.0410000      53705.4      20.1930     0.186000
       53975.441      20.8260     0.127000      53975.4      20.7300    0.0310000      53975.4      20.3110    0.0380000      53975.4      20.1380    0.0440000      53975.4      19.9570     0.140000
       53994.464      21.0210     0.102000      53994.5      20.7490    0.0400000      53994.5      20.2780    0.0280000      53994.5      20.2000    0.0310000      53994.5      20.2070     0.126000
       53996.448      20.9000    0.0990000      53996.4      20.6620    0.0350000      53996.4      20.3020    0.0320000      53996.4      20.1380    0.0330000      53996.4      20.0970     0.131000
       54005.461      20.8650    0.0830000      54005.5      20.7450    0.0290000      54005.5      20.3110    0.0310000      54005.5      20.2150    0.0300000      54005.5      20.4580     0.148000
       54009.475      20.9180    0.0800000      54009.5      20.7580    0.0280000      54009.5      20.3180    0.0230000      54009.5      20.1580    0.0280000      54009.5      20.1890     0.103000
       54010.402      20.7970    0.0700000      54010.4      20.7410    0.0240000      54010.4      20.2740    0.0220000      54010.4      20.2000    0.0250000      54010.4      20.2500     0.102000
       54012.394      21.1450     0.158000      54012.4      20.6150    0.0460000      54012.4      20.3060    0.0370000      54012.4      20.2290    0.0430000      54012.4      20.3460     0.179000
       54020.433      20.7510     0.139000      54020.4      20.6900    0.0500000      54020.4      20.2260    0.0360000      54020.4      20.1320    0.0380000      54020.4      19.9170     0.107000
       54024.482      20.9110     0.156000      54024.5      20.7170    0.0380000      54024.5      20.2830    0.0370000      54024.5      20.1230    0.0420000      54024.5      19.9650     0.145000
       54028.470      20.7570    0.0940000      54028.5      20.7080    0.0380000      54028.5      20.3060    0.0380000      54028.5      20.2070    0.0390000      54028.5      19.9980     0.140000
       54030.426      20.8790    0.0850000      54030.4      20.6990    0.0310000      54030.4      20.2810    0.0280000      54030.4      20.1220    0.0310000      54030.4      20.4270     0.153000
       54035.470      20.8330     0.139000      54035.5      20.6810    0.0480000      54035.5      20.2990    0.0370000      54035.5      20.1310    0.0630000      54035.5      20.1900     0.190000
       54037.375      20.7250    0.0650000      54037.4      20.6630    0.0240000      54037.4      20.2560    0.0250000      54037.4      20.1500    0.0300000      54037.4      20.2720     0.105000
       54040.390      20.7670    0.0730000      54040.4      20.6760    0.0270000      54040.4      20.2490    0.0240000      54040.4      20.1540    0.0330000      54040.4      20.0160     0.106000
       54041.425      20.9100    0.0900000      54041.4      20.6950    0.0260000      54041.4      20.2940    0.0260000      54041.4      20.1260    0.0290000      54041.4      20.3510     0.131000
       54047.420      20.2510     0.205000      54047.4      20.8610     0.113000      54047.4      20.2840    0.0590000      54047.4      20.1740    0.0540000      54047.4      20.1920     0.182000
       54049.416      20.7440     0.185000      54049.4      20.6460    0.0540000      54049.4      20.2730    0.0430000      54049.4      20.1800    0.0460000      54049.4      20.2280     0.167000
       54050.376      20.8540     0.223000      54050.4     -99.9900    0.0770000      54050.4      20.2940    0.0500000      54050.4      20.1410    0.0580000      54050.4      20.4280     0.305000
       54053.396      21.0390     0.166000      54053.4     -99.9900    0.0460000      54053.4     -99.9900    0.0410000      54053.4      20.0770    0.0500000      54053.4     -99.9900     0.298000
       54056.382      20.8710     0.101000      54056.4      20.7020    0.0320000      54056.4      20.2220    0.0290000      54056.4      20.1560    0.0390000      54056.4      20.3610     0.167000
       54059.376      20.7680     0.107000      54059.4      20.6990    0.0290000      54059.4      20.3030    0.0400000      54059.4      20.1590    0.0470000      54059.4      20.2190     0.177000
       54061.388      21.0760     0.174000      54061.4      20.7210    0.0470000      54061.4      20.2940    0.0360000      54061.4      20.2240    0.0540000      54061.4      20.1000     0.258000
       54062.381      20.8260    0.0820000      54062.4      20.7510    0.0260000      54062.4      20.2870    0.0260000      54062.4      20.1260    0.0350000      54062.4      20.1620     0.122000
       54064.378      20.9080     0.124000      54064.4      20.7370    0.0350000      54064.4      20.2370    0.0350000      54064.4      20.0680    0.0410000      54064.4      20.3140     0.183000
       54068.362      20.6970     0.114000      54068.4      20.7210    0.0340000      54068.4      20.3110    0.0410000      54068.4      20.1630    0.0530000      54068.4      20.3560     0.207000
       54357.420      20.5730    0.0620000      54357.4      20.4990    0.0260000      54357.4      20.1700    0.0250000      54357.4      20.0510    0.0310000      54357.4      20.0080    0.0880000
       54362.469      20.8140    0.0720000      54362.5      20.5470    0.0280000      54362.5      20.1630    0.0360000      54362.5      19.9970    0.0270000      54362.5      19.9650    0.0890000
       54376.465      20.4110    0.0810000      54376.5      20.4710    0.0290000      54376.5      20.1590    0.0230000      54376.5      20.0430    0.0280000      54376.5      19.9240     0.105000
       54382.450      20.6230    0.0750000      54382.5      20.4260    0.0250000      54382.4      20.0600    0.0230000      54382.4      19.9730    0.0280000      54382.4      19.8630     0.106000
       54385.468      20.4100    0.0650000      54385.5      20.4560    0.0260000      54385.5      20.0040    0.0300000      54385.5      19.9390    0.0320000      54385.5      20.0010     0.101000
       54387.468      20.5630    0.0860000      54387.5      20.4660    0.0230000      54387.5      20.0360    0.0270000      54387.5      19.8910    0.0300000      54387.5      19.8640     0.106000
       54391.469      20.8660     0.165000      54391.5      20.4360    0.0310000      54391.5      20.0770    0.0380000      54391.5      19.9290    0.0520000      54391.5      19.7860     0.159000
       54402.461     -99.9900     0.260000      54402.5      20.5120    0.0970000      54402.5      20.0840    0.0560000      54402.5      20.0350    0.0520000      54402.5      19.6060     0.114000
       52522.000       20.483000     0.070000000       52522.000       20.378000     0.029000000       52522.000       20.019000     0.038000000       52522.000       19.944000     0.039000000       52522.000       19.967000      0.10600000
       51078       20.585000     0.045000000       51078       20.459000     0.025000000       51078       20.080000     0.022000000       51078       20.041000     0.037000000       51078       20.142000     0.093000000
       51081       20.563000     0.058000000       51081       20.466000     0.030000000       51081       20.049000     0.029000000       51081       19.958000     0.032000000       51081       19.852000      0.11200000
       51115       20.507000     0.051000000       51115       20.410000     0.023000000       51115       20.047000     0.026000000       51115       19.955000     0.031000000       51115       19.697000     0.098000000
       51132       20.615000     0.071000000       51132       20.423000     0.033000000       51132       20.088000     0.034000000       51132       19.953000     0.042000000       51132       19.591000      0.11700000
       51136       20.684000     0.055000000       51136       20.441000     0.029000000       51136       20.097000     0.030000000       51136       20.017000     0.034000000       51136       20.229000      0.17000000
       51138       20.551000     0.062000000       51138       20.500000     0.033000000       51138       20.064000     0.029000000       51138       20.055000     0.041000000       51138       19.697000      0.13100000
       51866       20.460000     0.055000000       51866       20.358000     0.032000000       51866       20.080000     0.026000000       51866       19.982000     0.031000000       51866       20.064000      0.12500000
       51875       20.507000     0.064000000       51875       20.404000     0.031000000       51875       20.060000     0.032000000       51875       20.000000     0.031000000       51875       19.892000      0.11900000
       52171       20.420000     0.053000000       52171       20.303000     0.025000000       52171       19.951000     0.027000000       52171       19.829000     0.034000000       52171       19.894000     0.093000000
       52173       20.503000     0.058000000       52173       20.262000     0.027000000       52173       19.958000     0.029000000       52173       19.925000     0.032000000       52173       19.819000     0.095000000
       52225       20.351000     0.050000000       52225       20.318000     0.029000000       52225       19.953000     0.023000000       52225       19.873000     0.028000000       52225       20.041000      0.10100000
       52288       20.371000     0.053000000       52288       20.282000     0.027000000       52288       19.890000     0.029000000       52288       19.843000     0.034000000       52288       19.860000     0.089000000
       52522       20.494000     0.062000000       52522       20.378000     0.033000000       52522       20.047000     0.026000000       52522       19.944000     0.035000000       52522       19.970000     0.095000000
       52551       20.442000     0.061000000       52551       20.373000     0.032000000       52551       20.059000     0.031000000       52551       20.006000     0.038000000       52551       20.072000      0.12300000
       52558       20.582000     0.058000000       52558       20.368000     0.024000000       52558       20.027000     0.023000000       52558       19.911000     0.029000000       52558       19.770000     0.079000000
       52578       20.433000     0.054000000       52578       20.337000     0.025000000       52578       20.047000     0.023000000       52578       19.921000     0.027000000       52578       20.038000     0.092000000
       52585       20.445000     0.059000000       52585       20.334000     0.024000000       52585       19.991000     0.034000000       52585       19.924000     0.028000000       52585       20.013000      0.11800000
       52935       20.870000     0.071000000       52935       20.705000     0.031000000       52935       20.237000     0.033000000       52935       20.104000     0.036000000       52935       20.054000      0.11700000
       52963       20.578000     0.053000000       52963       20.588000     0.029000000       52963       20.177000     0.021000000       52963       20.102000     0.032000000       52963       20.230000      0.11500000
       53351       21.119000      0.10500000       53351       20.721000     0.047000000       53351       20.312000     0.036000000       53351       20.268000     0.043000000       53351       20.015000      0.13300000
       54424       20.647000      0.11200000       54424       20.350000     0.038000000       54424       20.077000     0.029000000       54424       19.956000     0.034000000       54424       19.900000     0.078000000
