       51075.274      20.7810    0.0800000      51075.3      20.1140    0.0250000      51075.3      19.8880    0.0260000      51075.3      19.6290    0.0330000      51075.3      19.2990    0.0880000
       51464.262      20.7860    0.0970000      51464.3      20.1350    0.0280000      51464.3      19.8760    0.0270000      51464.3      19.7120    0.0350000      51464.3      19.4350    0.0890000
       52196.275      21.0350     0.106000      52196.3      20.1650    0.0240000      52196.3      19.9590    0.0250000      52196.3      19.6720    0.0290000      52196.3      19.3140    0.0780000
       52197.288      20.8480    0.0770000      52197.3      20.2080    0.0230000      52197.3      19.9860    0.0210000      52197.3      19.6800    0.0250000      52197.3      19.6590    0.0840000
       52225.138      20.9140    0.0770000      52225.1      20.1940    0.0230000      52225.1      19.9680    0.0230000      52225.1      19.8010    0.0300000      52225.1      19.4950    0.0750000
       52231.174      20.8620    0.0770000      52231.2      20.2200    0.0220000      52231.2      19.9820    0.0220000      52231.2      19.7410    0.0250000      52231.2      19.3870    0.0620000
       52253.160      20.9370     0.127000      52253.2      20.2510    0.0320000      52253.2      20.0540    0.0310000      52253.2      19.6480    0.0280000      52253.2      19.4200    0.0820000
       52557.282      20.7410    0.0870000      52557.3      20.1340    0.0240000      52557.3      19.8910    0.0230000      52557.3      19.6420    0.0280000      52557.3      19.2460    0.0750000
       52578.178      20.7590    0.0750000      52578.2      20.1060    0.0230000      52578.2      19.9310    0.0240000      52578.2      19.6760    0.0280000      52578.2      19.3390    0.0660000
       52911.270      20.6870    0.0800000      52911.3      20.1220    0.0230000      52911.3      19.8930    0.0230000      52911.3      19.6530    0.0290000      52911.3      19.3820    0.0760000
       52930.147      20.8050    0.0830000      52930.1      20.1690    0.0230000      52930.1      19.9440    0.0220000      52930.1      19.7080    0.0270000      52930.1      19.2150    0.0570000
       52934.188      20.8540    0.0940000      52934.2      20.2200    0.0270000      52934.2      20.0480    0.0270000      52934.2      19.7680    0.0300000      52934.2      19.3680    0.0770000
       52936.184      20.9110    0.0780000      52936.2      20.2840    0.0230000      52936.2      20.0720    0.0230000      52936.2      19.8180    0.0270000      52936.2      19.5150    0.0660000
       53272.298      21.1560     0.244000      53272.3      20.4860    0.0610000      53272.3      20.2570    0.0430000      53272.3      19.9020    0.0410000      53272.3      19.5030    0.0850000
       53286.267      21.1920     0.177000      53286.3      20.5490    0.0430000      53286.3      20.1820    0.0570000      53286.3      19.9630    0.0500000      53286.3      19.5620    0.0930000
       53288.225      21.2860     0.112000      53288.2      20.5810    0.0280000      53288.2      20.3480    0.0280000      53288.2      19.9300    0.0260000      53288.2      19.6500    0.0670000
       53314.178      21.2990     0.118000      53314.2      20.5050    0.0300000      53314.2      20.3110    0.0310000      53314.2      19.9120    0.0330000      53314.2      19.6170    0.0920000
       53623.272      21.4890     0.188000      53623.3      20.6700    0.0410000      53623.3      20.4260    0.0460000      53623.3      19.9540    0.0480000      53623.3      19.4560    0.0870000
       53656.220      21.9970     0.816000      53656.2      20.9600     0.182000      53656.2      20.6040     0.110000      53656.2      19.9210    0.0690000      53656.2      19.4200     0.120000
       53668.223      22.1420     0.339000      53668.2      20.8220    0.0480000      53668.2      20.5050    0.0440000      53668.2      19.9900    0.0440000      53668.2      19.6250     0.121000
       53675.192      21.3510     0.187000      53675.2      20.7970    0.0460000      53675.2      20.4990    0.0500000      53675.2      19.9610    0.0500000      53675.2      19.7410     0.147000
       53997.377      21.5720     0.181000      53997.4      20.6910    0.0360000      53997.4      20.4720    0.0360000      53997.4      19.9740    0.0350000      53997.4     -99.9900    0.0900000
       54009.231      21.5860     0.161000      54009.2      20.7320    0.0430000      54009.2      20.5370    0.0310000      54009.2      20.1290    0.0340000      54009.2      19.6750    0.0760000
       54348.292      21.3340     0.136000      54348.3      20.4810    0.0340000      54348.3      20.2760    0.0340000      54348.3      19.9450    0.0380000      54348.3      19.5590    0.0890000
       54358.248      21.1370     0.119000      54358.2      20.5030    0.0320000      54358.2      20.2350    0.0310000      54358.2      19.9390    0.0340000      54358.2      19.4350    0.0740000
       54373.355      22.1840     0.980000      54373.4      20.5620    0.0980000      54373.4      20.2040    0.0540000      54373.4      19.8420    0.0460000      54373.4      19.5640     0.101000
       54381.300      21.1940     0.114000      54381.3      20.4890    0.0340000      54381.3      20.3050    0.0270000      54381.3     -99.9900    0.0400000      54381.3      19.7660    0.0920000
       54386.293      21.1010     0.105000      54386.3      20.4980    0.0300000      54386.3      20.3140    0.0290000      54386.3      19.9590    0.0290000      54386.3      19.6220    0.0720000
       54388.297      21.2680     0.138000      54388.3      20.4520    0.0260000      54388.3      20.2930    0.0280000      54388.3      19.9180    0.0300000      54388.3      19.4930    0.0660000
       54405.266      20.9720     0.117000      54405.3      20.5190    0.0420000      54405.3      20.4310    0.0380000      54405.3      19.9540    0.0320000      54405.3      19.5960    0.0870000
       54406.205      21.1840     0.101000      54406.2      20.5590    0.0340000      54406.2      20.2970    0.0310000      54406.2      19.9110    0.0300000      54406.2      19.6060    0.0740000
       54412.207      21.4820     0.123000      54412.2      20.5370    0.0280000      54412.2      20.3180    0.0260000      54412.2      19.9980    0.0310000      54412.2      19.7210    0.0710000
       52197.000       20.892000     0.074000000       52197.000       20.260000     0.029000000       52197.000       20.075000     0.026000000       52197.000       19.767000     0.028000000       52197.000       19.765000     0.085000000
       51075       20.784000     0.071000000       51075       20.133000     0.022000000       51075       19.938000     0.025000000       51075       19.716000     0.033000000       51075       19.315000     0.085000000
       51464       20.764000     0.087000000       51464       20.170000     0.035000000       51464       19.919000     0.030000000       51464       19.746000     0.037000000       51464       19.495000     0.091000000
       52196       21.024000     0.090000000       52196       20.201000     0.026000000       52196       20.050000     0.033000000       52196       19.790000     0.032000000       52196       19.377000     0.075000000
       52225       20.933000     0.065000000       52225       20.226000     0.026000000       52225       20.052000     0.026000000       52225       19.889000     0.032000000       52225       19.583000     0.077000000
       52231       20.841000     0.064000000       52231       20.218000     0.035000000       52231       20.030000     0.031000000       52231       19.810000     0.026000000       52231       19.473000     0.062000000
       52253       20.927000      0.10900000       52253       20.244000     0.032000000       52253       20.119000     0.034000000       52253       19.723000     0.030000000       52253       19.451000     0.079000000
       52557       20.751000     0.075000000       52557       20.160000     0.027000000       52557       19.929000     0.026000000       52557       19.702000     0.030000000       52557       19.274000     0.075000000
       52578       20.764000     0.067000000       52578       20.126000     0.024000000       52578       19.964000     0.025000000       52578       19.733000     0.029000000       52578       19.384000     0.068000000
       52908       20.703000     0.072000000       52908       20.186000     0.031000000       52908       20.053000     0.027000000       52908       19.787000     0.032000000       52908       19.461000     0.074000000
       52911       20.730000     0.068000000       52911       20.201000     0.022000000       52911       19.993000     0.027000000       52911       19.781000     0.030000000       52911       19.487000     0.076000000
       52930       20.800000     0.072000000       52930       20.238000     0.025000000       52930       20.051000     0.027000000       52930       19.835000     0.032000000       52930       19.309000     0.055000000
       52934       20.848000     0.084000000       52934       20.227000     0.028000000       52934       20.078000     0.032000000       52934       19.818000     0.034000000       52934       19.397000     0.076000000
       52936       20.921000     0.068000000       52936       20.269000     0.025000000       52936       20.060000     0.026000000       52936       19.824000     0.030000000       52936       19.476000     0.064000000
       52962       21.378000      0.13300000       52962       20.328000     0.030000000       52962       20.131000     0.032000000       52962       19.816000     0.036000000       52962       19.522000     0.086000000
       52962       20.991000     0.079000000       52962       20.429000     0.028000000       52962       20.165000     0.030000000       52962       19.851000     0.032000000       52962       19.493000     0.072000000
       53270       21.382000      0.12800000       53270       20.523000     0.036000000       53270       20.364000     0.033000000       53270       19.951000     0.032000000       53270       19.592000     0.079000000
       53272       21.271000      0.24800000       53272       20.534000     0.060000000       53272       20.339000     0.046000000       53272       19.992000     0.041000000       53272       19.578000     0.088000000
       53286       21.257000      0.15700000       53286       20.586000     0.047000000       53286       20.334000     0.056000000       53286       19.998000     0.049000000       53286       19.642000     0.092000000
       53288       21.264000     0.097000000       53288       20.605000     0.034000000       53288       20.402000     0.030000000       53288       20.041000     0.032000000       53288       19.701000     0.068000000
       53294       21.313000      0.11900000       53294       20.582000     0.043000000       53294       20.273000     0.035000000       53294       19.964000     0.040000000       53294       19.567000     0.091000000
       53312       21.006000     0.091000000       53312       20.581000     0.035000000       53312       20.364000     0.036000000       53312       19.999000     0.042000000       53312       19.523000      0.10000000
       53314       21.292000      0.10000000       53314       20.531000     0.030000000       53314       20.356000     0.035000000       53314       20.002000     0.034000000       53314       19.639000     0.090000000
