       51075.289      19.5380    0.0310000      51075.3      19.2240    0.0120000      51075.3      19.1290    0.0130000      51075.3      19.0170    0.0220000      51075.3      18.7360    0.0480000
       52196.290      19.3090    0.0280000      52196.3      19.1040    0.0110000      52196.3      19.0330    0.0110000      52196.3      18.9320    0.0150000      52196.3      18.6640    0.0340000
       52197.303      19.3770    0.0280000      52197.3      19.1010    0.0110000      52197.3      19.0060    0.0110000      52197.3      18.9150    0.0150000      52197.3      18.6070    0.0310000
       52225.153      19.3870    0.0270000      52225.2      19.0580    0.0100000      52225.2      19.0030    0.0110000      52225.2      18.8930    0.0150000      52225.2      18.6680    0.0350000
       52231.189      19.4250    0.0290000      52231.2      19.0550    0.0100000      52231.2      19.0100    0.0110000      52231.2      18.9030    0.0140000      52231.2      18.7070    0.0330000
       52253.175      19.2880    0.0350000      52253.2      19.0530    0.0120000      52253.2      19.0000    0.0150000      52253.2      18.9020    0.0180000      52253.2      18.7440    0.0440000
       52557.297      19.2220    0.0290000      52557.3      18.9030    0.0100000      52557.3      18.8820    0.0110000      52557.3      18.7760    0.0150000      52557.3      18.6300    0.0370000
       52578.193      19.2470    0.0240000      52578.2      18.9390   0.00900000      52578.2      18.9010    0.0100000      52578.2      18.8170    0.0140000      52578.2      18.6170    0.0320000
       52908.272      19.5420    0.0330000      52908.3      19.2040    0.0120000      52908.3      19.0960    0.0120000      52908.3      19.0060    0.0160000      52908.3      18.7890    0.0400000
       52911.285      19.4970    0.0340000      52911.3      19.2070    0.0120000      52911.3      19.1220    0.0130000      52911.3      19.0170    0.0170000      52911.3      18.7970    0.0450000
       52930.163      19.5500    0.0360000      52930.2      19.2240    0.0120000      52930.2      19.1120    0.0140000      52930.2      18.9830    0.0170000      52930.2      18.7480    0.0400000
       52934.204      19.4800    0.0320000      52934.2      19.1830    0.0110000      52934.2      19.0980    0.0120000      52934.2      19.0070    0.0160000      52934.2      18.7890    0.0410000
       52936.199      19.5900    0.0320000      52936.2      19.2020    0.0110000      52936.2      19.1040    0.0110000      52936.2      18.9760    0.0140000      52936.2      18.7790    0.0340000
       52962.125      19.5100    0.0320000      52962.1      19.2170    0.0120000      52962.1      19.1260    0.0130000      52962.1      19.0310    0.0170000      52962.1      18.7460    0.0390000
       53270.264      19.3680    0.0260000      53270.3      19.1260    0.0130000      53270.3      19.0730    0.0130000      53270.3      18.9900    0.0150000      53270.3      18.7510    0.0310000
       53272.313      19.4130    0.0370000      53272.3      19.1360    0.0150000      53272.3      19.0840    0.0140000      53272.3      18.9830    0.0170000      53272.3      18.7360    0.0380000
       53286.282      19.3480    0.0410000      53286.3      19.0850    0.0130000      53286.3      19.0840    0.0180000      53286.3      18.9880    0.0230000      53286.3      18.7380    0.0480000
       53288.241      19.3650    0.0300000      53288.2      19.1210    0.0100000      53288.2      19.0870    0.0120000      53288.2      18.9820    0.0140000      53288.2      18.7820    0.0340000
       53294.268      19.4340    0.0350000      53294.3      19.1370    0.0190000      53294.3      19.1270    0.0260000      53294.3      18.9950    0.0210000      53294.3      18.7580    0.0420000
       53294.288      19.3310    0.0330000      53294.3      19.1140    0.0150000      53294.3      19.1230    0.0170000      53294.3      18.9770    0.0230000      53294.3      18.7500    0.0480000
       53302.236      19.4550    0.0570000      53302.2      19.1650    0.0200000      53302.2      19.1240    0.0200000      53302.2      19.0180    0.0220000      53302.2      18.8340    0.0420000
       53312.192      19.4860    0.0380000      53312.2      19.1650    0.0200000      53312.2      19.1520    0.0170000      53312.2      19.0380    0.0240000      53312.2      18.7800    0.0510000
       53314.193      19.4420    0.0300000      53314.2      19.1750    0.0110000      53314.2      19.1500    0.0130000      53314.2      19.0020    0.0160000      53314.2      18.8100    0.0430000
       53616.297      19.6240    0.0440000      53616.3      19.3230    0.0140000      53616.3      19.2740    0.0150000      53616.3      19.1280    0.0230000      53616.3      18.8310    0.0540000
       53623.288      19.5990    0.0370000      53623.3      19.3130    0.0130000      53623.3      19.2330    0.0140000      53623.3      19.1460    0.0180000      53623.3      18.8580    0.0410000
       53626.274      19.6040    0.0410000      53626.3     -99.9900    0.0180000      53626.3      19.2230    0.0160000      53626.3      19.1490    0.0200000      53626.3      18.8380    0.0420000
       53628.259      19.5780    0.0740000      53628.3      19.2980    0.0270000      53628.3      19.2420    0.0230000      53628.3      19.1640    0.0260000      53628.3      18.8630    0.0510000
       53637.260      19.5810    0.0540000      53637.3      19.3120    0.0190000      53637.3      19.2650    0.0190000      53637.3      19.1830    0.0270000      53637.3      18.8470    0.0600000
       53639.306      19.5490    0.0340000      53639.3      19.3260    0.0130000      53639.3      19.2530    0.0130000      53639.3      19.1640    0.0170000      53639.3      18.9440    0.0410000
       53644.253      19.5840    0.0310000      53644.3      19.2930    0.0160000      53644.2      19.2600    0.0200000      53644.3      19.1250    0.0220000      53644.3      18.9740    0.0360000
       53654.287      19.6560    0.0390000      53654.3      19.3030    0.0110000      53654.3      19.2480    0.0140000      53654.3      19.1220    0.0180000      53654.3      18.9160    0.0430000
       53656.235      19.6220    0.0810000      53656.2      19.2810    0.0260000      53656.2      19.2210    0.0270000      53656.2      19.1320    0.0320000      53656.2      18.7700    0.0510000
       53663.248      19.6210    0.0540000      53663.2      19.2990    0.0170000      53663.2      19.2850    0.0170000      53663.2      19.1460    0.0190000      53663.2      18.9260    0.0370000
       53665.226      19.4390     0.136000      53665.2      19.1780    0.0590000      53665.2      18.9130     0.120000      53665.2      19.1360     0.164000      53665.2      18.7740     0.154000
       53668.238      19.5720    0.0420000      53668.2      19.2580    0.0130000      53668.2      19.2320    0.0170000      53668.2      19.0930    0.0230000      53668.2      18.8610    0.0590000
       53670.243      19.6310    0.0350000      53670.2      19.2810    0.0110000      53670.2      19.2380    0.0130000      53670.2      19.1200    0.0170000      53670.2      18.8670    0.0420000
       53673.211      19.5910    0.0330000      53673.2      19.2980    0.0110000      53673.2      19.2580    0.0130000      53673.2      19.1500    0.0180000      53673.2      18.9170    0.0390000
       53675.208      19.6370    0.0370000      53675.2      19.2950    0.0130000      53675.2      19.2230    0.0170000      53675.2      19.1260    0.0200000      53675.2      18.9090    0.0560000
       53677.229      19.6490    0.0320000      53677.2      19.3150    0.0110000      53677.2      19.2330    0.0120000      53677.2      19.1420    0.0150000      53677.2      18.8650    0.0320000
       53680.215      19.6210    0.0340000      53680.2      19.2980    0.0120000      53680.2      19.2570    0.0130000      53680.2      19.1230    0.0170000      53680.2      18.9090    0.0350000
       53693.217      19.4950    0.0610000      53693.2      19.3090    0.0210000      53693.2      19.2390    0.0180000      53693.2      19.1430    0.0210000      53693.2      18.8910    0.0420000
       53704.201      19.6440    0.0360000      53704.2      19.3160    0.0120000      53704.2      19.2400    0.0130000      53704.2      19.1410    0.0170000      53704.2      18.8820    0.0390000
       53974.293      19.6430    0.0320000      53974.3      19.2380    0.0150000      53974.3      19.1680    0.0150000      53974.3      19.0710    0.0150000      53974.3      18.9010    0.0350000
       53989.297      19.5370    0.0550000      53989.3      19.2690    0.0280000      53989.3      19.1320    0.0200000      53989.3      19.0360    0.0200000      53989.3      18.8440    0.0400000
       53997.393     -99.9900    0.0430000      53997.4     -99.9900    0.0180000      53997.4     -99.9900    0.0190000      53997.4      19.0960    0.0200000      53997.4     -99.9900    0.0370000
       54000.272      19.4630    0.0580000      54000.3      19.2580    0.0140000      54000.3      19.1860    0.0180000      54000.3      19.0830    0.0210000      54000.3      18.7790    0.0450000
       54007.322      19.4760    0.0570000      54007.3      19.2480    0.0180000      54007.3      19.1660    0.0270000      54007.3      19.0300    0.0220000      54007.3      18.8610    0.0390000
       54009.246      19.5240    0.0340000      54009.2      19.2220    0.0170000      54009.2      19.1580    0.0200000      54009.2      19.0240    0.0170000      54009.2      18.8900    0.0360000
       54011.310      19.5800    0.0410000      54011.3      19.2210    0.0180000      54011.3      19.1720    0.0170000      54011.3      19.0800    0.0190000      54011.3      18.8180    0.0350000
       54019.261      19.4400    0.0370000      54019.3      19.2070    0.0170000      54019.3      19.1280    0.0150000      54019.3      19.0450    0.0160000      54019.3      18.8250    0.0310000
       54025.309      19.4700    0.0340000      54025.3      19.2280    0.0160000      54025.3      19.1790    0.0270000      54025.3      19.0650    0.0200000      54025.3      18.8450    0.0440000
       54029.240      19.5010    0.0350000      54029.2      19.2260    0.0190000      54029.2      19.1360    0.0230000      54029.2      19.0880    0.0210000      54029.2      18.8790    0.0460000
       54348.307      19.7320    0.0590000      54348.3      19.3930    0.0180000      54348.3      19.3190    0.0210000      54348.3      19.1690    0.0220000      54348.3      18.9360    0.0450000
       54358.263     -99.9900    0.0440000      54358.3      19.3700    0.0160000      54358.3      19.3200    0.0270000      54358.3      19.1530    0.0210000      54358.3      19.0660    0.0560000
       54365.296      19.7010    0.0480000      54365.3      19.3930    0.0190000      54365.3      19.3410    0.0310000      54365.3      19.1910    0.0420000      54365.3      18.8700    0.0470000
       54373.370      19.8220     0.111000      54373.4      19.4180    0.0290000      54373.4      19.3410    0.0260000      54373.4      19.2060    0.0300000      54373.4      18.9030    0.0480000
       54381.316      19.6540    0.0350000      54381.3      19.4150    0.0160000      54381.3      19.3480    0.0160000      54381.3      19.1950    0.0190000      54381.3      18.8800    0.0390000
       54386.308      19.6370    0.0350000      54386.3      19.4070    0.0150000      54386.3      19.3080    0.0170000      54386.3      19.2350    0.0240000      54386.3      18.9930    0.0430000
       54388.312      19.6410    0.0370000      54388.3      19.3890    0.0150000      54388.3      19.3550    0.0160000      54388.3      19.1960    0.0210000      54388.3      19.0090    0.0370000
       54403.226      19.6990    0.0570000      54403.2      19.3830    0.0220000      54403.2      19.3300    0.0220000      54403.2      19.2130    0.0280000      54403.2      18.9480    0.0490000
       54404.284      19.5860    0.0450000      54404.3      19.3990    0.0210000      54404.3      19.3340    0.0160000      54404.3      19.1680    0.0180000      54404.3      19.0340    0.0420000
       54405.282     -99.9900    0.0470000      54405.3      19.3720    0.0210000      54405.3      19.3240    0.0190000      54405.3      19.2000    0.0170000      54405.3      18.9590    0.0390000
       54406.220      19.7440    0.0320000      54406.2      19.4050    0.0160000      54406.2      19.3530    0.0290000      54406.2      19.2180    0.0260000      54406.2      18.9970    0.0380000
       54412.223      19.6690    0.0440000      54412.2      19.4070    0.0170000      54412.2      19.3390    0.0200000      54412.2      19.1900    0.0220000      54412.2      19.0530    0.0580000
       52197.000       19.421000     0.030000000       52197.000       19.126000     0.023000000       52197.000       19.022000     0.020000000       52197.000       18.917000     0.019000000       52197.000       18.613000     0.032000000
       51075       19.536000     0.029000000       51075       19.211000     0.016000000       51075       19.135000     0.017000000       51075       19.003000     0.020000000       51075       18.725000     0.048000000
       51134       19.436000     0.031000000       51134       19.187000     0.025000000       51134       19.091000     0.021000000       51134       19.041000     0.022000000       51134       18.766000     0.059000000
       52196       19.331000     0.035000000       52196       19.116000     0.021000000       52196       19.020000     0.020000000       52196       18.920000     0.017000000       52196       18.622000     0.035000000
       52197       19.421000     0.030000000       52197       19.123000     0.018000000       52197       19.026000     0.021000000       52197       18.915000     0.018000000       52197       18.613000     0.032000000
       52225       19.408000     0.028000000       52225       19.080000     0.022000000       52225       19.018000     0.020000000       52225       18.891000     0.017000000       52225       18.652000     0.035000000
       52253       19.317000     0.039000000       52253       19.052000     0.022000000       52253       18.994000     0.024000000       52253       18.894000     0.021000000       52253       18.730000     0.046000000
       52557       19.248000     0.034000000       52557       18.923000     0.018000000       52557       18.894000     0.016000000       52557       18.773000     0.020000000       52557       18.619000     0.038000000
       52578       19.269000     0.027000000       52578       18.932000     0.013000000       52578       18.891000     0.018000000       52578       18.801000     0.016000000       52578       18.577000     0.032000000
       52908       19.573000     0.035000000       52908       19.206000     0.016000000       52908       19.073000     0.015000000       52908       19.010000     0.019000000       52908       18.774000     0.040000000
       52911       19.550000     0.033000000       52911       19.203000     0.025000000       52911       19.116000     0.018000000       52911       19.007000     0.018000000       52911       18.767000     0.045000000
       52930       19.569000     0.038000000       52930       19.238000     0.030000000       52930       19.074000     0.028000000       52930       18.952000     0.026000000       52930       18.719000     0.045000000
       52934       19.510000     0.032000000       52934       19.192000     0.026000000       52934       19.081000     0.020000000       52934       18.990000     0.026000000       52934       18.722000     0.041000000
       52936       19.617000     0.031000000       52936       19.212000     0.016000000       52936       19.087000     0.020000000       52936       18.961000     0.019000000       52936       18.759000     0.036000000
       52962       19.484000     0.035000000       52962       19.220000     0.018000000       52962       19.127000     0.021000000       52962       18.956000     0.020000000       52962       18.724000     0.044000000
       52962       19.523000     0.034000000       52962       19.199000     0.019000000       52962       19.099000     0.019000000       52962       19.013000     0.021000000       52962       18.701000     0.040000000
       53270       19.404000     0.031000000       53270       19.132000     0.015000000       53270       19.069000     0.014000000       53270       18.981000     0.016000000       53270       18.724000     0.034000000
       53272       19.425000     0.038000000       53272       19.128000     0.020000000       53272       19.070000     0.016000000       53272       18.955000     0.019000000       53272       18.717000     0.040000000
       53286       19.410000     0.038000000       53286       19.107000     0.021000000       53286       19.092000     0.023000000       53286       18.985000     0.023000000       53286       18.754000     0.048000000
       53288       19.402000     0.031000000       53288       19.119000     0.015000000       53288       19.076000     0.022000000       53288       18.973000     0.019000000       53288       18.758000     0.033000000
       53294       19.464000     0.038000000       53294       19.115000     0.023000000       53294       19.128000     0.024000000       53294       19.010000     0.023000000       53294       18.722000     0.046000000
       53312       19.528000     0.040000000       53312       19.150000     0.022000000       53312       19.152000     0.019000000       53312       19.029000     0.024000000       53312       18.758000     0.056000000
       53314       19.459000     0.029000000       53314       19.189000     0.017000000       53314       19.139000     0.020000000       53314       18.999000     0.018000000       53314       18.798000     0.043000000
