       51081.281      20.7390     0.106000      51081.3      20.4790    0.0340000      51081.3      20.3020    0.0360000      51081.3      19.9480    0.0400000      51081.3      20.1630     0.181000
       51467.376      20.5810     0.104000      51467.4      20.4670    0.0340000      51467.4      20.2940    0.0410000      51467.4      20.0460    0.0460000      51467.4      19.9770     0.176000
       51819.352      20.3470    0.0630000      51819.4      20.1460    0.0200000      51819.4      20.1030    0.0270000      51819.4      19.8680    0.0290000      51819.4      19.8050    0.0970000
       52558.317      20.6680    0.0700000      52558.3      20.4010    0.0240000      52558.3      20.2710    0.0250000      52558.3      20.0590    0.0260000      52558.3      20.1380     0.100000
       52577.205      20.6570    0.0680000      52577.2      20.4400    0.0220000      52577.2      20.3450    0.0300000      52577.2      20.0990    0.0330000      52577.2      20.1510     0.130000
       52586.208      20.6440    0.0700000      52586.2      20.5160    0.0250000      52586.2      20.3200    0.0330000      52586.2      20.1810    0.0450000      52586.2      20.2050     0.171000
       52910.289      20.3550    0.0530000      52910.3      20.2640    0.0200000      52910.3      20.2130    0.0240000      52910.3      20.0000    0.0270000      52910.3      19.9170    0.0910000
       52931.219      20.4140    0.0620000      52931.2      20.2950    0.0230000      52931.2      20.1580    0.0250000      52931.2      19.9410    0.0300000      52931.2      20.1110     0.120000
       52935.216      20.4690    0.0610000      52935.2      20.2590    0.0210000      52935.2      20.2200    0.0270000      52935.2      20.0000    0.0300000      52935.2      20.1150     0.119000
       52959.159      20.4570    0.0510000      52959.2      20.2910    0.0190000      52959.2      20.1890    0.0220000      52959.2      19.9760    0.0240000      52959.2      20.1140    0.0930000
       52963.139      20.4170    0.0470000      52963.1      20.2920    0.0190000      52963.1      20.1950    0.0210000      52963.1      19.9940    0.0230000      52963.1      20.0180    0.0770000
       53313.209     -99.9900    0.0960000      53313.2      20.3560    0.0290000      53313.2      20.2050    0.0370000      53313.2      20.0460    0.0510000      53313.2      19.9900     0.176000
       53352.110      20.3350    0.0520000      53352.1      20.1710    0.0180000      53352.1      20.1140    0.0230000      53352.1      19.9170    0.0290000      53352.1      20.1090     0.122000
       53622.318      20.4160    0.0780000      53622.3      20.1430    0.0240000      53622.3      20.0300    0.0270000      53622.3      19.8340    0.0360000      53622.3      19.7620     0.126000
       53634.268      20.3790     0.148000      53634.3      20.1290    0.0560000      53634.3      20.0500    0.0470000      53634.3      19.9210    0.0490000      53634.3      20.0820     0.172000
       53636.273      20.1420     0.100000      53636.3      20.0510    0.0380000      53636.3      20.0500    0.0490000      53636.3      19.7470    0.0420000      53636.3      19.8760     0.146000
       53638.309      20.3870    0.0680000      53638.3      20.2050    0.0240000      53638.3      20.0620    0.0250000      53638.3      19.8940    0.0260000      53638.3      19.9700    0.0980000
       53640.273      20.5650     0.107000      53640.3      20.1500    0.0290000      53640.3      20.1880    0.0360000      53640.3     -99.9900    0.0440000      53640.3      19.8880     0.123000
       53655.245      20.4260     0.153000      53655.2      20.2520    0.0610000      53655.2      20.2020    0.0570000      53655.2      19.9590    0.0560000      53655.2      20.1530     0.232000
       53664.270      20.3420     0.123000      53664.3      20.1730    0.0390000      53664.3      20.1210    0.0430000      53664.3      19.8680    0.0380000      53664.3      19.7720     0.109000
       53666.234      20.4820    0.0700000      53666.2      20.2010    0.0240000      53666.2      20.0940    0.0250000      53666.2      19.9300    0.0300000      53666.2      20.2010     0.133000
       53669.229      20.2320    0.0470000      53669.2      20.1830    0.0180000      53669.2      20.0570    0.0210000      53669.2      19.8960    0.0260000      53669.2      19.9940     0.104000
       53671.314      20.3290    0.0950000      53671.3      20.2340    0.0270000      53671.3      20.1310    0.0340000      53671.3      19.8740    0.0390000      53671.3      19.8280     0.123000
       53674.214      20.4140    0.0650000      53674.2      20.1380    0.0190000      53674.2      20.1040    0.0250000      53674.2      19.8730    0.0270000      53674.2      19.9830     0.106000
       53676.303      20.3770    0.0720000      53676.3      20.1850    0.0210000      53676.3      20.0510    0.0250000      53676.3      19.8850    0.0260000      53676.3      19.7900    0.0850000
       53679.275      20.5170    0.0880000      53679.3      20.2350    0.0250000      53679.3      20.0960    0.0300000      53679.3      19.8270    0.0350000      53679.3      20.0320     0.155000
       53681.266     -99.9900    0.0750000      53681.3      20.2450    0.0230000      53681.3      20.1110    0.0270000      53681.3      19.9120    0.0320000      53681.3      19.9480     0.109000
       53685.226      20.1020     0.185000      53685.2     -99.9900    0.0740000      53685.2      20.0670    0.0770000      53685.2      19.9870    0.0680000      53685.2      19.8250     0.161000
       53694.239     -99.9900     0.226000      53694.2      20.2980    0.0930000      53694.2      20.5480     0.113000      53694.2     -99.9900     0.101000      53694.2      20.1050     0.260000
       53697.223      20.2520    0.0850000      53697.2      20.2100    0.0260000      53697.2      20.1220    0.0360000      53697.2      19.9110    0.0380000      53697.2      20.3040     0.171000
       53700.222      20.3790    0.0730000      53700.2      20.2730    0.0230000      53700.2      20.1270    0.0270000      53700.2      19.9360    0.0310000      53700.2      19.8540     0.106000
       53705.209      20.3750    0.0650000      53705.2      20.2380    0.0220000      53705.2      20.0790    0.0250000      53705.2      19.8940    0.0270000      53705.2      20.1030    0.0990000
       53975.294      20.8090    0.0900000      53975.3     -99.9900    0.0390000      53975.3      20.3350    0.0350000      53975.3      20.1230    0.0410000      53975.3     -99.9900     0.181000
       53993.362     -99.9900     0.111000      53993.4      20.5950    0.0310000      53993.4      20.3580    0.0420000      53993.4      20.1480    0.0410000      53993.4      20.3700     0.152000
       53994.317      20.8120    0.0750000      53994.3      20.6200    0.0260000      53994.3      20.3990    0.0270000      53994.3      20.1570    0.0330000      53994.3      20.3090     0.137000
       53996.301      20.8950    0.0830000      53996.3      20.5960    0.0270000      53996.3      20.4540    0.0320000      53996.3      20.1230    0.0320000      53996.3      19.9930     0.103000
       53998.269     -99.9900    0.0770000      53998.3     -99.9900    0.0490000      53998.3      20.4030    0.0260000      53998.3      20.2000    0.0310000      53998.3      20.0100     0.199000
       54005.300      20.8360    0.0660000      54005.3      20.6800    0.0260000      54005.3      20.4520    0.0270000      54005.3      20.2290    0.0300000      54005.3      20.4370     0.114000
       54010.255      20.8250    0.0930000      54010.3      20.7330    0.0410000      54010.3      20.4130    0.0330000      54010.3      20.1420    0.0320000      54010.3      20.1720    0.0890000
       54012.248      20.9090     0.174000      54012.2      20.5760    0.0650000      54012.2      20.5260    0.0580000      54012.2      20.2120    0.0420000      54012.2      20.1290     0.103000
       54020.254      20.8460     0.131000      54020.3      20.7350    0.0540000      54020.3      20.5660    0.0530000      54020.3      20.2670    0.0540000      54020.3      20.0590     0.146000
       54024.335      21.0560     0.139000      54024.3      20.8380    0.0510000      54024.3      20.6240    0.0570000      54024.3      20.2240    0.0650000      54024.3      20.1220     0.157000
       54028.244      21.0560     0.114000      54028.2      20.6990    0.0330000      54028.2      20.5490    0.0410000      54028.2      20.2540    0.0380000      54028.2      20.2910     0.142000
       54030.247      21.0420    0.0920000      54030.2      20.7340    0.0270000      54030.2      20.5350    0.0280000      54030.2      20.2430    0.0320000      54030.2      20.2930     0.109000
       54035.323      20.8690     0.137000      54035.3      20.8150    0.0520000      54035.3      20.4350    0.0480000      54035.3      20.2450    0.0570000      54035.3      20.2640     0.206000
       54037.229      20.7980    0.0880000      54037.2      20.6950    0.0320000      54037.2      20.4540    0.0350000      54037.2      20.1830    0.0430000      54037.2      20.2480     0.132000
       54040.243      20.8410     0.172000      54040.2      20.8250    0.0810000      54040.2      20.5480    0.0610000      54040.2      20.2090    0.0490000      54040.2      20.2550     0.145000
       54047.274      99.9080      99.9990      54047.3      20.8320     0.158000      54047.3      20.6480    0.0960000      54047.3     -99.9900    0.0820000      54047.3      20.4200     0.286000
       54049.270      20.9150     0.244000      54049.3      20.7350    0.0920000      54049.3      20.5610    0.0690000      54049.3      20.4750    0.0710000      54049.3      20.3780     0.230000
       54053.234     -99.9900    0.0970000      54053.2      20.7230    0.0370000      54053.2      20.5410    0.0370000      54053.2      20.2360    0.0360000      54053.2      20.2690     0.124000
       54056.236      20.9460     0.189000      54056.2      20.7680    0.0450000      54056.2      20.5030    0.0790000      54056.2      20.2450    0.0530000      54056.2      20.2050     0.189000
       54059.230      20.9210     0.202000      54059.2     -99.9900    0.0690000      54059.2     -99.9900    0.0830000      54059.2      20.3810    0.0970000      54059.2      19.9950     0.275000
       54062.235      20.9220     0.140000      54062.2      20.9430    0.0570000      54062.2      20.6690    0.0590000      54062.2      20.3380    0.0660000      54062.2      20.5060     0.310000
       54068.215      20.9890     0.242000      54068.2      20.7550    0.0920000      54068.2      20.5580    0.0950000      54068.2      20.2720    0.0700000      54068.2      20.2710     0.194000
       54357.273      20.9410    0.0910000      54357.3      20.6980    0.0360000      54357.3      20.5820    0.0350000      54357.3      20.3210    0.0380000      54357.3      20.4600     0.134000
       54362.323     -99.9900     0.199000      54362.3     -99.9900     0.315000      54362.3     -99.9900     0.172000      54362.3     -99.9900    0.0730000      54362.3     -99.9900      1.08000
       54382.303      20.7710     0.105000      54382.3     -99.9900    0.0370000      54382.3      20.7260    0.0650000      54382.3      20.3890    0.0570000      54382.3      20.9150     0.330000
       54385.321      20.9220    0.0980000      54385.3      20.7910    0.0300000      54385.3      20.6000    0.0370000      54385.3      20.3060    0.0320000      54385.3      20.2080     0.111000
       54387.321      20.8540     0.100000      54387.3     -99.9900    0.0400000      54387.3      20.6460    0.0410000      54387.3      20.3860    0.0500000      54387.3      20.1770     0.139000
       54392.316      20.9370     0.108000      54392.3      20.8160    0.0480000      54392.3      20.6630    0.0450000      54392.3      20.3930    0.0480000      54392.3      20.7210     0.243000
       54402.314      20.6910     0.182000      54402.3      20.7810    0.0950000      54402.3      20.6130    0.0630000      54402.3      20.3510    0.0560000      54402.3      20.0110     0.132000
       52522.000       20.845000     0.091000000       52522.000       20.467000     0.031000000       52522.000       20.314000     0.031000000       52522.000       20.117000     0.042000000       52522.000       20.082000      0.13200000
       51081       20.684000     0.090000000       51081       20.452000     0.046000000       51081       20.250000     0.044000000       51081       19.937000     0.047000000       51081       20.090000      0.17700000
       51467       20.638000     0.098000000       51467       20.539000     0.039000000       51467       20.383000     0.052000000       51467       20.131000     0.059000000       51467       20.137000      0.21500000
       51819       20.354000     0.057000000       51819       20.166000     0.033000000       51819       20.135000     0.037000000       51819       19.873000     0.045000000       51819       19.828000      0.10500000
       52522       20.887000     0.090000000       52522       20.547000     0.039000000       52522       20.423000     0.054000000       52522       20.259000     0.070000000       52522       20.285000      0.17500000
       52552       20.649000     0.089000000       52552       20.557000     0.044000000       52552       20.502000     0.063000000       52552       20.111000     0.063000000       52552       20.136000      0.22000000
       52558       20.717000     0.062000000       52558       20.464000     0.035000000       52558       20.308000     0.045000000       52558       20.115000     0.062000000       52558       20.261000      0.10900000
       52577       20.823000     0.066000000       52577       20.481000     0.031000000       52577       20.390000     0.048000000       52577       20.120000     0.048000000       52577       20.291000      0.16100000
       52586       20.687000     0.062000000       52586       20.575000     0.037000000       52586       20.401000     0.055000000       52586       20.265000     0.069000000       52586       20.360000      0.20500000
       52910       20.458000     0.049000000       52910       20.293000     0.031000000       52910       20.259000     0.040000000       52910       20.026000     0.047000000       52910       20.054000      0.12600000
       52931       20.493000     0.058000000       52931       20.376000     0.037000000       52931       20.218000     0.043000000       52931       20.016000     0.046000000       52931       20.213000      0.14300000
       52935       20.483000     0.053000000       52935       20.308000     0.031000000       52935       20.227000     0.040000000       52935       20.005000     0.043000000       52935       20.179000      0.13600000
       52959       20.487000     0.064000000       52959       20.319000     0.028000000       52959       20.203000     0.037000000       52959       20.021000     0.038000000       52959       20.179000      0.11300000
       53313       20.471000      0.10600000       53313       20.360000     0.036000000       53313       20.357000     0.057000000       53313       20.101000     0.076000000       53313       19.844000      0.15800000
       53352       20.423000     0.047000000       53352       20.228000     0.024000000       53352       20.174000     0.043000000       53352       19.975000     0.048000000       53352       20.239000      0.13300000
       53997       20.921000      0.10000000       53997       20.610000     0.039000000       53997       20.483000     0.043000000       53997       20.157000     0.048000000       53997       19.931000      0.13800000
