       51081.282      20.3460    0.0750000      51081.3      20.1140    0.0260000      51081.3      19.7990    0.0270000      51081.3      19.7370    0.0380000      51081.3      19.7430     0.119000
       51819.353      20.1930    0.0550000      51819.4      20.1740    0.0210000      51819.4      19.7640    0.0210000      51819.4      19.7210    0.0290000      51819.4      19.6620    0.0850000
       52558.318      20.3600    0.0540000      52558.3      20.2340    0.0210000      52558.3      19.8490    0.0180000      52558.3      19.7800    0.0230000      52558.3      19.8340    0.0790000
       52577.206      20.3170    0.0480000      52577.2      20.2280    0.0200000      52577.2      19.8630    0.0200000      52577.2      19.7640    0.0300000      52577.2      19.7710     0.132000
       52586.209      20.3850    0.0580000      52586.2      20.2720    0.0230000      52586.2      19.8640    0.0240000      52586.2      19.7840    0.0350000      52586.2      19.8680     0.121000
       52910.289      20.3350    0.0480000      52910.3      20.1770    0.0190000      52910.3      19.7830    0.0170000      52910.3      19.7750    0.0250000      52910.3      19.7570    0.0780000
       52931.220      20.2770    0.0550000      52931.2      20.1690    0.0210000      52931.2      19.7660    0.0190000      52931.2      19.7220    0.0280000      52931.2      19.7350    0.0840000
       52935.217      20.2490    0.0500000      52935.2      20.1430    0.0210000      52935.2      19.7280    0.0200000      52935.2      19.7070    0.0280000      52935.2      19.8490     0.100000
       52959.160      20.1420    0.0410000      52959.2      20.0910    0.0170000      52959.2      19.7430    0.0160000      52959.2      19.6690    0.0210000      52959.2      19.7580    0.0650000
       52963.140      20.1290    0.0380000      52963.1      20.0840    0.0170000      52963.1      19.7300    0.0160000      52963.1      19.7010    0.0210000      52963.1      19.8320    0.0740000
       53313.210      20.4320    0.0870000      53313.2      20.1610    0.0270000      53313.2      19.8560    0.0320000      53313.2      19.7580    0.0440000      53313.2      20.0250     0.163000
       53352.111      20.4930    0.0550000      53352.1      20.2310    0.0200000      53352.1      19.8970    0.0210000      53352.1      19.7980    0.0300000      53352.1      19.9010     0.100000
       53622.319      20.2450    0.0670000      53622.3      20.1700    0.0240000      53622.3      19.8380    0.0250000      53622.3      19.7540    0.0360000      53622.3      19.9250     0.137000
       53634.269     -99.9900     0.175000      53634.3      20.2740    0.0690000      53634.3      19.7930    0.0390000      53634.3      19.7440    0.0400000      53634.3      19.8640     0.123000
       53636.274      20.3170     0.120000      53636.3      20.2620    0.0420000      53636.3      19.7930    0.0360000      53636.3      19.7590    0.0410000      53636.3      19.5300    0.0900000
       53638.310      20.3910    0.0670000      53638.3      20.2840    0.0250000      53638.3      19.8730    0.0210000      53638.3      19.8210    0.0280000      53638.3      19.8500    0.0890000
       53640.274      20.2570    0.0770000      53640.3     -99.9900    0.0380000      53640.3      19.8550    0.0310000      53640.3      19.8430    0.0390000      53640.3      19.7260     0.128000
       53655.246      20.0900     0.118000      53655.2      20.3820    0.0620000      53655.2      19.8200    0.0420000      53655.2      19.8870    0.0600000      53655.2      20.0040     0.208000
       53666.235      20.4360    0.0680000      53666.2      20.3140    0.0280000      53666.2      19.9340    0.0240000      53666.2      19.8610    0.0300000      53666.2      19.7280    0.0810000
       53669.230      20.3790    0.0530000      53669.2      20.3500    0.0200000      53669.2      19.9130    0.0200000      53669.2      19.8340    0.0280000      53669.2      19.8840    0.0860000
       53671.315      20.2780    0.0850000      53671.3      20.3370    0.0290000      53671.3      19.8910    0.0300000      53671.3      19.8110    0.0390000      53671.3      19.6560     0.101000
       53674.215      20.3740    0.0620000      53674.2      20.2820    0.0240000      53674.2      19.8900    0.0220000      53674.2      19.8090    0.0300000      53674.2      19.9860     0.100000
       53676.304      20.2280    0.0620000      53676.3      20.3770    0.0240000      53676.3      19.8850    0.0220000      53676.3      19.8150    0.0290000      53676.3      19.8890    0.0810000
       53679.276      20.3450    0.0730000      53679.3      20.2740    0.0260000      53679.3      19.8550    0.0260000      53679.3      19.8270    0.0380000      53679.3      20.0720     0.166000
       53681.267      20.4000    0.0720000      53681.3      20.3090    0.0240000      53681.3      19.8550    0.0250000      53681.3      19.8480    0.0340000      53681.3      19.9100    0.0990000
       53685.226      20.1190     0.166000      53685.2      20.3200     0.100000      53685.2      19.9010    0.0620000      53685.2      19.9010    0.0830000      53685.2      19.9080     0.162000
       53694.240      20.3770     0.228000      53694.2      20.2970    0.0870000      53694.2      19.9270    0.0630000      53694.2      19.9020    0.0800000      53694.2      19.6450     0.166000
       53697.224      20.4610     0.102000      53697.2      20.3350    0.0260000      53697.2      19.8740    0.0320000      53697.2      19.8450    0.0430000      53697.2      19.9080     0.114000
       53700.223      20.3160    0.0660000      53700.2      20.4100    0.0250000      53700.2      19.9680    0.0250000      53700.2      19.8310    0.0320000      53700.2      19.7530    0.0860000
       53705.210      20.3980    0.0620000      53705.2      20.3680    0.0240000      53705.2      19.9070    0.0220000      53705.2      19.8730    0.0280000      53705.2      19.9040    0.0830000
       53975.295      20.4100    0.0730000      53975.3      20.4600    0.0270000      53975.3      20.0150    0.0260000      53975.3      19.9650    0.0380000      53975.3      20.1950     0.142000
       53993.363      20.3690    0.0810000      53993.4      20.3590    0.0280000      53993.4      20.0350    0.0280000      53993.4      19.9900    0.0460000      53993.4      20.0680    0.0920000
       53994.318      20.3320    0.0510000      53994.3      20.3520    0.0210000      53994.3      20.0140    0.0240000      53994.3      19.9230    0.0310000      53994.3      20.1560     0.108000
       53996.302      20.3760    0.0570000      53996.3      20.3880    0.0290000      53996.3      19.9890    0.0230000      53996.3      19.9080    0.0320000      53996.3      19.9270    0.0900000
       53998.271     -99.9900     0.143000      53998.3     -99.9900     0.153000      53998.3      19.9610    0.0190000      53998.3      19.9310    0.0280000      53998.3     -99.9900     0.268000
       54005.301      20.4940    0.0510000      54005.3      20.3750    0.0240000      54005.3      20.0210    0.0220000      54005.3      19.9540    0.0280000      54005.3      20.0810    0.0840000
       54010.256      20.3400    0.0600000      54010.3      20.4140    0.0330000      54010.3      20.0050    0.0250000      54010.3      19.9500    0.0300000      54010.3      20.0870    0.0890000
       54012.249      20.5160     0.127000      54012.2      20.4100    0.0550000      54012.2      19.9940    0.0380000      54012.2      20.0250    0.0420000      54012.2      20.1770     0.119000
       54020.255      20.4190    0.0900000      54020.3      20.3620    0.0470000      54020.3      19.9640    0.0330000      54020.3      19.9500    0.0440000      54020.3      19.9210     0.144000
       54024.336      20.3720    0.0750000      54024.3      20.4880    0.0310000      54024.3      19.9710    0.0330000      54024.3      19.9970    0.0430000      54024.3      20.4890     0.212000
       54028.245      20.4040    0.0620000      54028.2      20.4570    0.0260000      54028.2      20.0250    0.0260000      54028.2      19.9820    0.0360000      54028.2      20.0360     0.108000
       54030.248      20.4460    0.0530000      54030.2      20.4290    0.0230000      54030.2      19.9870    0.0260000      54030.2      19.9670    0.0310000      54030.2      20.0160    0.0820000
       54035.324      20.5810     0.105000      54035.3      20.4720    0.0340000      54035.3      20.0300    0.0340000      54035.3      19.9100    0.0460000      54035.3      20.1980     0.171000
       54037.230      20.5430    0.0650000      54037.2      20.5130    0.0280000      54037.2      20.0470    0.0300000      54037.2      19.9710    0.0390000      54037.2      20.1030     0.115000
       54040.244      20.3880     0.112000      54040.2      20.6500    0.0690000      54040.2      19.9960    0.0410000      54040.2      19.9030    0.0460000      54040.2      20.0710     0.122000
       54047.275     -99.9900     0.215000      54047.3      20.4610    0.0990000      54047.3      19.9060    0.0590000      54047.3      20.0420    0.0750000      54047.3      20.3490     0.252000
       54053.235      20.5640    0.0640000      54053.2      20.5380    0.0350000      54053.2      20.0560    0.0310000      54053.2      20.0250    0.0360000      54053.2      20.1250     0.106000
       54056.237      20.5830    0.0970000      54056.2      20.5610    0.0420000      54056.2      20.0470    0.0380000      54056.2      20.0560    0.0660000      54056.2      19.9390     0.141000
       54062.236      20.8390     0.128000      54062.2      20.5180    0.0420000      54062.2      20.0260    0.0350000      54062.2      20.0550    0.0550000      54062.2      20.2600     0.216000
       54068.216      21.0190     0.243000      54068.2      20.5380    0.0760000      54068.2      20.0890    0.0540000      54068.2      20.1040    0.0670000      54068.2      19.8970     0.126000
       54357.274      20.6600    0.0720000      54357.3      20.6190    0.0300000      54357.3      20.1100    0.0320000      54357.3      20.1330    0.0390000      54357.3      20.1740     0.103000
       54362.324     -99.9900     0.149000      54362.3      20.6240    0.0410000      54362.3      20.1640    0.0460000      54362.3     -99.9900     0.124000      54362.3     -99.9900     0.723000
       54382.304     -99.9900     0.101000      54382.3      20.6660    0.0390000      54382.3      20.1760    0.0310000      54382.3      20.0780    0.0460000      54382.3      19.9510     0.122000
       54385.322      20.6820    0.0730000      54385.3      20.6430    0.0300000      54385.3      20.1380    0.0260000      54385.3      20.1640    0.0380000      54385.3      20.3620     0.105000
       54387.322      20.8110    0.0980000      54387.3      20.6110    0.0300000      54387.3      20.1080    0.0290000      54387.3      20.1140    0.0400000      54387.3      20.3070     0.150000
       54392.317      21.0690     0.130000      54392.3      20.6980    0.0340000      54392.3      20.1400    0.0330000      54392.3      20.1160    0.0440000      54392.3      20.2980     0.151000
       54402.316      20.8100     0.252000      54402.3      20.5400    0.0770000      54402.3      20.1330    0.0450000      54402.3      20.1320    0.0540000      54402.3      20.2870     0.159000
       52522.000       20.307000     0.060000000       52522.000       20.279000     0.030000000       52522.000       19.827000     0.024000000       52522.000       19.798000     0.034000000       52522.000       19.694000     0.094000000
       51081       20.354000     0.069000000       51081       20.111000     0.031000000       51081       19.818000     0.029000000       51081       19.754000     0.039000000       51081       19.738000      0.11600000
       51467       20.506000      0.10200000       51467       20.146000     0.029000000       51467       19.789000     0.028000000       51467       19.659000     0.036000000       51467       19.751000      0.13100000
       51819       20.217000     0.051000000       51819       20.187000     0.032000000       51819       19.755000     0.027000000       51819       19.714000     0.030000000       51819       19.679000     0.084000000
       52522       20.295000     0.056000000       52522       20.268000     0.027000000       52522       19.831000     0.024000000       52522       19.794000     0.034000000       52522       19.687000     0.094000000
       52552       20.319000     0.065000000       52552       20.312000     0.037000000       52552       19.910000     0.043000000       52552       19.714000     0.039000000       52552       19.804000      0.11200000
       52558       20.406000     0.049000000       52558       20.245000     0.031000000       52558       19.849000     0.021000000       52558       19.782000     0.025000000       52558       19.859000     0.081000000
       52577       20.336000     0.046000000       52577       20.259000     0.023000000       52577       19.889000     0.024000000       52577       19.781000     0.029000000       52577       19.672000     0.085000000
       52586       20.468000     0.056000000       52586       20.305000     0.026000000       52586       19.903000     0.026000000       52586       19.806000     0.033000000       52586       19.846000      0.11200000
       52931       20.302000     0.050000000       52931       20.178000     0.031000000       52931       19.767000     0.023000000       52931       19.712000     0.030000000       52931       19.723000     0.082000000
       52935       20.228000     0.044000000       52935       20.167000     0.027000000       52935       19.733000     0.028000000       52935       19.721000     0.027000000       52935       19.823000     0.096000000
       52959       20.207000     0.038000000       52959       20.106000     0.020000000       52959       19.745000     0.022000000       52959       19.680000     0.027000000       52959       19.756000     0.061000000
       52963       20.167000     0.042000000       52963       20.115000     0.021000000       52963       19.728000     0.024000000       52963       19.722000     0.025000000       52963       19.829000     0.075000000
       53313       20.506000     0.084000000       53313       20.240000     0.033000000       53313       19.942000     0.037000000       53313       19.760000     0.053000000       53313       19.950000      0.14500000
       53352       20.482000     0.051000000       53352       20.260000     0.022000000       53352       19.914000     0.024000000       53352       19.814000     0.031000000       53352       19.911000     0.095000000
       53997       20.344000     0.060000000       53997       20.363000     0.029000000       53997       20.018000     0.028000000       53997       19.936000     0.036000000       53997       20.111000      0.13900000
