       51075.299      18.7680    0.0190000      51075.3      18.4860   0.00800000      51075.3      18.3930   0.00900000      51075.3      18.0890   0.00900000      51075.3      18.0250    0.0270000
       51081.283     -99.9900    0.0230000      51081.3      18.4990   0.00900000      51081.3      18.3570   0.00900000      51081.3      18.0780    0.0100000      51081.3      17.9290    0.0270000
       51819.354      19.0760    0.0270000      51819.4      18.8210   0.00900000      51819.4      18.6350    0.0100000      51819.4      18.2590    0.0100000      51819.4      18.2070    0.0270000
       52558.319      18.9810    0.0240000      52558.3      18.7950   0.00900000      52558.3      18.6100   0.00900000      52558.3      18.2580   0.00900000      52558.3      18.2100    0.0260000
       52577.207      19.0480    0.0220000      52577.2      18.8120   0.00900000      52577.2      18.6190   0.00900000      52577.2      18.2580    0.0100000      52577.2      18.1820    0.0270000
       52586.210      19.0340    0.0230000      52586.2      18.8130   0.00900000      52586.2      18.6080    0.0100000      52586.2      18.2760    0.0100000      52586.2      18.1670    0.0300000
       52910.291      19.0980    0.0240000      52910.3      18.8450   0.00900000      52910.3      18.6700   0.00900000      52910.3      18.3000    0.0100000      52910.3      18.2390    0.0250000
       52931.221      19.0250    0.0240000      52931.2      18.8520   0.00900000      52931.2      18.6650    0.0100000      52931.2      18.2830    0.0100000      52931.2      18.2380    0.0280000
       52935.218      19.0380    0.0240000      52935.2      18.8470   0.00900000      52935.2      18.6430    0.0100000      52935.2      18.2850    0.0100000      52935.2      18.1750    0.0260000
       52959.161      18.9920    0.0220000      52959.2      18.8210   0.00900000      52959.2      18.6530   0.00900000      52959.2      18.2620   0.00900000      52959.2      18.2010    0.0220000
       52963.141      18.9810    0.0220000      52963.1      18.7850   0.00900000      52963.1      18.6350   0.00900000      52963.1      18.2740   0.00900000      52963.1      18.1910    0.0210000
       53313.211      18.9360    0.0270000      53313.2      18.7610    0.0100000      53313.2      18.6220    0.0120000      53313.2      18.2670    0.0120000      53313.2      18.2010    0.0360000
       53352.112      18.8970    0.0210000      53352.1      18.7480   0.00800000      53352.1      18.5970   0.00900000      53352.1      18.1500   0.00900000      53352.1      18.2640    0.0260000
       53622.320      18.8800    0.0270000      53622.3      18.7490    0.0100000      53622.3      18.6080    0.0100000      53622.3      18.2480    0.0110000      53622.3      18.2450    0.0330000
       53634.270      18.8990    0.0480000      53634.3      18.7130    0.0190000      53634.3      18.6130    0.0150000      53634.3      18.2640    0.0130000      53634.3      18.2280    0.0320000
       53636.275      18.8980    0.0340000      53636.3      18.7350    0.0140000      53636.3      18.5910    0.0130000      53636.3      18.2760    0.0120000      53636.3      18.1420    0.0300000
       53638.311     -99.9900    0.0250000      53638.3      18.7320    0.0100000      53638.3      18.5850    0.0100000      53638.3      18.2380   0.00900000      53638.3      18.1790    0.0250000
       53640.275     -99.9900    0.0350000      53640.3     -99.9900    0.0740000      53640.3      18.6020    0.0100000      53640.3      18.2500    0.0110000      53640.3     -99.9900    0.0550000
       53655.247      18.9180    0.0430000      53655.2      18.7350    0.0160000      53655.2      18.6150    0.0160000      53655.2      18.2670    0.0160000      53655.2      18.1940    0.0400000
       53664.272      18.9300    0.0350000      53664.3      18.7500    0.0130000      53664.3      18.6160    0.0120000      53664.3      18.2950    0.0110000      53664.3      18.1830    0.0280000
       53666.236      18.8660    0.0250000      53666.2      18.7420    0.0100000      53666.2      18.5850    0.0100000      53666.2      18.2430    0.0100000      53666.2      18.1740    0.0260000
       53669.232      18.9060    0.0220000      53669.2      18.7420   0.00800000      53669.2      18.6050   0.00900000      53669.2      18.2340   0.00900000      53669.2      18.1960    0.0250000
       53671.316      18.8790    0.0300000      53671.3      18.7100   0.00900000      53671.3      18.5780    0.0110000      53671.3      18.2530    0.0110000      53671.3      18.2430    0.0320000
       53674.216      18.9150    0.0260000      53674.2      18.7480   0.00900000      53674.2      18.5900   0.00900000      53674.2      18.2710   0.00900000      53674.2      18.1690    0.0270000
       53676.305      18.8700    0.0280000      53676.3      18.7420   0.00900000      53676.3      18.5910    0.0100000      53676.3      18.2320   0.00900000      53676.3      18.1450    0.0240000
       53679.277      18.9510    0.0300000      53679.3      18.7520   0.00900000      53679.3      18.5800    0.0100000      53679.3      18.2520    0.0110000      53679.3      18.1930    0.0330000
       53681.269      18.9830    0.0280000      53681.3      18.7350   0.00900000      53681.3      18.5920    0.0100000      53681.3      18.2390    0.0100000      53681.3      18.1610    0.0250000
       53685.228      19.0140    0.0610000      53685.2      18.7950    0.0240000      53685.2      18.6180    0.0210000      53685.2      18.2530    0.0160000      53685.2      18.1800    0.0380000
       53694.242     -99.9900    0.0670000      53694.2      18.8710    0.0250000      53694.2      18.6300    0.0200000      53694.2     -99.9900    0.0160000      53694.2      18.2130    0.0510000
       53697.226      18.8830    0.0290000      53697.2      18.7790    0.0110000      53697.2      18.5780    0.0120000      53697.2      18.1520    0.0110000      53697.2      18.1350    0.0240000
       53700.225     -99.9900    0.0280000      53700.2      18.7750   0.00900000      53700.2      18.6270    0.0100000      53700.2      18.2630    0.0100000      53700.2      18.1650    0.0270000
       53705.211      18.9990    0.0290000      53705.2      18.7790   0.00900000      53705.2      18.6050   0.00900000      53705.2      18.2620   0.00900000      53705.2      18.1860    0.0240000
       53975.296      18.9010    0.0240000      53975.3      18.7000    0.0140000      53975.3      18.5030    0.0210000      53975.3      18.2080    0.0260000      53975.3      18.1370    0.0300000
       53993.364     -99.9900    0.0270000      53993.4      18.6480    0.0180000      53993.4      18.4720    0.0210000      53993.4      18.1520    0.0180000      53993.4     -99.9900    0.0280000
       53994.319      18.8130    0.0210000      53994.3      18.6760    0.0150000      53994.3      18.5140    0.0110000      53994.3      18.1850    0.0110000      53994.3      18.1460    0.0250000
       53996.303     -99.9900    0.0240000      53996.3      18.6820    0.0160000      53996.3      18.4970    0.0150000      53996.3      18.1520    0.0140000      53996.3      18.1010    0.0330000
       53998.272     -99.9900    0.0690000      53998.3     -99.9900    0.0290000      53998.3     -99.9900    0.0150000      53998.3     -99.9900    0.0210000      53998.3     -99.9900     0.285000
       54005.302      18.9140    0.0210000      54005.3      18.6790    0.0160000      54005.3      18.5200    0.0150000      54005.3      18.1550    0.0210000      54005.3      18.1010    0.0270000
       54010.257      18.8360    0.0310000      54010.3      18.6690    0.0140000      54010.3      18.4630    0.0120000      54010.3      18.1640    0.0170000      54010.3      18.0360    0.0250000
       54012.250      18.8350    0.0310000      54012.2      18.6530    0.0170000      54012.2      18.4930    0.0130000      54012.2      18.1890    0.0200000      54012.2      18.0820    0.0250000
       54020.256      18.8530    0.0350000      54020.3     -99.9900    0.0220000      54020.3      18.4870    0.0110000      54020.3      18.1420    0.0160000      54020.3      18.0640    0.0330000
       54024.338      18.8830    0.0440000      54024.3      18.6120    0.0210000      54024.3      18.4820    0.0230000      54024.3      18.1800    0.0150000      54024.3      18.0700    0.0310000
       54028.246      18.8120    0.0300000      54028.2      18.6360    0.0130000      54028.2      18.4910    0.0150000      54028.2      18.1530    0.0150000      54028.2      18.0700    0.0270000
       54030.250      18.7900    0.0240000      54030.2      18.6660    0.0150000      54030.2      18.4960    0.0110000      54030.2      18.1550    0.0190000      54030.2      18.1050    0.0290000
       54035.325      18.8470    0.0290000      54035.3     -99.9900    0.0110000      54035.3      18.4910    0.0140000      54035.3      18.1950    0.0150000      54035.3      18.1370    0.0350000
       54037.231     -99.9900    0.0260000      54037.2      18.6300    0.0160000      54037.2      18.4930    0.0170000      54037.2      18.1570    0.0160000      54037.2      18.0930    0.0260000
       54040.245      18.7180    0.0310000      54040.2      18.6460    0.0200000      54040.2      18.5050    0.0130000      54040.2      18.1570    0.0160000      54040.2      18.1010    0.0280000
       54047.276      18.7850    0.0560000      54047.3      18.6330    0.0250000      54047.3      18.4400    0.0280000      54047.3     -99.9900    0.0170000      54047.3      18.1080    0.0450000
       54049.272      18.7830    0.0380000      54049.3      18.6220    0.0200000      54049.3      18.4630    0.0150000      54049.3      18.1620    0.0190000      54049.3      18.0850    0.0350000
       54053.236      18.8400    0.0540000      54053.2      18.6340    0.0170000      54053.2      18.4400    0.0180000      54053.2      18.1500    0.0140000      54053.2      18.0860    0.0320000
       54056.238     -99.9900    0.0410000      54056.2      18.6470    0.0250000      54056.2     -99.9900    0.0230000      54056.2      18.1620    0.0270000      54056.2      18.0540    0.0410000
       54062.237      18.9340    0.0290000      54062.2      18.6090    0.0220000      54062.2      18.5050    0.0150000      54062.2      18.1730    0.0170000      54062.2      18.1440    0.0490000
       54068.218      18.7850    0.0420000      54068.2      18.6200    0.0210000      54068.2      18.4660    0.0170000      54068.2      18.1510    0.0170000      54068.2      18.1110    0.0300000
       54357.275      18.7680    0.0200000      54357.3      18.6210    0.0190000      54357.3      18.4670    0.0160000      54357.3      18.1210    0.0200000      54357.3      18.0390    0.0390000
       54362.325     -99.9900    0.0430000      54362.3      18.6110    0.0180000      54362.3     -99.9900    0.0200000      54362.3     -99.9900     0.224000      54362.3     -99.9900    0.0280000
       54382.305      18.8430    0.0280000      54382.3      18.6320    0.0130000      54382.3      18.4160    0.0170000      54382.3      18.1220    0.0170000      54382.3      18.0020    0.0310000
       54385.323     -99.9900    0.0320000      54385.3      18.6400    0.0150000      54385.3      18.5100    0.0380000      54385.3      18.1520    0.0130000      54385.3      18.0240    0.0220000
       54387.324      18.8250    0.0270000      54387.3      18.5900    0.0250000      54387.3      18.4590    0.0110000      54387.3      18.1670    0.0160000      54387.3      18.0410    0.0270000
       54392.318     -99.9900    0.0280000      54392.3      18.6100    0.0180000      54392.3      18.4400    0.0110000      54392.3      18.1280    0.0140000      54392.3      18.0530    0.0290000
       54402.317     -99.9900    0.0400000      54402.3      18.6650    0.0180000      54402.3      18.4570    0.0150000      54402.3      18.1160    0.0190000      54402.3      18.0010    0.0290000
       52522.000       19.027000     0.028000000       52522.000       18.797000     0.023000000       52522.000       18.596000     0.017000000       52522.000       18.265000     0.017000000       52522.000       18.159000     0.031000000
       51075       18.657000     0.022000000       51075       18.472000     0.015000000       51075       18.367000     0.013000000       51075       18.045000     0.016000000       51075       17.943000     0.035000000
       51819       19.092000     0.026000000       51819       18.830000     0.022000000       51819       18.632000     0.017000000       51819       18.255000     0.016000000       51819       18.189000     0.032000000
       52522       19.024000     0.026000000       52522       18.841000     0.016000000       52522       18.596000     0.018000000       52522       18.265000     0.017000000       52522       18.153000     0.032000000
       52552       19.047000     0.028000000       52552       18.804000     0.036000000       52552       18.644000     0.022000000       52552       18.255000     0.027000000       52552       18.192000     0.035000000
       52558       18.969000     0.030000000       52558       18.829000     0.022000000       52558       18.616000     0.019000000       52558       18.259000     0.025000000       52558       18.176000     0.035000000
       52577       19.054000     0.024000000       52577       18.839000     0.023000000       52577       18.622000     0.014000000       52577       18.264000     0.017000000       52577       18.160000     0.033000000
       52586       19.041000     0.025000000       52586       18.816000     0.014000000       52586       18.602000     0.019000000       52586       18.262000     0.014000000       52586       18.160000     0.038000000
       52910       19.079000     0.023000000       52910       18.834000     0.015000000       52910       18.660000     0.017000000       52910       18.303000     0.014000000       52910       18.238000     0.032000000
       52931       19.028000     0.027000000       52931       18.844000     0.017000000       52931       18.660000     0.015000000       52931       18.271000     0.016000000       52931       18.186000     0.030000000
       52935       19.007000     0.025000000       52935       18.851000     0.014000000       52935       18.643000     0.014000000       52935       18.284000     0.017000000       52935       18.149000     0.028000000
       52959       19.010000     0.021000000       52959       18.839000     0.016000000       52959       18.648000     0.018000000       52959       18.273000     0.015000000       52959       18.196000     0.027000000
       53313       18.949000     0.028000000       53313       18.804000     0.019000000       53313       18.648000     0.027000000       53313       18.272000     0.016000000       53313       18.204000     0.039000000
       53352       18.922000     0.032000000       53352       18.765000     0.015000000       53352       18.591000     0.017000000       53352       18.143000     0.016000000       53352       18.237000     0.029000000
       53997       18.864000     0.027000000       53997       18.618000     0.033000000       53997       18.501000     0.019000000       53997       18.172000     0.015000000       53997       18.061000     0.026000000
