       51075.292      19.8200    0.0400000      51075.3      19.8160    0.0170000      51075.3      19.5960    0.0180000      51075.3      19.5690    0.0280000      51075.3      19.3680    0.0820000
       52196.292      19.8210    0.0420000      52196.3      19.6720    0.0150000      52196.3      19.4800    0.0150000      52196.3      19.4180    0.0180000      52196.3      19.4340    0.0720000
       52197.305      19.7330    0.0410000      52197.3      19.6440    0.0140000      52197.3      19.4940    0.0150000      52197.3      19.4000    0.0160000      52197.3      19.4080    0.0600000
       52225.155      19.7260    0.0380000      52225.2      19.6640    0.0140000      52225.2      19.4930    0.0160000      52225.2      19.4480    0.0190000      52225.2      19.4960    0.0660000
       52231.191      19.7130    0.0380000      52231.2      19.6830    0.0140000      52231.2      19.4680    0.0150000      52231.2      19.3990    0.0160000      52231.2      19.3510    0.0560000
       52253.177     -99.9900    0.0600000      52253.2      19.6320    0.0230000      52253.2      19.4900    0.0200000      52253.2      19.4340    0.0230000      52253.2      19.5070    0.0880000
       52557.299      19.7840    0.0490000      52557.3      19.7650    0.0170000      52557.3      19.5590    0.0180000      52557.3      19.4320    0.0210000      52557.3      19.5330    0.0760000
       52578.195      19.7420    0.0380000      52578.2      19.6570    0.0140000      52578.2      19.4990    0.0150000      52578.2      19.4550    0.0180000      52578.2      19.3960    0.0600000
       52908.274      19.6760    0.0430000      52908.3      19.5750    0.0140000      52908.3      19.3920    0.0150000      52908.3      19.3460    0.0190000      52908.3      19.2210    0.0610000
       52911.288      19.6340    0.0430000      52911.3      19.5770    0.0150000      52911.3      19.4180    0.0170000      52911.3      19.3450    0.0210000      52911.3      19.3210    0.0700000
       52930.165      19.6650    0.0440000      52930.2      19.5900    0.0140000      52930.2      19.4010    0.0170000      52930.2      19.3420    0.0200000      52930.2      19.2510    0.0640000
       52934.206      19.6640    0.0460000      52934.2      19.5520    0.0140000      52934.2      19.3490    0.0160000      52934.2      19.3210    0.0210000      52934.2      19.3890    0.0760000
       52936.202      19.6770    0.0390000      52936.2      19.5810    0.0130000      52936.2      19.3970    0.0140000      52936.2      19.3450    0.0160000      52936.2      19.3620    0.0550000
       52962.127      19.6520    0.0390000      52962.1      19.5550    0.0150000      52962.1      19.3770    0.0170000      52962.1      19.3340    0.0200000      52962.1      19.3000    0.0610000
       53270.266      19.7330    0.0350000      53270.3      19.6830    0.0230000      53270.3      19.4900    0.0210000      53270.3      19.3680    0.0190000      53270.3      19.3680    0.0510000
       53272.316      19.8620    0.0570000      53272.3      19.7240    0.0210000      53272.3      19.5010    0.0200000      53272.3      19.4480    0.0200000      53272.3      19.3790    0.0580000
       53286.284      19.8000    0.0620000      53286.3      19.6890    0.0210000      53286.3      19.4970    0.0220000      53286.3      19.4000    0.0230000      53286.3      19.2910    0.0820000
       53288.243      19.8060    0.0430000      53288.2      19.6970    0.0140000      53288.2      19.4820    0.0150000      53288.2      19.3890    0.0160000      53288.2      19.3910    0.0520000
       53294.291      19.7640    0.0510000      53294.3      19.6150    0.0160000      53294.3      19.4300    0.0190000      53294.3      19.3550    0.0220000      53294.3      19.2910    0.0720000
       53302.239      19.6790    0.0760000      53302.2      19.7480    0.0330000      53302.2      19.4220    0.0250000      53302.2      19.4290    0.0240000      53302.2      19.3640    0.0640000
       53312.194      19.8080    0.0490000      53312.2      19.7040    0.0250000      53312.2      19.4550    0.0210000      53312.2      19.3990    0.0270000      53312.2      19.4220    0.0850000
       53314.195      19.6960    0.0400000      53314.2      19.6670    0.0140000      53314.2      19.4660    0.0170000      53314.2      19.4200    0.0200000      53314.2      19.5010    0.0740000
       53616.300      19.6860    0.0570000      53616.3      19.6350    0.0170000      53616.3      19.4520    0.0190000      53616.3      19.3520    0.0240000      53616.3      19.3640    0.0800000
       53623.290      19.7030    0.0440000      53623.3      19.6240    0.0210000      53623.3      19.4240    0.0160000      53623.3      19.3310    0.0170000      53623.3      19.4240    0.0710000
       53626.276     -99.9900    0.0950000      53626.3      19.6340    0.0190000      53626.3      19.4660    0.0240000      53626.3      19.3560    0.0200000      53626.3      19.3320    0.0580000
       53628.261      19.5680    0.0850000      53628.3      19.6380    0.0390000      53628.3      19.4410    0.0280000      53628.3      19.3790    0.0260000      53628.3      19.3820    0.0780000
       53637.263      19.7120    0.0630000      53637.3      19.6180    0.0240000      53637.3      19.4600    0.0230000      53637.3      19.3850    0.0270000      53637.3      19.4440     0.105000
       53639.308      19.6710    0.0450000      53639.3      19.6630    0.0160000      53639.3      19.4580    0.0160000      53639.3      19.3820    0.0180000      53639.3      19.3020    0.0570000
       53644.255      19.6760    0.0410000      53644.3      19.6400    0.0190000      53644.3      19.4370    0.0210000      53644.3      19.3530    0.0200000      53644.3      19.3820    0.0540000
       53654.290      19.6630    0.0410000      53654.3      19.6030    0.0140000      53654.3      19.4720    0.0160000      53654.3      19.3300    0.0180000      53654.3      19.4280    0.0660000
       53656.237      19.6960    0.0800000      53656.2      19.6700    0.0370000      53656.2      19.4860    0.0290000      53656.2      19.3980    0.0270000      53656.2      19.3020    0.0740000
       53663.251      19.7990    0.0660000      53663.3      19.6640    0.0230000      53663.2      19.4600    0.0190000      53663.2      19.4250    0.0180000      53663.2      19.3260    0.0510000
       53665.228     -99.9900     0.147000      53665.2      19.5980    0.0850000      53665.2      19.4690    0.0940000      53665.2      19.4200     0.109000      53665.2      19.3180     0.285000
       53668.240      19.6150    0.0520000      53668.2      19.7020    0.0170000      53668.2      19.4840    0.0210000      53668.2      19.4190    0.0270000      53668.2      19.3060    0.0830000
       53670.245      19.6940    0.0430000      53670.2      19.6840    0.0140000      53670.2      19.4420    0.0160000      53670.2      19.4280    0.0190000      53670.2      19.3640    0.0610000
       53673.213      19.6610    0.0400000      53673.2      19.6670    0.0140000      53673.2      19.4530    0.0160000      53673.2      19.3950    0.0180000      53673.2      19.4560    0.0610000
       53675.210      19.7800    0.0480000      53675.2      19.6990    0.0160000      53675.2      19.4690    0.0200000      53675.2      19.3970    0.0240000      53675.2      19.3740    0.0750000
       53677.231      19.7190    0.0380000      53677.2      19.6560    0.0130000      53677.2      19.4450    0.0140000      53677.2      19.3650    0.0150000      53677.2      19.4170    0.0480000
       53680.218      19.7140    0.0440000      53680.2      19.6780    0.0150000      53680.2      19.4610    0.0160000      53680.2      19.3810    0.0170000      53680.2      19.3030    0.0540000
       53693.219      19.7770    0.0890000      53693.2      19.6220    0.0320000      53693.2      19.4310    0.0220000      53693.2      19.4170    0.0230000      53693.2      19.4100    0.0700000
       53704.203      19.6700    0.0490000      53704.2      19.6340    0.0140000      53704.2      19.4390    0.0160000      53704.2      19.3980    0.0180000      53704.2      19.2700    0.0570000
       53974.295      19.7100    0.0370000      53974.3      19.6390    0.0230000      53974.3      19.4470    0.0180000      53974.3      19.3710    0.0200000      53974.3      19.4080    0.0510000
       53989.299      19.6930    0.0640000      53989.3     -99.9900    0.0360000      53989.3      19.4790    0.0270000      53989.3      19.3190    0.0210000      53989.3      19.2900    0.0530000
       53997.394      19.6970    0.0400000      53997.4      19.6570    0.0230000      53997.4      19.3750    0.0240000      53997.4      19.3040    0.0190000      53997.4      19.4380    0.0540000
       54000.274      19.5670    0.0400000      54000.3      19.6010    0.0200000      54000.3      19.4030    0.0220000      54000.3      19.3510    0.0230000      54000.3      19.2560    0.0660000
       54007.324      19.5970    0.0380000      54007.3      19.6380    0.0310000      54007.3      19.3930    0.0270000      54007.3      19.3270    0.0260000      54007.3      19.3520    0.0640000
       54009.248      19.6630    0.0450000      54009.2      19.6010    0.0180000      54009.2      19.4230    0.0200000      54009.2      19.3550    0.0180000      54009.2      19.2990    0.0510000
       54011.313      19.7010    0.0470000      54011.3      19.6270    0.0250000      54011.3      19.4220    0.0190000      54011.3      19.3430    0.0200000      54011.3      19.3400    0.0470000
       54019.263      19.5900    0.0510000      54019.3      19.6270    0.0230000      54019.3      19.4030    0.0170000      54019.3      19.3250    0.0160000      54019.3      19.2730    0.0450000
       54025.312      19.6340    0.0430000      54025.3      19.6010    0.0230000      54025.3      19.4150    0.0200000      54025.3      19.3310    0.0220000      54025.3      19.3800    0.0710000
       54029.242      19.6720    0.0410000      54029.2      19.6180    0.0200000      54029.2      19.4090    0.0190000      54029.2      19.3520    0.0230000      54029.2      19.3090    0.0620000
       54348.309      19.8520    0.0540000      54348.3      19.7850    0.0220000      54348.3      19.5320    0.0190000      54348.3      19.4680    0.0240000      54348.3      19.6090    0.0770000
       54358.265      19.7390    0.0510000      54358.3      19.7660    0.0280000      54358.3      19.5520    0.0230000      54358.3      19.4920    0.0280000      54358.3      19.4860    0.0710000
       54365.298      19.9780    0.0600000      54365.3      19.7960    0.0230000      54365.3      19.5940    0.0250000      54365.3      19.5180    0.0280000      54365.3      19.4110    0.0750000
       54373.372      19.7600    0.0980000      54373.4      19.8560    0.0470000      54373.4      19.5770    0.0310000      54373.4      19.5260    0.0310000      54373.4      19.3130    0.0640000
       54381.318      19.8250    0.0410000      54381.3      19.8260    0.0250000      54381.3      19.5570    0.0210000      54381.3      19.4750    0.0220000      54381.3      19.5780    0.0670000
       54386.310      19.7820    0.0530000      54386.3      19.7740    0.0210000      54386.3      19.5710    0.0200000      54386.3      19.4770    0.0230000      54386.3      19.4400    0.0710000
       54388.314      19.7690    0.0420000      54388.3      19.7590    0.0250000      54388.3      19.5350    0.0220000      54388.3      19.4770    0.0220000      54388.3      19.4020    0.0590000
       54403.228      20.0440    0.0880000      54403.2      19.7800    0.0280000      54403.2      19.5380    0.0270000      54403.2      19.5660    0.0280000      54403.2      19.4550    0.0720000
       54404.286      19.8090    0.0620000      54404.3      19.8020    0.0260000      54404.3      19.5510    0.0220000      54404.3      19.4850    0.0250000      54404.3      19.4420    0.0570000
       54405.284      19.8660    0.0570000      54405.3      19.7860    0.0210000      54405.3      19.5370    0.0190000      54405.3      19.4650    0.0220000      54405.3      19.4190    0.0660000
       54406.222      19.9200    0.0470000      54406.2      19.7950    0.0180000      54406.2      19.5420    0.0210000      54406.2      19.4830    0.0240000      54406.2      19.4310    0.0590000
       54412.225      19.8240    0.0520000      54412.2     -99.9900    0.0220000      54412.2      19.5200    0.0330000      54412.2      19.4730    0.0290000      54412.2      19.6460    0.0970000
       52197.000       19.716000     0.040000000       52197.000       19.638000     0.026000000       52197.000       19.481000     0.026000000       52197.000       19.397000     0.021000000       52197.000       19.347000     0.059000000
       51075       19.764000     0.040000000       51075       19.793000     0.020000000       51075       19.581000     0.019000000       51075       19.530000     0.026000000       51075       19.320000     0.082000000
       51134       19.800000     0.048000000       51134       19.835000     0.031000000       51134       19.554000     0.028000000       51134       19.464000     0.037000000       51134       19.385000      0.11500000
       52196       19.776000     0.036000000       52196       19.673000     0.019000000       52196       19.466000     0.018000000       52196       19.395000     0.025000000       52196       19.422000     0.071000000
       52197       19.763000     0.034000000       52197       19.639000     0.027000000       52197       19.484000     0.026000000       52197       19.385000     0.040000000       52197       19.359000     0.058000000
       52225       19.691000     0.032000000       52225       19.672000     0.022000000       52225       19.489000     0.022000000       52225       19.433000     0.027000000       52225       19.471000     0.064000000
       52253       19.721000     0.047000000       52253       19.615000     0.028000000       52253       19.471000     0.022000000       52253       19.427000     0.029000000       52253       19.469000     0.086000000
       52557       19.769000     0.043000000       52557       19.770000     0.020000000       52557       19.558000     0.038000000       52557       19.419000     0.026000000       52557       19.495000     0.075000000
       52578       19.702000     0.031000000       52578       19.670000     0.024000000       52578       19.502000     0.018000000       52578       19.447000     0.021000000       52578       19.367000     0.058000000
       52908       19.631000     0.035000000       52908       19.593000     0.028000000       52908       19.392000     0.019000000       52908       19.322000     0.026000000       52908       19.188000     0.060000000
       52911       19.606000     0.035000000       52911       19.581000     0.027000000       52911       19.418000     0.018000000       52911       19.307000     0.028000000       52911       19.288000     0.067000000
       52930       19.594000     0.036000000       52930       19.590000     0.021000000       52930       19.378000     0.027000000       52930       19.317000     0.032000000       52930       19.193000     0.063000000
       52934       19.641000     0.047000000       52934       19.543000     0.023000000       52934       19.353000     0.020000000       52934       19.325000     0.025000000       52934       19.357000     0.078000000
       52936       19.616000     0.039000000       52936       19.590000     0.022000000       52936       19.384000     0.024000000       52936       19.301000     0.023000000       52936       19.320000     0.055000000
       52962       19.608000     0.031000000       52962       19.558000     0.021000000       52962       19.362000     0.020000000       52962       19.316000     0.026000000       52962       19.271000     0.060000000
       53270       19.721000     0.034000000       53270       19.671000     0.025000000       53270       19.477000     0.023000000       53270       19.349000     0.023000000       53270       19.331000     0.054000000
       53272       19.822000     0.050000000       53272       19.726000     0.029000000       53272       19.481000     0.021000000       53272       19.412000     0.029000000       53272       19.324000     0.055000000
       53286       19.785000     0.050000000       53286       19.692000     0.030000000       53286       19.447000     0.028000000       53286       19.375000     0.030000000       53286       19.271000     0.081000000
       53288       19.719000     0.034000000       53288       19.679000     0.021000000       53288       19.459000     0.020000000       53288       19.352000     0.018000000       53288       19.361000     0.052000000
       53294       19.779000     0.051000000       53294       19.689000     0.032000000       53294       19.407000     0.023000000       53294       19.418000     0.028000000       53294       19.323000     0.071000000
       53312       19.770000     0.045000000       53312       19.648000     0.028000000       53312       19.440000     0.023000000       53312       19.374000     0.031000000       53312       19.403000     0.093000000
       53314       19.694000     0.036000000       53314       19.673000     0.018000000       53314       19.445000     0.020000000       53314       19.397000     0.028000000       53314       19.458000     0.072000000
