       51081.260      19.9390    0.0610000      51081.3      19.8440    0.0200000      51081.3      19.5110    0.0210000      51081.3      19.6340    0.0350000      51081.3      19.5440     0.105000
       51467.356      20.2490     0.100000      51467.4      19.9290    0.0240000      51467.4      19.5620    0.0240000      51467.4      19.7340    0.0410000      51467.4      19.7830     0.154000
       51819.332      19.9180    0.0460000      51819.3      19.7320    0.0150000      51819.3      19.5240    0.0180000      51819.3      19.6140    0.0260000      51819.3      19.5110    0.0760000
       52558.297      20.0700    0.0530000      52558.3      19.8770    0.0160000      52558.3      19.6300    0.0190000      52558.3      19.7160    0.0270000      52558.3      19.6130    0.0730000
       52577.184      20.0090    0.0480000      52577.2      19.8320    0.0170000      52577.2      19.6210    0.0200000      52577.2      19.7800    0.0340000      52577.2      19.6890     0.107000
       52586.188      20.0570    0.0480000      52586.2      19.8340    0.0160000      52586.2      19.6010    0.0200000      52586.2      19.7730    0.0340000      52586.2      19.7180     0.116000
       52910.268      20.3110    0.0540000      52910.3      20.0860    0.0170000      52910.3      19.8110    0.0170000      52910.3      20.0080    0.0310000      52910.3      19.9200     0.100000
       52931.199      20.3160    0.0590000      52931.2      20.0830    0.0190000      52931.2      19.8430    0.0200000      52931.2      19.9560    0.0300000      52931.2      19.6930    0.0830000
       52935.195      20.2640    0.0610000      52935.2      20.0180    0.0190000      52935.2      19.7610    0.0210000      52935.2      19.9320    0.0360000      52935.2      19.5530    0.0880000
       52959.139      20.4450    0.0700000      52959.1      20.1010    0.0180000      52959.1      19.8320    0.0180000      52959.1      19.9470    0.0320000      52959.1      19.9930     0.101000
       52963.119      20.2560    0.0470000      52963.1      20.0880    0.0180000      52963.1      19.8400    0.0190000      52963.1      20.0790    0.0320000      52963.1      19.9820    0.0990000
       53313.189      20.2210    0.0690000      53313.2      19.9370    0.0200000      53313.2      19.6520    0.0210000      53313.2      19.7980    0.0340000      53313.2      19.7000     0.116000
       53352.090      19.9330    0.0440000      53352.1      19.7960    0.0150000      53352.1      19.6470    0.0190000      53352.1      19.7130    0.0300000      53352.1      19.6310    0.0890000
       53622.298     -99.9900    0.0870000      53622.3      19.8330    0.0230000      53622.3      19.5890    0.0210000      53622.3      19.7090    0.0420000      53622.3      19.4780     0.114000
       53634.247      20.1520     0.188000      53634.2      19.8420    0.0640000      53634.2      19.5580    0.0450000      53634.2      19.7360    0.0560000      53634.2      19.4240     0.149000
       53636.253      19.9380    0.0800000      53636.3      19.8400    0.0280000      53636.2      19.5900    0.0250000      53636.3      19.6230    0.0380000      53636.3      19.6580     0.116000
       53638.289      20.0040    0.0510000      53638.3      19.8300    0.0180000      53638.3      19.6280    0.0180000      53638.3      19.7180    0.0260000      53638.3      19.5300    0.0740000
       53655.225      19.9190     0.129000      53655.2      19.9750    0.0530000      53655.2      19.7000    0.0440000      53655.2      19.8350    0.0680000      53655.2      19.6290     0.169000
       53664.250     -99.9900    0.0950000      53664.2      19.8130    0.0310000      53664.2      19.6030    0.0280000      53664.2      19.7200    0.0420000      53664.2      19.6530     0.112000
       53666.213      19.9710    0.0480000      53666.2      19.8120    0.0190000      53666.2      19.6100    0.0190000      53666.2      19.8040    0.0310000      53666.2      19.5950    0.0820000
       53669.209      19.9620    0.0450000      53669.2      19.8230    0.0150000      53669.2      19.5970    0.0180000      53669.2      19.6710    0.0260000      53669.2      19.6650    0.0870000
       53671.294      19.8630    0.0650000      53671.3      19.8270    0.0190000      53671.3      19.5990    0.0200000      53671.3      19.6630    0.0300000      53671.3      19.4970    0.0860000
       53674.193      20.0530    0.0530000      53674.2      19.8270    0.0170000      53674.2      19.5850    0.0190000      53674.2      19.6970    0.0280000      53674.2      19.7200    0.0940000
       53676.283      19.8550    0.0650000      53676.3      19.8960    0.0200000      53676.3      19.6090    0.0210000      53676.3      19.7770    0.0290000      53676.3      19.7610     0.124000
       53679.255      19.9100    0.0590000      53679.3      19.8130    0.0190000      53679.3      19.5690    0.0210000      53679.3      19.6910    0.0330000      53679.3      19.4940    0.0930000
       53681.246      19.9170    0.0510000      53681.2      19.8370    0.0170000      53681.2      19.6260    0.0180000      53681.2      19.7040    0.0250000      53681.2      19.8650    0.0990000
       53685.205      19.8900     0.187000      53685.2      19.6950    0.0860000      53685.2      19.5650    0.0860000      53685.2      19.6860    0.0990000      53685.2      19.5930     0.216000
       53687.244      19.9350     0.136000      53687.2      19.7140    0.0420000      53687.2     -99.9900    0.0380000      53687.2      19.6910    0.0430000      53687.2      19.6820     0.102000
       53694.219     -99.9900     0.164000      53694.2      19.7330    0.0530000      53694.2      19.5920    0.0500000      53694.2      19.8170    0.0700000      53694.2     -99.9900     0.230000
       53697.203     -99.9900     0.133000      53697.2      19.8650    0.0290000      53697.2      19.5880    0.0620000      53697.2      19.9950     0.116000      53697.2      19.8060     0.217000
       53700.202      20.0360    0.0600000      53700.2      19.9060    0.0190000      53700.2      19.6210    0.0190000      53700.2      19.6930    0.0300000      53700.2      19.5540    0.0930000
       53705.189      20.1200    0.0630000      53705.2      19.8800    0.0170000      53705.2      19.6300    0.0190000      53705.2      19.8000    0.0290000      53705.2      19.7750    0.0830000
       53975.274      20.0470    0.0580000      53975.3      19.8040    0.0300000      53975.3      19.5900    0.0180000      53975.3      19.7540    0.0290000      53975.3      19.5080    0.0900000
       53993.342      19.9740    0.0620000      53993.3      19.8790    0.0300000      53993.3     -99.9900    0.0360000      53993.3      19.8100    0.0440000      53993.3      19.5620    0.0820000
       53996.281      20.0750    0.0470000      53996.3      19.8570    0.0230000      53996.3      19.5950    0.0210000      53996.3      19.7750    0.0290000      53996.3      19.6400    0.0870000
       53998.249      20.1470    0.0470000      53998.2      19.8820    0.0210000      53998.2      19.6870    0.0250000      53998.2      19.7830    0.0250000      53998.2      19.7280    0.0720000
       54005.280      20.1130    0.0470000      54005.3      19.8960    0.0210000      54005.3      19.6340    0.0180000      54005.3      19.8110    0.0280000      54005.3      19.7360    0.0780000
       54010.235      20.1330    0.0590000      54010.2      19.9180    0.0250000      54010.2      19.6830    0.0200000      54010.2      19.7730    0.0260000      54010.2     -99.9900    0.0800000
       54012.228      20.0780    0.0940000      54012.2      19.8900    0.0380000      54012.2      19.7120    0.0350000      54012.2      19.8890    0.0470000      54012.2     -99.9900    0.0940000
       54020.234      20.0590    0.0590000      54020.2      19.9320    0.0300000      54020.2      19.6820    0.0250000      54020.2      19.7650    0.0320000      54020.2      19.6420     0.108000
       54022.283      20.1740    0.0600000      54022.3      19.9420    0.0220000      54022.3      19.6470    0.0270000      54022.3      19.8190    0.0410000      54022.3      19.7370    0.0950000
       54028.224      20.2030    0.0540000      54028.2      19.9230    0.0190000      54028.2      19.7030    0.0230000      54028.2      19.8060    0.0320000      54028.2      19.6730    0.0920000
       54030.227      20.0830    0.0460000      54030.2      19.9310    0.0230000      54030.2      19.7060    0.0200000      54030.2      19.8330    0.0270000      54030.2     -99.9900    0.0810000
       54035.303      20.2530    0.0990000      54035.3      19.9620    0.0240000      54035.3      19.7010    0.0300000      54035.3      19.8180    0.0510000      54035.3      19.7920     0.132000
       54037.208      20.0830    0.0640000      54037.2      19.9210    0.0300000      54037.2      19.7030    0.0320000      54037.2      19.7690    0.0410000      54037.2      19.5730     0.179000
       54040.223      20.3670     0.119000      54040.2      19.8910    0.0370000      54040.2      19.7440    0.0370000      54040.2      19.8440    0.0480000      54040.2      19.7650     0.111000
       54049.249      20.3900     0.135000      54049.2      19.9710    0.0390000      54049.2      19.7760    0.0340000      54049.2      19.8820    0.0430000      54049.2      19.8890     0.130000
       54050.207      20.1940     0.108000      54050.2      19.9180    0.0360000      54050.2      19.7070    0.0420000      54050.2      19.8380    0.0650000      54050.2      19.5180     0.190000
       54053.214      20.3390    0.0630000      54053.2      19.9260    0.0190000      54053.2      19.7150    0.0230000      54053.2      19.7660    0.0290000      54053.2      19.9290    0.0920000
       54056.215      20.1330    0.0950000      54056.2      19.9830    0.0290000      54056.2      19.7300    0.0280000      54056.2      19.7570    0.0460000      54056.2      19.7830     0.198000
       54059.210      20.2880    0.0920000      54059.2     -99.9900    0.0410000      54059.2      19.6440    0.0340000      54059.2      19.8350    0.0540000      54059.2      19.8560     0.134000
       54062.214      20.2830    0.0890000      54062.2      20.0140    0.0440000      54062.2      19.7240    0.0250000      54062.2      19.8850    0.0470000      54062.2      19.9220     0.169000
       54357.253      20.2720    0.0630000      54357.3      20.0510    0.0280000      54357.2      19.6790    0.0220000      54357.3      19.8750    0.0280000      54357.3      19.6670    0.0920000
       54362.303      20.2760    0.0560000      54362.3      20.0400    0.0200000      54362.3      19.7260    0.0190000      54362.3      19.9110    0.0340000      54362.3      19.6650    0.0900000
       54376.311     -99.9900     0.863000      54376.3     -99.9900     0.223000      54376.3      19.7250    0.0300000      54376.3     -99.9900     0.452000      54376.3     -99.9900      99.9990
       54385.301      20.1420    0.0520000      54385.3      19.8450    0.0280000      54385.3      19.6720    0.0210000      54385.3      19.7340    0.0250000      54385.3      19.5130     0.122000
       54387.301      19.9800    0.0590000      54387.3      19.8820    0.0220000      54387.3      19.6640    0.0210000      54387.3      19.7760    0.0310000      54387.3      19.6840    0.0860000
       54392.296      20.2040    0.0640000      54392.3      19.8280    0.0300000      54392.3      19.6520    0.0210000      54392.3      19.7070    0.0270000      54392.3      19.5300    0.0630000
       54402.294      20.1390     0.143000      54402.3      19.8410    0.0390000      54402.3      19.6290    0.0340000      54402.3      19.7400    0.0370000      54402.3      19.7800     0.103000
       52522.000       19.989000     0.062000000       52522.000       19.851000     0.028000000       52522.000       19.587000     0.025000000       52522.000       19.663000     0.035000000       52522.000       19.525000      0.10000000
       51081       19.931000     0.054000000       51081       19.845000     0.027000000       51081       19.523000     0.024000000       51081       19.660000     0.037000000       51081       19.565000      0.10600000
       51467       20.292000     0.091000000       51467       19.919000     0.025000000       51467       19.593000     0.027000000       51467       19.763000     0.041000000       51467       19.800000      0.14900000
       51819       19.946000     0.043000000       51819       19.742000     0.025000000       51819       19.540000     0.018000000       51819       19.611000     0.028000000       51819       19.537000     0.076000000
       52522       20.013000     0.054000000       52522       19.854000     0.027000000       52522       19.582000     0.024000000       52522       19.657000     0.033000000       52522       19.522000      0.10000000
       52552       20.122000     0.052000000       52552       19.907000     0.027000000       52552       19.630000     0.022000000       52552       19.761000     0.029000000       52552       19.634000     0.081000000
       52558       20.098000     0.049000000       52558       19.902000     0.025000000       52558       19.653000     0.025000000       52558       19.695000     0.025000000       52558       19.628000     0.071000000
       52577       19.984000     0.048000000       52577       19.843000     0.028000000       52577       19.614000     0.021000000       52577       19.770000     0.034000000       52577       19.686000      0.18000000
       52586       20.079000     0.042000000       52586       19.835000     0.020000000       52586       19.587000     0.025000000       52586       19.753000     0.035000000       52586       19.696000      0.11300000
       52931       20.310000     0.051000000       52931       20.096000     0.019000000       52931       19.843000     0.027000000       52931       19.941000     0.037000000       52931       19.705000      0.11700000
       52935       20.254000     0.054000000       52935       20.042000     0.028000000       52935       19.777000     0.028000000       52935       19.934000     0.036000000       52935       19.602000      0.14800000
       52959       20.434000     0.064000000       52959       20.108000     0.023000000       52959       19.849000     0.022000000       52959       19.962000     0.036000000       52959       19.990000      0.10800000
       52963       20.264000     0.043000000       52963       20.106000     0.021000000       52963       19.825000     0.020000000       52963       20.016000     0.031000000       52963       19.909000      0.11200000
       53313       20.211000     0.062000000       53313       19.944000     0.025000000       53313       19.672000     0.025000000       53313       19.825000     0.045000000       53313       19.674000      0.11100000
       53350       20.077000     0.059000000       53350       19.847000     0.025000000       53350       19.586000     0.023000000       53350       19.747000     0.038000000       53350       19.926000      0.23000000
       53352       20.002000     0.046000000       53352       19.836000     0.028000000       53352       19.664000     0.023000000       53352       19.755000     0.033000000       53352       19.673000     0.088000000
