       51075.291      20.1260    0.0480000      51075.3      19.7910    0.0170000      51075.3      19.4830    0.0170000      51075.3      19.2150    0.0200000      51075.3     -99.9900    0.0710000
       52253.177      20.2250    0.0890000      52253.2      19.9410    0.0250000      52253.2      19.5970    0.0250000      52253.2      19.1980    0.0210000      52253.2      18.8100    0.0630000
       52930.165      20.3380    0.0780000      52930.2      19.9560    0.0190000      52930.2      19.5790    0.0200000      52930.2      19.1980    0.0200000      52930.2      18.9250    0.0670000
       53616.299      20.2830    0.0970000      53616.3      19.8490    0.0200000      53616.3      19.5160    0.0220000      53616.3      19.1490    0.0220000      53616.3      18.8040    0.0680000
       53628.261      20.2700     0.161000      53628.3      19.8450    0.0480000      53628.3      19.6270    0.0350000      53628.3      19.1310    0.0250000      53628.3      18.8310    0.0700000
       53668.240      20.1180    0.0790000      53668.2      19.7730    0.0180000      53668.2      19.4660    0.0210000      53668.2      19.0860    0.0250000      53668.2      18.7000    0.0670000
       52197.000       20.048000     0.048000000       52197.000       19.865000     0.023000000       52197.000       19.657000     0.022000000       52197.000       19.375000     0.022000000       52197.000       18.974000     0.050000000
       51075       20.145000     0.044000000       51075       19.833000     0.018000000       51075       19.583000     0.031000000       51075       19.181000     0.023000000       51075       18.966000     0.067000000
       52196       20.160000     0.047000000       52196       19.842000     0.018000000       52196       19.655000     0.019000000       52196       19.331000     0.026000000       52196       19.032000     0.055000000
       52197       20.109000     0.066000000       52197       19.836000     0.025000000       52197       19.683000     0.020000000       52197       19.395000     0.020000000       52197       18.981000     0.047000000
       52225       20.152000     0.043000000       52225       19.923000     0.027000000       52225       19.691000     0.022000000       52225       19.358000     0.022000000       52225       19.076000     0.050000000
       52231       20.225000     0.046000000       52231       19.966000     0.025000000       52231       19.746000     0.021000000       52231       19.388000     0.022000000       52231       19.122000     0.052000000
       52253       20.250000     0.073000000       52253       20.030000     0.032000000       52253       19.708000     0.027000000       52253       19.303000     0.027000000       52253       18.921000     0.058000000
       52557       20.936000     0.098000000       52557       20.666000     0.047000000       52557       19.995000     0.031000000       52557       19.539000     0.027000000       52557       19.101000     0.063000000
       52578       21.272000     0.097000000       52578       20.767000     0.031000000       52578       20.166000     0.023000000       52578       19.663000     0.022000000       52578       19.259000     0.057000000
       52908       20.404000     0.058000000       52908       20.186000     0.027000000       52908       19.821000     0.023000000       52908       19.454000     0.027000000       52908       19.063000     0.060000000
       52911       20.539000     0.067000000       52911       20.164000     0.028000000       52911       19.797000     0.022000000       52911       19.388000     0.030000000       52911       18.936000     0.061000000
       52930       20.353000     0.065000000       52930       20.026000     0.027000000       52930       19.711000     0.035000000       52930       19.353000     0.030000000       52930       19.046000     0.062000000
       52934       20.331000     0.076000000       52934       20.091000     0.026000000       52934       19.781000     0.026000000       52934       19.330000     0.023000000       52934       19.030000     0.065000000
       52936       20.323000     0.051000000       52936       20.058000     0.026000000       52936       19.749000     0.024000000       52936       19.469000     0.023000000       52936       19.053000     0.047000000
       52962       20.506000     0.057000000       52962       20.121000     0.024000000       52962       19.761000     0.028000000       52962       19.406000     0.025000000       52962       19.078000     0.058000000
       53270       20.631000     0.062000000       53270       20.225000     0.023000000       53270       19.842000     0.022000000       53270       19.457000     0.023000000       53270       19.171000     0.053000000
       53272       20.525000     0.083000000       53272       20.249000     0.033000000       53272       19.855000     0.028000000       53272       19.439000     0.023000000       53272       19.085000     0.051000000
       53286       20.739000      0.10500000       53286       20.286000     0.033000000       53286       19.889000     0.033000000       53286       19.531000     0.036000000       53286       19.041000     0.069000000
       53294       20.555000     0.078000000       53294       20.106000     0.071000000       53294       19.754000     0.027000000       53294       19.296000     0.025000000       53294       19.070000     0.068000000
       53312       20.442000     0.070000000       53312       20.071000     0.028000000       53312       19.731000     0.030000000       53312       19.237000     0.027000000       53312       19.083000     0.076000000
       53314       20.445000     0.057000000       53314       20.112000     0.024000000       53314       19.762000     0.023000000       53314       19.387000     0.024000000       53314       19.097000     0.060000000
