       51075.292      20.1660    0.0520000      51075.3      19.8500    0.0170000      51075.3      19.7520    0.0220000      51075.3      19.3930    0.0270000      51075.3      19.5850     0.113000
       52196.292      19.9410    0.0450000      52196.3      19.7240    0.0150000      52196.3      19.6250    0.0180000      52196.3      19.3220    0.0210000      52196.3      19.3980    0.0730000
       52197.305      19.9890    0.0460000      52197.3      19.7460    0.0140000      52197.3      19.6170    0.0160000      52197.3      19.3430    0.0190000      52197.3      19.2340    0.0560000
       52225.155      20.0620    0.0430000      52225.2      19.7370    0.0140000      52225.2      19.6370    0.0180000      52225.2      19.3550    0.0200000      52225.2      19.3050    0.0610000
       52231.191      19.9080    0.0420000      52231.2      19.7200    0.0140000      52231.2      19.6250    0.0170000      52231.2      19.3370    0.0200000      52231.2      19.1410    0.0500000
       52253.177      19.9560    0.0710000      52253.2      19.6910    0.0200000      52253.2      19.5720    0.0220000      52253.2      19.3390    0.0250000      52253.2      19.2040    0.0710000
       52557.299      19.9250    0.0520000      52557.3      19.6380    0.0150000      52557.3      19.5880    0.0190000      52557.3      19.3590    0.0230000      52557.3      19.2250    0.0650000
       52578.195      19.9190    0.0390000      52578.2      19.6670    0.0130000      52578.2      19.6060    0.0170000      52578.2      19.3650    0.0200000      52578.2      19.3010    0.0590000
       52908.274      20.1560    0.0570000      52908.3      19.6840    0.0150000      52908.3      19.5970    0.0170000      52908.3      19.3930    0.0230000      52908.3      19.1970    0.0680000
       52911.288      20.0160    0.0540000      52911.3      19.7210    0.0160000      52911.3      19.5720    0.0190000      52911.3      19.3850    0.0260000      52911.3      19.2640    0.0750000
       52930.165      20.0020    0.0540000      52930.2      19.6680    0.0150000      52930.2      19.5750    0.0180000      52930.2      19.3250    0.0230000      52930.2      19.1720    0.0660000
       52934.206      20.0160    0.0550000      52934.2      19.7140    0.0150000      52934.2      19.5970    0.0190000      52934.2      19.3200    0.0230000      52934.2      19.2940    0.0790000
       52936.202      20.0090    0.0450000      52936.2      19.7210    0.0140000      52936.2      19.5930    0.0160000      52936.2      19.3740    0.0200000      52936.2      19.2320    0.0590000
       52962.127      20.0700    0.0510000      52962.1      19.7380    0.0160000      52962.1      19.6000    0.0200000      52962.1      19.3050    0.0230000      52962.1      19.1570    0.0600000
       53270.266      19.7960    0.0490000      53270.3      19.4530    0.0170000      53270.3      19.3940    0.0190000      53270.3      19.1700    0.0210000      53270.3      19.0810    0.0430000
       53272.316      19.6890    0.0470000      53272.3      19.4160    0.0180000      53272.3      19.3960    0.0190000      53272.3      19.1590    0.0210000      53272.3      19.0720    0.0540000
       53286.284      19.6350    0.0510000      53286.3      19.4640    0.0200000      53286.3      19.4050    0.0210000      53286.3      19.1910    0.0240000      53286.3      19.1260    0.0710000
       53288.243      19.7960    0.0390000      53288.2      19.4330    0.0120000      53288.2      19.3900    0.0140000      53288.2      19.1550    0.0180000      53288.2      19.1060    0.0480000
       53294.291      19.7930    0.0490000      53294.3      19.4680    0.0130000      53294.3      19.3720    0.0170000      53294.3      19.1500    0.0220000      53294.3      19.1340    0.0680000
       53302.239      19.8140    0.0770000      53302.2      19.5030    0.0250000      53302.2      19.4190    0.0250000      53302.2      19.1560    0.0250000      53302.2      19.1090    0.0600000
       53312.194      19.8140    0.0490000      53312.2      19.5000    0.0190000      53312.2      19.3820    0.0210000      53312.2      19.1460    0.0250000      53312.2      19.0300    0.0630000
       53314.195      19.8090    0.0420000      53314.2      19.4800    0.0130000      53314.2      19.3830    0.0160000      53314.2      19.1610    0.0200000      53314.2      19.1100    0.0600000
       53616.300      19.8300    0.0590000      53616.3      19.5660    0.0180000      53616.3      19.4640    0.0180000      53616.3      19.2120    0.0240000      53616.3      19.0910    0.0690000
       53623.290     -99.9900    0.0480000      53623.3      19.5940    0.0240000      53623.3      19.4500    0.0200000      53623.3      19.1960    0.0230000      53623.3      19.1490    0.0640000
       53626.276     -99.9900    0.0880000      53626.3      19.5980    0.0190000      53626.3      19.4710    0.0240000      53626.3      19.2000    0.0210000      53626.3      19.1120    0.0570000
       53628.261      19.8600     0.109000      53628.3      19.4890    0.0340000      53628.3      19.4290    0.0290000      53628.3      19.1570    0.0270000      53628.3      19.0640    0.0710000
       53637.263      19.8740    0.0700000      53637.3      19.5540    0.0220000      53637.3      19.4650    0.0230000      53637.3      19.1580    0.0260000      53637.3      19.3140     0.102000
       53639.308      19.7610    0.0460000      53639.3      19.5490    0.0150000      53639.3      19.4440    0.0160000      53639.3      19.2240    0.0190000      53639.3      19.0210    0.0470000
       53644.255      19.8350    0.0440000      53644.3      19.5310    0.0240000      53644.3      19.4650    0.0180000      53644.3      19.2270    0.0210000      53644.3      19.1790    0.0460000
       53654.290      19.9260    0.0460000      53654.3      19.5550    0.0130000      53654.3      19.4350    0.0160000      53654.3      19.2190    0.0200000      53654.3      19.0320    0.0500000
       53656.237      19.8270    0.0850000      53656.2      19.5250    0.0310000      53656.2      19.3990    0.0280000      53656.2      19.1480    0.0280000      53656.2      19.1280    0.0730000
       53663.251      19.8590    0.0650000      53663.3      19.5740    0.0220000      53663.2      19.4210    0.0200000      53663.2      19.2270    0.0200000      53663.2      19.0320    0.0450000
       53668.240      19.6350    0.0500000      53668.2      19.4760    0.0140000      53668.2      19.4460    0.0190000      53668.2      19.1730    0.0250000      53668.2      19.0270    0.0690000
       53670.245      19.7280    0.0430000      53670.2      19.5090    0.0130000      53670.2      19.3950    0.0170000      53670.2      19.1520    0.0190000      53670.2      19.0710    0.0500000
       53673.213      19.8260    0.0440000      53673.2      19.5290    0.0130000      53673.2      19.4160    0.0150000      53673.2      19.1690    0.0180000      53673.2      19.0810    0.0510000
       53675.210      19.8460    0.0490000      53675.2      19.5040    0.0130000      53675.2      19.4060    0.0200000      53675.2      19.1410    0.0240000      53675.2      19.1150    0.0650000
       53677.231      19.8010    0.0390000      53677.2      19.5080    0.0120000      53677.2      19.3960    0.0150000      53677.2      19.1820    0.0160000      53677.2      19.1200    0.0420000
       53680.218      19.7830    0.0430000      53680.2      19.5210    0.0140000      53680.2      19.4130    0.0150000      53680.2      19.1630    0.0170000      53680.2      19.1500    0.0520000
       53693.219      19.6600    0.0730000      53693.2      19.4760    0.0270000      53693.2      19.3900    0.0220000      53693.2      19.1620    0.0230000      53693.2      18.9900    0.0500000
       53704.203      19.7180    0.0410000      53704.2      19.4730    0.0130000      53704.2      19.3870    0.0160000      53704.2      19.1840    0.0180000      53704.2      19.1000    0.0520000
       53974.295      19.7650    0.0380000      53974.3      19.5080    0.0210000      53974.3      19.3810    0.0220000      53974.3      19.1600    0.0200000      53974.3      19.0530    0.0450000
       53989.299      19.8460    0.0700000      53989.3      19.5110    0.0260000      53989.3      19.3970    0.0300000      53989.3      19.1280    0.0210000      53989.3      18.8880    0.0470000
       53997.394      19.7640    0.0500000      53997.4      19.5040    0.0160000      53997.4      19.3950    0.0190000      53997.4     -99.9900    0.0240000      53997.4     -99.9900    0.0400000
       54000.274      19.8200    0.0490000      54000.3      19.5010    0.0180000      54000.3      19.3910    0.0220000      54000.3      19.1190    0.0220000      54000.3      19.1700    0.0650000
       54007.324      19.8760    0.0420000      54007.3      19.5480    0.0190000      54007.3      19.4080    0.0250000      54007.3      19.1310    0.0220000      54007.3      19.1540    0.0550000
       54009.248      19.8140    0.0400000      54009.2      19.5080    0.0150000      54009.2      19.4070    0.0180000      54009.2      19.1450    0.0190000      54009.2      19.1750    0.0550000
       54011.313      19.7930    0.0470000      54011.3      19.5410    0.0230000      54011.3      19.4140    0.0210000      54011.3      19.1600    0.0210000      54011.3     -99.9900    0.0440000
       54019.263      19.7960    0.0480000      54019.3      19.5670    0.0220000      54019.3      19.3860    0.0170000      54019.3      19.1880    0.0170000      54019.3      19.0760    0.0430000
       54025.312      19.7380    0.0420000      54025.3      19.5510    0.0190000      54025.3      19.4290    0.0230000      54025.3      19.1700    0.0230000      54025.3      19.1410    0.0600000
       54029.242      19.7670    0.0450000      54029.2      19.5220    0.0190000      54029.2      19.4260    0.0210000      54029.2      19.1890    0.0220000      54029.2      19.1530    0.0660000
       54348.309      19.9960    0.0610000      54348.3      19.7070    0.0250000      54348.3      19.5870    0.0190000      54348.3      19.2950    0.0270000      54348.3      19.1360    0.0580000
       54358.265      19.7990    0.0530000      54358.3      19.6420    0.0240000      54358.3      19.5280    0.0250000      54358.3      19.2060    0.0280000      54358.3      19.0750    0.0570000
       54365.298      19.8350    0.0490000      54365.3      19.6470    0.0230000      54365.3      19.5110    0.0290000      54365.3      19.2300    0.0270000      54365.3      19.2320    0.0640000
       54373.373      20.1220     0.127000      54373.4      19.5440    0.0360000      54373.4      19.4430    0.0290000      54373.4      19.2310    0.0290000      54373.4      19.1850    0.0610000
       54381.318      19.7870    0.0380000      54381.3      19.5620    0.0180000      54381.3      19.4670    0.0180000      54381.3      19.2040    0.0240000      54381.3      19.1850    0.0500000
       54386.310      19.8640    0.0470000      54386.3      19.5390    0.0180000      54386.3      19.4850    0.0180000      54386.3      19.2100    0.0220000      54386.3      19.0990    0.0520000
       54388.314      19.7560    0.0410000      54388.3      19.5770    0.0220000      54388.3      19.4550    0.0180000      54388.3      19.2350    0.0220000      54388.3      19.1720    0.0480000
       54403.228      19.5690    0.0590000      54403.2      19.4760    0.0220000      54403.2      19.3930    0.0230000      54403.2      19.1570    0.0230000      54403.2      19.0430    0.0580000
       54404.286      19.6640    0.0500000      54404.3      19.5150    0.0240000      54404.3      19.4250    0.0180000      54404.3      19.1760    0.0200000      54404.3      19.0790    0.0450000
       54405.284      19.6180    0.0460000      54405.3      19.5060    0.0230000      54405.3      19.4160    0.0210000      54405.3      19.1290    0.0210000      54405.3      19.0790    0.0480000
       54406.222      19.6980    0.0430000      54406.2      19.4810    0.0210000      54406.2      19.4060    0.0170000      54406.2      19.1230    0.0200000      54406.2      19.0500    0.0450000
       54412.225      19.6500    0.0450000      54412.2     -99.9900    0.0240000      54412.2      19.3800    0.0210000      54412.2     -99.9900    0.0240000      54412.2     -99.9900    0.0650000
       52197.000       20.012000     0.050000000       52197.000       19.776000     0.023000000       52197.000       19.630000     0.019000000       52197.000       19.356000     0.024000000       52197.000       19.229000     0.054000000
       51075       20.141000     0.046000000       51075       19.830000     0.021000000       51075       19.774000     0.023000000       51075       19.405000     0.029000000       51075       19.589000      0.11100000
       51134       20.132000     0.056000000       51134       19.891000     0.027000000       51134       19.800000     0.031000000       51134       19.500000     0.046000000       51134       19.574000      0.14600000
       52196       19.929000     0.041000000       52196       19.737000     0.022000000       52196       19.642000     0.019000000       52196       19.327000     0.025000000       52196       19.419000     0.072000000
       52225       20.050000     0.038000000       52225       19.764000     0.025000000       52225       19.657000     0.022000000       52225       19.357000     0.024000000       52225       19.310000     0.060000000
       52231       19.907000     0.038000000       52231       19.736000     0.021000000       52231       19.622000     0.021000000       52231       19.357000     0.020000000       52231       19.161000     0.050000000
       52253       20.003000     0.067000000       52253       19.685000     0.027000000       52253       19.595000     0.024000000       52253       19.350000     0.029000000       52253       19.186000     0.075000000
       52557       19.923000     0.051000000       52557       19.668000     0.022000000       52557       19.603000     0.024000000       52557       19.369000     0.025000000       52557       19.244000     0.066000000
       52578       19.945000     0.042000000       52578       19.670000     0.020000000       52578       19.596000     0.021000000       52578       19.358000     0.029000000       52578       19.308000     0.059000000
       52908       20.121000     0.050000000       52908       19.698000     0.023000000       52908       19.593000     0.023000000       52908       19.383000     0.023000000       52908       19.177000     0.066000000
       52911       20.010000     0.051000000       52911       19.756000     0.019000000       52911       19.566000     0.022000000       52911       19.396000     0.029000000       52911       19.252000     0.075000000
       52930       20.021000     0.052000000       52930       19.681000     0.024000000       52930       19.569000     0.036000000       52930       19.344000     0.030000000       52930       19.179000     0.065000000
       52934       20.029000     0.051000000       52934       19.696000     0.020000000       52934       19.601000     0.028000000       52934       19.329000     0.030000000       52934       19.310000     0.081000000
       52936       20.031000     0.042000000       52936       19.721000     0.029000000       52936       19.601000     0.017000000       52936       19.373000     0.026000000       52936       19.236000     0.058000000
       52962       20.083000     0.048000000       52962       19.732000     0.029000000       52962       19.604000     0.021000000       52962       19.268000     0.031000000       52962       19.147000     0.062000000
       53270       19.795000     0.046000000       53270       19.449000     0.019000000       53270       19.380000     0.020000000       53270       19.174000     0.020000000       53270       19.063000     0.047000000
       53272       19.702000     0.045000000       53272       19.432000     0.021000000       53272       19.383000     0.021000000       53272       19.167000     0.022000000       53272       19.109000     0.055000000
       53286       19.640000     0.051000000       53286       19.492000     0.022000000       53286       19.386000     0.023000000       53286       19.161000     0.026000000       53286       19.109000     0.069000000
       53288       19.784000     0.035000000       53288       19.440000     0.017000000       53288       19.382000     0.018000000       53288       19.139000     0.019000000       53288       19.103000     0.047000000
       53294       19.788000     0.042000000       53294       19.443000     0.022000000       53294       19.344000     0.020000000       53294       19.171000     0.027000000       53294       19.038000     0.061000000
       53312       19.809000     0.049000000       53312       19.536000     0.019000000       53312       19.393000     0.023000000       53312       19.139000     0.028000000       53312       19.045000     0.071000000
       53314       19.798000     0.037000000       53314       19.491000     0.022000000       53314       19.377000     0.018000000       53314       19.159000     0.022000000       53314       19.112000     0.059000000
       53997       19.794000     0.033000000       53997       19.519000     0.024000000       53997       19.436000     0.024000000       53997       19.204000     0.028000000       53997       18.913000     0.048000000
