       52197.311      20.3770    0.0590000      52197.3      19.9250    0.0170000      52197.3      19.9480    0.0210000      52197.3      19.6940    0.0230000      52197.3      19.7290     0.104000
       52934.212      20.8290     0.121000      52934.2      20.0800    0.0220000      52934.2      20.2060    0.0310000      52934.2      19.9380    0.0360000      52934.2      19.6980     0.125000
       53270.272      20.4620    0.0690000      53270.3      20.0100    0.0300000      53270.3      20.1220    0.0270000      53270.3      19.9010    0.0380000      53270.3      19.7970     0.132000
       53294.296      20.3710    0.0830000      53294.3      19.9230    0.0190000      53294.3      20.0290    0.0290000      53294.3      19.8260    0.0330000      53294.3      19.9150     0.157000
       53314.201      20.4600    0.0660000      53314.2      19.9150    0.0170000      53314.2      19.9640    0.0220000      53314.2      19.7720    0.0250000      53314.2      19.5610    0.0940000
       53639.314      20.8960     0.113000      53639.3      20.1550    0.0220000      53639.3      20.2360    0.0290000      53639.3      19.9680    0.0310000      53639.3      19.7720     0.109000
       53654.296      20.7800    0.0930000      53654.3      20.1880    0.0190000      53654.3      20.2850    0.0270000      53654.3      20.0420    0.0300000      53654.3      20.0720     0.132000
       53670.251      20.8170    0.0980000      53670.3      20.2850    0.0210000      53670.2      20.3510    0.0290000      53670.2      20.0560    0.0320000      53670.2      20.0060     0.135000
       53680.223      20.5980    0.0760000      53680.2      20.1780    0.0190000      53680.2      20.2480    0.0260000      53680.2      20.0020    0.0290000      53680.2      19.8760     0.107000
       53693.225      20.6350     0.186000      53693.2      20.1680    0.0460000      53693.2      20.2330    0.0470000      53693.2      20.0000    0.0410000      53693.2      19.8460     0.133000
       53704.209      20.6970     0.107000      53704.2      20.1890    0.0220000      53704.2      20.2390    0.0300000      53704.2      19.9120    0.0340000      53704.2      19.9030     0.151000
       54029.248      20.7750    0.0990000      54029.2      20.2250    0.0240000      54029.2      20.3380    0.0340000      54029.2      20.0900    0.0480000      54029.2      19.9440     0.162000
       54365.304      20.8320     0.102000      54365.3      20.3520    0.0320000      54365.3      20.4280    0.0400000      54365.3      20.0900    0.0500000      54365.3      20.6520     0.236000
       52197.000       20.328000     0.059000000       52197.000       19.884000     0.029000000       52197.000       19.943000     0.027000000       52197.000       19.735000     0.035000000       52197.000       19.778000      0.11000000
       51075       20.014000     0.038000000       51075       19.662000     0.021000000       51075       19.693000     0.022000000       51075       19.547000     0.032000000       51075       19.379000      0.10700000
       52196       20.417000     0.051000000       52196       19.891000     0.023000000       52196       19.964000     0.026000000       52196       19.800000     0.036000000       52196       19.696000      0.10900000
       52197       20.321000     0.055000000       52197       19.924000     0.024000000       52197       19.930000     0.027000000       52197       19.743000     0.033000000       52197       19.822000      0.11900000
       52225       20.107000     0.047000000       52225       19.664000     0.021000000       52225       19.792000     0.021000000       52225       19.574000     0.037000000       52225       19.564000     0.093000000
       52231       20.185000     0.042000000       52231       19.681000     0.019000000       52231       19.783000     0.020000000       52231       19.662000     0.036000000       52231       19.772000      0.10300000
       52253       20.184000     0.070000000       52253       19.726000     0.032000000       52253       19.754000     0.030000000       52253       19.618000     0.038000000       52253       19.443000     0.098000000
       52557       20.861000     0.091000000       52557       20.181000     0.023000000       52557       20.240000     0.034000000       52557       19.912000     0.038000000       52557       19.713000      0.11900000
       52578       20.560000     0.061000000       52578       20.170000     0.022000000       52578       20.351000     0.031000000       52578       20.024000     0.043000000       52578       20.297000      0.19100000
       52908       20.735000     0.081000000       52908       20.157000     0.029000000       52908       20.206000     0.031000000       52908       19.915000     0.041000000       52908       19.893000      0.13700000
       52911       20.484000     0.071000000       52911       20.044000     0.033000000       52911       19.996000     0.037000000       52911       19.750000     0.046000000       52911       19.714000      0.11800000
       52930       20.569000     0.067000000       52930       20.177000     0.033000000       52930       20.209000     0.031000000       52930       20.046000     0.051000000       52930       19.741000      0.11500000
       52934       20.811000     0.097000000       52934       20.212000     0.028000000       52934       20.265000     0.035000000       52934       19.967000     0.049000000       52934       19.753000      0.12400000
       52936       20.646000     0.057000000       52936       20.209000     0.019000000       52936       20.256000     0.026000000       52936       20.034000     0.040000000       52936       19.936000      0.11000000
       52962       20.426000     0.060000000       52962       19.984000     0.028000000       52962       20.084000     0.030000000       52962       19.893000     0.048000000       52962       19.825000      0.13800000
       53270       20.436000     0.065000000       53270       19.952000     0.044000000       53270       20.083000     0.028000000       53270       19.881000     0.041000000       53270       19.673000      0.11800000
       53272       20.534000     0.077000000       53272       19.959000     0.026000000       53272       20.097000     0.033000000       53272       19.857000     0.041000000       53272       19.750000      0.10500000
       53286       20.468000     0.066000000       53286       20.052000     0.024000000       53286       20.025000     0.029000000       53286       20.048000     0.047000000       53286       19.673000     0.091000000
       53294       20.465000     0.060000000       53294       19.979000     0.025000000       53294       20.096000     0.036000000       53294       19.863000     0.044000000       53294       19.952000      0.15800000
       53312       20.295000     0.067000000       53312       19.953000     0.029000000       53312       19.938000     0.030000000       53312       19.646000     0.037000000       53312       19.613000      0.12500000
       53314       20.414000     0.057000000       53314       19.949000     0.020000000       53314       19.977000     0.027000000       53314       19.749000     0.034000000       53314       19.562000     0.096000000
       53997       20.892000     0.083000000       53997       20.244000     0.032000000       53997       20.295000     0.039000000       53997       20.006000     0.046000000       53997       19.938000      0.12600000
