       51075.292      20.4910    0.0680000      51075.3      20.4740    0.0270000      51075.3      20.3340    0.0350000      51075.3      19.9660    0.0450000      51075.3      19.7740     0.138000
       52196.293      20.4110    0.0610000      52196.3      20.1190    0.0200000      52196.3      20.0520    0.0230000      52196.3      19.7680    0.0300000      52196.3      19.9290     0.155000
       52197.306      20.2430    0.0530000      52197.3      20.1800    0.0200000      52197.3      20.0430    0.0220000      52197.3      19.8000    0.0290000      52197.3      19.7590    0.0920000
       52225.156      20.3070    0.0520000      52225.2      20.1290    0.0170000      52225.2      20.0540    0.0230000      52225.2      19.8130    0.0280000      52225.2      19.7600    0.0870000
       52231.192      20.2430    0.0510000      52231.2      20.1080    0.0180000      52231.2      20.0440    0.0240000      52231.2      19.7930    0.0270000      52231.2      19.7100    0.0780000
       52253.178      20.1500    0.0810000      52253.2      20.0540    0.0270000      52253.2      20.0190    0.0310000      52253.2      19.7700    0.0360000      52253.2      19.5590     0.103000
       52557.300      20.1070    0.0600000      52557.3      19.8600    0.0170000      52557.3      19.8320    0.0240000      52557.3      19.4540    0.0250000      52557.3      19.4140    0.0770000
       52578.196      20.0850    0.0430000      52578.2      19.9550    0.0150000      52578.2      19.8870    0.0200000      52578.2      19.6360    0.0250000      52578.2      19.5110    0.0720000
       52908.274      20.2420    0.0620000      52908.3      20.0840    0.0200000      52908.3      19.9970    0.0240000      52908.3      19.7710    0.0310000      52908.3      19.7470     0.107000
       52911.288      20.2290    0.0650000      52911.3      20.0660    0.0210000      52911.3      19.9630    0.0260000      52911.3      19.6970    0.0330000      52911.3      19.5420    0.0930000
       52930.165      20.3080    0.0690000      52930.2      20.0910    0.0220000      52930.2      19.9660    0.0230000      52930.2      19.6900    0.0290000      52930.2      19.6180    0.0940000
       52934.206      20.2470    0.0690000      52934.2      20.0790    0.0200000      52934.2      19.9890    0.0270000      52934.2      19.7150    0.0330000      52934.2      19.6470     0.109000
       52936.202      20.3680    0.0570000      52936.2      20.1060    0.0180000      52936.2      20.0080    0.0210000      52936.2      19.7270    0.0270000      52936.2      19.6460    0.0800000
       52962.128      20.2750    0.0590000      52962.1      20.0560    0.0190000      52962.1      20.0380    0.0270000      52962.1      19.6960    0.0300000      52962.1      19.6150    0.0900000
       53270.266      20.2810    0.0490000      53270.3      20.1350    0.0230000      53270.3      20.0500    0.0210000      53270.3      19.7730    0.0270000      53270.3      19.6540    0.0710000
       53272.316      20.2480    0.0740000      53272.3      20.1190    0.0300000      53272.3      19.9810    0.0300000      53272.3      19.7430    0.0330000      53272.3      19.6070    0.0860000
       53286.285      20.1740    0.0770000      53286.3      20.1410    0.0290000      53286.3      20.0560    0.0360000      53286.3      19.8160    0.0400000      53286.3      19.4910     0.124000
       53288.243      20.2730    0.0550000      53288.2      20.1260    0.0180000      53288.2      20.0710    0.0220000      53288.2      19.7490    0.0250000      53288.2      19.6040    0.0710000
       53294.291      20.3750    0.0760000      53294.3      20.1150    0.0210000      53294.3      20.0760    0.0310000      53294.3      19.7550    0.0350000      53294.3      19.8170     0.118000
       53302.239      20.3930     0.122000      53302.2      19.9970    0.0400000      53302.2      19.9970    0.0420000      53302.2      19.6690    0.0400000      53302.2      19.7500     0.112000
       53312.195      20.3600    0.0730000      53312.2      20.1170    0.0290000      53312.2      19.9850    0.0340000      53312.2      19.8370    0.0420000      53312.2      19.4080    0.0890000
       53314.196      20.3000    0.0600000      53314.2      20.0780    0.0190000      53314.2      19.9860    0.0250000      53314.2      19.7910    0.0330000      53314.2      19.6650    0.0980000
       53616.300      20.2780    0.0830000      53616.3      20.0460    0.0210000      53616.3      19.9880    0.0280000      53616.3      19.7720    0.0370000      53616.3      19.8870     0.136000
       53623.290      20.2140    0.0610000      53623.3      20.0240    0.0210000      53623.3      20.0000    0.0240000      53623.3      19.7590    0.0280000      53623.3     -99.9900     0.132000
       53626.277     -99.9900    0.0610000      53626.3      19.9650    0.0240000      53626.3      19.9750    0.0270000      53626.3     -99.9900    0.0940000      53626.3      19.8840     0.116000
       53628.261      20.0580     0.124000      53628.3      19.9670    0.0490000      53628.3      19.9110    0.0400000      53628.3      19.6520    0.0410000      53628.3      19.6470     0.123000
       53637.263      20.2120    0.0970000      53637.3      19.9640    0.0300000      53637.3      19.8890    0.0320000      53637.3      19.6790    0.0410000      53637.3      19.9060     0.173000
       53639.308      20.1340    0.0550000      53639.3      19.9760    0.0200000      53639.3      19.9560    0.0240000      53639.3      19.6980    0.0290000      53639.3      19.6810    0.0840000
       53644.255     -99.9900    0.0480000      53644.3      19.9330    0.0180000      53644.3      19.9860    0.0240000      53644.3      19.6920    0.0250000      53644.3      19.5420    0.0670000
       53654.290      20.0780    0.0520000      53654.3      19.8950    0.0160000      53654.3      19.9310    0.0250000      53654.3      19.6770    0.0310000      53654.3      19.6290    0.0870000
       53656.238      20.1000     0.103000      53656.2      19.8910    0.0450000      53656.2      19.8850    0.0430000      53656.2      19.5980    0.0400000      53656.2      19.5750     0.120000
       53663.251      19.9600    0.0720000      53663.3      19.9390    0.0290000      53663.2      19.8950    0.0290000      53663.2      19.6390    0.0300000      53663.2      19.6610    0.0800000
       53665.229     -99.9900     0.207000      53665.2      19.9020     0.103000      53665.2      20.0600     0.145000      53665.2     -99.9900     0.170000      53665.2      19.3620     0.291000
       53668.241     -99.9900    0.0710000      53668.2      19.9690    0.0210000      53668.2      19.8980    0.0300000      53668.2      19.6650    0.0380000      53668.2      19.5350     0.105000
       53670.245      20.0390    0.0510000      53670.2      19.9560    0.0170000      53670.2      19.9130    0.0230000      53670.2      19.6350    0.0270000      53670.2      19.7130    0.0850000
       53673.213      20.0390    0.0500000      53673.2      19.9410    0.0160000      53673.2      19.9100    0.0230000      53673.2      19.7190    0.0280000      53673.2      19.5640    0.0750000
       53675.210      20.1030    0.0560000      53675.2      19.9420    0.0170000      53675.2      19.8590    0.0270000      53675.2      19.7240    0.0350000      53675.2      19.5190    0.0900000
       53677.231      20.0100    0.0440000      53677.2      19.9240    0.0150000      53677.2      19.8540    0.0200000      53677.2      19.6030    0.0230000      53677.2      19.6040    0.0620000
       53680.218      20.0300    0.0530000      53680.2      19.9120    0.0170000      53680.2      19.8480    0.0210000      53680.2      19.7460    0.0400000      53680.2      19.4540    0.0690000
       53693.220      20.0790     0.106000      53693.2      19.9590    0.0370000      53693.2      19.8960    0.0340000      53693.2      19.6950    0.0340000      53693.2      19.3710    0.0730000
       53704.203      20.1550    0.0550000      53704.2      19.9620    0.0170000      53704.2      19.9220    0.0210000      53704.2      19.6540    0.0270000      53704.2      19.6550    0.0810000
       53974.296      20.2280    0.0510000      53974.3      20.0960    0.0230000      53974.3      20.0270    0.0210000      53974.3      19.7620    0.0300000      53974.3      19.7460    0.0810000
       53989.299      20.1260    0.0930000      53989.3      19.9660    0.0370000      53989.3      19.9670    0.0360000      53989.3      19.6880    0.0340000      53989.3      19.7160    0.0920000
       53997.395      20.1900    0.0520000      53997.4      20.0250    0.0210000      53997.4      19.9780    0.0270000      53997.4     -99.9900    0.0300000      53997.4     -99.9900    0.0670000
       54000.275      20.1390    0.0610000      54000.3      20.0650    0.0280000      54000.3      19.9950    0.0250000      54000.3      19.7310    0.0310000      54000.3      20.0730     0.146000
       54007.325      20.2780    0.0600000      54007.3      20.0860    0.0190000      54007.3      20.0030    0.0260000      54007.3      19.7640    0.0330000      54007.3      19.8360    0.0930000
       54009.249      20.2470    0.0640000      54009.2      20.0640    0.0210000      54009.2      19.9840    0.0230000      54009.2      19.7350    0.0310000      54009.2     -99.9900    0.0920000
       54011.313      20.3290    0.0700000      54011.3      20.0950    0.0280000      54011.3      19.9830    0.0310000      54011.3      19.6990    0.0300000      54011.3      19.7370    0.0750000
       54019.263      20.2850    0.0680000      54019.3      20.1000    0.0280000      54019.3      20.0110    0.0260000      54019.3      19.7050    0.0270000      54019.3      19.7640    0.0810000
       54025.312      20.2980    0.0650000      54025.3      20.0520    0.0240000      54025.3      20.0090    0.0310000      54025.3      19.7460    0.0340000      54025.3      19.5910    0.0910000
       54029.242      20.2380    0.0650000      54029.2      19.9970    0.0190000      54029.2      19.9760    0.0260000      54029.2      19.7190    0.0330000      54029.2      19.6740    0.0940000
       54348.310      20.2290    0.0670000      54348.3      20.0610    0.0300000      54348.3      20.0150    0.0240000      54348.3      19.7720    0.0420000      54348.3      19.6360    0.0910000
       54358.266      20.2460    0.0680000      54358.3      20.0970    0.0250000      54358.3      19.9520    0.0300000      54358.3      19.7220    0.0350000      54358.3      19.6670    0.0980000
       54365.299      20.3770    0.0770000      54365.3      20.1190    0.0300000      54365.3      20.0410    0.0360000      54365.3      19.7260    0.0380000      54365.3      19.8490     0.107000
       54373.373      20.2460     0.144000      54373.4      20.1610    0.0580000      54373.4      20.0670    0.0490000      54373.4      19.8010    0.0430000      54373.4      19.9320     0.124000
       54381.318      20.3930    0.0580000      54381.3      20.1920    0.0200000      54381.3      20.0540    0.0250000      54381.3      19.8290    0.0320000      54381.3      19.8410    0.0870000
       54386.311      20.4360    0.0700000      54386.3      20.1780    0.0230000      54386.3      20.0790    0.0250000      54386.3      19.7980    0.0310000      54386.3      19.6950    0.0870000
       54388.315      20.3240    0.0640000      54388.3      20.1730    0.0220000      54388.3      20.0910    0.0270000      54388.3      19.7980    0.0280000      54388.3      19.6320    0.0730000
       54403.229      20.0420    0.0850000      54403.2      20.1030    0.0340000      54403.2      20.0690    0.0370000      54403.2      19.8510    0.0430000      54403.2      19.7400    0.0950000
       54404.286      20.3050    0.0830000      54404.3      20.1680    0.0290000      54404.3      20.0850    0.0300000      54404.3      19.7870    0.0290000      54404.3      19.7170    0.0750000
       54405.284      20.3660    0.0790000      54405.3      20.1340    0.0260000      54405.3      20.0390    0.0280000      54405.3      19.7430    0.0310000      54405.3      19.6530    0.0780000
       54406.222      20.3730    0.0570000      54406.2      20.1170    0.0250000      54406.2      20.0500    0.0240000      54406.2      19.8190    0.0270000      54406.2      19.7040    0.0730000
       54412.225      20.2500    0.0760000      54412.2      20.0660    0.0230000      54412.2      20.0640    0.0340000      54412.2     -99.9900    0.0330000      54412.2     -99.9900     0.111000
       52197.000       20.279000     0.052000000       52197.000       20.191000     0.026000000       52197.000       20.075000     0.022000000       52197.000       19.812000     0.033000000       52197.000       19.798000     0.089000000
       51075       20.522000     0.061000000       51075       20.492000     0.028000000       51075       20.410000     0.036000000       51075       20.048000     0.045000000       51075       19.850000      0.14200000
       51134       20.893000      0.11300000       51134       20.531000     0.040000000       51134       20.475000     0.059000000       51134       20.249000     0.081000000       51134       19.962000      0.20000000
       52196       20.407000     0.055000000       52196       20.137000     0.020000000       52196       20.053000     0.026000000       52196       19.769000     0.030000000       52196       19.811000     0.099000000
       52225       20.292000     0.044000000       52225       20.150000     0.028000000       52225       20.045000     0.030000000       52225       19.810000     0.032000000       52225       19.747000     0.094000000
       52231       20.258000     0.045000000       52231       20.116000     0.026000000       52231       20.033000     0.023000000       52231       19.752000     0.026000000       52231       19.720000     0.079000000
       52253       20.137000     0.066000000       52253       20.061000     0.029000000       52253       20.013000     0.032000000       52253       19.770000     0.039000000       52253       19.553000      0.10400000
       52557       20.114000     0.051000000       52557       19.884000     0.020000000       52557       19.857000     0.026000000       52557       19.409000     0.028000000       52557       19.450000     0.076000000
       52578       20.105000     0.040000000       52578       19.966000     0.024000000       52578       19.892000     0.019000000       52578       19.640000     0.026000000       52578       19.532000     0.072000000
       52908       20.244000     0.062000000       52908       20.094000     0.036000000       52908       19.998000     0.027000000       52908       19.789000     0.034000000       52908       19.755000      0.10500000
       52911       20.235000     0.071000000       52911       20.099000     0.025000000       52911       19.982000     0.029000000       52911       19.723000     0.037000000       52911       19.560000     0.091000000
       52930       20.315000     0.060000000       52930       20.094000     0.022000000       52930       19.943000     0.030000000       52930       19.675000     0.036000000       52930       19.600000     0.093000000
       52934       20.259000     0.060000000       52934       20.089000     0.030000000       52934       19.997000     0.027000000       52934       19.725000     0.033000000       52934       19.624000      0.10500000
       52936       20.293000     0.052000000       52936       20.099000     0.020000000       52936       20.020000     0.022000000       52936       19.740000     0.029000000       52936       19.657000     0.079000000
       52962       20.269000     0.052000000       52962       20.047000     0.022000000       52962       20.037000     0.028000000       52962       19.686000     0.035000000       52962       19.596000     0.089000000
       53270       20.267000     0.049000000       53270       20.128000     0.026000000       53270       20.033000     0.023000000       53270       19.779000     0.027000000       53270       19.664000     0.077000000
       53272       20.278000     0.069000000       53272       20.122000     0.030000000       53272       19.987000     0.032000000       53272       19.764000     0.034000000       53272       19.643000     0.085000000
       53286       20.226000     0.067000000       53286       20.987000     0.056000000       53286       20.928000     0.073000000       53286       21.158000      0.11800000       53286       20.674000      0.31400000
       53288       20.258000     0.049000000       53288       20.118000     0.022000000       53288       20.056000     0.021000000       53288       19.741000     0.024000000       53288       19.621000     0.072000000
       53312       20.315000     0.066000000       53312       20.155000     0.031000000       53312       20.001000     0.036000000       53312       19.840000     0.045000000       53312       19.390000     0.097000000
       53314       20.297000     0.051000000       53314       20.113000     0.030000000       53314       20.020000     0.028000000       53314       19.831000     0.035000000       53314       19.700000     0.097000000
       53997       20.172000     0.046000000       53997       20.025000     0.029000000       53997       20.002000     0.032000000       53997       19.752000     0.037000000       53997       19.604000     0.090000000
