       51081.271      21.0890     0.157000      51081.3      20.6270    0.0390000      51081.3      20.0060    0.0300000      51081.3      20.2520    0.0560000      51081.3      19.6260     0.129000
       51467.366      20.3900    0.0980000      51467.4      20.2020    0.0300000      51467.4      19.7520    0.0270000      51467.4      19.7020    0.0380000      51467.4      19.5060     0.129000
       51819.342      20.0370    0.0520000      51819.3      19.8720    0.0180000      51819.3      19.5750    0.0160000      51819.3      19.5570    0.0220000      51819.3      19.6030    0.0860000
       52558.307      20.3750    0.0580000      52558.3      20.0320    0.0190000      52558.3      19.7190    0.0170000      52558.3      19.6790    0.0210000      52558.3      19.6430    0.0660000
       52577.195      20.4010    0.0650000      52577.2      20.1070    0.0190000      52577.2      19.7360    0.0200000      52577.2      19.6880    0.0280000      52577.2      19.5840     0.112000
       52586.198      20.3230    0.0600000      52586.2      20.2800    0.0240000      52586.2      19.7670    0.0250000      52586.2      19.7260    0.0330000      52586.2      19.9130     0.169000
       52910.279      20.0440    0.0400000      52910.3      19.8880    0.0150000      52910.3      19.6390    0.0160000      52910.3      19.6440    0.0200000      52910.3      19.4500    0.0630000
       52931.209      20.0830    0.0460000      52931.2      19.9860    0.0180000      52931.2      19.5890    0.0170000      52931.2      19.5790    0.0220000      52931.2      19.5740    0.0790000
       52935.206      20.1110    0.0470000      52935.2      19.9790    0.0170000      52935.2      19.6410    0.0180000      52935.2      19.6400    0.0250000      52935.2      19.4810    0.0760000
       52959.149      20.1530    0.0440000      52959.2      19.9750    0.0160000      52959.1      19.6650    0.0160000      52959.1      19.7210    0.0220000      52959.1      19.6740    0.0700000
       52963.129      20.1510    0.0420000      52963.1      19.9650    0.0150000      52963.1      19.6760    0.0150000      52963.1      19.6880    0.0190000      52963.1      19.7410    0.0660000
       53313.199     -99.9900    0.0800000      53313.2      20.4190    0.0350000      53313.2      19.8910    0.0310000      53313.2      19.8960    0.0440000      53313.2      19.4360     0.107000
       53352.100      20.2180    0.0470000      53352.1      20.0570    0.0170000      53352.1      19.7430    0.0180000      53352.1      19.7760    0.0250000      53352.1      19.7970    0.0940000
       53622.309      20.2250    0.0700000      53622.3      20.0890    0.0350000      53622.3      19.7410    0.0220000      53622.3      19.7010    0.0330000      53622.3      19.6210     0.109000
       53636.264      20.3870     0.113000      53636.3      20.2400    0.0770000      53636.3      19.8990    0.0320000      53636.3      19.9440    0.0480000      53636.3      19.8810     0.165000
       53638.299      20.4640    0.0750000      53638.3      20.2220    0.0240000      53638.3      19.8890    0.0220000      53638.3      19.8140    0.0260000      53638.3      19.8760    0.0980000
       53640.263     -99.9900     0.159000      53640.3     -99.9900    0.0560000      53640.3      20.0400    0.0290000      53640.3      20.0060    0.0410000      53640.3     -99.9900     0.539000
       53666.224      20.4170    0.0670000      53666.2      20.2240    0.0250000      53666.2      19.9130    0.0220000      53666.2      19.9080    0.0280000      53666.2      19.7010    0.0870000
       53669.220      20.4210    0.0590000      53669.2      20.2620    0.0190000      53669.2      19.8810    0.0190000      53669.2      19.8540    0.0270000      53669.2      19.7130    0.0850000
       53671.305      20.5250     0.105000      53671.3      20.3340    0.0280000      53671.3      19.8610    0.0270000      53671.3      19.8750    0.0330000      53671.3      19.7060     0.104000
       53674.204      20.7470     0.105000      53674.2      20.2610    0.0230000      53674.2      19.8350    0.0230000      53674.2      19.8430    0.0330000      53674.2      19.6800     0.103000
       53676.293      20.4480    0.0880000      53676.3      20.2420    0.0230000      53676.3      19.8850    0.0250000      53676.3      19.8230    0.0280000      53676.3      19.8220     0.108000
       53679.265      20.4770    0.0840000      53679.3      20.4240    0.0270000      53679.3      19.9320    0.0300000      53679.3      19.8490    0.0390000      53679.3      19.9310     0.138000
       53681.257      20.4130    0.0670000      53681.3      20.3000    0.0230000      53681.3      19.9120    0.0220000      53681.3      19.9910    0.0290000      53681.3      19.8360     0.139000
       53694.230      20.5760     0.334000      53694.2      20.1870    0.0910000      53694.2      19.8650    0.0610000      53694.2      19.9350    0.0800000      53694.2      19.3450     0.163000
       53697.214      20.4920     0.140000      53697.2      20.2020    0.0350000      53697.2      19.8060    0.0440000      53697.2      19.8050    0.0480000      53697.2      19.8610     0.161000
       53700.213      20.6680    0.0990000      53700.2      20.2580    0.0250000      53700.2      19.8900    0.0240000      53700.2      19.9110    0.0380000      53700.2      19.9680     0.144000
       53705.200      20.6430    0.0870000      53705.2      20.3770    0.0270000      53705.2      19.8780    0.0230000      53705.2      19.8020    0.0280000      53705.2      19.7000    0.0870000
       53993.352     -99.9900    0.0860000      53993.4     -99.9900    0.0350000      53993.4     -99.9900    0.0220000      53993.4      19.6800    0.0340000      53993.4      19.6200     0.187000
       53994.307      20.0180    0.0410000      53994.3      19.8980    0.0200000      53994.3      19.6720    0.0230000      53994.3      19.7500    0.0310000      53994.3      19.7850    0.0780000
       53996.291      19.9460    0.0490000      53996.3      19.9530    0.0270000      53996.3      19.7040    0.0260000      53996.3      19.8850    0.0450000      53996.3      19.5540    0.0880000
       53998.260      19.9750    0.0370000      53998.3      19.9030    0.0200000      53998.3      19.7000    0.0170000      53998.3      19.7080    0.0230000      53998.3      19.6740    0.0610000
       54005.290      20.0800    0.0440000      54005.3      19.9010    0.0150000      54005.3      19.6760    0.0230000      54005.3      19.7240    0.0250000      54005.3      19.7820    0.0690000
       54010.245      19.9550    0.0450000      54010.2      19.8820    0.0250000      54010.2      19.6540    0.0220000      54010.2      19.7010    0.0230000      54010.2      19.6300    0.0560000
       54012.238      20.0010    0.0830000      54012.2      19.8680    0.0360000      54012.2      19.6420    0.0280000      54012.2      19.7140    0.0320000      54012.2      19.6630    0.0750000
       54020.244      19.9740    0.0530000      54020.2      19.9730    0.0280000      54020.2      19.6830    0.0230000      54020.2      19.6530    0.0310000      54020.2      19.6710    0.0870000
       54024.326      20.0530    0.0650000      54024.3      19.8690    0.0250000      54024.3      19.6220    0.0280000      54024.3      19.5550    0.0290000      54024.3      19.5100    0.0960000
       54028.235      19.9890    0.0480000      54028.2      19.9400    0.0320000      54028.2      19.6420    0.0200000      54028.2      19.6800    0.0240000      54028.2      19.7530    0.0960000
       54030.238      20.0640    0.0400000      54030.2      19.9010    0.0170000      54030.2      19.6700    0.0180000      54030.2      19.6840    0.0230000      54030.2      19.6390    0.0620000
       54035.314      19.8970    0.0740000      54035.3      20.0610    0.0370000      54035.3      19.6400    0.0260000      54035.3      19.7370    0.0370000      54035.3      19.6110     0.104000
       54037.219      20.0000    0.0490000      54037.2      19.8950    0.0240000      54037.2      19.6370    0.0210000      54037.2      19.6760    0.0300000      54037.2      19.5970    0.0820000
       54040.233      20.0410    0.0890000      54040.2      19.8790    0.0360000      54040.2      19.7290    0.0320000      54040.2      19.7010    0.0380000      54040.2      19.7350    0.0960000
       54049.260     -99.9900    0.0920000      54049.3      19.9590    0.0370000      54049.3      19.6870    0.0270000      54049.3      19.6690    0.0310000      54049.3      19.6040     0.106000
       54050.218     -99.9900    0.0810000      54050.2      20.6170     0.197000      54050.2      19.6780    0.0400000      54050.2      19.5860    0.0600000      54050.2      19.2300     0.184000
       54053.224      20.0840    0.0470000      54053.2      19.9180    0.0240000      54053.2      19.6450    0.0210000      54053.2      19.6860    0.0290000      54053.2      19.6870    0.0850000
       54056.226      20.1620    0.0700000      54056.2      20.0420     0.210000      54056.2      19.7170    0.0290000      54056.2      19.6930    0.0270000      54056.2      19.6410     0.114000
       54059.220      20.0030    0.0520000      54059.2      20.0990     0.503000      54059.2      19.8390    0.0260000      54059.2      19.8250    0.0510000      54059.2      19.5390    0.0990000
       54062.225      20.0050    0.0620000      54062.2      20.2360     0.117000      54062.2      19.7770    0.0330000      54062.2      19.8920    0.0680000      54062.2      19.5950     0.123000
       54357.263      20.3170    0.0570000      54357.3      20.0980    0.0280000      54357.3      19.7860    0.0240000      54357.3      19.7550    0.0280000      54357.3      19.6840    0.0730000
       54362.313     -99.9900     0.187000      54362.3     -99.9900    0.0510000      54362.3      19.7120    0.0360000      54362.3     -99.9900    0.0810000      54362.3      19.6530     0.133000
       54382.293      20.4550    0.0810000      54382.3      20.3170    0.0450000      54382.3      19.9650    0.0330000      54382.3      19.7960    0.0330000      54382.3      19.5180    0.0990000
       54385.311      20.5840    0.0690000      54385.3      20.2710    0.0270000      54385.3      19.9150    0.0280000      54385.3      19.8540    0.0350000      54385.3      19.9320    0.0930000
       54387.312      20.6250    0.0860000      54387.3      20.2490    0.0320000      54387.3      19.8660    0.0230000      54387.3      19.8580    0.0360000      54387.3      19.7060    0.0950000
       54392.306      20.3700    0.0660000      54392.3      20.1640    0.0270000      54392.3      19.8870    0.0230000      54392.3      19.9090    0.0340000      54392.3      19.8440    0.0990000
       54402.305      20.3780     0.165000      54402.3      20.2480    0.0540000      54402.3      19.8830    0.0370000      54402.3      19.8930    0.0390000      54402.3      19.8160     0.100000
       52522.000       20.448000     0.070000000       52522.000       20.157000     0.034000000       52522.000       19.795000     0.025000000       52522.000       19.830000     0.036000000       52522.000       19.665000      0.11300000
       51081       21.417000      0.19400000       51081       20.669000       1.6480000       51081       20.275000       1.7990000       51081       20.200000      0.38600000       51081       19.933000      0.21400000
       51467       20.517000      0.24700000       51467       20.376000      0.97100000       51467       19.973000      0.94000000       51467       19.899000       1.3340000       51467       19.731000      0.17400000
       51819       20.108000     0.051000000       51819       19.912000     0.032000000       51819       19.618000     0.020000000       51819       19.593000     0.026000000       51819       19.666000     0.092000000
       52522       20.529000     0.069000000       52522       20.207000     0.027000000       52522       19.839000     0.027000000       52522       19.892000     0.037000000       52522       19.809000      0.13300000
       52552       20.373000     0.052000000       52552       20.148000     0.049000000       52552       19.819000     0.025000000       52552       19.862000     0.032000000       52552       19.822000     0.099000000
       52558       20.435000     0.055000000       52558       20.079000     0.024000000       52558       19.767000     0.021000000       52558       19.759000     0.027000000       52558       19.723000     0.069000000
       52577       20.500000     0.059000000       52577       20.118000     0.044000000       52577       19.801000     0.028000000       52577       19.756000     0.029000000       52577       19.671000      0.12200000
       52586       20.409000     0.058000000       52586       20.247000     0.073000000       52586       19.865000     0.098000000       52586       19.840000     0.097000000       52586       20.061000      0.24200000
       52910       20.105000     0.044000000       52910       19.918000     0.030000000       52910       19.645000     0.024000000       52910       19.670000     0.027000000       52910       19.487000     0.069000000
       52931       20.135000     0.046000000       52931       20.031000     0.034000000       52931       19.694000     0.029000000       52931       19.727000     0.037000000       52931       19.741000      0.10200000
       52935       20.114000     0.043000000       52935       20.009000     0.037000000       52935       19.682000     0.024000000       52935       19.696000     0.040000000       52935       19.512000     0.088000000
       52959       20.249000     0.043000000       52959       20.014000     0.026000000       52959       19.717000     0.027000000       52959       19.796000     0.033000000       52959       19.780000     0.077000000
       53313       20.480000     0.099000000       53313       23.279000      0.35700000       53313       19.998000       2.3840000       53313       19.873000       3.0320000       53313       19.687000      0.15200000
       53350       20.307000     0.055000000       53350       20.052000     0.035000000       53350       19.736000     0.046000000       53350       19.752000     0.042000000       53350       19.618000      0.13000000
       53352       20.274000     0.051000000       53352       20.103000     0.023000000       53352       19.764000     0.022000000       53352       19.800000     0.032000000       53352       19.828000      0.10700000
