       51081.270      20.2990    0.0710000      51081.3      19.9750    0.0270000      51081.3      19.9500    0.0290000      51081.3      19.8380    0.0390000      51081.3      19.7000     0.135000
       51467.365      20.5300     0.111000      51467.4      20.0080    0.0270000      51467.4      19.9660    0.0320000      51467.4      19.9420    0.0450000      51467.4      20.0750     0.190000
       51819.342      20.3000    0.0610000      51819.3      19.9900    0.0220000      51819.3      19.8910    0.0230000      51819.3      19.8640    0.0300000      51819.3      19.6720    0.0910000
       52558.307      20.0090    0.0440000      52558.3      19.7290    0.0170000      52558.3      19.6980    0.0180000      52558.3      19.7350    0.0240000      52558.3      19.5440    0.0600000
       52577.194      20.2220    0.0520000      52577.2      19.7920    0.0190000      52577.2      19.7880    0.0210000      52577.2      19.8110    0.0310000      52577.2      19.5490    0.0980000
       52586.198      20.1800    0.0530000      52586.2      19.8620    0.0220000      52586.2      19.8030    0.0250000      52586.2      19.7410    0.0380000      52586.2      19.5330     0.110000
       52910.278      20.7330    0.0680000      52910.3      20.0460    0.0200000      52910.3      19.9890    0.0200000      52910.3      19.9180    0.0290000      52910.3      19.6860    0.0760000
       52931.208      20.2640    0.0680000      52931.2      19.9140    0.0200000      52931.2      19.8730    0.0210000      52931.2      19.9110    0.0300000      52931.2      19.7140    0.0800000
       52935.205      20.2540    0.0550000      52935.2      19.9260    0.0190000      52935.2      19.8890    0.0220000      52935.2      19.8300    0.0290000      52935.2      19.7260    0.0950000
       52959.149      20.1160    0.0450000      52959.2      19.8270    0.0170000      52959.1      19.7840    0.0190000      52959.1      19.7750    0.0230000      52959.1      19.7470    0.0740000
       52963.128      20.2010    0.0770000      52963.1      19.8290    0.0160000      52963.1      19.7650    0.0170000      52963.1      19.8180    0.0240000      52963.1      19.6010    0.0600000
       53313.199      20.6830     0.100000      53313.2      20.1340    0.0300000      53313.2      20.0630    0.0350000      53313.2      19.9710    0.0500000      53313.2      19.8900     0.153000
       53352.100      20.4570    0.0560000      53352.1      20.0720    0.0210000      53352.1      20.0100    0.0230000      53352.1      19.9740    0.0330000      53352.1      19.6100    0.0880000
       53622.308      20.3750    0.0720000      53622.3      20.0760    0.0250000      53622.3      19.9680    0.0270000      53622.3      20.0370    0.0430000      53622.3      19.7580     0.120000
       53634.257      20.3410     0.180000      53634.3      20.2270    0.0800000      53634.3      20.0530    0.0590000      53634.3      19.8930    0.0570000      53634.3      19.7090     0.128000
       53636.263      20.5520     0.157000      53636.3      20.0980    0.0680000      53636.3      19.9580    0.0390000      53636.3      19.8800    0.0500000      53636.3      19.9620     0.147000
       53638.299      20.6340    0.0830000      53638.3      20.1290    0.0250000      53638.3      20.0580    0.0240000      53638.3      19.9730    0.0300000      53638.3      19.7780    0.0860000
       53640.263     -99.9900     0.131000      53640.3     -99.9900    0.0800000      53640.3      20.0220    0.0290000      53640.3      19.9350    0.0410000      53640.3     -99.9900     0.182000
       53655.235      20.5520     0.191000      53655.2      20.0850    0.0660000      53655.2      20.0870    0.0580000      53655.2      19.9340    0.0690000      53655.2      19.9560     0.230000
       53664.260      20.8340     0.208000      53664.3      20.0660    0.0430000      53664.3      20.0850    0.0450000      53664.3      19.9650    0.0590000      53664.3      19.7290     0.114000
       53666.223      20.6110    0.0800000      53666.2      20.0460    0.0250000      53666.2      20.0180    0.0250000      53666.2      19.9580    0.0320000      53666.2      19.6620    0.0880000
       53669.219      20.6080    0.0630000      53669.2      20.1190    0.0200000      53669.2      20.0350    0.0230000      53669.2      19.9820    0.0310000      53669.2      19.6910    0.0890000
       53671.304      20.6480     0.117000      53671.3      20.1730    0.0280000      53671.3      20.0730    0.0330000      53671.3      19.9500    0.0400000      53671.3      19.5240    0.0910000
       53674.203      20.5610    0.0810000      53674.2      20.0960    0.0250000      53674.2      20.0350    0.0250000      53674.2      19.9730    0.0350000      53674.2      19.7980     0.102000
       53676.293      20.6080    0.0950000      53676.3      20.1700    0.0270000      53676.3      20.0370    0.0290000      53676.3      19.9710    0.0350000      53676.3      19.8250    0.0940000
       53679.265      20.5070    0.0850000      53679.3      20.1140    0.0260000      53679.3      20.0030    0.0320000      53679.3      19.8540    0.0400000      53679.3      19.7400     0.109000
       53681.256      20.5510    0.0740000      53681.3      20.1020    0.0230000      53681.3      19.9860    0.0230000      53681.3      20.0040    0.0320000      53681.3      19.7200    0.0840000
       53685.215      20.5750     0.323000      53685.2      19.9710     0.124000      53685.2      19.8920    0.0870000      53685.2      19.9170     0.103000      53685.2      19.7780     0.314000
       53697.213      20.4870     0.126000      53697.2      20.0230    0.0360000      53697.2      20.0030    0.0530000      53697.2      20.0090    0.0660000      53697.2      20.0070     0.188000
       53700.212      20.5430    0.0850000      53700.2      20.0610    0.0260000      53700.2      20.0410    0.0270000      53700.2      19.9540    0.0360000      53700.2      19.8200     0.121000
       53705.199      20.5420    0.0750000      53705.2      20.0960    0.0240000      53705.2      19.9530    0.0230000      53705.2      19.9150    0.0310000      53705.2      19.7780    0.0870000
       53975.284      20.3080    0.0590000      53975.3      19.9080    0.0300000      53975.3      19.8430    0.0240000      53975.3      19.7970    0.0320000      53975.3      19.4960    0.0780000
       53993.352      20.4350    0.0870000      53993.4     -99.9900    0.0580000      53993.4      19.9320    0.0300000      53993.4     -99.9900    0.0380000      53993.4     -99.9900      1.55800
       53994.307      20.3590    0.0500000      53994.3      20.0200    0.0250000      53994.3      19.9720    0.0210000      53994.3      19.9280    0.0310000      53994.3      19.7960    0.0830000
       53996.291      20.4110    0.0740000      53996.3      20.0000    0.0240000      53996.3      19.9150    0.0250000      53996.3      19.9100    0.0360000      53996.3      19.5060    0.0900000
       53998.259      20.4990    0.0540000      53998.3      20.0250    0.0220000      53998.3      20.0010    0.0230000      53998.3      19.9090    0.0260000      53998.3      19.7380    0.0650000
       54005.289      20.4610    0.0560000      54005.3      20.0640    0.0260000      54005.3      19.9600    0.0250000      54005.3      19.9830    0.0250000      54005.3      19.8300    0.0760000
       54010.245      20.5580     0.119000      54010.2      20.0920    0.0340000      54010.2      20.0490    0.0260000      54010.2      20.0100    0.0310000      54010.2      19.8750    0.0720000
       54012.238      20.2360     0.105000      54012.2      20.0830    0.0450000      54012.2      20.0290    0.0390000      54012.2      20.0040    0.0410000      54012.2      19.8980    0.0970000
       54020.244      20.4660    0.0850000      54020.2      20.0030    0.0270000      54020.2      19.9740    0.0250000      54020.2      19.8800    0.0360000      54020.2      19.8100     0.103000
       54022.293      20.7190     0.439000      54022.3     -99.9900     0.146000      54022.3      19.9590    0.0570000      54022.3     -99.9900    0.0950000      54022.3      18.8110     0.370000
       54024.325      20.3560    0.0770000      54024.3      20.0000    0.0290000      54024.3      19.9870    0.0420000      54024.3      19.8180    0.0380000      54024.3      19.6940     0.123000
       54028.234     -99.9900    0.0600000      54028.2      19.9820    0.0240000      54028.2      19.9460    0.0240000      54028.2      19.8980    0.0310000      54028.2      19.8970     0.106000
       54030.237      20.2800    0.0470000      54030.2      19.9970    0.0240000      54030.2      19.9020    0.0220000      54030.2      19.9130    0.0250000      54030.2      19.6510    0.0660000
       54035.313     -99.9900    0.0860000      54035.3      19.9510    0.0300000      54035.3      19.8650    0.0270000      54035.3      19.7940    0.0400000      54035.3      19.7700     0.127000
       54037.218     -99.9900    0.0680000      54037.2      19.9200    0.0260000      54037.2      19.9430    0.0270000      54037.2      19.8970    0.0340000      54037.2      19.6980    0.0890000
       54040.233      20.1280    0.0940000      54040.2      19.9760    0.0400000      54040.2      19.8680    0.0360000      54040.2      19.9570    0.0430000      54040.2      20.0900     0.136000
       54049.259      20.3130     0.125000      54049.3      19.9480    0.0410000      54049.3      19.8570    0.0310000      54049.3      19.7920    0.0380000      54049.3      19.6260    0.0980000
       54053.224      20.3130    0.0590000      54053.2      19.9130    0.0250000      54053.2      19.8830    0.0210000      54053.2      19.9010    0.0320000      54053.2      19.6860    0.0840000
       54056.225      20.1600    0.0650000      54056.2      19.8980    0.0350000      54056.2      19.7510    0.0440000      54056.2      19.8290    0.0400000      54056.2      19.6380     0.127000
       54059.220      20.2160    0.0740000      54059.2      19.9400    0.0310000      54059.2      19.8130    0.0240000      54059.2      19.8160    0.0340000      54059.2      19.4600    0.0840000
       54062.224      20.4400    0.0960000      54062.2      19.9130    0.0560000      54062.2      19.8260    0.0300000      54062.2      19.8050    0.0420000      54062.2      19.4910     0.108000
       54357.263     -99.9900     0.116000      54357.3      19.7680    0.0250000      54357.3      19.7470    0.0340000      54357.3      19.7010    0.0400000      54357.3      19.4020    0.0650000
       54362.313     -99.9900     0.289000      54362.3      19.8790    0.0300000      54362.3     -99.9900    0.0580000      54362.3      19.6390    0.0410000      54362.3     -99.9900     0.184000
       54382.293      19.9750    0.0560000      54382.3      19.7160    0.0360000      54382.3      19.7140    0.0240000      54382.3      19.6500    0.0470000      54382.3      19.3860    0.0860000
       54385.311      20.1340    0.0490000      54385.3     -99.9900    0.0240000      54385.3      19.7240    0.0240000      54385.3      19.7080    0.0310000      54385.3      19.7010    0.0790000
       54387.311     -99.9900    0.0640000      54387.3      19.7500    0.0200000      54387.3      19.7320    0.0220000      54387.3      19.7200    0.0290000      54387.3      19.5140    0.0830000
       54392.306      19.9820    0.0530000      54392.3      19.7270    0.0270000      54392.3      19.7050    0.0220000      54392.3      19.7020    0.0290000      54392.3      19.5300    0.0720000
       54402.304      20.1050     0.136000      54402.3      19.7880    0.0390000      54402.3      19.7200    0.0340000      54402.3      19.6140    0.0330000      54402.3      19.5130    0.0800000
       52522.000       20.024000     0.062000000       52522.000       19.774000     0.028000000       52522.000       19.752000     0.027000000       52522.000       19.771000     0.035000000       52522.000       19.577000     0.090000000
       51081       20.253000     0.062000000       51081       19.953000     0.025000000       51081       19.951000     0.030000000       51081       19.829000     0.038000000       51081       19.696000      0.13200000
       51467       20.523000      0.11000000       51467       20.050000     0.034000000       51467       20.005000     0.032000000       51467       19.982000     0.044000000       51467       20.077000      0.18200000
       51819       20.296000     0.054000000       51819       19.978000     0.024000000       51819       19.899000     0.023000000       51819       19.885000     0.035000000       51819       19.607000     0.085000000
       52522       19.993000     0.052000000       52522       19.765000     0.033000000       52522       19.752000     0.025000000       52522       19.768000     0.035000000       52522       19.588000     0.092000000
       52552       19.945000     0.040000000       52552       19.754000     0.027000000       52552       19.736000     0.021000000       52552       19.737000     0.028000000       52552       19.524000     0.075000000
       52558       20.033000     0.042000000       52558       19.770000     0.024000000       52558       19.713000     0.023000000       52558       19.759000     0.025000000       52558       19.532000     0.058000000
       52577       20.215000     0.051000000       52577       19.778000     0.023000000       52577       19.792000     0.024000000       52577       19.826000     0.035000000       52577       19.556000     0.097000000
       52586       20.178000     0.047000000       52586       19.887000     0.025000000       52586       19.827000     0.028000000       52586       19.777000     0.039000000       52586       19.547000      0.10800000
       52931       20.240000     0.049000000       52931       19.936000     0.024000000       52931       19.911000     0.024000000       52931       19.950000     0.031000000       52931       19.725000     0.079000000
       52935       20.301000     0.063000000       52935       19.959000     0.028000000       52935       19.896000     0.031000000       52935       19.853000     0.032000000       52935       19.749000     0.094000000
       52959       20.152000     0.041000000       52959       19.892000     0.029000000       52959       19.849000     0.031000000       52959       19.880000     0.033000000       52959       19.783000     0.072000000
       52963       20.178000     0.041000000       52963       19.864000     0.029000000       52963       19.780000     0.022000000       52963       19.945000     0.028000000       52963       19.604000     0.060000000
       53313       20.692000     0.087000000       53313       20.127000     0.032000000       53313       20.056000     0.039000000       53313       20.000000     0.050000000       53313       19.930000      0.15200000
       53350       20.472000     0.065000000       53350       20.121000     0.037000000       53350       20.097000     0.033000000       53350       20.054000     0.046000000       53350       19.968000      0.16100000
       53352       20.483000     0.051000000       53352       20.138000     0.028000000       53352       20.079000     0.035000000       53352       20.070000     0.032000000       53352       19.686000     0.085000000
       54769       19.922000     0.043000000       54769       19.683000     0.019000000       54769       19.728000     0.022000000       54769       19.700000     0.029000000       54769       19.572000     0.076000000
