       51081.282      18.6480    0.0210000      51081.3      18.4750   0.00800000      51081.3      18.2760   0.00900000      51081.3      18.2480    0.0120000      51081.3      18.0640    0.0290000
       51819.353      18.8330    0.0220000      51819.4      18.6190   0.00800000      51819.4      18.3660   0.00800000      51819.4      18.3390    0.0110000      51819.4      18.1890    0.0260000
       52558.318      18.4910    0.0170000      52558.3      18.2800   0.00700000      52558.3      18.1060   0.00700000      52558.3      18.0920   0.00900000      52558.3      17.9600    0.0190000
       52577.206      18.4340    0.0150000      52577.2      18.2700   0.00700000      52577.2      18.0970   0.00700000      52577.2      18.0790   0.00900000      52577.2      17.9670    0.0210000
       52586.209      18.4590    0.0160000      52586.2      18.3080   0.00700000      52586.2      18.1030   0.00700000      52586.2      18.0740    0.0100000      52586.2      17.9630    0.0240000
       52910.290      18.4380    0.0160000      52910.3      18.2560   0.00700000      52910.3      18.0680   0.00700000      52910.3      18.0620   0.00900000      52910.3      17.9290    0.0190000
       52931.220      18.4830    0.0180000      52931.2      18.2970   0.00900000      52931.2      18.0970    0.0100000      52931.2      18.0760    0.0120000      52931.2      17.9250    0.0220000
       52935.217      18.5140    0.0170000      52935.2      18.2990   0.00700000      52935.2      18.1120   0.00700000      52935.2      18.0750   0.00900000      52935.2      17.9670    0.0210000
       52959.160      18.4240    0.0150000      52959.2      18.2620   0.00700000      52959.2      18.0540   0.00700000      52959.2      18.0380   0.00900000      52959.2      17.8940    0.0170000
       52963.140      18.7600    0.0180000      52963.1      18.2660   0.00700000      52963.1      18.0720   0.00700000      52963.1      18.0460   0.00800000      52963.1      17.8960    0.0170000
       53313.210      18.4530    0.0200000      53313.2      18.2510   0.00700000      53313.2      18.0600   0.00800000      53313.2      18.0010    0.0110000      53313.2      17.8090    0.0240000
       53352.111      18.4730    0.0160000      53352.1      18.2670   0.00700000      53352.1      18.0510   0.00700000      53352.1      18.0090   0.00900000      53352.1      17.8480    0.0190000
       53622.319      18.3820    0.0190000      53622.3      18.1140   0.00700000      53622.3      17.9270   0.00700000      53622.3      17.9020   0.00900000      53622.3      17.7990    0.0240000
       53634.269     -99.9900    0.0320000      53634.3      18.1480    0.0110000      53634.3      17.9470   0.00900000      53634.3      17.9060    0.0100000      53634.3      17.7730    0.0220000
       53636.274      18.3490    0.0240000      53636.3      18.1580   0.00900000      53636.3      17.9560   0.00900000      53636.3      17.9180    0.0100000      53636.3      17.7660    0.0220000
       53638.310      18.3350    0.0170000      53638.3      18.1650   0.00700000      53638.3      17.9440   0.00700000      53638.3      17.9260   0.00800000      53638.3      17.8210    0.0180000
       53640.274      18.3400    0.0200000      53640.3     -99.9900   0.00800000      53640.3      17.9660   0.00800000      53640.3      17.9480   0.00900000      53640.3      17.7630    0.0240000
       53655.246      18.3880    0.0290000      53655.2      18.2020    0.0110000      53655.2      17.9970   0.00900000      53655.2      17.9430    0.0120000      53655.2      17.8350    0.0290000
       53664.271      18.4090    0.0240000      53664.3      18.2040   0.00900000      53664.3      17.9540   0.00800000      53664.3      17.9350    0.0100000      53664.3      17.8470    0.0200000
       53666.235      18.3760    0.0180000      53666.2      18.1820   0.00700000      53666.2      17.9670   0.00700000      53666.2      17.9430   0.00900000      53666.2      17.8220    0.0190000
       53669.231      18.3950    0.0160000      53669.2      18.1940   0.00700000      53669.2      17.9580   0.00700000      53669.2      17.9440   0.00800000      53669.2      17.8090    0.0170000
       53671.315      18.3560    0.0220000      53671.3      18.2150   0.00700000      53671.3      17.9650   0.00800000      53671.3      17.9190   0.00900000      53671.3      17.8040    0.0210000
       53674.215      18.3940    0.0180000      53674.2      18.1860   0.00800000      53674.2      17.9650    0.0100000      53674.2      17.9280    0.0120000      53674.2      17.8190    0.0210000
       53676.304      18.3880    0.0190000      53676.3      18.2010   0.00700000      53676.3      17.9630   0.00700000      53676.3      17.9320   0.00800000      53676.3      17.8370    0.0170000
       53679.276      18.4080    0.0190000      53679.3      18.1970   0.00700000      53679.3      17.9820   0.00700000      53679.3      17.9680   0.00900000      53679.3      17.7820    0.0240000
       53681.268      18.3250    0.0190000      53681.3      18.1880   0.00700000      53681.3      17.9260   0.00700000      53681.3      17.9310   0.00900000      53681.3      17.7940    0.0190000
       53685.227      18.4550    0.0370000      53685.2      18.2000    0.0160000      53685.2      17.9550    0.0130000      53685.2      17.9520    0.0150000      53685.2      17.8720    0.0280000
       53694.241      18.3510    0.0410000      53694.2      18.2040    0.0150000      53694.2      17.9570    0.0120000      53694.2      17.9400    0.0150000      53694.2      17.7510    0.0310000
       53697.225      18.3940    0.0230000      53697.2      18.1790   0.00700000      53697.2      17.9640   0.00900000      53697.2      17.9440    0.0100000      53697.2      17.8050    0.0200000
       53700.224      18.3830    0.0180000      53700.2      18.1800   0.00700000      53700.2      17.9670   0.00700000      53700.2      17.9210   0.00800000      53700.2      17.7770    0.0180000
       53705.210      18.3690    0.0170000      53705.2      18.1730   0.00700000      53705.2      17.9610   0.00700000      53705.2      17.9510   0.00800000      53705.2      17.8230    0.0170000
       53975.295      18.5770    0.0210000      53975.3      18.3580    0.0180000      53975.3      18.1100    0.0200000      53975.3      18.0550    0.0190000      53975.3      17.9030    0.0240000
       53993.363      18.5480    0.0210000      53993.4      18.3460    0.0140000      53993.4      18.0850    0.0140000      53993.4      18.0490    0.0170000      53993.4      17.9170    0.0210000
       53994.318      18.4720    0.0180000      53994.3      18.3430    0.0120000      53994.3      18.0690    0.0170000      53994.3      18.0530    0.0120000      53994.3      17.9040    0.0210000
       53996.302      18.4990    0.0240000      53996.3      18.3350    0.0210000      53996.3      18.0760    0.0140000      53996.3      18.0750    0.0150000      53996.3      17.9310    0.0270000
       53998.271     -99.9900    0.0300000      53998.3     -99.9900    0.0350000      53998.3      18.0780   0.00900000      53998.3      18.0640    0.0120000      53998.3     -99.9900    0.0520000
       54005.301      18.4470    0.0190000      54005.3      18.2990    0.0180000      54005.3      18.0540    0.0140000      54005.3      18.0490    0.0160000      54005.3      17.9040    0.0180000
       54010.256      18.4790    0.0200000      54010.3      18.2810    0.0160000      54010.3      18.0590    0.0190000      54010.3      18.0370    0.0130000      54010.3      17.8910    0.0190000
       54012.249      18.4930    0.0280000      54012.2      18.2290    0.0160000      54012.2      18.0560    0.0160000      54012.2      18.0440    0.0150000      54012.2      17.8690    0.0190000
       54020.255      18.4820    0.0350000      54020.3      18.2950    0.0160000      54020.3      18.0580    0.0160000      54020.3      17.9830    0.0150000      54020.3      17.9680    0.0310000
       54024.337     -99.9900    0.0270000      54024.3      18.2920    0.0220000      54024.3      18.0440    0.0160000      54024.3      18.0390    0.0120000      54024.3      17.8920    0.0230000
       54028.245      18.4350    0.0250000      54028.2      18.2760    0.0170000      54028.2      18.0410    0.0160000      54028.2      18.0390    0.0150000      54028.2      17.8840    0.0240000
       54030.249      18.4330    0.0180000      54030.2      18.2860    0.0150000      54030.2      18.0580    0.0180000      54030.2      18.0250    0.0150000      54030.2      17.8630    0.0180000
       54035.324      18.4650    0.0210000      54035.3      18.2940    0.0180000      54035.3      18.0450    0.0130000      54035.3      18.0180    0.0180000      54035.3      17.8720    0.0230000
       54037.230      18.4550    0.0180000      54037.2      18.2810    0.0160000      54037.2      18.0290    0.0130000      54037.2      18.0040    0.0140000      54037.2      17.9390    0.0250000
       54040.244      18.3840    0.0280000      54040.2      18.2560    0.0160000      54040.2      18.0290    0.0180000      54040.2      18.0260    0.0120000      54040.2      17.8680    0.0220000
       54047.275     -99.9900    0.0460000      54047.3      18.2790    0.0290000      54047.3      18.0990    0.0140000      54047.3      18.0040    0.0210000      54047.3      17.9050    0.0420000
       54049.271      18.4540    0.0300000      54049.3      18.3070    0.0160000      54049.3      18.0540    0.0190000      54049.3      18.0320    0.0180000      54049.3      17.8770    0.0280000
       54053.235      18.4540    0.0200000      54053.2      18.2700    0.0220000      54053.2      18.0550    0.0170000      54053.2      18.0050    0.0170000      54053.2      17.8570    0.0220000
       54056.237      18.4690    0.0230000      54056.2      18.3060    0.0870000      54056.2     -99.9900    0.0550000      54056.2      18.0230    0.0190000      54056.2      17.8480    0.0280000
       54062.236      18.5050    0.0230000      54062.2      18.2970    0.0290000      54062.2      18.0540    0.0200000      54062.2      18.0390    0.0220000      54062.2      17.8300    0.0290000
       54068.217      18.4680    0.0430000      54068.2      18.3030    0.0160000      54068.2      18.0540    0.0140000      54068.2      18.0200    0.0150000      54068.2      17.8780    0.0260000
       54357.274      18.4520    0.0220000      54357.3      18.3550    0.0410000      54357.3      18.0430    0.0250000      54357.3      18.0800    0.0200000      54357.3      17.9270    0.0220000
       54362.324     -99.9900    0.0720000      54362.3      18.3520    0.0190000      54362.3     -99.9900    0.0350000      54362.3     -99.9900    0.0490000      54362.3     -99.9900    0.0630000
       54382.304      18.4950    0.0200000      54382.3      18.3280    0.0220000      54382.3      18.0900    0.0190000      54382.3      18.0580    0.0160000      54382.3      17.9380    0.0280000
       54385.322      18.4740    0.0260000      54385.3      18.3380    0.0170000      54385.3      18.0870    0.0150000      54385.3      18.0790    0.0180000      54385.3      17.9080    0.0240000
       54387.323      18.5200    0.0220000      54387.3      18.3230    0.0130000      54387.3      18.0880    0.0120000      54387.3      18.0740    0.0130000      54387.3      17.8960    0.0230000
       54392.317      18.4750    0.0230000      54392.3      18.3330    0.0260000      54392.3      18.1000    0.0220000      54392.3      18.0460    0.0180000      54392.3      17.9130    0.0240000
       54402.316     -99.9900    0.0530000      54402.3      18.3920    0.0190000      54402.3      18.0800    0.0240000      54402.3      18.0560    0.0140000      54402.3      17.9650    0.0260000
       52522.000       18.507000     0.021000000       52522.000       18.290000     0.017000000       52522.000       18.120000     0.019000000       52522.000       18.123000     0.022000000       52522.000       17.988000     0.028000000
       51081       18.685000     0.025000000       51081       18.485000     0.024000000       51081       18.264000     0.017000000       51081       18.269000     0.020000000       51081       18.042000     0.034000000
       51819       18.879000     0.030000000       51819       18.603000     0.029000000       51819       18.360000     0.018000000       51819       18.320000     0.019000000       51819       18.154000     0.028000000
       52522       18.505000     0.022000000       52522       18.300000     0.015000000       52522       18.123000     0.022000000       52522       18.125000     0.021000000       52522       17.989000     0.029000000
       52552       18.561000     0.069000000       52552       18.317000     0.017000000       52552       18.133000     0.017000000       52552       18.127000     0.020000000       52552       17.996000     0.026000000
       52558       18.528000     0.022000000       52558       18.292000     0.025000000       52558       18.091000     0.014000000       52558       18.095000     0.017000000       52558       17.930000     0.030000000
       52577       18.491000     0.026000000       52577       18.298000     0.023000000       52577       18.099000     0.013000000       52577       18.084000     0.016000000       52577       17.962000     0.024000000
       52586       18.478000     0.029000000       52586       18.330000     0.017000000       52586       18.103000     0.014000000       52586       18.067000     0.014000000       52586       17.951000     0.030000000
       52931       18.569000     0.024000000       52931       18.318000     0.030000000       52931       18.108000     0.020000000       52931       18.079000     0.014000000       52931       17.894000     0.022000000
       52935       18.602000     0.024000000       52935       18.310000     0.027000000       52935       18.125000     0.025000000       52935       18.073000     0.015000000       52935       17.945000     0.030000000
       52959       18.513000     0.019000000       52959       18.289000     0.014000000       52959       18.054000     0.023000000       52959       18.041000     0.018000000       52959       17.892000     0.020000000
       52963       18.879000     0.040000000       52963       18.288000     0.016000000       52963       18.072000     0.020000000       52963       18.066000     0.017000000       52963       17.877000     0.024000000
       53313       18.523000     0.043000000       53313       18.266000     0.021000000       53313       18.127000     0.022000000       53313       18.007000     0.036000000       53313       17.822000     0.031000000
       53352       18.552000     0.028000000       53352       18.307000     0.023000000       53352       18.054000     0.018000000       53352       18.015000     0.017000000       53352       17.849000     0.024000000
       53997       18.594000     0.030000000       53997       18.362000     0.013000000       53997       18.112000     0.025000000       53997       18.086000     0.017000000       53997       17.871000     0.027000000
