       51075.293      20.2950    0.0530000      51075.3      20.2590    0.0230000      51075.3      19.7580    0.0210000      51075.3      19.6880    0.0290000      51075.3      20.1310     0.168000
       51467.372      20.6380     0.136000      51467.4      20.6400    0.0440000      51467.4      19.9880    0.0380000      51467.4      19.9110    0.0490000      51467.4      19.9700     0.249000
       51819.348      20.7930     0.114000      51819.3      20.7640    0.0350000      51819.3      20.2540    0.0320000      51819.3      20.2190    0.0430000      51819.3      20.5320     0.271000
       52196.293      20.7580    0.0790000      52196.3      20.9320    0.0330000      52196.3      20.3200    0.0290000      52196.3      20.2280    0.0340000      52196.3      19.9760     0.117000
       52197.306      20.7510    0.0690000      52197.3      20.8970    0.0330000      52197.3      20.2260    0.0240000      52197.3      20.1760    0.0330000      52197.3      20.2870     0.135000
       52225.157      20.7290    0.0620000      52225.2      20.8760    0.0290000      52225.2      20.2460    0.0250000      52225.2      20.1170    0.0310000      52225.2      20.3400     0.135000
       52231.192      20.7300    0.0660000      52231.2      20.9370    0.0310000      52231.2      20.2470    0.0240000      52231.2      20.1480    0.0290000      52231.2      20.3860     0.126000
       52253.179      20.8670     0.147000      52253.2      20.8710    0.0520000      52253.2      20.2260    0.0390000      52253.2      20.1480    0.0490000      52253.2      20.1040     0.188000
       52557.300      20.5530    0.0710000      52557.3      20.6490    0.0300000      52557.3      20.1170    0.0270000      52557.3      20.0310    0.0330000      52557.3      20.1030     0.134000
       52558.313      20.4290    0.0610000      52558.3      20.5430    0.0240000      52558.3      20.1410    0.0240000      52558.3      20.0190    0.0260000      52558.3      20.1220     0.113000
       52577.200      20.3370    0.0600000      52577.2      20.4970    0.0240000      52577.2      20.0940    0.0280000      52577.2      20.0390    0.0360000      52577.2      20.1500     0.165000
       52578.197      20.3730    0.0530000      52578.2      20.5360    0.0230000      52578.2      20.0060    0.0210000      52578.2      19.9370    0.0250000      52578.2      20.0370     0.102000
       52586.204      20.4700    0.0720000      52586.2      20.4540    0.0250000      52586.2      20.0810    0.0300000      52586.2      20.0000    0.0430000      52586.2      20.0790     0.174000
       52908.275      20.5300    0.0640000      52908.3      20.5170    0.0260000      52908.3      20.0420    0.0240000      52908.3      20.0030    0.0340000      52908.3      20.1770     0.153000
       52910.284      20.5580    0.0600000      52910.3      20.5370    0.0230000      52910.3      19.9640    0.0190000      52910.3      19.9460    0.0250000      52910.3      19.9050     0.112000
       52911.289      20.3820    0.0660000      52911.3      20.4520    0.0290000      52911.3      19.9730    0.0240000      52911.3      19.8530    0.0320000      52911.3      19.8920     0.126000
       52930.166      20.5840    0.0770000      52930.2      20.5800    0.0270000      52930.2      20.0490    0.0260000      52930.2      19.9570    0.0330000      52930.2      19.9820     0.115000
       52931.215      20.5670    0.0730000      52931.2      20.4960    0.0260000      52931.2      20.0170    0.0230000      52931.2      20.0200    0.0290000      52931.2      20.1420     0.145000
       52934.207      20.4740    0.0730000      52934.2      20.4130    0.0260000      52934.2      20.0230    0.0280000      52934.2      19.9880    0.0370000      52934.2      20.0550     0.124000
       52935.212      20.5230    0.0690000      52935.2      20.5760    0.0240000      52935.2      20.0400    0.0230000      52935.2      20.0100    0.0300000      52935.2      20.2160     0.155000
       52936.203      20.5470    0.0610000      52936.2      20.5410    0.0240000      52936.2      19.9620    0.0210000      52936.2      19.9320    0.0260000      52936.2      19.9830    0.0950000
       52959.155      20.4370    0.0540000      52959.2      20.4580    0.0210000      52959.2      19.9220    0.0180000      52959.2      19.8900    0.0230000      52959.2      20.1070     0.113000
       52962.128      20.3690    0.0580000      52962.1      20.4520    0.0260000      52962.1      19.9510    0.0240000      52962.1      19.8070    0.0280000      52962.1      20.0310     0.119000
       52963.135      20.3710    0.0490000      52963.1      20.4590    0.0200000      52963.1      19.9830    0.0180000      52963.1      19.8000    0.0210000      52963.1      19.9580    0.0900000
       53270.267      20.0560    0.0380000      53270.3      19.9450    0.0200000      53270.3      19.5280    0.0220000      53270.3      19.5560    0.0290000      53270.3      19.5140    0.0620000
       53272.317      19.9640    0.0540000      53272.3      19.9510    0.0250000      53272.3      19.5390    0.0200000      53272.3      19.5340    0.0230000      53272.3      19.6850    0.0750000
       53286.286      20.1350    0.0830000      53286.3      19.9400    0.0200000      53286.3      19.5790    0.0220000      53286.3      19.4490    0.0250000      53286.3      19.5870     0.105000
       53288.244      19.9560    0.0420000      53288.2      19.9600    0.0160000      53288.2      19.5960    0.0160000      53288.2      19.4940    0.0180000      53288.2      19.4240    0.0560000
       53294.292      19.9580    0.0520000      53294.3      19.8710    0.0190000      53294.3      19.5150    0.0200000      53294.3      19.3710    0.0230000      53294.3      19.5210    0.0890000
       53302.240     -99.9900    0.0900000      53302.2      19.9680    0.0360000      53302.2      19.4990    0.0250000      53302.2      19.4580    0.0260000      53302.2      19.4960    0.0750000
       53312.195      20.0130    0.0570000      53312.2      19.9420    0.0240000      53312.2      19.5650    0.0310000      53312.2      19.4930    0.0340000      53312.2      19.4420    0.0970000
       53314.196      19.9620    0.0440000      53314.2      19.9430    0.0160000      53314.2      19.5930    0.0170000      53314.2      19.4860    0.0220000      53314.2      19.6740    0.0890000
       53352.106      19.8890    0.0440000      53352.1      19.9170    0.0150000      53352.1      19.5960    0.0160000      53352.1      19.4630    0.0190000      53352.1      19.4270    0.0770000
       53616.301      19.9420    0.0590000      53616.3      19.9430    0.0210000      53616.3      19.5090    0.0210000      53616.3      19.4660    0.0260000      53616.3      19.4650    0.0920000
       53622.314      20.0010    0.0560000      53622.3      19.9420    0.0190000      53622.3      19.5580    0.0190000      53622.3      19.4790    0.0230000      53622.3      19.4510     0.101000
       53623.291      20.0780    0.0610000      53623.3      19.9880    0.0200000      53623.3      19.5580    0.0160000      53623.3      19.4900    0.0200000      53623.3      19.4970    0.0850000
       53626.277      20.0410    0.0540000      53626.3      19.9390    0.0220000      53626.3      19.6020    0.0250000      53626.3     -99.9900    0.0270000      53626.3      19.6990    0.0800000
       53628.262      19.9400     0.109000      53628.3      19.9730    0.0520000      53628.3      19.6000    0.0310000      53628.3      19.5440    0.0350000      53628.3      19.6870     0.117000
       53634.264      19.9460     0.126000      53634.3      19.9670    0.0500000      53634.3      19.5760    0.0340000      53634.3      19.5590    0.0370000      53634.3      19.4600     0.105000
       53636.269      19.9410    0.0880000      53636.3      19.9160    0.0520000      53636.3      19.4660    0.0560000      53636.3      19.4380    0.0480000      53636.3      19.7160     0.242000
       53637.264      19.7790    0.0670000      53637.3      19.9430    0.0290000      53637.3      19.5620    0.0250000      53637.3      19.5290    0.0310000      53637.3      19.6490     0.130000
       53638.305      19.9600    0.0510000      53638.3      19.9850    0.0200000      53638.3      19.5400    0.0170000      53638.3      19.3910    0.0190000      53638.3      19.6680    0.0930000
       53639.309      20.1810    0.0570000      53639.3      19.9940    0.0200000      53639.3      19.5790    0.0170000      53639.3      19.5070    0.0210000      53639.3      19.6350    0.0770000
       53644.256      19.9510    0.0490000      53644.3      19.9010    0.0240000      53644.3      19.5900    0.0230000      53644.3      19.4570    0.0280000      53644.3      19.6600    0.0820000
       53654.291      20.0950    0.0500000      53654.3      20.0100    0.0170000      53654.3      19.5410    0.0160000      53654.3      19.5470    0.0210000      53654.3      19.7690    0.0870000
       53656.238      19.8400     0.100000      53656.2      20.0230    0.0530000      53656.2      19.5090    0.0290000      53656.2      19.4510    0.0290000      53656.2      19.6290     0.114000
       53663.252      19.9410    0.0680000      53663.3      20.0520    0.0330000      53663.2      19.6200    0.0200000      53663.2      19.4950    0.0200000      53663.3      19.5560    0.0630000
       53664.266      19.6450     0.133000      53664.3      19.7590    0.0460000      53664.3      19.4070    0.0490000      53664.3      19.3530    0.0560000      53664.3      19.5140     0.204000
       53665.230      19.8960     0.203000      53665.2      20.0870     0.175000      53665.2     -99.9900    0.0900000      53665.2     -99.9900    0.0940000      53665.2     -99.9900     0.312000
       53666.230      20.0730    0.0530000      53666.2      19.9300    0.0200000      53666.2      19.6260    0.0180000      53666.2      19.4850    0.0210000      53666.2      19.4200    0.0810000
       53668.241      19.9120    0.0520000      53668.2      19.9600    0.0200000      53668.2      19.5030    0.0210000      53668.2      19.4100    0.0260000      53668.2      19.4720     0.114000
       53669.225      20.0150    0.0440000      53669.2      19.9750    0.0160000      53669.2      19.5940    0.0160000      53669.2      19.5020    0.0190000      53669.2      19.5930    0.0820000
       53670.246      20.1510    0.0480000      53670.2      19.9890    0.0170000      53670.2      19.5900    0.0170000      53670.2      19.5300    0.0210000      53670.2      19.4820    0.0670000
       53671.310      19.9720    0.0770000      53671.3      19.9160    0.0220000      53671.3      19.5080    0.0220000      53671.3      19.3450    0.0230000      53671.3      19.3170    0.0990000
       53673.214      20.0990    0.0470000      53673.2      20.0170    0.0170000      53673.2      19.6260    0.0170000      53673.2      19.5410    0.0200000      53673.2      19.4920    0.0660000
       53674.210      20.0350    0.0510000      53674.2      20.0180    0.0170000      53674.2      19.6040    0.0180000      53674.2      19.5670    0.0220000      53674.2      19.6250    0.0890000
       53675.211      19.9580    0.0480000      53675.2      20.0130    0.0180000      53675.2      19.5600    0.0200000      53675.2      19.4670    0.0230000      53675.2      19.5910    0.0940000
       53676.299      19.9980    0.0580000      53676.3      19.9980    0.0170000      53676.3      19.5550    0.0170000      53676.3      19.4180    0.0180000      53676.3      19.6560    0.0870000
       53677.232      20.0240    0.0420000      53677.2      20.0030    0.0160000      53677.2      19.5710    0.0150000      53677.2      19.4950    0.0180000      53677.2      19.5380    0.0540000
       53679.271      20.0630    0.0630000      53679.3      20.0360    0.0200000      53679.3      19.5640    0.0210000      53679.3      19.5900    0.0290000      53679.3      19.7640     0.130000
       53680.219      20.1300    0.0540000      53680.2      19.9530    0.0170000      53680.2      19.5720    0.0170000      53680.2      19.4830    0.0200000      53680.2      19.8360    0.0870000
       53681.262      19.9290    0.0590000      53681.3      19.9590    0.0190000      53681.3      19.6580    0.0200000      53681.3      19.4800    0.0220000      53681.3      19.7110     0.110000
       53685.221      19.6990     0.140000      53685.2      19.9230    0.0720000      53685.2      19.5400    0.0700000      53685.2      19.4260    0.0580000      53685.2      19.4390     0.146000
       53693.221      19.7950    0.0850000      53693.2      19.9350    0.0350000      53693.2      19.5080    0.0230000      53693.2      19.4800    0.0250000      53693.2      19.4150    0.0750000
       53697.219      19.9490    0.0850000      53697.2      19.9240    0.0240000      53697.2      19.5300    0.0280000      53697.2      19.3990    0.0290000      53697.2      19.4140     0.111000
       53700.218      19.8460    0.0530000      53700.2      19.9250    0.0170000      53700.2      19.5810    0.0170000      53700.2      19.4790    0.0210000      53700.2      19.5600    0.0990000
       53704.204      19.9930    0.0470000      53704.2      19.9430    0.0170000      53704.2      19.5730    0.0160000      53704.2      19.4350    0.0190000      53704.2      19.3890    0.0630000
       53705.205      20.0500    0.0560000      53705.2      19.9350    0.0170000      53705.2      19.5430    0.0160000      53705.2      19.4600    0.0190000      53705.2      19.4950    0.0750000
       53974.297      19.8340    0.0360000      53974.3      19.7660    0.0180000      53974.3      19.3500    0.0250000      53974.3      19.3550    0.0290000      53974.3      19.3450    0.0490000
       53975.290      19.8690    0.0580000      53975.3      19.8010    0.0190000      53975.3      19.4660    0.0270000      53975.3      19.3330    0.0280000      53975.3      19.4860    0.0900000
       53989.300      19.8420    0.0680000      53989.3      19.7460    0.0310000      53989.3      19.3880    0.0260000      53989.3      19.2960    0.0320000      53989.3      19.3430    0.0580000
       53993.358      19.8940    0.0510000      53993.4      19.7880    0.0210000      53993.4      19.4230    0.0210000      53993.4      19.3060    0.0290000      53993.4      19.3830    0.0810000
       53994.313      19.7520    0.0400000      53994.3      19.8620    0.0190000      53994.3      19.4700    0.0210000      53994.3      19.4420    0.0260000      53994.3      19.5330    0.0780000
       53996.297      19.8140    0.0430000      53996.3      19.7750    0.0200000      53996.3      19.5210    0.0220000      53996.3      19.3660    0.0290000      53996.3      19.6560    0.0970000
       53997.396      19.8060    0.0470000      53997.4     -99.9900    0.0250000      53997.4      19.4800    0.0250000      53997.4     -99.9900    0.0250000      53997.4     -99.9900    0.0690000
       53998.265      19.7960    0.0370000      53998.3      19.7660    0.0160000      53998.3      19.4370    0.0190000      53998.3      19.3750    0.0210000      53998.3      19.4880    0.0670000
       54000.275      19.7990    0.0420000      54000.3      19.7810    0.0330000      54000.3      19.4420    0.0210000      54000.3      19.3560    0.0280000      54000.3      19.6400     0.102000
       54005.296      19.8360    0.0370000      54005.3      19.7690    0.0210000      54005.3      19.4380    0.0170000      54005.3      19.4200    0.0250000      54005.3      19.4010    0.0610000
       54007.326      19.7520    0.0360000      54007.3      19.7970    0.0220000      54007.3      19.4280    0.0290000      54007.3      19.3630    0.0270000      54007.3      19.4370    0.0630000
       54009.249      19.8720    0.0490000      54009.2      19.8090    0.0200000      54009.2      19.4480    0.0250000      54009.2      19.3790    0.0240000      54009.2      19.5030    0.0670000
       54010.251      19.9880    0.0440000      54010.3      19.8060    0.0190000      54010.2      19.4450    0.0190000      54010.2      19.3190    0.0270000      54010.2      19.4180    0.0590000
       54011.314      19.8000    0.0450000      54011.3      19.7690    0.0220000      54011.3      19.4340    0.0220000      54011.3      19.3670    0.0260000      54011.3      19.2590    0.0540000
       54012.244      19.8990    0.0780000      54012.2      19.7310    0.0310000      54012.2      19.4630    0.0250000      54012.2      19.3690    0.0280000      54012.2      19.4190    0.0660000
       54019.264      19.8710    0.0470000      54019.3      19.7630    0.0240000      54019.3      19.4450    0.0220000      54019.3      19.3770    0.0260000      54019.3      19.2770    0.0480000
       54020.250      19.9710    0.0700000      54020.2      19.8520    0.0260000      54020.2      19.4660    0.0240000      54020.2      19.4340    0.0330000      54020.2      19.3120    0.0860000
       54025.313      19.8090    0.0450000      54025.3      19.8060    0.0250000      54025.3      19.4140    0.0210000      54025.3      19.3250    0.0270000      54025.3      19.4550    0.0840000
       54028.240      19.9030    0.0440000      54028.2      19.8030    0.0200000      54028.2      19.4460    0.0220000      54028.2      19.3790    0.0290000      54028.2      19.5320    0.0840000
       54029.243      19.8710    0.0410000      54029.2      19.7550    0.0280000      54029.2      19.4070    0.0230000      54029.2      19.3060    0.0290000      54029.2      19.5380    0.0740000
       54030.243      19.8650    0.0380000      54030.2      19.8510    0.0170000      54030.2      19.4790    0.0210000      54030.2      19.4210    0.0270000      54030.2      19.5170    0.0660000
       54035.319      19.7840    0.0840000      54035.3      19.8930    0.0230000      54035.3      19.4550    0.0220000      54035.3      19.3590    0.0270000      54035.3      19.3070     0.107000
       54037.225      19.8580    0.0450000      54037.2      19.7770    0.0260000      54037.2      19.4380    0.0240000      54037.2      19.3560    0.0270000      54037.2      19.4050    0.0760000
       54040.239      20.0410    0.0880000      54040.2      19.8540    0.0340000      54040.2      19.4240    0.0260000      54040.2      19.3610    0.0310000      54040.2      19.3420    0.0740000
       54049.265      19.8960    0.0980000      54049.3      19.8030    0.0360000      54049.3      19.4660    0.0270000      54049.3      19.3870    0.0300000      54049.3      19.3360     0.108000
       54053.230      19.8270    0.0420000      54053.2      19.7690    0.0240000      54053.2      19.4800    0.0180000      54053.2      19.3660    0.0240000      54053.2      19.3830    0.0760000
       54348.311      19.9050    0.0480000      54348.3      19.8320    0.0280000      54348.3      19.4470    0.0290000      54348.3      19.4080    0.0300000      54348.3      19.5350    0.0790000
       54357.269     -99.9900    0.0410000      54357.3      19.8790    0.0250000      54357.3      19.5340    0.0200000      54357.3      19.4120    0.0330000      54357.3      19.5350    0.0810000
       54358.266      19.9750    0.0510000      54358.3      19.8450    0.0210000      54358.3      19.4890    0.0250000      54358.3      19.4160    0.0340000      54358.3      19.6180    0.0910000
       54365.300      19.8490    0.0480000      54365.3      19.8660    0.0270000      54365.3      19.4120    0.0260000      54365.3      19.4270    0.0340000      54365.3      19.6800    0.0900000
       54373.374      19.7860     0.102000      54373.4     -99.9900    0.0740000      54373.4      19.4900    0.0290000      54373.4      19.3630    0.0310000      54373.4      19.6030     0.101000
       54381.319      19.8930    0.0390000      54381.3      19.9110    0.0270000      54381.3      19.4790    0.0180000      54381.3      19.4510    0.0260000      54381.3      19.6140    0.0750000
       54385.317      19.8730    0.0440000      54385.3      19.9020    0.0300000      54385.3      19.5130    0.0200000      54385.3      19.4510    0.0290000      54385.3      19.5370    0.0730000
       54386.311      19.8950    0.0450000      54386.3      19.8950    0.0220000      54386.3      19.4940    0.0210000      54386.3      19.4600    0.0330000      54386.3      19.4660    0.0750000
       54387.317      19.8160    0.0530000      54387.3      19.8660    0.0220000      54387.3      19.4650    0.0230000      54387.3      19.4400    0.0270000      54387.3      19.6440     0.101000
       54388.316      19.8230    0.0450000      54388.3      19.8970    0.0210000      54388.3      19.5000    0.0260000      54388.3      19.4550    0.0250000      54388.3      19.4810    0.0660000
       54392.312      19.9550    0.0550000      54392.3      19.8610    0.0280000      54392.3      19.5400    0.0280000      54392.3      19.4720    0.0290000      54392.3      19.5820    0.0880000
       54402.310      19.7180     0.107000      54402.3      19.9340    0.0410000      54402.3      19.5430    0.0310000      54402.3      19.4480    0.0370000      54402.3      19.4960    0.0980000
       54403.229      19.7820    0.0570000      54403.2      19.9290    0.0400000      54403.2      19.4440    0.0260000      54403.2      19.4250    0.0340000      54403.2      19.4640    0.0710000
       54404.287      20.0920    0.0660000      54404.3      19.8900    0.0280000      54404.3      19.4850    0.0280000      54404.3      19.4690    0.0320000      54404.3      19.5370    0.0670000
       54405.285      19.7890    0.0500000      54405.3      19.9000    0.0260000      54405.3      19.5040    0.0230000      54405.3      19.3780    0.0240000      54405.3      19.6600    0.0750000
       54406.223      19.8430    0.0370000      54406.2      19.8600    0.0210000      54406.2      19.5150    0.0210000      54406.2      19.4640    0.0300000      54406.2      19.6080    0.0720000
       54412.226      19.8950    0.0680000      54412.2      19.8430    0.0220000      54412.2      19.4710    0.0220000      54412.2      19.3950    0.0280000      54412.2      19.7660     0.118000
       52197.000       20.750000     0.064000000       52197.000       20.913000     0.042000000       52197.000       20.206000     0.042000000       52197.000       20.165000     0.036000000       52197.000       20.249000      0.12900000
       51075       20.305000     0.048000000       51075       20.253000     0.026000000       51075       19.761000     0.030000000       51075       19.698000     0.035000000       51075       20.153000      0.17400000
       51134       20.079000     0.050000000       51134       20.266000     0.029000000       51134       19.741000     0.032000000       51134       19.671000     0.046000000       51134       19.877000      0.18600000
       51467       20.705000      0.11000000       51467       20.777000     0.043000000       51467       20.139000     0.043000000       51467       20.076000     0.050000000       51467       20.026000      0.20700000
       51819       20.657000     0.084000000       51819       20.747000     0.039000000       51819       20.205000     0.042000000       51819       20.162000     0.057000000       51819       20.613000      0.35000000
       52197       20.827000     0.061000000       52197       20.923000     0.048000000       52197       20.180000     0.039000000       52197       20.169000     0.044000000       52197       20.135000       1.0710000
       52225       20.750000     0.056000000       52225       20.886000     0.032000000       52225       20.263000     0.031000000       52225       20.183000     0.043000000       52225       20.301000      0.15100000
       52253       20.890000      0.13400000       52253       20.893000     0.052000000       52253       20.304000     0.043000000       52253       20.209000     0.057000000       52253       20.101000      0.18700000
       52522       20.509000     0.064000000       52522       20.635000     0.033000000       52522       20.118000     0.039000000       52522       20.089000     0.049000000       52522       20.044000      0.16000000
       52557       20.359000     0.063000000       52557       20.660000     0.035000000       52557       20.071000     0.036000000       52557       20.020000     0.049000000       52557       20.129000      0.15400000
       52578       20.423000     0.052000000       52578       20.513000     0.032000000       52578       19.973000     0.032000000       52578       19.961000     0.049000000       52578       20.021000      0.10600000
       52908       20.505000     0.055000000       52908       20.476000     0.037000000       52908       19.999000     0.030000000       52908       19.993000     0.047000000       52908       20.220000      0.17100000
       52911       20.449000     0.062000000       52911       20.464000     0.045000000       52911       19.950000     0.036000000       52911       19.845000     0.044000000       52911       19.878000      0.12300000
       52930       20.579000     0.067000000       52930       20.542000     0.028000000       52930       19.970000     0.037000000       52930       19.904000     0.043000000       52930       20.015000      0.13200000
       52934       20.452000     0.068000000       52934       20.404000     0.030000000       52934       19.985000     0.035000000       52934       19.980000     0.052000000       52934       20.031000      0.14400000
       52936       20.519000     0.055000000       52936       20.521000     0.042000000       52936       19.971000     0.034000000       52936       19.916000     0.039000000       52936       19.958000      0.10800000
       52962       20.341000     0.048000000       52962       20.424000     0.027000000       52962       19.930000     0.031000000       52962       19.869000     0.036000000       52962       19.949000      0.12100000
       53270       19.992000     0.040000000       53270       19.931000     0.021000000       53270       19.519000     0.023000000       53270       19.521000     0.029000000       53270       19.493000     0.064000000
       53272       19.980000     0.051000000       53272       19.946000     0.028000000       53272       19.525000     0.027000000       53272       19.503000     0.031000000       53272       19.573000     0.077000000
       53286       20.152000     0.074000000       53286       19.946000     0.027000000       53286       19.545000     0.035000000       53286       19.437000     0.029000000       53286       19.532000     0.099000000
       53288       19.950000     0.038000000       53288       19.975000     0.021000000       53288       19.560000     0.024000000       53288       19.502000     0.030000000       53288       19.532000     0.064000000
       53312       19.997000     0.054000000       53312       19.920000     0.027000000       53312       19.502000     0.033000000       53312       19.416000     0.032000000       53312       19.350000     0.098000000
       53314       19.932000     0.039000000       53314       19.969000     0.028000000       53314       19.570000     0.023000000       53314       19.506000     0.032000000       53314       19.661000     0.097000000
       53997       19.840000     0.041000000       53997       19.729000     0.036000000       53997       19.403000     0.030000000       53997       19.310000     0.028000000       53997       19.368000     0.077000000
