       51075.322      20.5960    0.0700000      51075.3      20.2790    0.0210000      51075.3      20.2250    0.0290000      51075.3      19.9390    0.0390000      51075.3      20.0000     0.141000
       52196.323      20.4670    0.0650000      52196.3      20.2350    0.0200000      52196.3      20.1960    0.0270000      52196.3      20.0720    0.0350000      52196.3      20.2220     0.136000
       52196.341      20.7170    0.0880000      52196.3      20.2440    0.0210000      52196.3      20.2100    0.0300000      52196.3      20.0530    0.0370000      52196.3      19.9910     0.115000
       52197.336      20.7000    0.0770000      52197.3      20.2810    0.0220000      52197.3      20.1660    0.0250000      52197.3      20.0200    0.0320000      52197.3      20.0450     0.127000
       52225.186      20.7990    0.0770000      52225.2     -99.9900    0.0200000      52225.2      20.2110    0.0260000      52225.2      20.0910    0.0360000      52225.2      20.0770     0.119000
       52231.222      20.6340    0.0690000      52231.2      20.2430    0.0210000      52231.2      20.2640    0.0270000      52231.2      20.0650    0.0330000      52231.2      19.9450    0.0950000
       52253.208      20.7090    0.0910000      52253.2      20.3060    0.0230000      52253.2      20.2620    0.0310000      52253.2      20.0860    0.0370000      52253.2      20.1980     0.132000
       52557.330     -99.9900    0.0880000      52557.3      20.3750    0.0240000      52557.3      20.4110    0.0330000      52557.3      20.2860    0.0480000      52557.3      20.2460     0.153000
       52578.226      20.6200    0.0730000      52578.2      20.3270    0.0210000      52578.2      20.2960    0.0290000      52578.2      20.2350    0.0410000      52578.2      20.0500     0.115000
       52908.304      20.8160    0.0860000      52908.3      20.3500    0.0230000      52908.3      20.3860    0.0300000      52908.3      20.1940    0.0420000      52908.3      20.1520     0.148000
       52934.236      20.6950     0.105000      52934.2      20.4530    0.0310000      52934.2      20.4130    0.0430000      52934.2      20.1990    0.0540000      52934.2      20.2440     0.211000
       52936.232      20.8790    0.0910000      52936.2      20.4450    0.0250000      52936.2      20.4060    0.0300000      52936.2      20.1180    0.0370000      52936.2      20.1550     0.130000
       52962.158      20.8220    0.0860000      52962.2      20.4360    0.0260000      52962.2      20.4060    0.0340000      52962.2      20.2320    0.0450000      52962.2      20.3620     0.174000
       53270.296      21.3080     0.116000      53270.3      20.8030    0.0310000      53270.3      20.7210    0.0320000      53270.3      20.5570    0.0430000      53270.3      20.6010     0.166000
       53272.346      21.3120     0.142000      53272.3      20.7910    0.0370000      53272.3      20.7100    0.0450000      53272.3      20.4010    0.0560000      53272.3      20.4240     0.172000
       53286.315      21.1130     0.169000      53286.3      20.7460    0.0420000      53286.3      20.6810    0.0530000      53286.3      20.4830    0.0660000      53286.3      20.3680     0.195000
       53288.273      21.3170     0.174000      53288.3      20.8280    0.0350000      53288.3      20.6950    0.0440000      53288.3      20.5640    0.0620000      53288.3      20.5370     0.200000
       53294.321      21.5330     0.203000      53294.3      20.6900    0.0330000      53294.3      20.5960    0.0470000      53294.3      20.4710    0.0590000      53294.3      20.6350     0.247000
       53298.318      21.1280     0.125000      53298.3      20.8300    0.0320000      53298.3      20.6770    0.0460000      53298.3      20.5500    0.0590000      53298.3      20.3970     0.182000
       53302.269      21.3890     0.265000      53302.3      20.6430    0.0620000      53302.3      20.6130    0.0640000      53302.3      20.3240    0.0590000      53302.3      20.2580     0.156000
       53312.224      21.3260     0.180000      53312.2      20.8570    0.0500000      53312.2      20.7070    0.0510000      53312.2      20.6270    0.0690000      53312.2      20.4690     0.203000
       53314.226      21.2480     0.128000      53314.2      20.8150    0.0310000      53314.2      20.6850    0.0480000      53314.2      20.6630    0.0680000      53314.2      20.3790     0.182000
       53616.330      21.1080     0.203000      53616.3      20.7000    0.0410000      53616.3      20.6390    0.0510000      53616.3      20.4610    0.0780000      53616.3      20.6700     0.327000
       53626.306      20.8770    0.0960000      53626.3      20.6070    0.0290000      53626.3      20.4740    0.0370000      53626.3      20.4340    0.0500000      53626.3      20.7300     0.218000
       53628.291      21.1920     0.291000      53628.3      20.4980    0.0660000      53628.3      20.5330    0.0610000      53628.3      20.4350    0.0700000      53628.3      20.1890     0.169000
       53637.293      20.9590     0.172000      53637.3      20.6330    0.0550000      53637.3      20.6060    0.0550000      53637.3      20.3790    0.0720000      53637.3      20.3960     0.252000
       53639.338      20.9110    0.0970000      53639.3      20.5600    0.0300000      53639.3      20.4860    0.0310000      53639.3      20.3640    0.0390000      53639.3      20.6030     0.146000
       53654.320      20.9030     0.106000      53654.3      20.5210    0.0280000      53654.3      20.5210    0.0360000      53654.3      20.3090    0.0500000      53654.3      20.1990     0.152000
       53663.281     -99.9900     0.209000      53663.3      20.5560    0.0550000      53663.3      20.4100    0.0480000      53663.3      20.3410    0.0530000      53663.3      20.5210     0.176000
       53665.259     -99.9900     0.252000      53665.3      20.4910    0.0780000      53665.3      20.2290     0.175000      53665.3     -99.9900     0.179000      53665.3     -99.9900     0.917000
       53666.351      20.8450     0.184000      53666.4      20.5480    0.0470000      53666.3      20.3810    0.0460000      53666.4      20.3850    0.0580000      53666.4      20.2060     0.139000
       53668.270      20.6930     0.139000      53668.3      20.5910    0.0390000      53668.3      20.4000    0.0490000      53668.3      20.4190    0.0780000      53668.3      20.6760     0.311000
       53670.275      20.6980    0.0860000      53670.3      20.5920    0.0260000      53670.3      20.5790    0.0360000      53670.3      20.3300    0.0440000      53670.3      20.5070     0.170000
       53673.243      20.8980     0.102000      53673.2      20.5340    0.0250000      53673.2      20.4660    0.0330000      53673.2      20.3500    0.0450000      53673.2      20.3040     0.146000
       53675.240      20.6680    0.0970000      53675.2      20.5080    0.0280000      53675.2      20.4500    0.0410000      53675.2      20.4130    0.0640000      53675.2      20.1300     0.175000
       53677.261      20.8620    0.0950000      53677.3      20.5300    0.0250000      53677.3      20.5060    0.0350000      53677.3      20.3970    0.0430000      53677.3      20.7180     0.185000
       53680.248      21.0020     0.110000      53680.2      20.6180    0.0260000      53680.2      20.5510    0.0360000      53680.2      20.4300    0.0760000      53680.2      20.1900     0.123000
       53693.250      20.8970     0.251000      53693.2      20.5600    0.0580000      53693.2      20.3700    0.0480000      53693.2      20.3250    0.0540000      53693.2      20.7020     0.204000
       53698.247      20.8700     0.111000      53698.2      20.5990    0.0290000      53698.2      20.5210    0.0390000      53698.2      20.3870    0.0500000      53698.2      20.4930     0.188000
       53704.233      20.8140     0.120000      53704.2      20.4840    0.0310000      53704.2      20.4590    0.0430000      53704.2      20.1870    0.0540000      53704.2      20.0930     0.165000
       53974.326      20.8520    0.0770000      53974.3      20.4790    0.0220000      53974.3      20.3730    0.0270000      53974.3      20.2640    0.0330000      53974.3      20.2220     0.117000
       53977.374      20.8090    0.0730000      53977.4      20.4560    0.0230000      53977.4      20.3480    0.0290000      53977.4      20.2240    0.0370000      53977.4     -99.9900     0.142000
       53989.329      20.7890     0.164000      53989.3      20.5020    0.0540000      53989.3      20.4490    0.0530000      53989.3      20.3560    0.0560000      53989.3      20.3450     0.149000
       53997.425      20.8870     0.101000      53997.4      20.5080    0.0250000      53997.4      20.3310    0.0310000      53997.4     -99.9900    0.0370000      53997.4     -99.9900     0.158000
       54000.305      20.9700     0.120000      54000.3      20.4020    0.0320000      54000.3      20.3830    0.0330000      54000.3      20.2780    0.0520000      54000.3      19.9650     0.136000
       54006.251     -99.9900     0.506000      54006.3      20.4500    0.0370000      54006.2      20.4750    0.0350000      54006.2     -99.9900    0.0520000      54006.3     -99.9900     0.148000
       54007.355      20.9100    0.0920000      54007.4      20.5400    0.0330000      54007.4      20.4710    0.0300000      54007.4      20.3040    0.0460000      54007.4      20.2810     0.145000
       54009.278      21.2780     0.114000      54009.3      20.4650    0.0260000      54009.3      20.4150    0.0340000      54009.3      20.3010    0.0470000      54009.3     -99.9900     0.192000
       54011.343      21.0190     0.112000      54011.3      20.5960    0.0380000      54011.3      20.3970    0.0410000      54011.3      20.2410    0.0490000      54011.3      20.1290     0.114000
       54025.342      21.1430     0.125000      54025.3      20.5730    0.0300000      54025.3      20.4800    0.0400000      54025.3      20.3320    0.0500000      54025.3      20.5770     0.195000
       54029.272      20.7650     0.133000      54029.3     -99.9900    0.0410000      54029.3     -99.9900    0.0520000      54029.3      20.2310    0.0680000      54029.3      20.0130     0.198000
       54348.340      20.8490    0.0950000      54348.3      20.5340    0.0320000      54348.3      20.4920    0.0350000      54348.3      20.3660    0.0440000      54348.3      20.3080     0.134000
       54358.296      20.8010     0.122000      54358.3      20.6030    0.0320000      54358.3      20.4650    0.0380000      54358.3      20.2680    0.0490000      54358.3      20.4580     0.237000
       54359.290      20.8600     0.165000      54359.3      20.5670    0.0460000      54359.3     -99.9900    0.0670000      54359.3      20.2830    0.0740000      54359.3      20.1930     0.234000
       54365.329      20.8940    0.0830000      54365.3      20.5050    0.0300000      54365.3      20.4470    0.0290000      54365.3      20.2760    0.0390000      54365.3      20.1740     0.109000
       54381.348      20.6520    0.0950000      54381.4      20.4300    0.0250000      54381.3      20.3940    0.0350000      54381.3      20.2480    0.0440000      54381.3      20.1970     0.131000
       54384.355      20.8540    0.0940000      54384.4      20.4470    0.0230000      54384.4      20.4040    0.0320000      54384.4      20.2300    0.0420000      54384.4      20.2430     0.135000
       54386.341     -99.9900     0.109000      54386.3      20.5380    0.0350000      54386.3      20.3690    0.0510000      54386.3      20.2890    0.0620000      54386.3     -99.9900     0.174000
       54388.345      20.8420    0.0910000      54388.3      20.5560    0.0260000      54388.3      20.3600    0.0300000      54388.3      20.2910    0.0390000      54388.3      20.4610     0.143000
       54403.259      20.5740     0.150000      54403.3      20.4780    0.0470000      54403.3      20.4420    0.0550000      54403.3      20.1640    0.0590000      54403.3      20.7650     0.279000
       54404.316      20.9410     0.169000      54404.3      20.4490    0.0380000      54404.3      20.4140    0.0390000      54404.3      20.1800    0.0450000      54404.3      20.1970     0.135000
       54405.314      20.8670     0.127000      54405.3      20.4690    0.0420000      54405.3      20.3920    0.0350000      54405.3      20.2020    0.0400000      54405.3      20.3340     0.136000
       54406.252      20.8290    0.0800000      54406.3      20.4260    0.0290000      54406.2      20.3770    0.0300000      54406.2      20.2010    0.0370000      54406.3      20.3140     0.122000
       54412.255      21.1010     0.115000      54412.3      20.4740    0.0270000      54412.3      20.4660    0.0350000      54412.3     -99.9900    0.0390000      54412.3     -99.9900     0.137000
       52197.000       20.684000     0.073000000       52197.000       20.277000     0.023000000       52197.000       20.153000     0.025000000       52197.000       20.018000     0.035000000       52197.000       19.995000      0.12000000
       51075       20.559000     0.060000000       51075       20.264000     0.022000000       51075       20.268000     0.029000000       51075       19.991000     0.038000000       51075       20.008000      0.14100000
       52196       20.461000     0.058000000       52196       20.235000     0.031000000       52196       20.186000     0.026000000       52196       20.064000     0.037000000       52196       20.186000      0.12600000
       52196       20.702000     0.077000000       52196       20.265000     0.027000000       52196       20.235000     0.034000000       52196       20.068000     0.037000000       52196       20.001000      0.10900000
       52197       20.699000     0.066000000       52197       20.263000     0.025000000       52197       20.152000     0.027000000       52197       20.015000     0.033000000       52197       20.006000      0.12200000
       52225       20.779000     0.067000000       52225       20.241000     0.034000000       52225       20.186000     0.028000000       52225       20.078000     0.035000000       52225       19.990000      0.11000000
       52231       20.593000     0.063000000       52231       20.220000     0.030000000       52231       20.261000     0.028000000       52231       20.082000     0.034000000       52231       19.939000     0.093000000
       52253       20.636000     0.077000000       52253       20.313000     0.027000000       52253       20.273000     0.041000000       52253       20.072000     0.037000000       52253       20.201000      0.13000000
       52557       20.620000     0.074000000       52557       20.360000     0.026000000       52557       20.391000     0.033000000       52557       20.272000     0.048000000       52557       20.213000      0.14700000
       52578       20.614000     0.064000000       52578       20.328000     0.029000000       52578       20.291000     0.031000000       52578       20.229000     0.041000000       52578       20.018000      0.11000000
       52908       20.855000     0.075000000       52908       20.405000     0.028000000       52908       20.446000     0.033000000       52908       20.229000     0.045000000       52908       20.138000      0.13800000
       52911       21.189000      0.14800000       52911       20.462000     0.041000000       52911       20.345000     0.043000000       52911       20.194000     0.064000000       52911       19.822000      0.14700000
       52934       20.725000     0.091000000       52934       20.482000     0.042000000       52934       20.437000     0.050000000       52934       20.215000     0.056000000       52934       20.145000      0.19000000
       52936       20.777000     0.080000000       52936       20.423000     0.027000000       52936       20.408000     0.030000000       52936       20.116000     0.036000000       52936       20.150000      0.12800000
       52962       20.860000     0.070000000       52962       20.502000     0.031000000       52962       20.492000     0.035000000       52962       20.320000     0.046000000       52962       20.411000      0.16600000
       53270       21.246000      0.10800000       53270       20.794000     0.033000000       53270       20.707000     0.035000000       53270       20.555000     0.045000000       53270       20.607000      0.17800000
       53272       21.287000      0.11800000       53272       20.827000     0.037000000       53272       20.745000     0.044000000       53272       20.415000     0.059000000       53272       20.411000      0.15700000
       53286       21.132000      0.13800000       53286       20.813000     0.046000000       53286       20.740000     0.053000000       53286       20.532000     0.064000000       53286       20.434000      0.19100000
       53288       21.285000      0.14400000       53288       20.799000     0.038000000       53288       20.679000     0.046000000       53288       20.570000     0.059000000       53288       20.556000      0.20600000
       53294       21.509000      0.15800000       53294       20.756000     0.042000000       53294       20.670000     0.048000000       53294       20.546000     0.060000000       53294       20.806000      0.25200000
       53298       21.151000      0.10600000       53298       20.863000     0.035000000       53298       20.714000     0.047000000       53298       20.541000     0.056000000       53298       20.406000      0.17500000
       53312       21.320000      0.18100000       53312       20.835000     0.055000000       53312       20.707000     0.055000000       53312       20.614000     0.073000000       53312       20.424000      0.21000000
       53314       21.187000      0.12600000       53314       20.798000     0.037000000       53314       20.658000     0.049000000       53314       20.642000     0.065000000       53314       20.319000      0.17000000
