       51075.322      19.7010    0.0320000      51075.3      19.5970    0.0140000      51075.3      19.4860    0.0160000      51075.3      19.3640    0.0210000      51075.3      19.0710    0.0720000
       52196.323      19.5490    0.0370000      52196.3      19.3440    0.0120000      52196.3      19.2080    0.0130000      52196.3      19.1250    0.0160000      52196.3      18.9750    0.0550000
       52196.342      19.5570    0.0360000      52196.3      19.3960    0.0120000      52196.3      19.2750    0.0140000      52196.3      19.1940    0.0170000      52196.3      18.9780    0.0530000
       52197.336      19.5500    0.0350000      52197.3      19.3610    0.0120000      52197.3      19.2930    0.0140000      52197.3      19.1400    0.0160000      52197.3      19.0270    0.0600000
       52225.186      19.5370    0.0330000      52225.2      19.3530    0.0120000      52225.2      19.2630    0.0130000      52225.2      19.1910    0.0160000      52225.2      18.9540    0.0520000
       52231.222      19.5380    0.0330000      52231.2      19.3450    0.0110000      52231.2      19.2530    0.0130000      52231.2      19.1660    0.0150000      52231.2      18.9610    0.0460000
       52253.208      19.5570    0.0390000      52253.2      19.3670    0.0120000      52253.2      19.2560    0.0140000      52253.2      19.1590    0.0160000      52253.2      18.9280    0.0510000
       52557.330      19.7780    0.0460000      52557.3      19.5660    0.0140000      52557.3      19.4180    0.0160000      52557.3      19.2500    0.0190000      52557.3      19.0860    0.0620000
       52578.226      19.6840    0.0370000      52578.2      19.5630    0.0130000      52578.2      19.4310    0.0150000      52578.2      19.2310    0.0180000      52578.2      19.0560    0.0540000
       52908.304      19.7860    0.0400000      52908.3      19.6580    0.0140000      52908.3      19.4880    0.0160000      52908.3      19.3470    0.0190000      52908.3      19.1290    0.0660000
       52911.318      19.8720    0.0580000      52911.3     -99.9900    0.0200000      52911.3      19.5050    0.0190000      52911.3      19.3350    0.0250000      52911.3      19.0360     0.107000
       52934.236      19.7840    0.0520000      52934.2      19.6570    0.0180000      52934.2      19.4630    0.0190000      52934.2      19.2300    0.0230000      52934.2      19.1240    0.0880000
       52936.232      19.7580    0.0410000      52936.2      19.6710    0.0140000      52936.2      19.4740    0.0150000      52936.2      19.3170    0.0180000      52936.2      19.0780    0.0580000
       52962.158      19.7850    0.0390000      52962.2      19.6030    0.0140000      52962.2      19.4530    0.0150000      52962.2      19.2940    0.0180000      52962.2      19.2080    0.0660000
       53270.296      19.6840    0.0340000      53270.3      19.5350    0.0170000      53270.3      19.3730    0.0140000      53270.3      19.2380    0.0150000      53270.3      19.0150    0.0460000
       53272.346      19.7990    0.0420000      53272.3      19.5160    0.0140000      53272.3      19.3920    0.0160000      53272.3      19.2230    0.0180000      53272.3      19.0690    0.0550000
       53286.315      19.6770    0.0480000      53286.3      19.5210    0.0150000      53286.3      19.4130    0.0180000      53286.3      19.2120    0.0200000      53286.3      19.0230    0.0700000
       53288.274      19.6450    0.0450000      53288.3      19.5210    0.0140000      53288.3      19.3650    0.0160000      53288.3      19.1980    0.0190000      53288.3      18.9540    0.0590000
       53294.321      19.6210    0.0440000      53294.3     -99.9900    0.0130000      53294.3      19.3660    0.0160000      53294.3      19.2410    0.0190000      53294.3      19.0970    0.0670000
       53298.318      19.6810    0.0420000      53298.3      19.5240    0.0140000      53298.3      19.3640    0.0160000      53298.3      19.2000    0.0170000      53298.3      19.0540    0.0580000
       53302.269      19.6810    0.0580000      53302.3      19.5320    0.0230000      53302.3      19.3990    0.0200000      53302.3      19.2650    0.0200000      53302.3      19.0540    0.0520000
       53312.225      19.6890    0.0480000      53312.2      19.4960    0.0190000      53312.2      19.3700    0.0190000      53312.2      19.2030    0.0190000      53312.2      19.0430    0.0630000
       53314.226      19.6180    0.0380000      53314.2      19.5070    0.0130000      53314.2      19.3670    0.0160000      53314.2      19.1840    0.0180000      53314.2      19.1090    0.0660000
       53616.330      19.5680    0.0570000      53616.3      19.4230    0.0150000      53616.3      19.2800    0.0170000      53616.3      19.1320    0.0240000      53616.3      18.7660    0.0730000
       53626.307      19.5910    0.0390000      53626.3      19.4050    0.0130000      53626.3      19.3040    0.0150000      53626.3      19.1610    0.0170000      53626.3      19.0800    0.0610000
       53628.292      19.5560    0.0670000      53628.3      19.3870    0.0240000      53628.3      19.2880    0.0210000      53628.3      19.1570    0.0210000      53628.3      18.8720    0.0590000
       53637.293      19.4780    0.0530000      53637.3      19.3700    0.0190000      53637.3      19.3440    0.0190000      53637.3      19.1990    0.0240000      53637.3      19.0230    0.0870000
       53639.339      19.5980    0.0380000      53639.3      19.4330    0.0130000      53639.3      19.3190    0.0140000      53639.3      19.1780    0.0150000      53639.3      18.9570    0.0440000
       53654.320      19.6040    0.0400000      53654.3      19.4140    0.0120000      53654.3      19.2830    0.0140000      53654.3      19.1640    0.0170000      53654.3      18.9850    0.0550000
       53663.281      19.6890    0.0610000      53663.3      19.4550    0.0210000      53663.3      19.3180    0.0180000      53663.3      19.1440    0.0170000      53663.3      18.9730    0.0490000
       53665.259      19.6160     0.118000      53665.3      19.3450    0.0310000      53665.3      19.2510    0.0570000      53665.3      19.1210    0.0350000      53665.3     -99.9900     0.132000
       53666.351      19.6060    0.0630000      53666.4      19.4370    0.0180000      53666.3      19.3000    0.0170000      53666.4      19.1710    0.0180000      53666.4      19.0220    0.0570000
       53668.271      19.5620    0.0490000      53668.3      19.4260    0.0160000      53668.3      19.3040    0.0180000      53668.3      19.1600    0.0240000      53668.3      18.9280    0.0730000
       53670.276      19.6020    0.0390000      53670.3      19.4230    0.0120000      53670.3      19.3290    0.0140000      53670.3      19.1780    0.0170000      53670.3      18.9910    0.0530000
       53673.244      19.5620    0.0370000      53673.2      19.3960    0.0110000      53673.2      19.2990    0.0140000      53673.2      19.1290    0.0160000      53673.2      19.0650    0.0530000
       53675.240      19.5890    0.0410000      53675.2      19.4540    0.0130000      53675.2      19.3230    0.0160000      53675.2      19.1500    0.0190000      53675.2      19.0340    0.0700000
       53677.262      19.5860    0.0380000      53677.3      19.4210    0.0120000      53677.3      19.3310    0.0140000      53677.3      19.1940    0.0160000      53677.3      19.0180    0.0530000
       53680.248      19.6700    0.0400000      53680.2      19.4170    0.0120000      53680.2      19.3070    0.0140000      53680.2      19.1740    0.0160000      53680.2      19.0150    0.0490000
       53693.250     -99.9900    0.0670000      53693.2      19.4260    0.0220000      53693.2      19.3030    0.0190000      53693.2      19.1750    0.0200000      53693.2      18.9990    0.0540000
       53698.247      19.6990    0.0460000      53698.2      19.4430    0.0120000      53698.2      19.2910    0.0140000      53698.2      19.1670    0.0170000      53698.2      18.8920    0.0530000
       53704.233      19.6090    0.0420000      53704.2      19.4200    0.0130000      53704.2      19.2790    0.0150000      53704.2      19.1510    0.0180000      53704.2      18.9500    0.0660000
       53974.326      19.5960    0.0340000      53974.3      19.4400    0.0140000      53974.3      19.3060    0.0190000      53974.3      19.1470    0.0160000      53974.3      18.9410    0.0390000
       53977.375      19.6360    0.0360000      53977.4      19.4690    0.0190000      53977.4      19.2840    0.0150000      53977.4      19.1480    0.0200000      53977.4      19.0130    0.0460000
       53989.329      19.5620    0.0560000      53989.3      19.4450    0.0260000      53989.3      19.3270    0.0220000      53989.3      19.1620    0.0180000      53989.3      18.8580    0.0380000
       53997.425      19.5940    0.0390000      53997.4     -99.9900    0.0190000      53997.4     -99.9900    0.0190000      53997.4      19.1980    0.0180000      53997.4     -99.9900    0.0530000
       54000.305      19.5890    0.0390000      54000.3      19.4420    0.0270000      54000.3      19.2700    0.0180000      54000.3      19.1790    0.0200000      54000.3      18.9380    0.0620000
       54006.252     -99.9900     0.148000      54006.3     -99.9900    0.0280000      54006.2     -99.9900    0.0180000      54006.2     -99.9900    0.0330000      54006.3     -99.9900    0.0560000
       54007.355      19.6380    0.0370000      54007.4      19.4360    0.0230000      54007.4      19.2730    0.0210000      54007.4      19.1490    0.0160000      54007.4      19.0550    0.0540000
       54009.279      19.5670    0.0420000      54009.3      19.4270    0.0190000      54009.3      19.3010    0.0230000      54009.3      19.1430    0.0200000      54009.3      19.0890    0.0560000
       54011.343      19.6000    0.0390000      54011.3      19.4520    0.0150000      54011.3      19.2650    0.0200000      54011.3      19.1360    0.0200000      54011.3      19.0300    0.0480000
       54025.342      19.5500    0.0380000      54025.3      19.4380    0.0170000      54025.3      19.2850    0.0170000      54025.3      19.1330    0.0180000      54025.3      18.9370    0.0550000
       54029.273      19.6910    0.0540000      54029.3     -99.9900    0.0520000      54029.3      19.2400    0.0270000      54029.3      19.1460    0.0300000      54029.3      18.7910    0.0800000
       54348.340      19.5210    0.0380000      54348.3      19.3210    0.0200000      54348.3      19.2550    0.0220000      54348.3      19.0640    0.0210000      54348.3      18.9190    0.0450000
       54358.296      19.4680    0.0440000      54358.3      19.3400    0.0390000      54358.3      19.2280    0.0200000      54358.3      19.0970    0.0200000      54358.3      18.7290    0.0620000
       54359.290      19.5400    0.0590000      54359.3      19.3410    0.0250000      54359.3      19.1940    0.0250000      54359.3      19.1140    0.0320000      54359.3      18.7950    0.0710000
       54365.329      19.5970    0.0350000      54365.3      19.3510    0.0150000      54365.3      19.2470    0.0170000      54365.3      19.1120    0.0220000      54365.3      18.9800    0.0460000
       54381.348      19.4810    0.0350000      54381.4      19.3230    0.0220000      54381.3      19.2260    0.0210000      54381.3      19.0840    0.0200000      54381.3      18.9230    0.0500000
       54384.355      19.5150    0.0410000      54384.4      19.3440    0.0250000      54384.4      19.2000    0.0160000      54384.4      19.0990    0.0230000      54384.4      18.8970    0.0500000
       54386.341      19.4980    0.0420000      54386.3      19.3240    0.0190000      54386.3      19.2210    0.0260000      54386.3      19.0950    0.0200000      54386.3      18.8920    0.0640000
       54388.345      19.4750    0.0380000      54388.3      19.3380    0.0160000      54388.3      19.2030    0.0180000      54388.3      19.0800    0.0200000      54388.3      18.9330    0.0450000
       54403.259      19.5430    0.0600000      54403.3      19.3580    0.0210000      54403.3      19.2480    0.0220000      54403.3      19.0800    0.0240000      54403.3      18.9130    0.0580000
       54404.316      19.4000    0.0470000      54404.3      19.3400    0.0190000      54404.3      19.2170    0.0200000      54404.3      19.0850    0.0200000      54404.3      18.9380    0.0520000
       54405.314     -99.9900    0.0440000      54405.3      19.3160    0.0240000      54405.3      19.2400    0.0170000      54405.3      19.1020    0.0190000      54405.3      18.9290    0.0500000
       54406.253     -99.9900    0.0300000      54406.3      19.3140    0.0160000      54406.2      19.2240    0.0180000      54406.2      19.0680    0.0180000      54406.3      18.9300    0.0420000
       54412.256      19.4200    0.0360000      54412.3      19.3150    0.0170000      54412.3      19.2230    0.0150000      54412.3      19.0830    0.0170000      54412.3      18.8760    0.0520000
       52197.000       19.542000     0.038000000       52197.000       19.362000     0.026000000       52197.000       19.290000     0.017000000       52197.000       19.136000     0.019000000       52197.000       19.003000     0.058000000
       51075       19.683000     0.028000000       51075       19.596000     0.016000000       51075       19.489000     0.019000000       51075       19.380000     0.022000000       51075       19.076000     0.066000000
       52196       19.577000     0.032000000       52196       19.381000     0.024000000       52196       19.260000     0.020000000       52196       19.176000     0.021000000       52196       18.991000     0.051000000
       52196       19.571000     0.034000000       52196       19.428000     0.021000000       52196       19.273000     0.015000000       52196       19.176000     0.020000000       52196       18.959000     0.050000000
       52197       19.524000     0.032000000       52197       19.357000     0.034000000       52197       19.293000     0.017000000       52197       19.138000     0.018000000       52197       18.990000     0.053000000
       52225       19.539000     0.033000000       52225       19.376000     0.018000000       52225       19.280000     0.016000000       52225       19.197000     0.020000000       52225       18.942000     0.048000000
       52253       19.566000     0.043000000       52253       19.374000     0.021000000       52253       19.275000     0.022000000       52253       19.172000     0.019000000       52253       18.910000     0.048000000
       52557       19.766000     0.041000000       52557       19.594000     0.030000000       52557       19.425000     0.020000000       52557       19.263000     0.025000000       52557       19.108000     0.059000000
       52578       19.670000     0.034000000       52578       19.571000     0.017000000       52578       19.445000     0.021000000       52578       19.239000     0.022000000       52578       19.055000     0.050000000
       52908       19.791000     0.035000000       52908       19.676000     0.022000000       52908       19.499000     0.019000000       52908       19.346000     0.021000000       52908       19.090000     0.059000000
       52911       19.837000     0.048000000       52911       19.832000      0.15500000       52911       19.505000     0.027000000       52911       19.317000     0.038000000       52911       19.112000      0.13600000
       52934       19.765000     0.045000000       52934       19.734000     0.069000000       52934       19.516000     0.028000000       52934       19.306000     0.026000000       52934       19.174000     0.084000000
       52936       19.743000     0.036000000       52936       19.671000     0.019000000       52936       19.481000     0.021000000       52936       19.307000     0.022000000       52936       19.069000     0.052000000
       52962       19.763000     0.036000000       52962       19.641000     0.016000000       52962       19.439000     0.028000000       52962       19.303000     0.022000000       52962       19.199000     0.060000000
       53270       19.676000     0.036000000       53270       19.542000     0.018000000       53270       19.381000     0.016000000       53270       19.226000     0.018000000       53270       19.000000     0.045000000
       53272       19.763000     0.039000000       53272       19.518000     0.024000000       53272       19.412000     0.019000000       53272       19.225000     0.022000000       53272       19.089000     0.049000000
       53286       19.692000     0.048000000       53286       19.518000     0.028000000       53286       19.421000     0.020000000       53286       19.238000     0.022000000       53286       19.041000     0.062000000
       53288       19.626000     0.037000000       53288       19.570000     0.019000000       53288       19.407000     0.036000000       53288       19.220000     0.023000000       53288       18.965000     0.053000000
       53294       19.591000     0.056000000       53294       19.551000     0.030000000       53294       19.381000     0.018000000       53294       19.259000     0.025000000       53294       19.085000     0.058000000
       53298       19.670000     0.037000000       53298       19.526000     0.025000000       53298       19.381000     0.024000000       53298       19.208000     0.019000000       53298       19.041000     0.053000000
       53312       19.691000     0.047000000       53312       19.507000     0.019000000       53312       19.376000     0.020000000       53312       19.201000     0.020000000       53312       19.014000     0.064000000
       53314       19.659000     0.035000000       53314       19.531000     0.025000000       53314       19.391000     0.020000000       53314       19.209000     0.021000000       53314       19.108000     0.060000000
