       51081.304      19.8310    0.0440000      51081.3      19.6200    0.0150000      51081.3      19.5040    0.0190000      51081.3      19.5940    0.0260000      51081.3      19.4180    0.0930000
       51819.375      19.8950    0.0460000      51819.4      19.7570    0.0170000      51819.4      19.5880    0.0190000      51819.4      19.6940    0.0260000      51819.4      19.6820     0.101000
       52558.340      20.2150    0.0560000      52558.3      20.0120    0.0170000      52558.3      19.8880    0.0190000      52558.3      19.9850    0.0270000      52558.3      19.9020     0.110000
       52577.228      20.1380    0.0510000      52577.2      20.0310    0.0170000      52577.2      19.7960    0.0190000      52577.2      19.9560    0.0310000      52577.2      19.6710     0.104000
       52586.231      20.1580    0.0480000      52586.2      20.0180    0.0170000      52586.2      19.8210    0.0210000      52586.2      19.9490    0.0330000      52586.2      19.8200     0.127000
       52910.312      20.2640    0.0610000      52910.3      19.9990    0.0190000      52910.3      19.8490    0.0220000      52910.3      20.0340    0.0320000      52910.3      19.8300     0.115000
       52931.242      20.0850    0.0540000      52931.2      20.0050    0.0180000      52931.2      19.9010    0.0230000      52931.2      19.9580    0.0300000      52931.2      19.8630     0.124000
       52935.239      20.1250    0.0520000      52935.2      20.0070    0.0170000      52935.2      19.8400    0.0210000      52935.2      19.9930    0.0320000      52935.2      19.8160     0.113000
       52959.182      20.1800    0.0450000      52959.2      20.0480    0.0160000      52959.2      19.8770    0.0180000      52959.2      19.9960    0.0240000      52959.2      19.8440    0.0850000
       52963.162      20.1730    0.0430000      52963.2      20.0750    0.0160000      52963.2      19.8910    0.0180000      52963.2      20.0430    0.0250000      52963.2      20.0360     0.100000
       53352.133      20.4700    0.0540000      53352.1      20.2860    0.0190000      53352.1      20.0780    0.0210000      53352.1      20.2140    0.0310000      53352.1      20.0990     0.114000
       53622.341      20.2230    0.0650000      53622.3      19.9730    0.0210000      53622.3      19.9650    0.0260000      53622.3      20.0620    0.0400000      53622.3      19.7530     0.128000
       53634.291      20.1930     0.142000      53634.3      20.0670    0.0560000      53634.3      19.8810    0.0350000      53634.3      19.9690    0.0420000      53634.3      19.9480     0.161000
       53638.332      20.1420    0.0560000      53638.3      19.9780    0.0200000      53638.3      19.8660    0.0210000      53638.3      20.0330    0.0270000      53638.3      19.8210     0.101000
       53640.296     -99.9900     0.194000      53640.3      20.0150    0.0570000      53640.3      19.8550    0.0250000      53640.3      19.9480    0.0370000      53640.3     -99.9900     0.633000
       53664.293      20.0790    0.0920000      53664.3      19.8760    0.0330000      53664.3      19.7740    0.0260000      53664.3      19.9130    0.0360000      53664.3      19.8220     0.128000
       53669.253      19.9320    0.0470000      53669.3      19.9040    0.0150000      53669.2      19.7680    0.0180000      53669.2      19.9490    0.0290000      53669.3      19.7570    0.0920000
       53671.337      20.0090    0.0760000      53671.3      19.8540    0.0200000      53671.3      19.6950    0.0220000      53671.3      19.8240    0.0340000      53671.3      19.8710     0.148000
       53674.237      19.9050    0.0460000      53674.2      19.8790    0.0160000      53674.2      19.7500    0.0180000      53674.2      19.8820    0.0260000      53674.2      19.7400    0.0990000
       53676.326      20.0110    0.0550000      53676.3      19.8800    0.0150000      53676.3      19.7640    0.0190000      53676.3      19.9000    0.0250000      53676.3      19.6940    0.0840000
       53679.298      20.0420    0.0670000      53679.3      19.8220    0.0180000      53679.3      19.7160    0.0260000      53679.3      19.8510    0.0390000      53679.3      19.6110     0.125000
       53681.290      20.0540    0.0630000      53681.3      19.9250    0.0180000      53681.3      19.7820    0.0250000      53681.3      19.8360    0.0300000      53681.3      19.6420     0.104000
       53685.249      19.9220     0.122000      53685.2      19.8240    0.0500000      53685.2      19.7990    0.0500000      53685.2      19.9300    0.0590000      53685.2      20.3560     0.272000
       53694.263      19.8770     0.143000      53694.3      20.0540    0.0650000      53694.3      19.6580    0.0410000      53694.3     -99.9900    0.0660000      53694.3      19.7570     0.213000
       53697.247      19.9330    0.0550000      53697.2      19.9100    0.0180000      53697.2      19.7860    0.0200000      53697.2      19.8540    0.0260000      53697.2      19.7830    0.0980000
       53700.246      20.0030    0.0650000      53700.2      19.9140    0.0200000      53700.2      19.8190    0.0240000      53700.2      19.8950    0.0330000      53700.2      19.7560     0.151000
       53705.232      19.9550    0.0530000      53705.2      19.9610    0.0200000      53705.2      19.7970    0.0220000      53705.2      19.8950    0.0290000      53705.2      19.8950     0.109000
       53975.317      20.2620    0.0560000      53975.3      20.0580    0.0200000      53975.3      19.9190    0.0260000      53975.3      20.0910    0.0300000      53975.3      19.9490     0.108000
       53990.330      20.1850    0.0930000      53990.3      20.0930    0.0330000      53990.3      19.9330    0.0280000      53990.3      20.0270    0.0380000      53990.3      19.6950     0.105000
       53994.340      20.1990    0.0480000      53994.3      20.0500    0.0240000      53994.3      19.9220    0.0200000      53994.3      20.0310    0.0270000      53994.3      19.6740    0.0860000
       53996.324     -99.9900    0.0710000      53996.3      20.0360    0.0280000      53996.3      19.8630    0.0290000      53996.3      19.9930    0.0300000      53996.3      19.9160     0.121000
       53998.293      20.1460    0.0440000      53998.3      20.0610    0.0200000      53998.3      19.9070    0.0200000      53998.3      20.0420    0.0260000      53998.3      19.7170    0.0890000
       54005.323      20.2360    0.0450000      54005.3      20.1160    0.0240000      54005.3      19.9130    0.0290000      54005.3      20.0910    0.0230000      54005.3      19.9200    0.0810000
       54010.278      20.2150    0.0530000      54010.3      20.1560    0.0360000      54010.3      19.9290    0.0260000      54010.3      20.0420    0.0270000      54010.3      19.9050    0.0830000
       54012.271      20.1360    0.0930000      54012.3      20.1020    0.0390000      54012.3      19.9250    0.0320000      54012.3      20.0760    0.0390000      54012.3      19.9770     0.110000
       54020.277     -99.9900    0.0760000      54020.3      20.1240    0.0340000      54020.3      19.9580    0.0260000      54020.3      20.0410    0.0350000      54020.3      19.7510     0.122000
       54024.359     -99.9900    0.0760000      54024.4      20.0490    0.0270000      54024.4      19.9400    0.0270000      54024.4      20.0410    0.0360000      54024.4      19.9200     0.183000
       54030.271      20.1900    0.0540000      54030.3      20.0680    0.0230000      54030.3      19.9330    0.0220000      54030.3      20.0400    0.0270000      54030.3      19.7030    0.0720000
       54035.347      19.9790    0.0670000      54035.3      20.0510    0.0220000      54035.3      19.9080    0.0370000      54035.3      19.9960    0.0440000      54035.3      20.0160     0.171000
       54037.252      20.2070    0.0500000      54037.3      20.0950    0.0230000      54037.2      19.8460    0.0210000      54037.2      19.9730    0.0290000      54037.3      20.1220     0.115000
       54040.267     -99.9900    0.0950000      54040.3      20.0460    0.0380000      54040.3      19.8900    0.0340000      54040.3      19.9940    0.0400000      54040.3      19.9260     0.129000
       54047.297     -99.9900     0.327000      54047.3      20.1490    0.0950000      54047.3      19.8220    0.0780000      54047.3     -99.9900    0.0750000      54047.3      19.8580     0.250000
       54049.293      20.2520     0.191000      54049.3      20.0630    0.0500000      54049.3      19.9030    0.0440000      54049.3      20.1550    0.0730000      54049.3      19.9580     0.234000
       54053.257      20.2070    0.0530000      54053.3      20.0470    0.0220000      54053.3      19.8860    0.0280000      54053.3      19.9980    0.0270000      54053.3      19.7220    0.0870000
       54056.259      20.2960    0.0930000      54056.3      20.0940    0.0280000      54056.3      19.9040    0.0350000      54056.3      19.9340    0.0480000      54056.3      19.8220     0.147000
       54059.253      20.1770    0.0800000      54059.3      20.0180    0.0410000      54059.2      19.8800    0.0460000      54059.3      19.9300    0.0600000      54059.3      19.8840     0.156000
       54062.258      20.2830    0.0830000      54062.3      20.0850    0.0280000      54062.3      19.8570    0.0390000      54062.3      19.9560    0.0390000      54062.3      20.1760     0.215000
       54068.239      20.2810     0.129000      54068.2      19.9480    0.0620000      54068.2      19.8930    0.0400000      54068.2      19.9650    0.0430000      54068.2      19.9950     0.152000
       54357.296      20.5720    0.0630000      54357.3      20.2610    0.0280000      54357.3      20.0320    0.0230000      54357.3      20.1840    0.0280000      54357.3      20.2250     0.111000
       54362.346      20.2790    0.0580000      54362.3      20.2800    0.0230000      54362.3      20.1150    0.0260000      54362.3      20.1520    0.0330000      54362.3      19.9880     0.133000
       54382.326      20.6230     0.120000      54382.3      20.2820    0.0300000      54382.3      20.0230    0.0310000      54382.3      20.1170    0.0510000      54382.3      19.7910     0.182000
       54385.344      20.5000    0.0680000      54385.3      20.2710    0.0220000      54385.3      20.0470    0.0210000      54385.3      20.1720    0.0300000      54385.3      20.0190     0.102000
       54387.345      20.5500    0.0940000      54387.3      20.2250    0.0260000      54387.3      20.0380    0.0290000      54387.3      20.1090    0.0480000      54387.3      20.0820     0.167000
       54392.339      20.5240     0.102000      54392.3      20.3600    0.0280000      54392.3     -99.9900    0.0410000      54392.3      20.1730    0.0680000      54392.3      20.7520     0.393000
       54402.338      20.3390     0.171000      54402.3      20.4490    0.0640000      54402.3      20.1400    0.0480000      54402.3      20.1470    0.0470000      54402.3      20.1460     0.165000
       52522.000       20.139000     0.058000000       52522.000       20.040000     0.026000000       52522.000       19.838000     0.040000000       52522.000       19.947000     0.042000000       52522.000       20.039000      0.14200000
       51081       19.810000     0.040000000       51081       19.633000     0.019000000       51081       19.498000     0.022000000       51081       19.558000     0.026000000       51081       19.348000     0.083000000
       51819       19.859000     0.044000000       51819       19.732000     0.019000000       51819       19.576000     0.022000000       51819       19.676000     0.031000000       51819       19.636000     0.085000000
       52522       20.215000     0.050000000       52522       20.040000     0.024000000       52522       19.843000     0.032000000       52522       19.961000     0.036000000       52522       20.066000      0.13100000
       52552       20.350000     0.049000000       52552       20.077000     0.030000000       52552       19.836000     0.027000000       52552       19.917000     0.031000000       52552       19.929000     0.094000000
       52558       20.190000     0.049000000       52558       20.017000     0.027000000       52558       19.869000     0.022000000       52558       19.964000     0.029000000       52558       19.920000      0.10000000
       52577       20.091000     0.051000000       52577       20.025000     0.020000000       52577       19.772000     0.029000000       52577       19.939000     0.031000000       52577       19.664000     0.093000000
       52586       20.162000     0.041000000       52586       20.033000     0.022000000       52586       19.821000     0.022000000       52586       19.955000     0.033000000       52586       19.839000      0.11500000
       52910       20.196000     0.051000000       52910       19.988000     0.031000000       52910       19.842000     0.020000000       52910       20.007000     0.039000000       52910       19.813000      0.10300000
       52931       20.071000     0.046000000       52931       19.999000     0.024000000       52931       19.895000     0.028000000       52931       19.921000     0.031000000       52931       19.834000      0.10800000
       52935       20.125000     0.046000000       52935       20.013000     0.026000000       52935       19.853000     0.024000000       52935       20.007000     0.032000000       52935       19.801000     0.099000000
       52959       20.141000     0.037000000       52959       20.044000     0.029000000       52959       19.858000     0.021000000       52959       19.970000     0.033000000       52959       19.801000     0.071000000
       53352       20.410000     0.056000000       53352       20.295000     0.021000000       53352       20.053000     0.027000000       53352       20.193000     0.033000000       53352       20.110000      0.10000000
       54715       20.187000     0.043000000       54715       20.027000     0.023000000       54715       19.878000     0.023000000       54715       19.956000     0.029000000       54715       19.772000     0.069000000
