       51075.285      20.7050    0.0780000      51075.3      20.5060    0.0260000      51075.3      20.4620    0.0390000      51075.3      20.2960    0.0590000      51075.3      20.2140     0.187000
       52196.286      20.7490    0.0740000      52196.3      20.6930    0.0290000      52196.3      20.5540    0.0340000      52196.3      20.5020    0.0520000      52196.3      20.3040     0.153000
       52197.299      20.8440    0.0730000      52197.3      20.6680    0.0260000      52197.3      20.6160    0.0330000      52197.3      20.5040    0.0460000      52197.3      20.1020     0.116000
       52225.149      20.7650    0.0640000      52225.2      20.6280    0.0250000      52225.1      20.5390    0.0320000      52225.1      20.4760    0.0460000      52225.1      20.0590     0.110000
       52231.185      20.8390    0.0710000      52231.2      20.6780    0.0270000      52231.2      20.5840    0.0300000      52231.2      20.4910    0.0420000      52231.2      20.3500     0.126000
       52253.171      20.8350     0.158000      52253.2      20.5940    0.0410000      52253.2      20.5650    0.0510000      52253.2      20.3030    0.0610000      52253.2      20.2180     0.186000
       52557.293      20.9480    0.0940000      52557.3      20.8300    0.0360000      52557.3      20.6470    0.0380000      52557.3      20.5210    0.0590000      52557.3      20.1340     0.136000
       52578.189      20.9820    0.0740000      52578.2      20.8740    0.0290000      52578.2      20.7430    0.0360000      52578.2      20.7430    0.0560000      52578.2      20.4300     0.146000
       52908.267      20.7630    0.0790000      52908.3      20.6860    0.0300000      52908.3      20.5740    0.0370000      52908.3      20.6630    0.0610000      52908.3      20.1520     0.134000
       52911.281      20.7040    0.0720000      52911.3      20.6520    0.0300000      52911.3      20.5420    0.0350000      52911.3      20.3900    0.0500000      52911.3      20.3050     0.157000
       52930.158      20.7560    0.0880000      52930.2      20.6380    0.0320000      52930.2      20.6570    0.0380000      52930.2      20.4270    0.0500000      52930.2      20.3010     0.153000
       52934.199      20.8810    0.0950000      52934.2      20.5610    0.0290000      52934.2      20.5920    0.0370000      52934.2      20.5080    0.0530000      52934.2      20.0630     0.123000
       52936.195      20.7770    0.0760000      52936.2      20.5990    0.0280000      52936.2      20.5620    0.0330000      52936.2      20.3950    0.0460000      52936.2      20.2610     0.122000
       52962.121      20.8160    0.0770000      52962.1      20.6180    0.0290000      52962.1      20.5800    0.0370000      52962.1      20.4250    0.0490000      52962.1      20.2570     0.140000
       53270.259      20.7440    0.0630000      53270.3      20.5290    0.0260000      53270.3      20.4310    0.0300000      53270.3      20.3790    0.0420000      53270.3      19.9710    0.0890000
       53272.309      20.8030     0.116000      53272.3      20.4970    0.0430000      53272.3      20.4240    0.0420000      53272.3      20.2590    0.0540000      53272.3      20.2790     0.135000
       53286.278      20.8190     0.124000      53286.3      20.6010    0.0420000      53286.3      20.4330    0.0410000      53286.3      20.3960    0.0600000      53286.3      20.2220     0.161000
       53288.236      20.6190    0.0660000      53288.2      20.4790    0.0250000      53288.2      20.4150    0.0280000      53288.2      20.2850    0.0360000      53288.2      19.9920    0.0870000
       53294.264      20.7280    0.0690000      53294.3      20.5160    0.0340000      53294.3      20.4550    0.0420000      53294.3      20.4220    0.0510000      53294.3      20.1670     0.121000
       53302.232      20.7330     0.167000      53302.2      20.5880    0.0680000      53302.2      20.4850    0.0620000      53302.2      20.3860    0.0690000      53302.2      20.2780     0.149000
       53312.188      20.6560    0.0760000      53312.2      20.5180    0.0440000      53312.2      20.4730    0.0420000      53312.2      20.3320    0.0560000      53312.2      20.3910     0.195000
       53314.189      20.7480    0.0760000      53314.2      20.5530    0.0280000      53314.2      20.4490    0.0370000      53314.2      20.3080    0.0530000      53314.2      20.2590     0.159000
       53616.293      20.7880     0.117000      53616.3      20.6920    0.0390000      53616.3      20.6030    0.0440000      53616.3      20.4920    0.0680000      53616.3      20.6240     0.258000
       53623.283      20.7780    0.0870000      53623.3     -99.9900    0.0400000      53623.3      20.6410    0.0490000      53623.3      20.4750    0.0630000      53623.3      20.1140     0.133000
       53626.270      20.8160    0.0990000      53626.3      20.6730    0.0470000      53626.3      20.6040    0.0450000      53626.3      20.5200    0.0570000      53626.3      20.1750     0.122000
       53628.254      20.6600     0.211000      53628.3      20.3790    0.0700000      53628.3      20.5630    0.0740000      53628.3      20.3620    0.0700000      53628.3      20.0060     0.160000
       53637.256      21.1100     0.176000      53637.3      20.7670    0.0600000      53637.3      20.6800    0.0630000      53637.3      20.5030    0.0770000      53637.3      20.1460     0.201000
       53639.301      20.8880    0.0940000      53639.3      20.7010    0.0350000      53639.3      20.6150    0.0380000      53639.3      20.4680    0.0530000      53639.3      20.1150     0.113000
       53644.248      20.8880    0.0740000      53644.2      20.7580    0.0340000      53644.2      20.6200    0.0290000      53644.2      20.4430    0.0450000      53644.2      20.1310    0.0860000
       53654.283      20.7340    0.0800000      53654.3      20.6940    0.0300000      53654.3      20.5900    0.0350000      53654.3      20.4700    0.0520000      53654.3      20.1490     0.126000
       53656.231      20.8550     0.228000      53656.2      20.7850     0.116000      53656.2      20.5190    0.0780000      53656.2      20.5410    0.0930000      53656.2      20.0440     0.169000
       53663.244      20.8750     0.153000      53663.2      20.6830    0.0550000      53663.2      20.5810    0.0480000      53663.2      20.5090    0.0560000      53663.2      20.2230     0.116000
       53668.234      20.7650     0.131000      53668.2      20.7270    0.0410000      53668.2      20.6900    0.0650000      53668.2      20.5180    0.0970000      53668.2      20.4500     0.280000
       53670.238      20.8990    0.0850000      53670.2      20.7450    0.0300000      53670.2      20.6560    0.0370000      53670.2      20.4540    0.0500000      53670.2      20.0800     0.114000
       53673.206      20.7740    0.0840000      53673.2      20.6490    0.0280000      53673.2      20.6370    0.0410000      53673.2      20.4250    0.0530000      53673.2      20.1080     0.126000
       53675.203      20.8420    0.0940000      53675.2      20.7700    0.0360000      53675.2      20.6470    0.0500000      53675.2      20.4540    0.0640000      53675.2      20.2560     0.171000
       53677.224      20.8380    0.0680000      53677.2      20.7620    0.0260000      53677.2      20.6690    0.0320000      53677.2      20.5310    0.0420000      53677.2      20.2640    0.0920000
       53680.211      20.9560    0.0860000      53680.2      20.7530    0.0310000      53680.2      20.6490    0.0370000      53680.2      20.4720    0.0490000      53680.2      20.6250     0.196000
       53693.213      20.7440     0.190000      53693.2      20.7920    0.0780000      53693.2      20.6360    0.0630000      53693.2      20.5680    0.0790000      53693.2      20.1780     0.127000
       53704.196      20.8220    0.0850000      53704.2      20.7620    0.0310000      53704.2      20.5980    0.0360000      53704.2      20.5600    0.0560000      53704.2      20.1800     0.120000
       53974.289      20.7200    0.0640000      53974.3      20.6030    0.0290000      53974.3      20.5630    0.0270000      53974.3      20.4610    0.0380000      53974.3      20.1790     0.107000
       53989.292      20.9840     0.173000      53989.3      20.6880    0.0740000      53989.3      20.6530    0.0580000      53989.3      20.5650    0.0640000      53989.3      20.3890     0.142000
       53997.388      21.1760     0.124000      53997.4     -99.9900    0.0340000      53997.4     -99.9900    0.0420000      53997.4      20.4250    0.0510000      53997.4     -99.9900     0.138000
       54000.268      20.7090    0.0750000      54000.3      20.6590    0.0320000      54000.3      20.5620    0.0390000      54000.3      20.5460    0.0630000      54000.3      20.1580     0.138000
       54007.318      20.7530    0.0770000      54007.3      20.7110    0.0300000      54007.3      20.6080    0.0360000      54007.3      20.4770    0.0480000      54007.3      20.0770     0.103000
       54009.242      20.8060    0.0880000      54009.2      20.7110    0.0450000      54009.2      20.6390    0.0410000      54009.2      20.4710    0.0510000      54009.2      20.1670     0.121000
       54011.306      20.8510     0.103000      54011.3      20.7010    0.0480000      54011.3      20.6560    0.0480000      54011.3      20.5800    0.0570000      54011.3      20.1600    0.0940000
       54019.256      21.0330     0.130000      54019.3      20.7970    0.0450000      54019.3      20.5930    0.0460000      54019.3      20.5270    0.0510000      54019.3      20.6120     0.148000
       54025.305      20.8690     0.113000      54025.3      20.6840    0.0470000      54025.3      20.6070    0.0510000      54025.3      20.5260    0.0790000      54025.3      20.3520     0.208000
       54029.235      20.8890    0.0820000      54029.2      20.7510    0.0330000      54029.2      20.5410    0.0370000      54029.2      20.5070    0.0520000      54029.2      20.3110     0.149000
       54348.303      20.6140    0.0720000      54348.3      20.5040    0.0290000      54348.3      20.4930    0.0350000      54348.3      20.3720    0.0460000      54348.3      19.9570     0.100000
       54358.259      20.5270    0.0770000      54358.3      20.5470    0.0320000      54358.3      20.3980    0.0360000      54358.3      20.2720    0.0450000      54358.3      20.1390     0.152000
       54365.292      20.7040     0.122000      54365.3      20.5340    0.0490000      54365.3      20.3530    0.0440000      54365.3      20.3220    0.0620000      54365.3      20.0570     0.142000
       54381.311      20.7660    0.0700000      54381.3      20.5010    0.0260000      54381.3      20.4310    0.0290000      54381.3      20.3560    0.0390000      54381.3      20.3870     0.127000
       54386.304      20.6400    0.0710000      54386.3      20.5600    0.0270000      54386.3      20.4760    0.0360000      54386.3      20.2930    0.0450000      54386.3      20.0520     0.106000
       54388.308      20.5570    0.0660000      54388.3      20.5680    0.0240000      54388.3      20.4270    0.0330000      54388.3      20.3480    0.0410000      54388.3      20.1250    0.0930000
       54403.222      20.7760     0.137000      54403.2      20.5880    0.0560000      54403.2      20.4240    0.0480000      54403.2      20.2790    0.0530000      54403.2      20.2340     0.151000
       54404.279      20.8660     0.124000      54404.3      20.5420    0.0440000      54404.3      20.5000    0.0400000      54404.3      20.4000    0.0480000      54404.3      20.1440    0.0910000
       54405.277      20.7930    0.0930000      54405.3      20.6070    0.0350000      54405.3      20.6030    0.0420000      54405.3      20.3280    0.0450000      54405.3      20.0740    0.0960000
       54406.216      20.6850    0.0640000      54406.2     -99.9900    0.0430000      54406.2      20.4740    0.0340000      54406.2      20.3810    0.0410000      54406.2      19.9550    0.0880000
       54412.218      20.6780     0.105000      54412.2      20.6240    0.0370000      54412.2      20.4390    0.0510000      54412.2      20.4690     0.108000      54412.2      20.2210     0.157000
       52197.000       20.850000     0.072000000       52197.000       20.679000     0.043000000       52197.000       20.613000     0.033000000       52197.000       20.466000     0.046000000       52197.000       20.085000      0.11100000
       51075       20.674000     0.072000000       51075       20.473000     0.030000000       51075       20.465000     0.040000000       51075       20.278000     0.056000000       51075       20.185000      0.18400000
       51134       20.618000     0.077000000       51134       20.407000     0.035000000       51134       20.441000     0.046000000       51134       20.443000     0.075000000       51134       19.861000      0.14300000
       52196       20.726000     0.066000000       52196       20.723000     0.034000000       52196       20.613000     0.034000000       52196       20.525000     0.051000000       52196       20.317000      0.14300000
       52197       20.852000     0.066000000       52197       20.685000     0.057000000       52197       20.618000     0.037000000       52197       20.464000     0.044000000       52197       20.077000      0.11000000
       52225       20.795000     0.056000000       52225       20.617000     0.031000000       52225       20.569000     0.032000000       52225       20.477000     0.044000000       52225       20.092000      0.10800000
       52253       20.849000      0.14700000       52253       20.631000     0.051000000       52253       20.612000     0.052000000       52253       20.330000     0.068000000       52253       20.218000      0.17500000
       52557       21.024000     0.088000000       52557       20.871000     0.038000000       52557       20.716000     0.040000000       52557       20.543000     0.057000000       52557       20.201000      0.13700000
       52578       20.992000     0.065000000       52578       20.858000     0.033000000       52578       20.736000     0.037000000       52578       20.701000     0.052000000       52578       20.392000      0.13700000
       52908       20.769000     0.069000000       52908       20.662000     0.032000000       52908       20.553000     0.037000000       52908       20.639000     0.058000000       52908       20.145000      0.13300000
       52911       20.707000     0.064000000       52911       20.652000     0.034000000       52911       20.536000     0.036000000       52911       20.392000     0.050000000       52911       20.271000      0.15100000
       52930       20.753000     0.083000000       52930       20.625000     0.040000000       52930       20.638000     0.039000000       52930       20.405000     0.047000000       52930       20.289000      0.15100000
       52934       20.860000     0.082000000       52934       20.577000     0.028000000       52934       20.588000     0.038000000       52934       20.492000     0.053000000       52934       20.072000      0.12100000
       52936       20.753000     0.065000000       52936       20.601000     0.031000000       52936       20.565000     0.032000000       52936       20.399000     0.043000000       52936       20.246000      0.11700000
       52962       20.798000     0.070000000       52962       20.605000     0.032000000       52962       20.608000     0.042000000       52962       20.408000     0.053000000       52962       20.364000      0.15800000
       52962       20.778000     0.066000000       52962       20.628000     0.030000000       52962       20.605000     0.037000000       52962       20.449000     0.047000000       52962       20.188000      0.13200000
       53270       20.721000     0.061000000       53270       20.529000     0.030000000       53270       20.445000     0.033000000       53270       20.364000     0.044000000       53270       19.949000     0.095000000
       53272       20.793000      0.10500000       53272       20.486000     0.044000000       53272       20.416000     0.043000000       53272       20.241000     0.053000000       53272       20.281000      0.13400000
       53286       20.718000      0.10400000       53286       20.619000     0.043000000       53286       20.408000     0.042000000       53286       20.378000     0.057000000       53286       20.195000      0.15700000
       53288       20.628000     0.062000000       53288       20.483000     0.026000000       53288       20.409000     0.032000000       53288       20.267000     0.033000000       53288       19.985000     0.085000000
       53294       20.764000     0.070000000       53294       20.509000     0.038000000       53294       20.455000     0.046000000       53294       20.425000     0.054000000       53294       20.166000      0.13100000
       53312       20.648000     0.075000000       53312       20.537000     0.044000000       53312       20.485000     0.046000000       53312       20.314000     0.059000000       53312       20.374000      0.21100000
       53314       20.737000     0.071000000       53314       20.576000     0.031000000       53314       20.488000     0.038000000       53314       20.360000     0.052000000       53314       20.283000      0.15400000
