       51081.301      20.0540    0.0530000      51081.3      19.9750    0.0200000      51081.3      19.7380    0.0210000      51081.3      19.7810    0.0290000      51081.3      19.9510     0.162000
       51819.372      20.2600    0.0640000      51819.4      20.1610    0.0220000      51819.4      19.8780    0.0220000      51819.4      19.9300    0.0300000      51819.4      19.9500     0.135000
       52558.338      19.7530    0.0390000      52558.3      19.7710    0.0140000      52558.3      19.6250    0.0170000      52558.3      19.6930    0.0220000      52558.3      19.6820    0.0830000
       52577.225      19.8560    0.0410000      52577.2      19.7850    0.0150000      52577.2      19.6520    0.0180000      52577.2      19.7440    0.0260000      52577.2      19.6860     0.104000
       52586.229      19.8220    0.0400000      52586.2      19.7740    0.0150000      52586.2      19.6740    0.0190000      52586.2      19.7150    0.0290000      52586.2      19.9560     0.143000
       52910.309      19.8270    0.0400000      52910.3      19.7920    0.0150000      52910.3      19.6210    0.0160000      52910.3      19.6720    0.0230000      52910.3      19.8060    0.0970000
       52931.239      19.9270    0.0460000      52931.2      19.7810    0.0160000      52931.2      19.6100    0.0180000      52931.2      19.7010    0.0240000      52931.2      19.6740     0.106000
       52935.236      19.8960    0.0440000      52935.2      19.7930    0.0150000      52935.2      19.6350    0.0170000      52935.2      19.7190    0.0260000      52935.2      19.7730     0.108000
       52959.180      19.9150    0.0410000      52959.2      19.8460    0.0140000      52959.2      19.6840    0.0160000      52959.2      19.7390    0.0220000      52959.2      19.9400    0.0970000
       52963.159      19.9970    0.0400000      52963.2      19.8570    0.0140000      52963.2      19.6540    0.0150000      52963.2      19.7170    0.0200000      52963.2      19.8870    0.0860000
       53352.130      20.1950    0.0460000      53352.1      19.9780    0.0150000      53352.1      19.7420    0.0170000      53352.1      19.7710    0.0220000      53352.1      19.8920    0.0950000
       53622.339      20.0450    0.0630000      53622.3      19.9670    0.0200000      53622.3      19.7080    0.0210000      53622.3      19.8290    0.0340000      53622.3      19.8330     0.150000
       53634.288      19.9510    0.0980000      53634.3      20.1070    0.0470000      53634.3      19.8300    0.0330000      53634.3      19.8080    0.0380000      53634.3      20.0210     0.155000
       53638.330      20.2350    0.0590000      53638.3      20.0140    0.0190000      53638.3      19.7720    0.0190000      53638.3      19.8230    0.0240000      53638.3      19.8440    0.0990000
       53640.294     -99.9900    0.0940000      53640.3      20.0230    0.0220000      53640.3      19.7390    0.0210000      53640.3      19.8250    0.0370000      53640.3      19.8750     0.131000
       53655.266      20.3090     0.113000      53655.3      20.1020    0.0430000      53655.3      19.7750    0.0280000      53655.3      19.8110    0.0370000      53655.3      19.9950     0.201000
       53664.291      20.1600    0.0950000      53664.3      20.0380    0.0330000      53664.3      19.7650    0.0310000      53664.3      19.7920    0.0360000      53664.3      20.0460     0.146000
       53669.250      20.1550    0.0500000      53669.2      20.0920    0.0180000      53669.2      19.8120    0.0190000      53669.2      19.8700    0.0280000      53669.2      19.7990     0.105000
       53671.335      20.3740    0.0900000      53671.3      20.0970    0.0230000      53671.3      19.7990    0.0230000      53671.3      19.7680    0.0280000      53671.3      20.0770     0.159000
       53674.234      20.2100    0.0580000      53674.2      20.0750    0.0170000      53674.2      19.8000    0.0190000      53674.2      19.8750    0.0260000      53674.2      19.8860     0.102000
       53676.324     -99.9900    0.0660000      53676.3      20.1000    0.0180000      53676.3      19.8140    0.0200000      53676.3      19.9020    0.0250000      53676.3      19.8500    0.0940000
       53679.296      20.3410    0.0830000      53679.3      20.1860    0.0230000      53679.3      19.8590    0.0270000      53679.3      19.8410    0.0340000      53679.3      20.0470     0.187000
       53681.287      20.4280    0.0910000      53681.3      20.1140    0.0230000      53681.3      19.8180    0.0240000      53681.3      19.9710    0.0360000      53681.3      19.9650     0.155000
       53685.246     -99.9900     0.159000      53685.2      20.2280    0.0760000      53685.2      19.8240    0.0450000      53685.2      19.9230    0.0560000      53685.2      19.8560     0.166000
       53694.260      20.6140     0.275000      53694.3     -99.9900    0.0710000      53694.3      19.8390    0.0530000      53694.3      19.8980    0.0640000      53694.3      19.9180     0.219000
       53697.244      20.1470    0.0630000      53697.2      20.0570    0.0200000      53697.2      19.8750    0.0210000      53697.2      19.8210    0.0250000      53697.2      19.8500     0.102000
       53700.243      20.1620    0.0750000      53700.2      20.0560    0.0220000      53700.2      19.8160    0.0240000      53700.2      19.8930    0.0350000      53700.2      19.8900     0.148000
       53705.230      20.0650    0.0580000      53705.2      20.0110    0.0190000      53705.2      19.7670    0.0190000      53705.2      19.8250    0.0250000      53705.2      19.6840    0.0860000
       53975.315     -99.9900    0.0370000      53975.3      19.7280    0.0180000      53975.3      19.5430    0.0190000      53975.3      19.6420    0.0230000      53975.3      19.7650    0.0940000
       53990.328      19.8710    0.0680000      53990.3      19.7710    0.0250000      53990.3      19.6220    0.0250000      53990.3      19.6040    0.0260000      53990.3      19.8320     0.117000
       53994.338      19.8340    0.0390000      53994.3      19.7970    0.0180000      53994.3      19.6150    0.0180000      53994.3      19.6370    0.0250000      53994.3      19.7880    0.0890000
       53996.321      19.7090    0.0410000      53996.3      19.7350    0.0210000      53996.3      19.6120    0.0180000      53996.3      19.6700    0.0250000      53996.3      19.6790     0.103000
       53998.290      19.7490    0.0360000      53998.3      19.7980    0.0160000      53998.3      19.6080    0.0210000      53998.3      19.6510    0.0230000      53998.3      19.6710    0.0780000
       54005.320      19.8950    0.0380000      54005.3      19.7990    0.0220000      54005.3      19.6530    0.0160000      54005.3      19.6940    0.0240000      54005.3      19.8200    0.0750000
       54010.276      19.8180    0.0400000      54010.3      19.7850    0.0210000      54010.3      19.6460    0.0220000      54010.3      19.7170    0.0280000      54010.3      19.6700    0.0710000
       54012.269     -99.9900    0.0740000      54012.3      19.8300    0.0290000      54012.3      19.6530    0.0280000      54012.3      19.7500    0.0320000      54012.3      19.7740    0.0860000
       54020.274      19.8960    0.0590000      54020.3      19.8200    0.0210000      54020.3      19.6690    0.0240000      54020.3      19.6940    0.0300000      54020.3      19.9420     0.131000
       54024.356      19.8880    0.0560000      54024.4      19.8750    0.0210000      54024.4      19.6230    0.0230000      54024.4      19.6910    0.0320000      54024.4      19.6500     0.108000
       54030.268      19.9290    0.0380000      54030.3      19.8750    0.0240000      54030.3      19.6660    0.0160000      54030.3      19.6930    0.0190000      54030.3      19.7390    0.0730000
       54035.344      19.8910    0.0740000      54035.3      19.8550    0.0330000      54035.3      19.6740    0.0370000      54035.3      19.7120    0.0400000      54035.3      20.1140     0.219000
       54037.249     -99.9900    0.0540000      54037.2      19.8380    0.0180000      54037.2      19.6220    0.0210000      54037.2      19.7330    0.0240000      54037.2      19.6530    0.0830000
       54040.264      19.9060    0.0720000      54040.3      19.8060    0.0350000      54040.3      19.6860    0.0300000      54040.3      19.6990    0.0340000      54040.3      19.7460     0.104000
       54053.255      20.0560    0.0490000      54053.3      19.9220    0.0260000      54053.3      19.6500    0.0190000      54053.3      19.7180    0.0230000      54053.3      19.7170    0.0920000
       54056.256      19.9580    0.0710000      54056.3     -99.9900    0.0280000      54056.3      19.7270    0.0260000      54056.3      19.7840    0.0350000      54056.3      19.4730     0.107000
       54059.251      19.9950    0.0750000      54059.3      19.9110    0.0280000      54059.2     -99.9900    0.0300000      54059.2     -99.9900    0.0610000      54059.2     -99.9900     0.192000
       54062.255      19.9420    0.0600000      54062.3      19.9560    0.0270000      54062.3      19.6630    0.0250000      54062.3      19.7900    0.0340000      54062.3      19.9820     0.195000
       54068.236      20.0180     0.102000      54068.2      19.8880    0.0370000      54068.2      19.7230    0.0410000      54068.2      19.7310    0.0400000      54068.2      19.6160     0.109000
       54357.294      19.8950    0.0410000      54357.3      19.8710    0.0230000      54357.3      19.6800    0.0230000      54357.3      19.7270    0.0230000      54357.3      19.7370    0.0770000
       54362.344      19.9170    0.0450000      54362.3      19.8630    0.0200000      54362.3      19.6640    0.0250000      54362.3      19.6990    0.0280000      54362.3      20.0140     0.123000
       54382.324      20.0680    0.0720000      54382.3      19.8580    0.0330000      54382.3      19.7060    0.0240000      54382.3      19.7100    0.0440000      54382.3      19.9450     0.164000
       54385.341      20.0850    0.0470000      54385.3      19.9670    0.0240000      54385.3      19.7010    0.0180000      54385.3      19.7740    0.0220000      54385.3      19.8280    0.0880000
       54387.342      20.1890    0.0750000      54387.3      19.9240    0.0280000      54387.3      19.6960    0.0210000      54387.3      19.7050    0.0270000      54387.3      20.0210     0.155000
       54392.337      20.0820    0.0710000      54392.3      19.9420    0.0340000      54392.3      19.7310    0.0230000      54392.3      19.7560    0.0300000      54392.3      20.3150     0.250000
       54402.335      19.9280     0.137000      54402.3      19.9870    0.0490000      54402.3      19.7300    0.0340000      54402.3      19.7810    0.0390000      54402.3      19.8950     0.142000
       52522.000       19.899000     0.061000000       52522.000       19.872000     0.022000000       52522.000       19.673000     0.023000000       52522.000       19.793000     0.033000000       52522.000       19.786000      0.12600000
       51081       20.000000     0.049000000       51081       19.953000     0.023000000       51081       19.700000     0.022000000       51081       19.733000     0.029000000       51081       19.930000      0.14100000
       51819       20.241000     0.052000000       51819       20.151000     0.023000000       51819       19.862000     0.022000000       51819       19.902000     0.033000000       51819       19.936000      0.11900000
       52522       19.859000     0.052000000       52522       19.859000     0.024000000       52522       19.667000     0.022000000       52522       19.779000     0.032000000       52522       19.782000      0.11300000
       52552       19.713000     0.035000000       52552       19.783000     0.020000000       52552       19.587000     0.048000000       52552       19.746000     0.065000000       52552       19.781000     0.093000000
       52558       19.706000     0.034000000       52558       19.755000     0.020000000       52558       19.612000     0.025000000       52558       19.664000     0.027000000       52558       19.686000     0.073000000
       52577       19.847000     0.039000000       52577       19.781000     0.019000000       52577       19.633000     0.020000000       52577       19.716000     0.027000000       52577       19.662000     0.091000000
       52586       19.812000     0.039000000       52586       19.759000     0.018000000       52586       19.628000     0.020000000       52586       19.679000     0.029000000       52586       19.936000      0.12700000
       52910       19.810000     0.035000000       52910       19.774000     0.018000000       52910       19.601000     0.019000000       52910       19.627000     0.027000000       52910       19.799000     0.084000000
       52931       19.885000     0.042000000       52931       19.755000     0.021000000       52931       19.618000     0.023000000       52931       19.665000     0.029000000       52931       19.647000     0.093000000
       52935       19.929000     0.039000000       52935       19.806000     0.020000000       52935       19.615000     0.020000000       52935       19.712000     0.034000000       52935       19.729000     0.093000000
       52959       19.866000     0.036000000       52959       19.831000     0.022000000       52959       19.649000     0.020000000       52959       19.712000     0.027000000       52959       19.842000     0.078000000
       53352       20.195000     0.041000000       53352       19.974000     0.024000000       53352       19.708000     0.022000000       53352       19.752000     0.024000000       53352       19.871000     0.080000000
       54715       19.892000     0.037000000       54715       19.898000     0.023000000       54715       19.626000     0.019000000       54715       19.726000     0.024000000       54715       19.807000     0.077000000
