       51081.298      24.0060      1.42900      51081.3      20.6760    0.0360000      51081.3      20.2720    0.0370000      51081.3      20.0700    0.0410000      51081.3      19.9050     0.114000
       51819.369      22.9430     0.641000      51819.4      20.3960    0.0270000      51819.4      20.0230    0.0250000      51819.4      19.8160    0.0250000      51819.4      19.4650    0.0720000
       52558.334      23.2370     0.847000      52558.3      20.6320    0.0280000      52558.3      20.2080    0.0270000      52558.3      19.9280    0.0270000      52558.3      19.6560    0.0760000
       52577.221      23.2460     0.752000      52577.2      20.6220    0.0270000      52577.2      20.2380    0.0310000      52577.2      20.0170    0.0340000      52577.2      19.9980     0.120000
       52586.225      23.5680     0.761000      52586.2      20.5960    0.0280000      52586.2      20.2030    0.0290000      52586.2      19.9220    0.0300000      52586.2      19.6130    0.0870000
       52910.305      23.9390     0.965000      52910.3      20.6310    0.0260000      52910.3      20.3110    0.0250000      52910.3      20.0150    0.0280000      52910.3      19.8170    0.0810000
       52931.236      22.9420     0.581000      52931.2      20.6400    0.0330000      52931.2      20.2540    0.0310000      52931.2      20.0280    0.0330000      52931.2      19.7200    0.0880000
       52935.233      22.5460     0.382000      52935.2      20.9940    0.0350000      52935.2      20.2650    0.0280000      52935.2      20.0500    0.0290000      52935.2      19.7900    0.0930000
       52959.176      23.5910     0.797000      52959.2      20.7060    0.0280000      52959.2      20.2480    0.0250000      52959.2      19.9910    0.0260000      52959.2      19.6720    0.0660000
       52963.156      23.3710     0.559000      52963.2      20.6800    0.0260000      52963.2      20.2690    0.0240000      52963.2      20.0120    0.0240000      52963.2      19.7890    0.0660000
       53352.127      23.4490     0.651000      53352.1      20.6800    0.0260000      53352.1      20.2790    0.0250000      53352.1      20.0640    0.0270000      53352.1      19.7840    0.0840000
       53622.335      22.5840     0.588000      53622.3      20.6000    0.0320000      53622.3      20.1940    0.0360000      53622.3      19.9320    0.0370000      53622.3      19.8140     0.115000
       53634.284      23.7430      3.56100      53634.3      20.7910     0.108000      53634.3      20.2320    0.0610000      53634.3      19.9060    0.0440000      53634.3      19.5760     0.104000
       53638.326      23.9350      1.30100      53638.3      20.6110    0.0320000      53638.3      20.1900    0.0270000      53638.3      20.0010    0.0260000      53638.3      19.7580    0.0770000
       53640.290      22.8710     0.764000      53640.3      20.6210    0.0320000      53640.3      20.2790    0.0420000      53640.3      19.9110    0.0340000      53640.3      19.6530    0.0850000
       53655.262      22.5280     0.682000      53655.3      20.6750    0.0610000      53655.3      20.3090    0.0520000      53655.3      20.0460    0.0440000      53655.3      19.8330     0.128000
       53664.287      22.7100      1.03800      53664.3      20.7440    0.0690000      53664.3      20.2160    0.0410000      53664.3      19.9500    0.0370000      53664.3      19.7020    0.0990000
       53669.246      23.2430     0.600000      53669.2      20.6330    0.0260000      53669.2      20.2250    0.0260000      53669.2      19.9730    0.0270000      53669.2      19.8270    0.0950000
       53671.331      23.0460     0.998000      53671.3      20.6290    0.0340000      53671.3      20.2210    0.0330000      53671.3      19.9790    0.0320000      53671.3      19.6400    0.0920000
       53674.230      23.3790     0.793000      53674.2      20.5760    0.0260000      53674.2      20.2020    0.0270000      53674.2      19.9380    0.0260000      53674.2      19.7520    0.0790000
       53676.320      23.0750     0.691000      53676.3      20.5720    0.0260000      53676.3      20.1930    0.0270000      53676.3      19.9270    0.0240000      53676.3      19.7170    0.0760000
       53679.292      22.7110     0.674000      53679.3      20.5320    0.0330000      53679.3      20.1360    0.0380000      53679.3      19.9450    0.0400000      53679.3      19.6480     0.123000
       53681.283      23.3570      1.00800      53681.3      20.5930    0.0320000      53681.3      20.1960    0.0300000      53681.3      19.9390    0.0290000      53681.3      19.7530    0.0940000
       53685.242      22.4340      1.23200      53685.2     -99.9900     0.111000      53685.2      20.0020    0.0670000      53685.2      19.7720    0.0480000      53685.2      19.6400     0.114000
       53694.256     -99.9900      2.23300      53694.3      20.7070     0.151000      53694.3      20.2680    0.0800000      53694.3      19.9500    0.0710000      53694.3      19.5680     0.159000
       53697.240      23.2060     0.823000      53697.2      20.5680    0.0300000      53697.2      20.1930    0.0280000      53697.2      19.9540    0.0280000      53697.2      19.7730    0.0790000
       53700.239      23.0860     0.973000      53700.2      20.6020    0.0340000      53700.2      20.2120    0.0300000      53700.2      19.8990    0.0350000      53700.2      19.5830    0.0940000
       53705.226      23.3990     0.878000      53705.2      20.5470    0.0290000      53705.2      20.1970    0.0260000      53705.2      19.9660    0.0260000      53705.2      19.7670    0.0760000
       53975.311      23.9590      1.61100      53975.3      20.5040    0.0320000      53975.3      20.1340    0.0260000      53975.3      19.9140    0.0290000      53975.3      19.6370    0.0810000
       53990.324      22.5370     0.823000      53990.3      20.4060    0.0510000      53990.3      20.1760    0.0370000      53990.3      19.8350    0.0320000      53990.3      19.5920    0.0750000
       53994.334      22.9710     0.508000      53994.3      20.5600    0.0290000      53994.3      20.1740    0.0220000      53994.3      19.9130    0.0240000      53994.3      19.6830    0.0690000
       53996.318      24.2650      2.52600      53996.3     -99.9900    0.0400000      53996.3      20.1520    0.0530000      53996.3      19.8880    0.0420000      53996.3      19.6750    0.0950000
       53998.286      23.4770     0.726000      53998.3      20.5330    0.0260000      53998.3      20.1540    0.0220000      53998.3      19.8540    0.0210000      53998.3      19.6260    0.0580000
       54005.317      23.0870     0.491000      54005.3      20.6030    0.0290000      54005.3      20.1640    0.0220000      54005.3      19.8930    0.0240000      54005.3      19.6680    0.0560000
       54010.272      99.9960      99.9990      54010.3      20.5690    0.0340000      54010.3      20.1260    0.0280000      54010.3      19.9120    0.0270000      54010.3      19.6550    0.0530000
       54012.265      21.9330     0.484000      54012.3      20.5690    0.0620000      54012.3      20.1590    0.0380000      54012.3      19.8490    0.0320000      54012.3      19.6510    0.0690000
       54020.271      22.0960     0.687000      54020.3      20.5940    0.0470000      54020.3      20.1430    0.0360000      54020.3      19.7930    0.0410000      54020.3      19.5400    0.0900000
       54024.352      22.0100     0.447000      54024.4      20.5870    0.0400000      54024.4      20.1530    0.0330000      54024.4      19.8900    0.0330000      54024.4      19.6140     0.105000
       54030.264      22.9080     0.468000      54030.3      20.5700    0.0310000      54030.3      20.1520    0.0220000      54030.3      19.9080    0.0250000      54030.3      19.6870    0.0610000
       54035.340      100.003      99.9990      54035.3      20.5040    0.0420000      54035.3      20.1380    0.0430000      54035.3     -99.9900     0.105000      54035.3      19.6030     0.135000
       54037.245      99.9870      99.9990      54037.2      20.5180    0.0230000      54037.2      20.1610    0.0250000      54037.2      19.8640    0.0260000      54037.2      19.6680    0.0690000
       54040.260      23.4850      2.08700      54040.3      20.5800    0.0620000      54040.3      20.1490    0.0440000      54040.3      19.8780    0.0340000      54040.3      19.5440    0.0790000
       54049.286      22.5980      1.60300      54049.3      20.5050    0.0680000      54049.3      20.1230    0.0530000      54049.3      19.8660    0.0510000      54049.3      19.5840     0.139000
       54053.251      23.4070     0.841000      54053.3      20.5470    0.0300000      54053.2      20.1370    0.0250000      54053.2      19.8800    0.0260000      54053.2      19.8090    0.0780000
       54056.252      24.3300      3.07200      54056.3      20.5440    0.0340000      54056.2      20.1270    0.0510000      54056.2      19.8800    0.0390000      54056.3      19.6110    0.0990000
       54059.247      99.9930      99.9990      54059.2     -99.9900    0.0450000      54059.2      20.0870    0.0420000      54059.2      19.8640    0.0410000      54059.2      19.8800     0.124000
       54062.252      24.0910      2.94300      54062.3      20.4920    0.0350000      54062.2      20.0670    0.0360000      54062.2      19.8900    0.0470000      54062.3      19.4950     0.114000
       54068.232      22.3300     0.929000      54068.2      20.7020     0.114000      54068.2      20.1550    0.0620000      54068.2      19.7340    0.0410000      54068.2      19.9270     0.138000
       54357.290      23.1640     0.636000      54357.3      20.5070    0.0270000      54357.3      20.1380    0.0230000      54357.3      19.9130    0.0240000      54357.3      19.6890    0.0620000
       54362.340      25.0540      3.96600      54362.3      20.5340    0.0260000      54362.3      20.1230    0.0270000      54362.3      19.8920    0.0270000      54362.3      19.5540    0.0710000
       54382.320      23.7140      1.78000      54382.3      20.5530    0.0360000      54382.3      20.1030    0.0330000      54382.3      19.8690    0.0320000      54382.3      19.4180    0.0870000
       54385.338      25.1350      4.46300      54385.3      20.5730    0.0290000      54385.3      20.1680    0.0310000      54385.3      19.8460    0.0240000      54385.3      19.7690    0.0710000
       54387.338      22.4570     0.554000      54387.3      20.5260    0.0300000      54387.3      20.1250    0.0340000      54387.3      19.8330    0.0310000      54387.3      19.7530    0.0920000
       54392.333      24.5980      3.65100      54392.3      20.6060    0.0350000      54392.3      20.1520    0.0380000      54392.3      19.9330    0.0330000      54392.3      19.5500    0.0860000
       54402.331      99.9690      99.9990      54402.3      20.4500    0.0720000      54402.3      20.1620    0.0460000      54402.3      19.8060    0.0370000      54402.3      19.6480    0.0920000
       52522.000       22.526000      0.44000000       52522.000       20.591000     0.044000000       52522.000       20.223000     0.031000000       52522.000       19.989000     0.036000000       52522.000       19.706000     0.090000000
       51081       23.532000      0.92100000       51081       20.679000     0.037000000       51081       20.289000     0.038000000       51081       20.051000     0.039000000       51081       19.860000      0.10800000
       51819       22.637000      0.37900000       51819       20.402000     0.032000000       51819       20.071000     0.025000000       51819       19.835000     0.029000000       51819       19.477000     0.086000000
       52522       22.463000      0.33000000       52522       20.599000     0.041000000       52522       20.221000     0.031000000       52522       19.978000     0.037000000       52522       19.708000     0.090000000
       52552       23.211000      0.62200000       52552       20.671000     0.055000000       52552       20.271000     0.032000000       52552       19.925000     0.034000000       52552       19.797000      0.10000000
       52558       23.055000      0.58100000       52558       20.602000     0.031000000       52558       20.193000     0.030000000       52558       19.929000     0.032000000       52558       19.627000     0.074000000
       52577       23.024000      0.46400000       52577       20.620000     0.029000000       52577       20.232000     0.035000000       52577       20.022000     0.039000000       52577       19.998000      0.11400000
       52586       23.335000      0.48800000       52586       20.592000     0.032000000       52586       20.204000     0.029000000       52586       19.922000     0.034000000       52586       19.643000     0.085000000
       52910       23.914000      0.72000000       52910       20.648000     0.038000000       52910       20.333000     0.029000000       52910       20.027000     0.032000000       52910       19.795000     0.079000000
       52931       22.870000      0.41700000       52931       20.690000     0.041000000       52931       20.284000     0.032000000       52931       20.071000     0.038000000       52931       19.746000     0.085000000
       52935       22.599000      0.30700000       52935       21.050000     0.067000000       52935       20.289000     0.028000000       52935       20.077000     0.033000000       52935       19.752000     0.086000000
       52959       23.404000      0.51700000       52959       20.694000     0.032000000       52959       20.242000     0.025000000       52959       19.978000     0.032000000       52959       19.645000     0.062000000
       53352       23.274000      0.42200000       53352       20.686000     0.034000000       53352       20.268000     0.026000000       53352       20.078000     0.035000000       53352       19.774000     0.080000000
       54715       22.713000      0.32300000       54715       20.602000     0.030000000       54715       20.183000     0.025000000       54715       19.857000     0.025000000       54715       19.640000     0.076000000
