       51075.324      17.5620    0.0110000      51075.3     -99.9900   0.00500000      51075.3      17.3710   0.00500000      51075.3      17.1660   0.00600000      51075.3     -99.9900    0.0170000
       52196.324     -99.9900    0.0120000      52196.3      17.5870   0.00500000      52196.3      17.5510   0.00600000      52196.3      17.3150   0.00600000      52196.3      17.3800    0.0170000
       52196.343     -99.9900    0.0120000      52196.3      17.5790   0.00500000      52196.3      17.5520   0.00600000      52196.3      17.3180   0.00600000      52196.3      17.4240    0.0170000
       52197.337      17.7750    0.0120000      52197.3      17.5910   0.00500000      52197.3      17.5490   0.00600000      52197.3      17.3110   0.00600000      52197.3      17.3810    0.0180000
       52225.187      17.7180    0.0120000      52225.2      17.5660   0.00500000      52225.2      17.5700   0.00600000      52225.2      17.3150   0.00600000      52225.2      17.3640    0.0160000
       52231.223      17.7260    0.0130000      52231.2      17.5750   0.00500000      52231.2      17.5320   0.00600000      52231.2      17.3260   0.00700000      52231.2      17.3610    0.0150000
       52253.209      17.7190    0.0130000      52253.2      17.5710   0.00500000      52253.2      17.5210   0.00600000      52253.2      17.3260   0.00600000      52253.2      17.3680    0.0150000
       52557.331      17.8570    0.0130000      52557.3      17.6350   0.00500000      52557.3      17.5970   0.00600000      52557.3      17.3460   0.00600000      52557.3      17.3790    0.0170000
       52578.227      17.8210    0.0120000      52578.2      17.6450   0.00500000      52578.2      17.5990   0.00600000      52578.2      17.3630   0.00600000      52578.2      17.4310    0.0160000
       52908.306      17.8060    0.0130000      52908.3      17.6340   0.00500000      52908.3      17.5640   0.00600000      52908.3      17.3710   0.00600000      52908.3      17.3740    0.0170000
       52911.320     -99.9900    0.0160000      52911.3      17.6130   0.00500000      52911.3      17.5900   0.00600000      52911.3     -99.9900   0.00600000      52911.3      17.3860    0.0220000
       52934.238     -99.9900    0.0140000      52934.2      17.5830   0.00500000      52934.2      17.5580   0.00600000      52934.2      17.3770   0.00600000      52934.2      17.4080    0.0220000
       52936.234      17.8110    0.0130000      52936.2      17.6050   0.00500000      52936.2      17.5900   0.00600000      52936.2      17.3490   0.00600000      52936.2      17.3920    0.0160000
       52962.159     -99.9900    0.0120000      52962.2      17.5870   0.00500000      52962.2      17.5730   0.00600000      52962.2      17.3540   0.00600000      52962.2      17.4050    0.0180000
       53270.298      17.8470    0.0150000      53270.3      17.6790    0.0100000      53270.3      17.6360    0.0120000      53270.3      17.3930    0.0150000      53270.3      17.4250    0.0150000
       53272.348     -99.9900    0.0130000      53272.3      17.6930   0.00600000      53272.3      17.6410   0.00600000      53272.3      17.3970   0.00600000      53272.3      17.4360    0.0160000
       53286.316      17.8880    0.0160000      53286.3      17.7090   0.00600000      53286.3      17.6390   0.00600000      53286.3      17.4100   0.00700000      53286.3      17.4670    0.0190000
       53288.275      17.8230    0.0140000      53288.3      17.7040   0.00500000      53288.3      17.6340   0.00600000      53288.3      17.3950   0.00600000      53288.3      17.4170    0.0180000
       53294.322      17.9090    0.0140000      53294.3      17.6940   0.00500000      53294.3      17.6390   0.00600000      53294.3      17.4150   0.00600000      53294.3      17.4320    0.0180000
       53298.319     -99.9900    0.0150000      53298.3      17.7070   0.00600000      53298.3      17.6560   0.00700000      53298.3      17.4130   0.00700000      53298.3      17.4760    0.0180000
       53302.270      17.9150    0.0160000      53302.3      17.7170   0.00700000      53302.3      17.6780   0.00700000      53302.3      17.3990   0.00700000      53302.3      17.4920    0.0170000
       53312.226      17.9570    0.0160000      53312.2      17.7570    0.0210000      53312.2      17.6500    0.0110000      53312.2      17.4120    0.0150000      53312.2      17.4680    0.0240000
       53314.227     -99.9900    0.0140000      53314.2      17.7190   0.00500000      53314.2      17.6730   0.00600000      53314.2      17.4200   0.00600000      53314.2      17.4780    0.0190000
       53616.332      18.0960    0.0200000      53616.3      17.8720   0.00600000      53616.3      17.7560   0.00700000      53616.3      17.5290   0.00700000      53616.3      17.5140    0.0240000
       53626.308      18.0600    0.0160000      53626.3     -99.9900   0.00600000      53626.3      17.7810   0.00600000      53626.3      17.4940   0.00700000      53626.3      17.5720    0.0180000
       53628.293     -99.9900    0.0210000      53628.3      17.8530   0.00800000      53628.3      17.7640   0.00800000      53628.3      17.5110   0.00700000      53628.3      17.5110    0.0200000
       53637.294      18.0850    0.0210000      53637.3      17.8790   0.00700000      53637.3      17.7590   0.00700000      53637.3      17.5070   0.00700000      53637.3      17.5470    0.0240000
       53639.340      18.0220    0.0150000      53639.3      17.8690   0.00600000      53639.3      17.7850   0.00700000      53639.3      17.5030   0.00700000      53639.3      17.5370    0.0170000
       53654.322      18.0840    0.0150000      53654.3      17.8620   0.00600000      53654.3      17.7920   0.00600000      53654.3      17.5010   0.00700000      53654.3      17.5310    0.0190000
       53663.282     -99.9900    0.0190000      53663.3      17.8680   0.00700000      53663.3      17.8300   0.00800000      53663.3      17.5060   0.00700000      53663.3      17.5350    0.0170000
       53665.260      18.0890    0.0260000      53665.3     -99.9900   0.00800000      53665.3     -99.9900    0.0120000      53665.3     -99.9900    0.0120000      53665.3     -99.9900    0.0340000
       53666.353     -99.9900    0.0210000      53666.4      17.8890   0.00700000      53666.4      17.7710   0.00700000      53666.4      17.5090   0.00700000      53666.4      17.5090    0.0180000
       53668.272      18.1280    0.0170000      53668.3     -99.9900   0.00600000      53668.3      17.7810   0.00700000      53668.3     -99.9900   0.00700000      53668.3     -99.9900    0.0240000
       53670.277      18.0640    0.0160000      53670.3      17.8870   0.00600000      53670.3      17.7480   0.00600000      53670.3      17.5150   0.00700000      53670.3      17.5540    0.0180000
       53673.245      18.0660    0.0150000      53673.2      17.8770   0.00600000      53673.2      17.7700   0.00600000      53673.2      17.5090   0.00700000      53673.2      17.5300    0.0170000
       53675.242      18.0990    0.0150000      53675.2      17.8750   0.00600000      53675.2      17.7700   0.00600000      53675.2      17.5270   0.00700000      53675.2      17.5250    0.0190000
       53677.263      17.9970    0.0150000      53677.3      17.8720   0.00600000      53677.3      17.7190   0.00600000      53677.3      17.4900   0.00600000      53677.3      17.5210    0.0170000
       53680.249     -99.9900    0.0150000      53680.2      17.8610   0.00600000      53680.2      17.7770   0.00600000      53680.2      17.5110   0.00600000      53680.2      17.5660    0.0170000
       53693.251      18.1070    0.0220000      53693.3     -99.9900   0.00800000      53693.2     -99.9900   0.00800000      53693.2      17.5150   0.00700000      53693.3      17.5320    0.0180000
       53698.249      18.0960    0.0170000      53698.2      17.9060   0.00600000      53698.2      17.7880   0.00600000      53698.2      17.5500   0.00700000      53698.2      17.5740    0.0200000
       53704.235      18.0840    0.0170000      53704.2      17.8930   0.00600000      53704.2      17.7910   0.00600000      53704.2      17.5370   0.00700000      53704.2      17.5590    0.0240000
       53974.327     -99.9900    0.0170000      53974.3      18.0040    0.0170000      53974.3      17.8890    0.0160000      53974.3      17.5920    0.0170000      53974.3      17.6720    0.0220000
       53977.376      18.2520    0.0220000      53977.4      18.0290    0.0130000      53977.4      17.8910    0.0120000      53977.4      17.6060    0.0160000      53977.4      17.6350    0.0200000
       53989.331     -99.9900    0.0200000      53989.3      18.0700    0.0170000      53989.3      17.8090    0.0150000      53989.3     -99.9900    0.0130000      53989.3      17.6230    0.0210000
       54000.306      18.2360    0.0190000      54000.3     -99.9900     0.112000      54000.3      17.8940    0.0190000      54000.3      17.5950    0.0150000      54000.3      17.6270    0.0260000
       54006.253      18.1550    0.0230000      54006.3     -99.9900    0.0330000      54006.2     -99.9900    0.0230000      54006.3     -99.9900    0.0180000      54006.3      17.5260    0.0300000
       54007.356     -99.9900    0.0170000      54007.4      18.1040    0.0250000      54007.4      17.8750    0.0120000      54007.4      17.6290    0.0200000      54007.4      17.6600    0.0250000
       54009.280     -99.9900    0.0200000      54009.3      17.9730    0.0200000      54009.3      17.8800    0.0250000      54009.3      17.5860    0.0180000      54009.3      17.6530    0.0260000
       54011.345      18.2190    0.0220000      54011.3      18.0420    0.0180000      54011.3      17.8800    0.0110000      54011.3      17.5970    0.0140000      54011.3      17.6690    0.0200000
       54025.344     -99.9900    0.0230000      54025.3      17.9810    0.0210000      54025.3      17.8790    0.0100000      54025.3      17.5650    0.0160000      54025.3      17.6580    0.0220000
       54029.274      18.0820    0.0750000      54029.3     -99.9900    0.0290000      54029.3      17.9130    0.0290000      54029.3      17.6380    0.0240000      54029.3      17.6220    0.0310000
       54348.341      18.2560    0.0220000      54348.3      17.9990    0.0130000      54348.3      17.9030    0.0140000      54348.3      17.6210    0.0150000      54348.3      17.6580    0.0200000
       54358.297      18.2380    0.0350000      54358.3      17.8960    0.0190000      54358.3      17.8010    0.0220000      54358.3      17.5720    0.0180000      54358.3      17.6760    0.0270000
       54359.291      18.2720    0.0290000      54359.3      17.9450    0.0150000      54359.3      17.8510    0.0330000      54359.3      17.6010    0.0140000      54359.3      17.6420    0.0330000
       54365.330     -99.9900    0.0230000      54365.3      17.9910    0.0160000      54365.3      17.8930    0.0160000      54365.3      17.6230    0.0210000      54365.3      17.6650    0.0240000
       54381.350     -99.9900    0.0220000      54381.4     -99.9900    0.0160000      54381.3      17.8690    0.0160000      54381.3      17.6450    0.0160000      54381.4      17.6540    0.0210000
       54384.356      18.2040    0.0190000      54384.4      18.0470    0.0200000      54384.4      17.8880    0.0200000      54384.4      17.6190    0.0160000      54384.4     -99.9900    0.0200000
       54386.342     -99.9900    0.0230000      54386.3      18.0310    0.0220000      54386.3      17.8840    0.0120000      54386.3      17.6380    0.0190000      54386.3     -99.9900    0.0240000
       54388.346      18.1830    0.0170000      54388.3      18.0030    0.0140000      54388.3      17.8700    0.0110000      54388.3      17.5950    0.0140000      54388.3      17.6720    0.0200000
       54403.260      18.2090    0.0240000      54403.3      17.9460    0.0350000      54403.3      17.8590    0.0120000      54403.3      17.5650    0.0250000      54403.3      17.6240    0.0280000
       54404.318     -99.9900    0.0260000      54404.3      18.0010    0.0110000      54404.3      17.8910    0.0130000      54404.3      17.6040    0.0180000      54404.3      17.6430    0.0210000
       54405.316     -99.9900    0.0360000      54405.3      18.0330    0.0180000      54405.3      17.8680    0.0160000      54405.3      17.6100    0.0230000      54405.3      17.6580    0.0190000
       54406.254      18.2180    0.0200000      54406.3      17.9470    0.0100000      54406.3      17.8740    0.0110000      54406.3      17.6080    0.0170000      54406.3      17.6460    0.0220000
       54412.257     -99.9900    0.0250000      54412.3      17.9830    0.0180000      54412.3      17.8760    0.0110000      54412.3      17.6060    0.0180000      54412.3      17.6690    0.0220000
       52197.000       17.718000     0.023000000       52197.000       17.603000     0.019000000       52197.000       17.547000     0.019000000       52197.000       17.326000     0.022000000       52197.000       17.361000     0.025000000
       51075       17.538000     0.018000000       51075       17.364000     0.021000000       51075       17.344000     0.015000000       51075       17.159000     0.017000000       51075       17.220000     0.018000000
       51134       17.498000     0.039000000       51134       17.341000     0.023000000       51134       17.268000     0.031000000       51134       17.122000     0.014000000       51134       17.156000     0.024000000
       52196       17.736000     0.011000000       52196       17.612000     0.032000000       52196       17.538000     0.016000000       52196       17.318000     0.017000000       52196       17.364000     0.019000000
       52196       17.736000     0.016000000       52196       17.595000     0.031000000       52196       17.537000     0.015000000       52196       17.305000     0.021000000       52196       17.392000     0.018000000
       52197       17.721000     0.025000000       52197       17.597000     0.020000000       52197       17.553000     0.017000000       52197       17.326000     0.025000000       52197       17.358000     0.023000000
       52225       17.659000     0.020000000       52225       17.617000     0.032000000       52225       17.574000     0.016000000       52225       17.291000     0.018000000       52225       17.380000     0.020000000
       52253       17.700000     0.016000000       52253       17.573000     0.021000000       52253       17.505000     0.018000000       52253       17.310000     0.019000000       52253       17.334000     0.018000000
       52557       17.814000     0.018000000       52557       17.631000     0.026000000       52557       17.593000     0.011000000       52557       17.328000     0.021000000       52557       17.362000     0.022000000
       52578       17.788000     0.019000000       52578       17.660000     0.014000000       52578       17.570000    0.0090000000       52578       17.344000     0.017000000       52578       17.420000     0.021000000
       52908       17.819000     0.016000000       52908       17.650000     0.019000000       52908       17.528000     0.023000000       52908       17.394000     0.020000000       52908       17.365000     0.019000000
       52911       17.928000     0.028000000       52911       17.591000     0.020000000       52911       17.607000     0.032000000       52911       17.351000     0.036000000       52911       17.393000     0.026000000
       52934       17.843000     0.045000000       52934       17.637000     0.042000000       52934       17.553000     0.019000000       52934       17.351000     0.015000000       52934       17.407000     0.021000000
       52936       17.787000     0.015000000       52936       17.621000     0.020000000       52936       17.559000     0.018000000       52936       17.356000     0.017000000       52936       17.381000     0.020000000
       52962       17.800000     0.025000000       52962       17.598000     0.027000000       52962       17.561000     0.016000000       52962       17.329000     0.017000000       52962       17.404000     0.020000000
       53270       17.818000     0.015000000       53270       17.671000     0.011000000       53270       17.637000     0.011000000       53270       17.401000     0.016000000       53270       17.423000     0.017000000
       53272       17.867000     0.025000000       53272       17.729000     0.016000000       53272       17.619000     0.013000000       53272       17.422000     0.015000000       53272       17.440000     0.023000000
       53286       17.877000     0.021000000       53286       17.677000     0.019000000       53286       17.614000     0.016000000       53286       17.400000     0.016000000       53286       17.444000     0.021000000
       53288       17.810000     0.021000000       53288       17.724000     0.016000000       53288       17.626000     0.012000000       53288       17.400000     0.020000000       53288       17.417000     0.022000000
       53294       17.899000     0.024000000       53294       17.732000     0.029000000       53294       17.607000     0.024000000       53294       17.398000     0.021000000       53294       17.411000     0.020000000
       53298       17.921000     0.018000000       53298       17.726000     0.016000000       53298       17.634000     0.015000000       53298       17.418000     0.014000000       53298       17.456000     0.019000000
       53312       17.908000     0.015000000       53312       17.752000     0.033000000       53312       17.654000     0.013000000       53312       17.422000     0.017000000       53312       17.462000     0.021000000
       53314       17.887000     0.021000000       53314       17.716000     0.025000000       53314       17.647000     0.019000000       53314       17.419000     0.020000000       53314       17.459000     0.020000000
