       51081.260      18.2510    0.0170000      51081.3      18.1020   0.00700000      51081.3      17.9800   0.00700000      51081.3      17.9480   0.00900000      51081.3      17.4510    0.0230000
       52558.296      18.1940    0.0170000      52558.3      18.0730   0.00600000      52558.3      17.9710   0.00700000      52558.3      17.9500   0.00800000      52558.3      17.4730    0.0180000
       52577.184     -99.9900    0.0160000      52577.2      18.0290   0.00600000      52577.2      17.9510   0.00700000      52577.2      17.9390   0.00800000      52577.2      17.5190    0.0200000
       52586.187      18.1410    0.0150000      52586.2      18.0120   0.00600000      52586.2      17.9280   0.00700000      52586.2      17.9060   0.00800000      52586.2      17.5030    0.0210000
       52910.267      18.3630    0.0160000      52910.3      18.2370   0.00700000      52910.3      18.1220   0.00700000      52910.3      18.1030   0.00900000      52910.3      17.6430    0.0190000
       52931.198      18.2840    0.0160000      52931.2      18.1630   0.00700000      52931.2      18.0580   0.00700000      52931.2      18.0590   0.00800000      52931.2      17.5710    0.0180000
       52935.195      18.2800    0.0170000      52935.2      18.1640   0.00700000      52935.2      18.0210   0.00700000      52935.2      18.0280   0.00900000      52935.2      17.5470    0.0210000
       52959.138      18.2770    0.0170000      52959.1      18.1800   0.00600000      52959.1      18.0740   0.00700000      52959.1      18.0720   0.00800000      52959.1      17.5390    0.0200000
       52963.118      18.3160    0.0160000      52963.1      18.1970   0.00700000      52963.1      18.0960   0.00700000      52963.1      18.0920   0.00800000      52963.1      17.6310    0.0170000
       53313.188      18.2340    0.0170000      53313.2      18.0470   0.00600000      53313.2      17.9300   0.00700000      53313.2      17.8750   0.00900000      53313.2      17.4260    0.0220000
       53352.089      18.2740    0.0170000      53352.1      18.1380   0.00600000      53352.1      18.0170   0.00700000      53352.1      18.0150   0.00900000      53352.1      17.5650    0.0200000
       53622.297     -99.9900    0.0210000      53622.3      18.1300   0.00800000      53622.3      17.9990   0.00800000      53622.3      17.9570    0.0110000      53622.3      17.4790    0.0280000
       53636.252      18.3430    0.0250000      53636.3      18.1680   0.00900000      53636.2      18.0670   0.00900000      53636.2      18.0440    0.0100000      53636.3      17.5560    0.0240000
       53638.288      18.2840    0.0180000      53638.3      18.1510   0.00700000      53638.3      18.0500   0.00700000      53638.3      18.0740   0.00900000      53638.3      17.5570    0.0180000
       53640.252     -99.9900     0.701000      53640.3     -99.9900    0.0230000      53640.2     -99.9900    0.0190000      53640.2     -99.9900     0.540000      53640.3     -99.9900    0.0260000
       53664.249      18.4310    0.0300000      53664.2      18.1870   0.00900000      53664.2      18.0520   0.00900000      53664.2      18.0380    0.0100000      53664.2      17.5320    0.0220000
       53666.213      18.4020    0.0180000      53666.2      18.2320   0.00700000      53666.2      18.1260   0.00800000      53666.2      18.1070   0.00900000      53666.2      17.6210    0.0190000
       53669.208     -99.9900    0.0180000      53669.2      18.2020   0.00700000      53669.2      18.0730   0.00700000      53669.2      18.0280   0.00900000      53669.2      17.4980    0.0190000
       53671.293      18.4260    0.0240000      53671.3      18.2100   0.00700000      53671.3      18.0870   0.00800000      53671.3      18.0670   0.00900000      53671.3      17.5470    0.0220000
       53674.193      18.4160    0.0200000      53674.2      18.2130   0.00700000      53674.2      18.0840   0.00700000      53674.2      18.0450   0.00900000      53674.2      17.5320    0.0190000
       53676.282      18.4160    0.0220000      53676.3      18.2440   0.00700000      53676.3      18.0920   0.00800000      53676.3      18.0720   0.00900000      53676.3      17.5860    0.0220000
       53679.254      18.4230    0.0260000      53679.3      18.2550   0.00700000      53679.3      18.0840   0.00800000      53679.3      18.0520    0.0100000      53679.3      17.5560    0.0230000
       53681.245      18.4110    0.0190000      53681.2      18.2730   0.00700000      53681.2      18.1420   0.00800000      53681.2      18.1460   0.00900000      53681.2      17.6360    0.0190000
       53685.204      18.4310    0.0440000      53685.2      18.2780    0.0200000      53685.2      18.1320    0.0220000      53685.2      18.0910    0.0240000      53685.2      17.5230    0.0360000
       53687.243     -99.9900    0.0380000      53687.2      18.3330    0.0130000      53687.2     -99.9900    0.0130000      53687.2      18.1930    0.0120000      53687.2      17.6980    0.0220000
       53697.202      18.4570    0.0490000      53697.2      18.3360    0.0120000      53697.2      18.1530    0.0170000      53697.2      18.1770    0.0210000      53697.2      17.6870    0.0470000
       53700.201      18.4330    0.0200000      53700.2      18.3300   0.00700000      53700.2      18.1440   0.00800000      53700.2      18.1380    0.0100000      53700.2      17.6050    0.0220000
       53705.188      18.4530    0.0210000      53705.2      18.2990   0.00700000      53705.2      18.1330   0.00800000      53705.2      18.1090   0.00900000      53705.2      17.6190    0.0210000
       53975.273      18.4250    0.0220000      53975.3      18.2990    0.0130000      53975.3      18.1850    0.0120000      53975.3      18.2250    0.0150000      53975.3      17.6790    0.0250000
       53993.341      18.3530    0.0290000      53993.3      18.2560    0.0110000      53993.3     -99.9900    0.0360000      53993.3     -99.9900    0.0240000      53993.3      17.7430    0.0240000
       53996.280      18.3900    0.0270000      53996.3      18.2660    0.0150000      53996.3      18.1870    0.0110000      53996.3      18.1710    0.0160000      53996.3      17.7020    0.0240000
       53998.248      18.4030    0.0190000      53998.2      18.2960    0.0250000      53998.2      18.2030    0.0100000      53998.2      18.2350    0.0150000      53998.2      17.7400    0.0190000
       54005.279      18.3590    0.0200000      54005.3      18.2390    0.0200000      54005.3      18.1970    0.0160000      54005.3      18.2260    0.0130000      54005.3      17.7500    0.0250000
       54010.234      18.3330    0.0160000      54010.2      18.2550    0.0130000      54010.2      18.2090    0.0120000      54010.2      18.2660    0.0170000      54010.2      17.7230    0.0190000
       54012.227      18.3690    0.0320000      54012.2      18.2520    0.0160000      54012.2      18.2020    0.0130000      54012.2      18.2380    0.0120000      54012.2      17.7340    0.0270000
       54020.233      18.3860    0.0230000      54020.2      18.2580    0.0140000      54020.2      18.1760    0.0190000      54020.2      18.2160    0.0210000      54020.2      17.6870    0.0240000
       54022.282      18.3860    0.0210000      54022.3      18.3000    0.0190000      54022.3      18.1890    0.0140000      54022.3      18.1910    0.0150000      54022.3      17.6720    0.0230000
       54028.223      18.4250    0.0190000      54028.2      18.3000    0.0160000      54028.2      18.2010    0.0180000      54028.2      18.2080    0.0170000      54028.2      17.7310    0.0210000
       54030.226      18.4070    0.0200000      54030.2      18.3270    0.0170000      54030.2      18.2350    0.0110000      54030.2      18.2690    0.0130000      54030.2      17.7380    0.0210000
       54035.302      18.3800    0.0620000      54035.3      18.3030    0.0170000      54035.3      18.1590    0.0110000      54035.3      18.1510    0.0140000      54035.3      17.6050    0.0280000
       54037.208      18.4700    0.0310000      54037.2      18.3290    0.0150000      54037.2      18.2590    0.0130000      54037.2      18.2890    0.0170000      54037.2      17.7750    0.0290000
       54040.222     -99.9900    0.0270000      54040.2      18.3080    0.0160000      54040.2      18.2120    0.0140000      54040.2      18.2360    0.0160000      54040.2      17.7290    0.0220000
       54049.249      18.4550    0.0330000      54049.2      18.3300    0.0240000      54049.2      18.1600    0.0160000      54049.2      18.1780    0.0150000      54049.2      17.7610    0.0260000
       54050.207      18.4520    0.0350000      54050.2      18.3050    0.0170000      54050.2      18.1730    0.0210000      54050.2      18.0960    0.0430000      54050.2      17.6500    0.0360000
       54053.213      18.4420    0.0240000      54053.2      18.3380    0.0120000      54053.2      18.2160    0.0140000      54053.2      18.2470    0.0120000      54053.2      17.7400    0.0230000
       54056.215      18.4640    0.0290000      54056.2      18.3330    0.0250000      54056.2      18.1920    0.0230000      54056.2      18.1720    0.0140000      54056.2      17.6810    0.0320000
       54059.209      18.5470    0.0360000      54059.2      18.2990    0.0170000      54059.2      18.1530    0.0150000      54059.2      18.2000    0.0250000      54059.2      17.6860    0.0360000
       54062.214      18.5550    0.0310000      54062.2      18.3460    0.0250000      54062.2      18.1790    0.0190000      54062.2      18.1830    0.0200000      54062.2      17.7110    0.0340000
       54357.252      18.3210    0.0200000      54357.3      18.1260    0.0190000      54357.2      18.1210    0.0140000      54357.2      18.0900    0.0180000      54357.3      17.6750    0.0260000
       54362.302     -99.9900    0.0210000      54362.3      18.1600    0.0240000      54362.3      18.1030    0.0190000      54362.3      18.1150    0.0170000      54362.3      17.6320    0.0270000
       54376.310     -99.9900     0.137000      54376.3     -99.9900    0.0350000      54376.3     -99.9900    0.0200000      54376.3      18.1160    0.0170000      54376.3     -99.9900      3.05500
       54385.300     -99.9900    0.0220000      54385.3     -99.9900    0.0230000      54385.3      18.0300    0.0130000      54385.3      18.0930    0.0140000      54385.3      17.6270    0.0240000
       54387.300      18.2220    0.0200000      54387.3      18.0900    0.0210000      54387.3      18.0250    0.0140000      54387.3      18.0610    0.0160000      54387.3      17.5670    0.0220000
       54392.295      18.3190    0.0220000      54392.3      18.1500    0.0180000      54392.3      18.0460    0.0180000      54392.3      18.1000    0.0170000      54392.3      17.6260    0.0250000
       54402.293      18.3440    0.0340000      54402.3      18.1610    0.0190000      54402.3      18.0990    0.0170000      54402.3      18.1120    0.0250000      54402.3      17.6520    0.0240000
       52522.000       18.322000     0.024000000       52522.000       18.183000     0.022000000       52522.000       18.109000     0.027000000       52522.000       18.099000     0.021000000       52522.000       17.642000     0.027000000
       51081       18.274000     0.035000000       51081       18.166000     0.024000000       51081       18.058000     0.018000000       51081       18.058000     0.015000000       51081       17.499000     0.028000000
       51467       19.029000     0.031000000       51467       18.886000     0.017000000       51467       18.581000     0.016000000       51467       18.525000     0.018000000       51467       17.890000     0.035000000
       51819       18.716000     0.022000000       51819       18.625000     0.018000000       51819       18.459000     0.013000000       51819       18.466000     0.019000000       51819       17.905000     0.025000000
       52522       18.326000     0.019000000       52522       18.167000     0.023000000       52522       18.105000     0.020000000       52522       18.095000     0.019000000       52522       17.625000     0.026000000
       52552       18.192000     0.017000000       52552       18.108000     0.016000000       52552       18.049000     0.015000000       52552       18.075000     0.012000000       52552       17.652000     0.020000000
       52558       18.224000     0.029000000       52558       18.150000     0.022000000       52558       18.050000     0.016000000       52558       18.081000     0.018000000       52558       17.572000     0.024000000
       52577       18.208000     0.019000000       52577       18.074000     0.026000000       52577       18.001000     0.014000000       52577       18.003000     0.014000000       52577       17.574000     0.020000000
       52586       18.155000     0.018000000       52586       18.043000     0.014000000       52586       17.997000     0.016000000       52586       17.995000     0.016000000       52586       17.567000     0.025000000
       52910       18.363000     0.018000000       52910       18.286000     0.023000000       52910       18.191000     0.018000000       52910       18.190000     0.024000000       52910       17.725000     0.024000000
       52931       18.323000     0.033000000       52931       18.235000     0.022000000       52931       18.146000     0.017000000       52931       18.172000     0.017000000       52931       17.653000     0.022000000
       52935       18.301000     0.024000000       52935       18.219000     0.024000000       52935       18.110000     0.018000000       52935       18.150000     0.018000000       52935       17.639000     0.025000000
       52959       18.357000     0.035000000       52959       18.213000     0.023000000       52959       18.163000     0.017000000       52959       18.211000     0.023000000       52959       17.565000     0.031000000
       53313       18.264000     0.030000000       53313       18.108000     0.027000000       53313       18.074000     0.020000000       53313       18.026000     0.016000000       53313       17.536000     0.024000000
       53350       18.247000     0.019000000       53350       18.179000     0.025000000       53350       18.046000     0.016000000       53350       18.031000     0.013000000       53350       17.585000     0.027000000
       53352       18.281000     0.024000000       53352       18.193000     0.019000000       53352       18.085000     0.015000000       53352       18.112000     0.018000000       53352       17.653000     0.028000000
