       51075.317      20.5820    0.0660000      51075.3      20.2880    0.0230000      51075.3      20.0790    0.0240000      51075.3      20.1300    0.0370000      51075.3      20.0380     0.137000
       51081.301      20.5340    0.0770000      51081.3      20.3250    0.0260000      51081.3      20.0500    0.0270000      51081.3      20.1320    0.0390000      51081.3      20.0020     0.136000
       51819.372      20.6670    0.0840000      51819.4      20.2490    0.0240000      51819.4      20.0450    0.0240000      51819.4      20.1080    0.0340000      51819.4      19.8500     0.104000
       52558.337      20.7170    0.0750000      52558.3      20.3080    0.0210000      52558.3      20.0460    0.0230000      52558.3      20.1020    0.0300000      52558.3      19.8440    0.0850000
       52577.224      20.6160    0.0700000      52577.2      20.3210    0.0220000      52577.2      20.0270    0.0220000      52577.2      20.1210    0.0330000      52577.2      20.0440     0.126000
       52586.228      20.5580    0.0650000      52586.2      20.2920    0.0210000      52586.2      19.9980    0.0240000      52586.2      20.0610    0.0360000      52586.2      19.9380     0.128000
       52910.308      20.4250    0.0580000      52910.3      20.2000    0.0200000      52910.3      19.9580    0.0190000      52910.3      19.9510    0.0280000      52910.3      19.9390    0.0950000
       52931.239      20.5660    0.0700000      52931.2      20.2810    0.0230000      52931.2      19.9670    0.0240000      52931.2      20.0560    0.0340000      52931.2      20.0560     0.117000
       52935.236      20.5250    0.0670000      52935.2      20.2540    0.0210000      52935.2      19.9770    0.0230000      52935.2      20.0490    0.0320000      52935.2      19.9340     0.113000
       52959.179      20.8230    0.0710000      52959.2      20.3720    0.0210000      52959.2      20.0740    0.0210000      52959.2      20.1730    0.0300000      52959.2      20.0870    0.0990000
       52963.159      20.7180    0.0590000      52963.2      20.3560    0.0190000      52963.2      20.0320    0.0190000      52963.2      20.1520    0.0270000      52963.2      20.0890    0.0920000
       53352.130      20.4010    0.0510000      53352.1      20.1200    0.0170000      53352.1      19.8470    0.0180000      53352.1      19.9330    0.0260000      53352.1      19.7160    0.0730000
       53622.338      20.6720    0.0900000      53622.3      20.2430    0.0260000      53622.3      19.9750    0.0250000      53622.3      20.0050    0.0390000      53622.3      19.9170     0.154000
       53634.287      20.4870     0.164000      53634.3      20.1770    0.0520000      53634.3      19.9720    0.0440000      53634.3      20.0860    0.0460000      53634.3      19.7610    0.0990000
       53638.329      20.4220    0.0670000      53638.3      20.1790    0.0230000      53638.3      19.9570    0.0210000      53638.3      20.0350    0.0290000      53638.3      19.8900    0.0870000
       53640.293      20.3800    0.0870000      53640.3      20.2020    0.0230000      53640.3      19.9710    0.0250000      53640.3      19.9180    0.0340000      53640.3      19.7740     0.144000
       53655.265      20.5320     0.114000      53655.3      20.1520    0.0410000      53655.3      19.9690    0.0340000      53655.3      19.9730    0.0400000      53655.3      19.9770     0.157000
       53664.290      20.3220     0.117000      53664.3      20.2110    0.0370000      53664.3      19.9200    0.0320000      53664.3      19.9590    0.0410000      53664.3      20.0530     0.164000
       53669.249      20.2870    0.0520000      53669.2      20.1400    0.0180000      53669.2      19.8920    0.0210000      53669.2      19.9920    0.0300000      53669.2      19.9050    0.0940000
       53671.334      20.5150    0.0960000      53671.3      20.1540    0.0240000      53671.3      19.8990    0.0260000      53671.3      19.9890    0.0350000      53671.3      19.7150     0.102000
       53674.233      20.4360    0.0650000      53674.2      20.1750    0.0190000      53674.2      19.9190    0.0210000      53674.2      20.0790    0.0300000      53674.2      19.9720    0.0980000
       53676.323      20.6700    0.0830000      53676.3      20.2250    0.0200000      53676.3      19.9360    0.0210000      53676.3      20.0000    0.0270000      53676.3      19.9740    0.0940000
       53679.295      20.4030    0.0770000      53679.3      20.2080    0.0250000      53679.3      19.8990    0.0290000      53679.3      20.1220    0.0470000      53679.3      19.8930     0.141000
       53681.286      20.5800    0.0970000      53681.3      20.1570    0.0250000      53681.3      19.9550    0.0260000      53681.3      20.0120    0.0370000      53681.3      19.9810     0.135000
       53685.245      20.8890     0.294000      53685.2      20.2320    0.0810000      53685.2      19.9000    0.0480000      53685.2      20.0840    0.0630000      53685.2      19.9100     0.143000
       53694.259     -99.9900     0.763000      53694.3      20.1960    0.0710000      53694.3      19.8970    0.0560000      53694.3      20.0280    0.0710000      53694.3      19.7780     0.169000
       53697.243      20.3870    0.0690000      53697.2      20.1770    0.0220000      53697.2      19.8830    0.0220000      53697.2      20.0020    0.0290000      53697.2      19.9130    0.0970000
       53700.242      20.5110    0.0930000      53700.2      20.1870    0.0250000      53700.2      19.9460    0.0260000      53700.2      19.9630    0.0390000      53700.2      19.9160     0.136000
       53705.229      20.3450    0.0650000      53705.2      20.1340    0.0200000      53705.2      19.9260    0.0210000      53705.2      19.9790    0.0280000      53705.2      19.7970    0.0820000
       53975.314      20.9710    0.0970000      53975.3      20.4980    0.0250000      53975.3     -99.9900    0.0360000      53975.3      20.2260    0.0330000      53975.3      20.2930     0.118000
       53994.337      20.7530    0.0660000      53994.3      20.4400    0.0290000      53994.3      20.1530    0.0240000      53994.3      20.2670    0.0360000      53994.3      20.1040     0.101000
       53996.321      20.6930    0.0700000      53996.3      20.4270    0.0250000      53996.3      20.1640    0.0290000      53996.3      20.2260    0.0400000      53996.3      20.1420     0.125000
       53998.289      20.6140    0.0570000      53998.3      20.4000    0.0230000      53998.3      20.1480    0.0240000      53998.3      20.2210    0.0290000      53998.3      19.9750    0.0840000
       54005.320      20.7440    0.0620000      54005.3      20.3920    0.0240000      54005.3      20.1770    0.0200000      54005.3      20.2260    0.0280000      54005.3      19.9430    0.0710000
       54010.275      20.5820    0.0660000      54010.3      20.3840    0.0330000      54010.3      20.0570    0.0270000      54010.3      20.2160    0.0310000      54010.3      20.2030    0.0900000
       54012.268      20.5810     0.138000      54012.3      20.3310    0.0500000      54012.3      20.1570    0.0360000      54012.3      20.1970    0.0420000      54012.3      20.1290     0.104000
       54020.274      20.6010     0.107000      54020.3      20.3090    0.0350000      54020.3      20.0670    0.0330000      54020.3      20.1760    0.0440000      54020.3      20.0300     0.131000
       54024.355      20.7500     0.100000      54024.4      20.3750    0.0350000      54024.4      20.0140    0.0350000      54024.4      20.2280    0.0510000      54024.4      19.9700     0.131000
       54030.267      20.5990    0.0580000      54030.3      20.3920    0.0250000      54030.3      20.0700    0.0240000      54030.3      20.1810    0.0310000      54030.3      20.0810    0.0840000
       54035.343      20.8170     0.153000      54035.3      20.3390    0.0430000      54035.3      20.0450    0.0420000      54035.3      20.0950    0.0610000      54035.3     -99.9900     0.173000
       54037.249      20.6580    0.0710000      54037.2      20.2900    0.0240000      54037.2      20.0300    0.0270000      54037.2      20.0940    0.0330000      54037.2      20.0860     0.114000
       54040.263      20.2880     0.132000      54040.3      20.2810    0.0490000      54040.3      20.0600    0.0380000      54040.3      20.1810    0.0450000      54040.3      19.9940     0.118000
       54047.294      20.0200     0.247000      54047.3      20.3540     0.107000      54047.3      19.9710    0.0730000      54047.3     -99.9900    0.0760000      54047.3     -99.9900     0.425000
       54049.289      20.5690     0.261000      54049.3      20.3710    0.0670000      54049.3      19.9390    0.0600000      54049.3      20.1930    0.0670000      54049.3      19.7330     0.154000
       54053.254      20.5230    0.0630000      54053.3      20.3180    0.0260000      54053.3      20.0290    0.0250000      54053.3      20.0860    0.0330000      54053.3      19.7300    0.0800000
       54056.255      20.5140    0.0880000      54056.3     -99.9900     0.121000      54056.3      19.9990    0.0310000      54056.3      20.1440    0.0470000      54056.3      19.6680     0.121000
       54059.250     -99.9900     0.111000      54059.2      20.2690    0.0720000      54059.2      19.9920    0.0350000      54059.2     -99.9900    0.0560000      54059.2      19.7840     0.135000
       54062.255      20.5290    0.0920000      54062.3      20.2430    0.0410000      54062.3      20.0050    0.0340000      54062.3      20.0690    0.0480000      54062.3      20.1880     0.189000
       54068.235      20.6260     0.244000      54068.2      20.1870    0.0510000      54068.2      19.9530    0.0500000      54068.2      20.1330    0.0590000      54068.2      19.8910     0.127000
       54357.293      20.7130    0.0700000      54357.3      20.3670    0.0250000      54357.3      20.1250    0.0230000      54357.3      20.1570    0.0350000      54357.3      20.1840    0.0910000
       54362.343      20.7170    0.0750000      54362.3      20.3930    0.0240000      54362.3      20.0710    0.0260000      54362.3      20.2220    0.0360000      54362.3      20.0530     0.113000
       54382.323      20.9920     0.116000      54382.3      20.4070    0.0390000      54382.3      20.0960    0.0320000      54382.3      20.1850    0.0510000      54382.3      19.8650     0.140000
       54385.341      20.6100    0.0650000      54385.3      20.3820    0.0230000      54385.3      20.0980    0.0240000      54385.3      20.1730    0.0290000      54385.3      20.0040    0.0820000
       54387.341      20.4800    0.0790000      54387.3      20.3560    0.0280000      54387.3      20.1990    0.0290000      54387.3      20.1510    0.0380000      54387.3      20.0080     0.129000
       54392.336      20.7910     0.108000      54392.3      20.4760    0.0460000      54392.3      20.1740    0.0340000      54392.3      20.0760    0.0390000      54392.3      20.0370     0.145000
       54402.334      21.0680     0.346000      54402.3      20.3440    0.0660000      54402.3      20.0620    0.0430000      54402.3      20.1510    0.0480000      54402.3      20.0170     0.141000
       52522.000       20.567000     0.073000000       52522.000       20.210000     0.032000000       52522.000       19.902000     0.027000000       52522.000       20.009000     0.040000000       52522.000       19.742000      0.10400000
       51075       20.528000     0.058000000       51075       20.257000     0.029000000       51075       20.051000     0.024000000       51075       20.112000     0.038000000       51075       19.924000      0.13000000
       51081       20.535000     0.072000000       51081       20.241000     0.045000000       51081       20.042000     0.028000000       51081       20.131000     0.037000000       51081       20.007000      0.14200000
       51819       20.675000     0.071000000       51819       20.273000     0.028000000       51819       20.090000     0.028000000       51819       20.113000     0.034000000       51819       19.829000     0.098000000
       52522       20.591000     0.065000000       52522       20.134000     0.058000000       52522       19.894000     0.028000000       52522       20.022000     0.036000000       52522       19.708000      0.10300000
       52552       20.607000     0.063000000       52552       20.288000     0.028000000       52552       20.043000     0.035000000       52552       20.067000     0.042000000       52552       20.022000      0.11100000
       52558       20.710000     0.064000000       52558       20.311000     0.025000000       52558       20.037000     0.029000000       52558       20.100000     0.033000000       52558       19.830000     0.080000000
       52577       20.637000     0.060000000       52577       20.317000     0.028000000       52577       20.036000     0.026000000       52577       20.151000     0.035000000       52577       20.022000      0.11800000
       52586       20.532000     0.059000000       52586       20.303000     0.023000000       52586       20.019000     0.028000000       52586       20.072000     0.037000000       52586       19.974000      0.12600000
       52910       20.390000     0.070000000       52910       20.210000     0.032000000       52910       19.981000     0.026000000       52910       19.944000     0.030000000       52910       19.913000     0.088000000
       52931       20.597000     0.064000000       52931       20.283000     0.032000000       52931       20.010000     0.030000000       52931       20.055000     0.035000000       52931       20.010000      0.11000000
       52935       20.525000     0.060000000       52935       20.266000     0.022000000       52935       20.020000     0.031000000       52935       20.075000     0.038000000       52935       19.978000      0.11200000
       52959       20.821000     0.060000000       52959       20.378000     0.025000000       52959       20.078000     0.025000000       52959       20.209000     0.032000000       52959       20.069000     0.094000000
       53352       20.419000     0.044000000       53352       20.140000     0.026000000       53352       19.876000     0.020000000       53352       19.956000     0.033000000       53352       19.726000     0.070000000
