       51075.321      20.0310    0.0440000      51075.3      19.8230    0.0170000      51075.3      19.8810    0.0210000      51075.3      19.7660    0.0280000      51075.3      19.6440    0.0950000
       52196.321      19.8800    0.0470000      52196.3      19.7430    0.0160000      52196.3      19.7360    0.0190000      52196.3      19.7300    0.0230000      52196.3      19.4220    0.0650000
       52196.340      19.9200    0.0540000      52196.3      19.7350    0.0150000      52196.3      19.7400    0.0190000      52196.3      19.7130    0.0260000      52196.3      19.4220    0.0720000
       52197.334      19.8860    0.0450000      52197.3     -99.9900    0.0150000      52197.3      19.7180    0.0190000      52197.3      19.7150    0.0220000      52197.3      19.3860    0.0610000
       52225.185      19.8700    0.0430000      52225.2      19.7350    0.0150000      52225.2      19.7650    0.0190000      52225.2      19.6860    0.0230000      52225.2      19.4960    0.0680000
       52231.220      19.8980    0.0440000      52231.2      19.7400    0.0150000      52231.2      19.7340    0.0170000      52231.2      19.7150    0.0200000      52231.2      19.7740    0.0770000
       52253.207      19.9220    0.0540000      52253.2      19.8050    0.0170000      52253.2      19.7920    0.0230000      52253.2      19.8270    0.0260000      52253.2      19.5460    0.0700000
       52557.328      20.0580    0.0590000      52557.3      19.8710    0.0190000      52557.3      19.8290    0.0230000      52557.3      19.8240    0.0290000      52557.3      19.5410    0.0860000
       52578.224      20.0370    0.0490000      52578.2      19.8870    0.0160000      52578.2      19.8480    0.0200000      52578.2      19.8050    0.0250000      52578.2      19.6570    0.0780000
       52908.303      20.3100    0.0640000      52908.3      20.1620    0.0200000      52908.3      20.1380    0.0260000      52908.3      20.0390    0.0300000      52908.3      19.6610    0.0810000
       52911.317      20.3010    0.0830000      52911.3      20.1850    0.0260000      52911.3     -99.9900    0.0550000      52911.3     -99.9900    0.0510000      52911.3      19.6930     0.112000
       52934.235      20.3450    0.0780000      52934.2      20.1340    0.0230000      52934.2      20.1270    0.0350000      52934.2      19.9710    0.0410000      52934.2      19.7810     0.125000
       52936.231      20.2010    0.0580000      52936.2     -99.9900    0.0200000      52936.2      20.0680    0.0250000      52936.2      19.9970    0.0280000      52936.2      19.6330    0.0770000
       52962.156      20.3100    0.0570000      52962.2      20.0350    0.0200000      52962.2      20.0100    0.0240000      52962.2      19.9670    0.0300000      52962.2      19.6720    0.0760000
       53270.295      19.9920    0.0420000      53270.3      19.8260    0.0230000      53270.3      19.8480    0.0210000      53270.3      19.7730    0.0260000      53270.3      19.4290    0.0510000
       53272.345      19.9800    0.0540000      53272.3      19.7980    0.0190000      53272.3      19.7840    0.0210000      53272.3      19.8140    0.0250000      53272.3      19.5220    0.0670000
       53286.313      19.9960    0.0660000      53286.3      19.8270    0.0200000      53286.3      19.8390    0.0250000      53286.3      19.7970    0.0280000      53286.3      19.6300    0.0910000
       53288.272      19.9670    0.0580000      53288.3      19.8500    0.0180000      53288.3      19.8750    0.0260000      53288.3     -99.9900    0.0260000      53288.3      19.5030    0.0760000
       53294.320      19.9140    0.0530000      53294.3      19.8480    0.0190000      53294.3      19.8200    0.0220000      53294.3      19.8510    0.0280000      53294.3      19.6600    0.0860000
       53298.316      20.0240    0.0530000      53298.3      19.8610    0.0180000      53298.3      19.8350    0.0230000      53298.3      19.8070    0.0260000      53298.3      19.5550    0.0720000
       53302.268      19.9170    0.0760000      53302.3      19.8780    0.0330000      53302.3      19.7710    0.0300000      53302.3      19.7990    0.0300000      53302.3      19.4910    0.0670000
       53312.223      20.0130    0.0590000      53312.2      19.8890    0.0280000      53312.2      19.8720    0.0240000      53312.2      19.8540    0.0300000      53312.2      19.5780    0.0830000
       53314.224      20.0230    0.0530000      53314.2      19.8830    0.0170000      53314.2      19.8730    0.0240000      53314.2      19.8490    0.0290000      53314.2      19.6370    0.0810000
       53616.329      20.0640    0.0820000      53616.3     -99.9900    0.0220000      53616.3      19.7580    0.0240000      53616.3      19.7470    0.0330000      53616.3      19.5020     0.113000
       53623.319     -99.9900      1.23500      53623.3     -99.9900     0.698000      53623.3     -99.9900     0.140000      53623.3     -99.9900     0.506000      53623.3     -99.9900     0.884000
       53626.305      19.9480    0.0530000      53626.3      19.8250    0.0180000      53626.3      19.7650    0.0220000      53626.3      19.7890    0.0260000      53626.3      19.5680    0.0690000
       53628.290      20.0500     0.108000      53628.3      19.7780    0.0350000      53628.3      19.7720    0.0310000      53628.3      19.7600    0.0320000      53628.3      19.6290    0.0900000
       53637.292      20.0490    0.0890000      53637.3      19.8370    0.0280000      53637.3      19.8080    0.0290000      53637.3      19.8000    0.0340000      53637.3      19.4710    0.0970000
       53639.337      19.9710    0.0510000      53639.3      19.8310    0.0170000      53639.3      19.8010    0.0190000      53639.3      19.7530    0.0200000      53639.3      19.6240    0.0580000
       53654.319      19.9130    0.0540000      53654.3      19.8520    0.0170000      53654.3      19.7840    0.0200000      53654.3      19.7380    0.0240000      53654.3      19.4290    0.0700000
       53663.280      20.1300    0.0940000      53663.3      19.9000    0.0300000      53663.3      19.8430    0.0260000      53663.3      19.7880    0.0260000      53663.3      19.4430    0.0590000
       53665.258     -99.9900     0.149000      53665.3     -99.9900    0.0720000      53665.3     -99.9900     0.104000      53665.3      19.8040     0.189000      53665.3      19.4750     0.127000
       53666.350      20.0100    0.0950000      53666.4      19.8800    0.0270000      53666.3      19.8180    0.0270000      53666.3      19.8010    0.0270000      53666.4      19.5180    0.0740000
       53668.269      20.0350    0.0770000      53668.3     -99.9900    0.0220000      53668.3      19.8250    0.0290000      53668.3      19.8320    0.0380000      53668.3      19.7170     0.142000
       53670.274      20.0980    0.0560000      53670.3      19.8790    0.0170000      53670.3      19.8130    0.0200000      53670.3      19.8190    0.0240000      53670.3      19.6510    0.0810000
       53673.242      20.1600    0.0550000      53673.2      19.8660    0.0180000      53673.2      19.8480    0.0200000      53673.2      19.8130    0.0240000      53673.2      19.5730    0.0700000
       53675.239      20.0810    0.0590000      53675.2      19.8220    0.0180000      53675.2      19.7860    0.0220000      53675.2      19.8360    0.0280000      53675.2      19.5920    0.0880000
       53677.260      19.9680    0.0520000      53677.3      19.8740    0.0160000      53677.3      19.8010    0.0190000      53677.3      19.8160    0.0240000      53677.3      19.6400    0.0680000
       53680.247      20.0610    0.0530000      53680.2      19.9250    0.0180000      53680.2      19.7600    0.0200000      53680.2      19.7980    0.0240000      53680.2      19.6210    0.0670000
       53693.249      20.1250     0.107000      53693.2      19.8920    0.0350000      53693.2      19.7860    0.0280000      53693.2      19.8030    0.0280000      53693.2     -99.9900    0.0920000
       53698.246      20.0200    0.0580000      53698.2      19.8870    0.0180000      53698.2      19.8850    0.0230000      53698.2      19.8190    0.0270000      53698.2      19.5300    0.0720000
       53704.232      20.0000    0.0630000      53704.2      19.8650    0.0180000      53704.2      19.8610    0.0250000      53704.2      19.7220    0.0280000      53704.2      19.5290    0.0850000
       53974.325      19.8660    0.0410000      53974.3      19.7790    0.0170000      53974.3      19.7600    0.0190000      53974.3      19.7680    0.0220000      53974.3      19.4620    0.0490000
       53977.373      19.9560    0.0420000      53977.4      19.7970    0.0160000      53977.4      19.8360    0.0200000      53977.4      19.8120    0.0270000      53977.4      19.4810    0.0550000
       53989.328      19.9200    0.0840000      53989.3      19.8360    0.0370000      53989.3      19.8570    0.0360000      53989.3      19.7760    0.0300000      53989.3      19.5950    0.0640000
       53997.424      20.1020    0.0550000      53997.4      19.8520    0.0270000      53997.4      19.8260    0.0260000      53997.4      19.8060    0.0230000      53997.4      19.6660    0.0660000
       54000.303      20.0360    0.0520000      54000.3      19.8620    0.0200000      54000.3     -99.9900    0.0750000      54000.3      19.7450    0.0280000      54000.3      19.6280    0.0910000
       54006.250     -99.9900    0.0690000      54006.2     -99.9900    0.0430000      54006.2      19.9270    0.0230000      54006.2      19.7990    0.0290000      54006.2     -99.9900     0.152000
       54007.353      20.0360    0.0510000      54007.4      19.8640    0.0190000      54007.4      19.8200    0.0210000      54007.4      19.8420    0.0280000      54007.4      19.6570    0.0740000
       54009.277      20.1150    0.0620000      54009.3      19.8840    0.0310000      54009.3      19.8570    0.0220000      54009.3      19.7970    0.0300000      54009.3      19.6220    0.0740000
       54011.342      19.9380    0.0550000      54011.3      19.9050    0.0320000      54011.3      19.8540    0.0270000      54011.3      19.8170    0.0260000      54011.3      19.5560    0.0660000
       54025.341      20.0490    0.0640000      54025.3      19.8490    0.0250000      54025.3      19.8720    0.0230000      54025.3      19.8000    0.0260000      54025.3      19.6740    0.0830000
       54029.271     -99.9900    0.0610000      54029.3      19.8440    0.0310000      54029.3      19.8430    0.0290000      54029.3      19.8250    0.0380000      54029.3      19.5680     0.121000
       54348.338      20.1110    0.0550000      54348.3      19.8940    0.0250000      54348.3      19.8810    0.0210000      54348.3      19.8600    0.0270000      54348.3      19.7800    0.0770000
       54358.294      20.0200    0.0680000      54358.3      19.8930    0.0290000      54358.3      19.9120    0.0300000      54358.3      19.8780    0.0320000      54358.3      19.7570     0.104000
       54359.288      19.9260    0.0730000      54359.3     -99.9900    0.0240000      54359.3     -99.9900    0.0530000      54359.3      19.7350    0.0450000      54359.3      19.7770     0.164000
       54365.327      20.0410    0.0470000      54365.3      19.8750    0.0240000      54365.3      19.9010    0.0250000      54365.3      19.8130    0.0240000      54365.3      19.6460    0.0610000
       54381.347      20.0330    0.0560000      54381.3      19.8690    0.0200000      54381.3      19.9040    0.0230000      54381.3      19.8250    0.0350000      54381.3      19.5610    0.0710000
       54384.354      20.0930    0.0630000      54384.4      19.8710    0.0190000      54384.4      19.9030    0.0250000      54384.4      19.8540    0.0350000      54384.4      19.5780    0.0730000
       54386.339      20.1600    0.0870000      54386.3      19.8530    0.0280000      54386.3      19.8680    0.0340000      54386.3      19.9250    0.0380000      54386.3      19.5120    0.0860000
       54388.343      20.0640    0.0550000      54388.3      19.8980    0.0190000      54388.3      19.8980    0.0230000      54388.3      19.9160    0.0240000      54388.3      19.7520    0.0800000
       54403.257      19.9690    0.0920000      54403.3      19.8780    0.0330000      54403.3      19.8760    0.0380000      54403.3      19.8140    0.0390000      54403.3      19.4320    0.0920000
       54404.315      20.1340    0.0850000      54404.3      19.8640    0.0350000      54404.3      19.8870    0.0230000      54404.3      19.8620    0.0250000      54404.3      19.5760    0.0770000
       54405.313      19.9700    0.0630000      54405.3     -99.9900    0.0320000      54405.3      19.9060    0.0260000      54405.3      19.8810    0.0280000      54405.3      19.5860    0.0730000
       54406.251      20.0620    0.0490000      54406.3     -99.9900    0.0230000      54406.2      19.8660    0.0270000      54406.2      19.9100    0.0260000      54406.2      19.6090    0.0670000
       54412.254      19.9880    0.0510000      54412.3      19.9360    0.0230000      54412.3      19.9020    0.0230000      54412.3      19.8580    0.0270000      54412.3      19.6900    0.0780000
       52197.000       19.846000     0.044000000       52197.000       19.748000     0.031000000       52197.000       19.733000     0.041000000       52197.000       19.693000     0.024000000       52197.000       19.350000     0.060000000
       51075       19.964000     0.040000000       51075       19.835000     0.032000000       51075       19.867000     0.024000000       51075       19.791000     0.030000000       51075       19.645000     0.095000000
       52196       19.864000     0.042000000       52196       19.754000     0.027000000       52196       19.721000     0.023000000       52196       19.712000     0.027000000       52196       19.391000     0.063000000
       52196       19.871000     0.044000000       52196       19.714000     0.026000000       52196       19.748000     0.021000000       52196       19.687000     0.034000000       52196       19.416000     0.070000000
       52197       19.845000     0.039000000       52197       19.727000     0.019000000       52197       19.708000     0.047000000       52197       19.694000     0.025000000       52197       19.357000     0.061000000
       52225       19.869000     0.049000000       52225       19.760000     0.024000000       52225       19.781000     0.023000000       52225       19.690000     0.032000000       52225       19.445000     0.065000000
       52253       19.831000     0.046000000       52253       19.765000     0.040000000       52253       19.768000     0.031000000       52253       19.799000     0.031000000       52253       19.507000     0.068000000
       52557       20.049000     0.052000000       52557       19.886000     0.020000000       52557       19.872000     0.026000000       52557       19.850000     0.035000000       52557       19.579000     0.082000000
       52578       19.998000     0.041000000       52578       19.873000     0.022000000       52578       19.828000     0.024000000       52578       19.773000     0.030000000       52578       19.623000     0.076000000
       52908       20.308000     0.057000000       52908       20.152000     0.030000000       52908       20.131000     0.025000000       52908       20.032000     0.035000000       52908       19.629000     0.078000000
       52911       20.210000     0.067000000       52911       20.139000     0.035000000       52911       20.281000     0.087000000       52911       20.116000     0.074000000       52911       19.613000      0.11200000
       52934       20.303000     0.066000000       52934       20.100000     0.038000000       52934       20.087000     0.037000000       52934       19.951000     0.047000000       52934       19.696000      0.11700000
       52936       20.154000     0.050000000       52936       20.121000     0.030000000       52936       20.078000     0.024000000       52936       19.987000     0.032000000       52936       19.623000     0.076000000
       52962       20.250000     0.047000000       52962       20.040000     0.022000000       52962       19.946000     0.028000000       52962       19.954000     0.034000000       52962       19.630000     0.075000000
       53270       19.947000     0.040000000       53270       19.836000     0.023000000       53270       19.848000     0.024000000       53270       19.768000     0.025000000       53270       19.407000     0.055000000
       53272       19.950000     0.044000000       53272       19.819000     0.025000000       53272       19.780000     0.024000000       53272       19.812000     0.028000000       53272       19.480000     0.063000000
       53286       19.961000     0.056000000       53286       19.813000     0.023000000       53286       19.839000     0.026000000       53286       19.817000     0.033000000       53286       19.656000     0.091000000
       53288       19.966000     0.052000000       53288       19.849000     0.024000000       53288       19.846000     0.039000000       53288       19.729000     0.036000000       53288       19.485000     0.076000000
       53294       19.886000     0.049000000       53294       19.865000     0.025000000       53294       19.814000     0.025000000       53294       19.835000     0.032000000       53294       19.631000     0.085000000
       53298       19.968000     0.046000000       53298       19.876000     0.020000000       53298       19.821000     0.030000000       53298       19.800000     0.029000000       53298       19.561000     0.071000000
       53312       19.998000     0.056000000       53312       19.890000     0.033000000       53312       19.853000     0.024000000       53312       19.862000     0.034000000       53312       19.543000     0.091000000
       53314       19.949000     0.044000000       53314       19.882000     0.047000000       53314       19.846000     0.029000000       53314       19.826000     0.033000000       53314       19.581000     0.079000000
