       51081.303      19.9870    0.0510000      51081.3      19.5000    0.0150000      51081.3      19.5690    0.0210000      51081.3      19.3870    0.0230000      51081.3      19.2560    0.0880000
       51819.374      19.7990    0.0460000      51819.4      19.3520    0.0130000      51819.4      19.4160    0.0170000      51819.4      19.2880    0.0200000      51819.4      19.1450    0.0690000
       52558.340      19.8300    0.0410000      52558.3      19.4220    0.0120000      52558.3      19.4660    0.0150000      52558.3      19.3380    0.0170000      52558.3      19.3270    0.0700000
       52577.227      19.8590    0.0450000      52577.2      19.4070    0.0120000      52577.2      19.4660    0.0160000      52577.2      19.3220    0.0190000      52577.2      19.3390    0.0810000
       52586.231      19.7800    0.0390000      52586.2      19.4170    0.0120000      52586.2      19.4530    0.0170000      52586.2      19.2740    0.0210000      52586.2      19.4210    0.0940000
       52910.311      20.0150    0.0470000      52910.3      19.4730    0.0130000      52910.3      19.5150    0.0160000      52910.3      19.3810    0.0190000      52910.3      19.5220    0.0950000
       52931.241      19.8790    0.0460000      52931.2      19.5170    0.0140000      52931.2      19.5650    0.0180000      52931.2      19.4060    0.0220000      52931.2      19.2770    0.0780000
       52935.238      19.9520    0.0460000      52935.2      19.5400    0.0130000      52935.2      19.5590    0.0170000      52935.2      19.4330    0.0210000      52935.2      19.3950    0.0790000
       52959.182      19.7000    0.0350000      52959.2      19.3630    0.0110000      52959.2      19.4370    0.0150000      52959.2      19.3240    0.0170000      52959.2      19.3180    0.0610000
       52963.161      19.7320    0.0340000      52963.2      19.3940    0.0110000      52963.2      19.4730    0.0140000      52963.2      19.3690    0.0170000      52963.2      19.3970    0.0590000
       53352.133      19.2850    0.0270000      53352.1      18.9990   0.00900000      53352.1      19.0560    0.0120000      53352.1      19.0330    0.0140000      53352.1      19.1350    0.0510000
       53622.341      19.6760    0.0480000      53622.3      19.3180    0.0130000      53622.3      19.3260    0.0170000      53622.3      19.2330    0.0220000      53622.3      19.2630    0.0830000
       53634.290     -99.9900    0.0760000      53634.3      19.3270    0.0270000      53634.3      19.3420    0.0240000      53634.3      19.2720    0.0240000      53634.3      19.2010    0.0850000
       53638.332      19.6740    0.0430000      53638.3      19.2920    0.0120000      53638.3      19.3630    0.0150000      53638.3      19.2970    0.0180000      53638.3      19.3270    0.0670000
       53640.296      19.6110    0.0530000      53640.3     -99.9900    0.0900000      53640.3      19.2840    0.0180000      53640.3      19.1570    0.0180000      53640.3     -99.9900     0.493000
       53655.268      19.6630    0.0760000      53655.3      19.3000    0.0200000      53655.3      19.3140    0.0220000      53655.3      19.1690    0.0280000      53655.3      19.1480     0.119000
       53664.293     -99.9900    0.0680000      53664.3      19.3300    0.0200000      53664.3      19.3870    0.0200000      53664.3      19.2760    0.0210000      53664.3      19.4000    0.0830000
       53669.252      19.7060    0.0410000      53669.3      19.2820    0.0110000      53669.2      19.3460    0.0140000      53669.2      19.2620    0.0180000      53669.3      19.2330    0.0670000
       53671.337      19.5800    0.0540000      53671.3      19.2820    0.0140000      53671.3      19.3310    0.0160000      53671.3      19.2420    0.0200000      53671.3      19.2130    0.0800000
       53674.236      19.6650    0.0400000      53674.2      19.2540    0.0110000      53674.2      19.3380    0.0150000      53674.2      19.2110    0.0170000      53674.2      19.3320    0.0730000
       53676.326      19.6580    0.0440000      53676.3      19.2760    0.0120000      53676.3      19.3060    0.0150000      53676.3      19.2270    0.0170000      53676.3      19.3390    0.0650000
       53679.298      19.6530    0.0490000      53679.3      19.3070    0.0120000      53679.3      19.3570    0.0190000      53679.3      19.2080    0.0230000      53679.3      19.4060     0.103000
       53681.289      19.7030    0.0490000      53681.3      19.3170    0.0130000      53681.3      19.3670    0.0190000      53681.3      19.2820    0.0220000      53681.3      19.3020    0.0780000
       53685.248      19.8110     0.118000      53685.2      19.2990    0.0360000      53685.2      19.3900    0.0340000      53685.2      19.2400    0.0320000      53685.2      19.4630     0.121000
       53694.262      19.7270     0.147000      53694.3      19.3250    0.0370000      53694.3      19.2970    0.0310000      53694.3      19.2270    0.0340000      53694.3      19.1520     0.119000
       53697.246      19.6740    0.0440000      53697.2      19.3290    0.0130000      53697.2      19.3870    0.0160000      53697.2      19.3220    0.0180000      53697.2      19.3110    0.0670000
       53700.245      19.7360    0.0520000      53700.2      19.2860    0.0140000      53700.2      19.3440    0.0170000      53700.2      19.2040    0.0220000      53700.2      19.2130    0.0900000
       53705.232      19.6490    0.0430000      53705.2      19.2720    0.0120000      53705.2      19.3030    0.0150000      53705.2      19.2280    0.0170000      53705.2      19.1870    0.0640000
       53975.317      20.1950    0.0530000      53975.3      19.7070    0.0230000      53975.3      19.7420    0.0180000      53975.3      19.5810    0.0240000      53975.3      19.5550    0.0830000
       53990.330      20.2100    0.0910000      53990.3      19.6440    0.0260000      53990.3      19.6560    0.0250000      53990.3      19.5210    0.0270000      53990.3      19.4660    0.0870000
       53994.340      19.9700    0.0410000      53994.3      19.6070    0.0180000      53994.3      19.7040    0.0150000      53994.3      19.5750    0.0210000      53994.3      19.4890    0.0690000
       53996.324      20.0200    0.0450000      53996.3      19.5970    0.0180000      53996.3      19.6660    0.0210000      53996.3      19.4620    0.0270000      53996.3      19.5220    0.0870000
       53998.292      20.0070    0.0430000      53998.3      19.5650    0.0200000      53998.3      19.6880    0.0190000      53998.3      19.5690    0.0230000      53998.3      19.4990    0.0700000
       54005.322      20.0550    0.0400000      54005.3      19.5990    0.0160000      54005.3      19.6720    0.0190000      54005.3      19.5580    0.0180000      54005.3      19.5530    0.0590000
       54010.278      20.0070    0.0460000      54010.3      19.5870    0.0250000      54010.3      19.6680    0.0240000      54010.3      19.5140    0.0220000      54010.3      19.2860    0.0500000
       54012.270      19.9730    0.0740000      54012.3      19.5810    0.0250000      54012.3      19.6670    0.0250000      54012.3      19.5570    0.0270000      54012.3      19.7090    0.0840000
       54020.276      20.1000    0.0680000      54020.3      19.5850    0.0260000      54020.3      19.6040    0.0220000      54020.3      19.4930    0.0250000      54020.3      19.3630    0.0780000
       54024.358      20.0120    0.0630000      54024.4      19.5130    0.0230000      54024.4      19.6180    0.0210000      54024.4      19.4470    0.0240000      54024.4      19.3960     0.110000
       54030.270      19.9910    0.0400000      54030.3      19.5670    0.0200000      54030.3      19.6480    0.0160000      54030.3      19.5590    0.0210000      54030.3      19.6920    0.0680000
       54035.346      19.9250    0.0710000      54035.3      19.5390    0.0180000      54035.3      19.5420    0.0290000      54035.3      19.4250    0.0280000      54035.3      19.4080    0.0970000
       54037.251      19.9380    0.0410000      54037.3      19.5590    0.0230000      54037.2      19.5960    0.0220000      54037.2      19.4780    0.0210000      54037.3      19.5340    0.0690000
       54040.266      20.0110    0.0810000      54040.3      19.5580    0.0270000      54040.3      19.5990    0.0300000      54040.3      19.4720    0.0280000      54040.3      19.4950    0.0900000
       54047.296     -99.9900     0.147000      54047.3      19.4490    0.0690000      54047.3     -99.9900    0.0540000      54047.3     -99.9900    0.0710000      54047.3      19.5240     0.184000
       54049.292     -99.9900     0.133000      54049.3      19.5130    0.0330000      54049.3      19.5250    0.0340000      54049.3      19.3700    0.0380000      54049.3      19.3910     0.152000
       54053.257      20.0370    0.0470000      54053.3      19.6050    0.0230000      54053.3      19.5910    0.0250000      54053.3      19.4830    0.0210000      54053.3      19.4360    0.0700000
       54056.258      20.0930    0.0830000      54056.3      19.5500    0.0320000      54056.3      19.4940    0.0290000      54056.3      19.3840    0.0400000      54056.3     -99.9900     0.104000
       54059.252     -99.9900    0.0660000      54059.3      19.5720    0.0280000      54059.2      19.5570    0.0330000      54059.2      19.3880    0.0430000      54059.3      19.4080    0.0970000
       54062.257      19.9100    0.0590000      54062.3      19.5490    0.0240000      54062.3      19.5420    0.0340000      54062.3      19.4130    0.0330000      54062.3      19.6140     0.125000
       54068.238      20.0110     0.100000      54068.2     -99.9900    0.0670000      54068.2      19.6100    0.0340000      54068.2      19.4010    0.0290000      54068.2      19.4640    0.0990000
       54357.296      19.8360    0.0410000      54357.3      19.3840    0.0190000      54357.3      19.4670    0.0190000      54357.3      19.4000    0.0180000      54357.3      19.3530    0.0590000
       54362.346      19.7730    0.0400000      54362.3      19.3750    0.0170000      54362.3      19.4370    0.0190000      54362.3      19.3610    0.0210000      54362.3      19.3540    0.0710000
       54382.326      19.9100    0.0730000      54382.3      19.3940    0.0270000      54382.3      19.4260    0.0230000      54382.3      19.2870    0.0310000      54382.3      19.1850     0.102000
       54385.344      19.7740    0.0410000      54385.3      19.4660    0.0170000      54385.3      19.4750    0.0160000      54385.3      19.3940    0.0220000      54385.3      19.4790    0.0630000
       54387.344      19.8690    0.0590000      54387.3      19.4270    0.0210000      54387.3      19.3930    0.0200000      54387.3      19.2950    0.0230000      54387.3      19.4330    0.0900000
       54402.337      19.7360     0.104000      54402.3      19.3840    0.0300000      54402.3      19.4110    0.0270000      54402.3      19.3460    0.0290000      54402.3      19.2140    0.0750000
       52522.000       19.698000     0.047000000       52522.000       19.381000     0.022000000       52522.000       19.454000     0.023000000       52522.000       19.256000     0.029000000       52522.000       19.416000     0.086000000
       51081       20.017000     0.049000000       51081       19.556000     0.018000000       51081       19.641000     0.028000000       51081       19.460000     0.030000000       51081       19.300000     0.078000000
       51819       19.858000     0.040000000       51819       19.412000     0.019000000       51819       19.499000     0.024000000       51819       19.398000     0.027000000       51819       19.253000     0.062000000
       52522       19.689000     0.046000000       52522       19.377000     0.020000000       52522       19.461000     0.021000000       52522       19.268000     0.030000000       52522       19.409000     0.078000000
       52552       19.832000     0.036000000       52552       19.422000     0.023000000       52552       19.460000     0.022000000       52552       19.427000     0.024000000       52552       19.402000     0.060000000
       52558       19.874000     0.039000000       52558       19.466000     0.025000000       52558       19.516000     0.021000000       52558       19.422000     0.021000000       52558       19.401000     0.063000000
       52577       19.904000     0.039000000       52577       19.460000     0.019000000       52577       19.533000     0.020000000       52577       19.399000     0.026000000       52577       19.393000     0.073000000
       52586       19.824000     0.034000000       52586       19.484000     0.018000000       52586       19.535000     0.020000000       52586       19.375000     0.024000000       52586       19.593000     0.090000000
       52910       20.047000     0.045000000       52910       19.514000     0.020000000       52910       19.606000     0.020000000       52910       19.471000     0.033000000       52910       19.596000     0.085000000
       52931       19.914000     0.042000000       52931       19.550000     0.029000000       52931       19.628000     0.025000000       52931       19.530000     0.024000000       52931       19.351000     0.070000000
       52935       19.980000     0.040000000       52935       19.574000     0.024000000       52935       19.608000     0.025000000       52935       19.485000     0.027000000       52935       19.439000     0.073000000
       52959       19.788000     0.034000000       52959       19.454000     0.017000000       52959       19.557000     0.017000000       52959       19.495000     0.023000000       52959       19.479000     0.055000000
       53352       19.297000     0.032000000       53352       19.023000     0.018000000       53352       19.081000     0.019000000       53352       19.100000     0.024000000       53352       19.227000     0.055000000
