       52586.176      20.3960    0.0730000      52586.2      19.9540    0.0180000      52586.2      19.9450    0.0270000      52586.2      19.6160    0.0270000      52586.2      19.5470    0.0920000
       53622.286      20.8650     0.140000      53622.3      20.2770    0.0280000      53622.3      20.1980    0.0380000      53622.3      19.7860    0.0380000      53622.3      19.5440     0.108000
       53674.181      20.3810    0.0920000      53674.2      19.9670    0.0220000      53674.2      19.9000    0.0300000      53674.2      19.5630    0.0290000      53674.2      19.3160    0.0840000
       53679.243      20.6690     0.117000      53679.2      20.0940    0.0230000      53679.2      20.0720    0.0290000      53679.2      19.6610    0.0260000      53679.2      19.3830    0.0800000
       53685.193      20.4760     0.291000      53685.2      20.2590     0.145000      53685.2      20.1130     0.105000      53685.2      19.8610    0.0920000      53685.2      19.7530     0.260000
       53694.207      20.5910     0.375000      53694.2      20.1840    0.0840000      53694.2      19.9110    0.0610000      53694.2      19.6340    0.0540000      53694.2      19.2460     0.114000
       53996.269      20.8810    0.0960000      53996.3      20.3510    0.0220000      53996.3      20.2480    0.0290000      53996.3      19.8210    0.0310000      53996.3      19.7760    0.0830000
       54035.291      20.9910     0.208000      54035.3      20.2340    0.0330000      54035.3      20.1960    0.0400000      54035.3      19.6890    0.0340000      54035.3      19.6240     0.122000
       54049.237      20.8440     0.257000      54049.2      20.2500    0.0550000      54049.2      20.1080    0.0480000      54049.2      19.7110    0.0420000      54049.2      19.3480    0.0880000
       54053.202      20.7030     0.100000      54053.2      20.1480    0.0230000      54053.2      20.2140    0.0300000      54053.2      19.8860    0.0320000      54053.2      19.4990    0.0760000
       54056.203      20.7970     0.171000      54056.2     -99.9900    0.0540000      54056.2      20.1900    0.0530000      54056.2      19.7310    0.0480000      54056.2      19.6100     0.124000
       54059.198      20.6190     0.112000      54059.2      20.2210    0.0260000      54059.2      20.1750    0.0360000      54059.2      19.7870    0.0330000      54059.2      19.4650    0.0800000
       54385.289      20.9480     0.106000      54385.3      20.1640    0.0470000      54385.3      20.1990    0.0330000      54385.3      19.8680    0.0270000      54385.3      19.6740    0.0770000
       54402.282      20.5720     0.226000      54402.3      20.1310    0.0580000      54402.3      20.1760    0.0430000      54402.3      19.8680    0.0350000      54402.3      19.7060    0.0960000
       52522.000       20.513000      0.10400000       52522.000       20.107000     0.026000000       52522.000       20.126000     0.035000000       52522.000       19.773000     0.039000000       52522.000       19.903000      0.12600000
       51467       20.624000      0.11800000       51467       20.151000     0.033000000       51467       20.062000     0.036000000       51467       19.721000     0.034000000       51467       19.603000      0.11900000
       51819       20.373000     0.056000000       51819       19.965000     0.024000000       51819       20.022000     0.023000000       51819       19.748000     0.026000000       51819       19.604000     0.071000000
       52522       20.508000     0.083000000       52522       20.103000     0.027000000       52522       20.124000     0.036000000       52522       19.765000     0.041000000       52522       19.876000      0.12600000
       52552       20.469000     0.062000000       52552       20.037000     0.025000000       52552       20.022000     0.026000000       52552       19.782000     0.027000000       52552       19.790000     0.095000000
       52558       20.346000     0.058000000       52558       20.074000     0.026000000       52558       20.117000     0.029000000       52558       19.786000     0.028000000       52558       19.698000     0.069000000
       52577       20.324000     0.058000000       52577       19.984000     0.030000000       52577       20.006000     0.030000000       52577       19.743000     0.033000000       52577       19.449000     0.098000000
       52586       20.417000     0.058000000       52586       20.016000     0.023000000       52586       20.023000     0.027000000       52586       19.699000     0.031000000       52586       19.621000     0.090000000
       52910       20.777000     0.061000000       52910       20.234000     0.024000000       52910       20.265000     0.024000000       52910       19.987000     0.028000000       52910       19.751000     0.071000000
       52931       20.645000     0.060000000       52931       20.222000     0.027000000       52931       20.203000     0.026000000       52931       19.917000     0.026000000       52931       19.792000     0.076000000
       52935       20.523000     0.066000000       52935       20.200000     0.028000000       52935       20.177000     0.031000000       52935       19.829000     0.042000000       52935       19.703000     0.090000000
       52959       20.595000     0.058000000       52959       20.202000     0.024000000       52959       20.293000     0.029000000       52959       19.924000     0.033000000       52959       19.659000     0.072000000
       53313       20.760000     0.082000000       53313       20.273000     0.039000000       53313       20.198000     0.037000000       53313       19.777000     0.040000000       53313       19.629000      0.10100000
       53350       20.697000     0.081000000       53350       20.208000     0.030000000       53350       20.246000     0.044000000       53350       19.891000     0.042000000       53350       19.518000      0.10900000
       53352       20.764000     0.065000000       53352       20.297000     0.029000000       53352       20.268000     0.030000000       53352       19.945000     0.035000000       53352       19.820000      0.10200000
