       51467.338      19.9120    0.0670000      51467.3      19.9000    0.0230000      51467.3      19.8750    0.0290000      51467.3      19.4620    0.0290000      51467.3      19.3730     0.104000
       51819.314      20.3610    0.0610000      51819.3      20.3640    0.0230000      51819.3      20.2390    0.0270000      51819.3      19.6940    0.0230000      51819.3      19.6700    0.0810000
       52558.279      19.5720    0.0340000      52558.3      19.4430    0.0130000      52558.3      19.4740    0.0150000      52558.3      19.2180    0.0160000      52558.3      19.3950    0.0610000
       52577.167      19.6010    0.0350000      52577.2      19.4300    0.0130000      52577.2      19.4340    0.0170000      52577.2      19.1680    0.0200000      52577.2      19.2630    0.0890000
       52586.170      19.5720    0.0320000      52586.2      19.4290    0.0120000      52586.2      19.4530    0.0160000      52586.2      19.1720    0.0180000      52586.2      19.2180    0.0700000
       52910.251      19.6240    0.0310000      52910.3      19.4870    0.0120000      52910.2      19.5420    0.0140000      52910.2      19.2540    0.0160000      52910.2      19.2890    0.0510000
       52931.181      19.6940    0.0330000      52931.2      19.5460    0.0130000      52931.2      19.5450    0.0150000      52931.2      19.2250    0.0150000      52931.2      19.2960    0.0510000
       52935.178      19.6580    0.0350000      52935.2      19.5490    0.0130000      52935.2      19.5910    0.0170000      52935.2      19.2480    0.0180000      52935.2      19.3210    0.0620000
       52963.101      19.6670    0.0310000      52963.1      19.5530    0.0120000      52963.1      19.5700    0.0150000      52963.1      19.2910    0.0160000      52963.1      19.3470    0.0510000
       53313.171      20.1180    0.0600000      53313.2      20.0590    0.0210000      53313.2      19.9510    0.0280000      53313.2      19.5670    0.0290000      53313.2      19.7630     0.126000
       53622.280      20.0290    0.0720000      53622.3      19.8620    0.0210000      53622.3      19.9280    0.0320000      53622.3      19.5200    0.0370000      53622.3      19.5420     0.131000
       53634.230      20.0170     0.180000      53634.2     -99.9900    0.0630000      53634.2     -99.9900    0.0680000      53634.2     -99.9900    0.0440000      53634.2      19.2370     0.135000
       53636.235      20.1480    0.0820000      53636.2      19.9200    0.0330000      53636.2      19.9220    0.0370000      53636.2      19.5440    0.0260000      53636.2      19.4620    0.0950000
       53638.271      19.9890    0.0480000      53638.3      19.9430    0.0190000      53638.3      19.9210    0.0200000      53638.3      19.5290    0.0190000      53638.3      19.6830    0.0800000
       53655.207      19.9850     0.109000      53655.2     -99.9900    0.0510000      53655.2      19.8900    0.0410000      53655.2      19.4210    0.0330000      53655.2      19.3720     0.106000
       53664.232      19.9120    0.0880000      53664.2      19.8350    0.0310000      53664.2      19.9280    0.0360000      53664.2      19.4390    0.0260000      53664.2      19.4910     0.107000
       53666.196      19.9190    0.0440000      53666.2      19.8520    0.0170000      53666.2      19.8760    0.0210000      53666.2      19.4800    0.0200000      53666.2      19.5350    0.0760000
       53669.191      19.8500    0.0410000      53669.2      19.8470    0.0160000      53669.2      19.7980    0.0200000      53669.2      19.5020    0.0220000      53669.2      19.5030    0.0870000
       53671.276      19.8510    0.0660000      53671.3      19.8210    0.0200000      53671.3      19.8810    0.0280000      53671.3      19.5010    0.0270000      53671.3      19.5030    0.0940000
       53674.176      19.8820    0.0470000      53674.2      19.8380    0.0190000      53674.2      19.8680    0.0250000      53674.2      19.4510    0.0230000      53674.2      19.5040    0.0820000
       53676.265      20.0180    0.0530000      53676.3      19.8470    0.0170000      53676.3      19.8410    0.0210000      53676.3      19.4970    0.0190000      53676.3      19.4450    0.0630000
       53679.237      19.8880    0.0520000      53679.2      19.8300    0.0180000      53679.2      19.8670    0.0240000      53679.2      19.4470    0.0230000      53679.2      19.7190     0.107000
       53681.229      19.8490    0.0540000      53681.2      19.8800    0.0170000      53681.2      19.8550    0.0360000      53681.2      19.5710    0.0240000      53681.2      19.4260    0.0610000
       53687.226      20.0180     0.183000      53687.2      19.7010    0.0550000      53687.2      19.5720    0.0430000      53687.2      19.3340    0.0350000      53687.2      19.2620    0.0930000
       53697.186      19.8270    0.0770000      53697.2      19.8810    0.0300000      53697.2      19.8490    0.0330000      53697.2      19.4190    0.0290000      53697.2      19.5910     0.137000
       53700.185      19.9790    0.0560000      53700.2      19.8510    0.0170000      53700.2      19.8720    0.0220000      53700.2      19.4410    0.0230000      53700.2      19.5100    0.0870000
       53705.171      20.0360    0.0520000      53705.2      19.8220    0.0170000      53705.2      19.8430    0.0220000      53705.2      19.4550    0.0210000      53705.2      19.5160    0.0700000
       53975.256      19.9430    0.0480000      53975.3      19.8710    0.0200000      53975.3      19.8370    0.0290000      53975.3      19.5210    0.0240000      53975.3      19.4400    0.0760000
       53993.324      19.8530    0.0450000      53993.3      19.8450    0.0210000      53993.3      19.8470    0.0200000      53993.3      19.4500    0.0230000      53993.3      19.4380    0.0650000
       53996.263      19.8720    0.0390000      53996.3      19.7750    0.0220000      53996.3      19.7980    0.0220000      53996.3      19.4170    0.0230000      53996.3      19.3980    0.0560000
       53998.232      19.8170    0.0350000      53998.2      19.8000    0.0220000      53998.2      19.7890    0.0170000      53998.2      19.4560    0.0210000      53998.2      19.4170    0.0510000
       54005.262      19.8310    0.0370000      54005.3      19.7250    0.0230000      54005.3      19.7950    0.0220000      54005.3      19.5220    0.0270000      54005.3      19.4080    0.0580000
       54010.217      19.7480    0.0400000      54010.2      19.7160    0.0230000      54010.2      19.7710    0.0210000      54010.2      19.4260    0.0210000      54010.2      19.4390    0.0530000
       54012.210      19.7570    0.0670000      54012.2      19.7460    0.0300000      54012.2      19.7710    0.0350000      54012.2      19.4140    0.0320000      54012.2      19.5720    0.0680000
       54020.216      19.8340    0.0460000      54020.2      19.7160    0.0220000      54020.2      19.7810    0.0220000      54020.2      19.3500    0.0230000      54020.2      19.5620    0.0820000
       54022.265     -99.9900    0.0500000      54022.3     -99.9900    0.0370000      54022.3      19.7500    0.0170000      54022.3      19.3960    0.0220000      54022.3      19.3330    0.0590000
       54028.206     -99.9900    0.0700000      54028.2      19.7070    0.0230000      54028.2      19.7620    0.0230000      54028.2      19.4650    0.0270000      54028.2      19.5510    0.0830000
       54030.209      19.7990    0.0330000      54030.2      19.7300    0.0150000      54030.2      19.7480    0.0200000      54030.2      19.4200    0.0210000      54030.2      19.5440    0.0590000
       54035.285      19.7460    0.0580000      54035.3      19.7150    0.0230000      54035.3      19.7060    0.0260000      54035.3      19.3670    0.0260000      54035.3      19.7150     0.125000
       54037.191      19.8460    0.0480000      54037.2      19.7130    0.0220000      54037.2      19.7450    0.0240000      54037.2      19.4740    0.0280000      54037.2      19.2710    0.0830000
       54040.205      19.9590    0.0870000      54040.2      19.6750    0.0360000      54040.2      19.7930    0.0370000      54040.2      19.4310    0.0330000      54040.2      19.3900    0.0810000
       54049.232      19.8080    0.0930000      54049.2      19.7650    0.0370000      54049.2      19.7030    0.0350000      54049.2      19.3480    0.0290000      54049.2      19.4290     0.113000
       54050.190      19.7790    0.0690000      54050.2      19.8970    0.0520000      54050.2      19.9520    0.0690000      54050.2      19.5000    0.0480000      54050.2      19.4770     0.147000
       54053.196     -99.9900    0.0410000      54053.2      19.7290    0.0210000      54053.2      19.7300    0.0230000      54053.2      19.4230    0.0210000      54053.2      19.4260    0.0740000
       54056.198     -99.9900    0.0700000      54056.2      19.7150    0.0200000      54056.2      19.7310    0.0320000      54056.2      19.3240    0.0310000      54056.2      19.3430    0.0900000
       54059.192      19.9210    0.0560000      54059.2      19.6980    0.0230000      54059.2      19.7000    0.0240000      54059.2      19.3810    0.0220000      54059.2      19.3620    0.0800000
       54061.203      19.8390    0.0460000      54061.2      19.7600    0.0210000      54061.2      19.7520    0.0230000      54061.2      19.3670    0.0250000      54061.2      19.3970    0.0650000
       54062.197      19.8500    0.0640000      54062.2      19.7660    0.0240000      54062.2      19.7290    0.0280000      54062.2      19.3940    0.0330000      54062.2      19.4450     0.111000
       54357.235      19.7930    0.0390000      54357.2      19.6680    0.0220000      54357.2      19.7210    0.0240000      54357.2      19.3840    0.0270000      54357.2      19.4710    0.0650000
       54362.285      19.7040    0.0400000      54362.3      19.6540    0.0230000      54362.3      19.7100    0.0230000      54362.3      19.3700    0.0260000      54362.3      19.4010    0.0610000
       54376.294      19.6990    0.0430000      54376.3      19.7000    0.0230000      54376.3      19.6530    0.0260000      54376.3      19.3940    0.0310000      54376.3      19.2610    0.0590000
       54385.283      19.7080    0.0430000      54385.3      19.6210    0.0180000      54385.3      19.6690    0.0230000      54385.3      19.3280    0.0240000      54385.3      19.4060    0.0610000
       54387.283      19.8010    0.0470000      54387.3      19.6130    0.0160000      54387.3      19.6800    0.0230000      54387.3      19.3020    0.0270000      54387.3      19.2620    0.0660000
       54392.278      19.6120    0.0380000      54392.3      19.6130    0.0210000      54392.3      19.6330    0.0240000      54392.3      19.3080    0.0200000      54392.3      19.3730    0.0620000
       54402.277     -99.9900    0.0880000      54402.3      19.6500    0.0340000      54402.3      19.6040    0.0310000      54402.3      19.3290    0.0260000      54402.3      19.3540    0.0740000
       52558.000       19.592000     0.034000000       52558.000       19.450000     0.023000000       52558.000       19.464000     0.022000000       52558.000       19.211000     0.023000000       52558.000       19.368000     0.062000000
       51467       19.978000     0.058000000       51467       19.989000     0.034000000       51467       19.972000     0.040000000       51467       19.535000     0.043000000       51467       19.509000      0.13400000
       51819       20.408000     0.057000000       51819       20.551000     0.034000000       51819       20.270000     0.032000000       51819       19.726000     0.026000000       51819       19.700000     0.081000000
       52552       19.697000     0.058000000       52552       19.488000     0.021000000       52552       19.528000     0.033000000       52552       19.266000     0.063000000       52552       19.255000     0.086000000
       52558       19.579000     0.033000000       52558       19.473000     0.020000000       52558       19.466000     0.020000000       52558       19.272000     0.041000000       52558       19.392000     0.065000000
       52577       19.634000     0.033000000       52577       19.472000     0.022000000       52577       19.467000     0.022000000       52577       19.185000     0.024000000       52577       19.330000     0.093000000
       52586       19.584000     0.032000000       52586       19.455000     0.018000000       52586       19.468000     0.022000000       52586       19.182000     0.022000000       52586       19.200000     0.071000000
       52910       19.631000     0.031000000       52910       19.516000     0.020000000       52910       19.531000     0.018000000       52910       19.243000     0.021000000       52910       19.280000     0.061000000
       52931       19.691000     0.032000000       52931       19.573000     0.023000000       52931       19.552000     0.020000000       52931       19.236000     0.024000000       52931       19.299000     0.056000000
       52935       19.669000     0.054000000       52935       19.568000     0.024000000       52935       19.582000     0.021000000       52935       19.261000     0.027000000       52935       19.309000     0.061000000
       53313       20.200000     0.058000000       53313       20.187000     0.037000000       53313       20.083000     0.052000000       53313       19.679000     0.042000000       53313       19.943000      0.15800000
       53350       20.212000     0.070000000       53350       20.090000     0.030000000       53350       20.059000     0.058000000       53350       19.585000     0.043000000       53350       19.542000      0.13000000
