       52172.230      20.3110    0.0520000      52172.2      19.9970    0.0190000      52172.2      19.6260    0.0160000      52172.2      19.4500    0.0190000      52172.2      19.4020    0.0630000
       52931.081      20.0750    0.0440000      52931.1      19.7230    0.0160000      52931.1      19.4180    0.0140000      52931.1      19.2220    0.0170000      52931.1      19.2880    0.0570000
       52935.078      20.1320    0.0490000      52935.1      19.7120    0.0160000      52935.1      19.4100    0.0150000      52935.1      19.2380    0.0180000      52935.1      19.2120    0.0550000
       53313.072      20.0250    0.0520000      53313.1      19.7120    0.0190000      53313.1      19.3870    0.0170000      53313.1      19.2500    0.0220000      53313.1      19.3220    0.0920000
       53622.181      20.1030    0.0610000      53622.2      19.7610    0.0220000      53622.2      19.5210    0.0200000      53622.2      19.2760    0.0240000      53622.2      19.2600    0.0760000
       53625.177      20.0840    0.0520000      53625.2      19.7790    0.0200000      53625.2      19.5020    0.0170000      53625.2      19.3030    0.0190000      53625.2      19.2440    0.0530000
       53636.136      20.1350    0.0480000      53636.1      19.7770    0.0170000      53636.1      19.4940    0.0150000      53636.1      19.2650    0.0170000      53636.1      19.2080    0.0560000
       53645.195      20.0680    0.0550000      53645.2      19.8090    0.0180000      53645.2      19.4990    0.0150000      53645.2      19.2600    0.0170000      53645.2      19.2180    0.0620000
       53655.108      20.0990    0.0660000      53655.1      19.8110    0.0260000      53655.1      19.5250    0.0200000      53655.1      19.2680    0.0200000      53655.1      19.2630    0.0600000
       53664.133      20.1110    0.0740000      53664.1      19.7920    0.0270000      53664.1      19.4400    0.0210000      53664.1      19.3090    0.0250000      53664.1      19.2520    0.0690000
       53666.096      20.0280    0.0420000      53666.1      19.7860    0.0150000      53666.1      19.5110    0.0150000      53666.1      19.2970    0.0180000      53666.1      19.2320    0.0580000
       53669.092      20.0860    0.0430000      53669.1      19.7800    0.0160000      53669.1      19.4810    0.0150000      53669.1      19.3030    0.0180000      53669.1      19.3480    0.0600000
       53674.076      20.0640    0.0450000      53674.1      19.7850    0.0170000      53674.1      19.5560    0.0170000      53674.1      19.3030    0.0200000      53674.1      19.3920    0.0710000
       53681.129     -99.9900     0.233000      53681.1      19.8270    0.0300000      53681.1      19.4730    0.0390000      53681.1     -99.9900    0.0640000      53681.1     -99.9900     0.150000
       53685.088      20.2470     0.177000      53685.1      19.9400    0.0610000      53685.1      19.5640    0.0410000      53685.1      19.2910    0.0350000      53685.1      19.2250    0.0890000
       53687.126      19.9800     0.132000      53687.1      19.9040    0.0460000      53687.1      19.5660    0.0290000      53687.1      19.3080    0.0250000      53687.1      19.2600    0.0680000
       53694.102     -99.9900     0.204000      53694.1     -99.9900    0.0620000      53694.1      19.5810    0.0350000      53694.1     -99.9900    0.0470000      53694.1      19.4630     0.167000
       53697.086      20.0410     0.164000      53697.1      19.8330    0.0810000      53697.1      19.4400    0.0750000      53697.1      19.2360    0.0790000      53697.1     -99.9900     0.203000
       53700.085      20.2200    0.0550000      53700.1      19.8830    0.0190000      53700.1      19.5450    0.0170000      53700.1      19.3700    0.0200000      53700.1      19.4360    0.0720000
       53705.072      20.1300    0.0610000      53705.1      19.8700    0.0210000      53705.1      19.6140    0.0200000      53705.1      19.3520    0.0230000      53705.1      19.3610    0.0800000
       53975.157      20.3930    0.0570000      53975.2      19.9670    0.0190000      53975.2      19.6830    0.0180000      53975.2      19.4210    0.0240000      53975.2      19.4350    0.0730000
       53994.152      20.2990    0.0440000      53994.2      19.9850    0.0180000      53994.2      19.6610    0.0150000      53994.2      19.4440    0.0180000      53994.2      19.4220    0.0530000
       53998.132      20.2730    0.0550000      53998.1      20.0150    0.0180000      53998.1      19.6710    0.0160000      53998.1      19.4570    0.0190000      53998.1      19.3840    0.0520000
       54005.169      20.3430    0.0480000      54005.2      20.0280    0.0190000      54005.2      19.6720    0.0130000      54005.2      19.4480    0.0220000      54005.2      19.4850    0.0550000
       54010.118      20.4150     0.109000      54010.1      20.0480    0.0310000      54010.1      19.6320    0.0200000      54010.1      19.4890    0.0230000      54010.1      19.5400    0.0560000
       54012.110      20.7230     0.312000      54012.1      20.0180    0.0420000      54012.1      19.6700    0.0300000      54012.1      19.4700    0.0260000      54012.1      19.4050    0.0620000
       54020.116      20.3240    0.0570000      54020.1      20.0180    0.0200000      54020.1      19.6450    0.0190000      54020.1      19.4850    0.0370000      54020.1      19.3350    0.0700000
       54022.166      20.2640    0.0820000      54022.2      20.0160    0.0220000      54022.2      19.6730    0.0210000      54022.2      19.5750    0.0280000      54022.2      19.4650    0.0990000
       54028.107      20.4590    0.0650000      54028.1      19.9540    0.0200000      54028.1     -99.9900    0.0260000      54028.1     -99.9900    0.0230000      54028.1      19.6000    0.0840000
       54030.110      20.3660    0.0620000      54030.1      20.0270    0.0200000      54030.1      19.6650    0.0150000      54030.1      19.4830    0.0180000      54030.1      19.6140    0.0610000
       54032.099      20.2280    0.0810000      54032.1     -99.9900    0.0350000      54032.1      19.6710    0.0240000      54032.1      19.4670    0.0290000      54032.1      19.7390     0.201000
       54034.169      20.3050    0.0860000      54034.2      20.1050    0.0410000      54034.2      19.7310    0.0330000      54034.2      19.4880    0.0360000      54034.2     -99.9900     0.128000
       54037.091      20.1890    0.0560000      54037.1      19.9630    0.0250000      54037.1      19.6610    0.0200000      54037.1      19.4770    0.0250000      54037.1      19.5080    0.0680000
       54040.106      20.0420     0.123000      54040.1      20.0460    0.0460000      54040.1      19.6250    0.0270000      54040.1      19.4660    0.0260000      54040.1      19.5290    0.0870000
       54050.090      20.2770    0.0710000      54050.1      20.0060    0.0200000      54050.1      19.6530    0.0210000      54050.1      19.4500    0.0260000      54050.1      19.1490    0.0690000
       54053.096      20.2420    0.0860000      54053.1      20.0490    0.0290000      54053.1      19.7000    0.0270000      54053.1      19.4770    0.0290000      54053.1      19.4930     0.115000
       54056.098     -99.9900    0.0940000      54056.1     -99.9900    0.0330000      54056.1     -99.9900    0.0340000      54056.1      19.4610    0.0270000      54056.1     -99.9900     0.166000
       54057.067      20.3050    0.0520000      54057.1      19.9730    0.0200000      54057.1      19.6610    0.0180000      54057.1      19.4440    0.0260000      54057.1      19.3810    0.0780000
       54059.092      20.3980    0.0780000      54059.1      19.9770    0.0250000      54059.1      19.6270    0.0210000      54059.1      19.4670    0.0270000      54059.1      19.3440    0.0800000
       54061.103      20.2590    0.0740000      54061.1      19.9350    0.0250000      54061.1      19.6970    0.0320000      54061.1      19.4430    0.0330000      54061.1      19.6260     0.120000
       54062.097      20.0750    0.0890000      54062.1      20.0420    0.0320000      54062.1      19.6600    0.0350000      54062.1      19.4740    0.0450000      54062.1      19.4960     0.133000
       54068.087      20.6130     0.244000      54068.1      20.0280    0.0570000      54068.1      19.7150    0.0380000      54068.1      19.4320    0.0370000      54068.1      19.7720     0.147000
       54357.136      20.4320    0.0500000      54357.1      20.2190    0.0220000      54357.1      19.7870    0.0200000      54357.1      19.6340    0.0220000      54357.1      19.6180    0.0650000
       54365.133      20.5930    0.0960000      54365.1      20.1550    0.0380000      54365.1      19.8210    0.0270000      54365.1      19.5960    0.0270000      54365.1      19.5860    0.0740000
       54385.183      20.3600    0.0740000      54385.2      20.2070    0.0250000      54385.2      19.8660    0.0200000      54385.2      19.6580    0.0220000      54385.2      19.5730    0.0640000
       54387.184      20.4610     0.104000      54387.2      20.2770    0.0350000      54387.2      19.8790    0.0330000      54387.2      19.5800    0.0280000      54387.2      19.5300    0.0920000
       54390.187      20.7030     0.116000      54390.2      20.1800    0.0310000      54390.2      19.8700    0.0270000      54390.2      19.6140    0.0370000      54390.2      19.5300     0.115000
       54392.179     -99.9900     0.689000      54392.2     -99.9900    0.0620000      54392.2      19.8330    0.0480000      54392.2      19.6780    0.0660000      54392.2      19.8050     0.165000
       54402.177      20.4900     0.175000      54402.2      20.3470    0.0670000      54402.2      19.8980    0.0350000      54402.2      19.6110    0.0310000      54402.2      19.3070    0.0790000
       52172.000       20.262000     0.049000000       52172.000       19.999000     0.020000000       52172.000       19.614000     0.014000000       52172.000       19.427000     0.018000000       52172.000       19.376000     0.062000000
       51465       20.690000     0.070000000       51465       20.270000     0.035000000       51465       19.945000     0.037000000       51465       19.736000     0.041000000       51465       19.865000      0.16500000
       52053       20.262000     0.047000000       52053       19.975000     0.022000000       52053       19.541000     0.024000000       52053       19.445000     0.023000000       52053       19.431000     0.076000000
       52552       19.947000     0.041000000       52552       19.621000     0.021000000       52552       19.381000     0.024000000       52552       19.179000     0.024000000       52552       19.186000     0.063000000
       52931       20.094000     0.041000000       52931       19.735000     0.021000000       52931       19.399000     0.021000000       52931       19.214000     0.024000000       52931       19.317000     0.061000000
       52935       20.122000     0.066000000       52935       19.717000     0.019000000       52935       19.384000     0.020000000       52935       19.219000     0.022000000       52935       19.238000     0.059000000
       53313       20.078000     0.049000000       53313       19.726000     0.026000000       53313       19.398000     0.024000000       53313       19.247000     0.029000000       53313       19.367000      0.10600000
