       51081.438     -99.9900     0.107000      51081.4      20.7500    0.0390000      51081.4      20.6120    0.0390000      51081.4      20.2960    0.0450000      51081.4      20.2530     0.172000
       51875.253      20.5470    0.0580000      51875.3      20.4140    0.0240000      51875.2      20.3380    0.0280000      51875.2      19.9810    0.0290000      51875.3      20.1770     0.122000
       52171.485      20.6760    0.0770000      52171.5      20.6440    0.0310000      52171.5      20.4980    0.0340000      52171.5      20.1400    0.0340000      52171.5      20.0090     0.111000
       52225.334      20.7520    0.0720000      52225.3      20.7440    0.0300000      52225.3      20.6240    0.0330000      52225.3      20.2090    0.0350000      52225.3      20.2890     0.118000
       52288.168      21.0850    0.0950000      52288.2      20.8720    0.0330000      52288.2      20.6240    0.0340000      52288.2      20.2490    0.0340000      52288.2      20.2600     0.126000
       52551.441      20.6600    0.0680000      52551.4      20.5810    0.0260000      52551.4      20.4250    0.0300000      52551.4      20.1000    0.0310000      52551.4      20.0780     0.107000
       52558.474      20.6080    0.0610000      52558.5      20.5210    0.0230000      52558.5      20.4570    0.0270000      52558.5      19.9010    0.0250000      52558.5      20.0330     0.107000
       52578.346      20.6700    0.0720000      52578.3      20.5260    0.0240000      52578.3      20.4310    0.0280000      52578.3      20.1050    0.0280000      52578.3      20.1050     0.108000
       52585.309      20.6220    0.0580000      52585.3      20.5270    0.0220000      52585.3      20.5020    0.0300000      52585.3      20.3540    0.0380000      52585.3      20.2720     0.133000
       52909.475      20.5830    0.0610000      52909.5      20.3850    0.0210000      52909.5      20.3140    0.0230000      52909.5      20.0160    0.0250000      52909.5      20.0410    0.0890000
       52910.446     -99.9900    0.0740000      52910.4      20.3980    0.0270000      52910.4      20.2400    0.0250000      52910.4      19.9950    0.0290000      52910.4      20.0130     0.115000
       52935.373      20.3260    0.0520000      52935.4      20.3920    0.0220000      52935.4      20.2620    0.0260000      52935.4      20.0210    0.0310000      52935.4      19.8210    0.0990000
       53351.218      20.5640    0.0800000      53351.2      20.3980    0.0230000      53351.2      20.2170    0.0290000      53351.2      19.9270    0.0310000      53351.2      19.7480    0.0870000
       53622.475      20.5060    0.0550000      53622.5      20.4150    0.0210000      53622.5      20.2490    0.0220000      53622.5      19.9030    0.0230000      53622.5      19.9220    0.0730000
       53627.432      20.4930    0.0670000      53627.4      20.4230    0.0240000      53627.4      20.2900    0.0270000      53627.4      19.9170    0.0260000      53627.4      19.8520    0.0800000
       53634.425      20.6770     0.212000      53634.4      20.4080    0.0620000      53634.4      20.3060    0.0570000      53634.4      19.9410    0.0470000      53634.4      20.0010     0.105000
       53638.466      20.4140    0.0890000      53638.5      20.4000    0.0330000      53638.5      20.2740    0.0360000      53638.5      19.8780    0.0340000      53638.5      19.9800     0.127000
       53640.430      20.4310    0.0750000      53640.4      20.4270    0.0290000      53640.4      20.2030    0.0290000      53640.4      19.9450    0.0310000      53640.4      19.7490    0.0870000
       53643.473      20.6650    0.0840000      53643.5      20.4490    0.0270000      53643.5      20.2190    0.0290000      53643.5      19.8950    0.0290000      53643.5      19.6570    0.0940000
       53657.310      20.7910     0.297000      53657.3      20.3370    0.0830000      53657.3      20.2700    0.0840000      53657.3      20.2170    0.0990000      53657.3      20.3330     0.326000
       53657.475      20.4830    0.0890000      53657.5      20.4080    0.0250000      53657.5      20.2590    0.0310000      53657.5      19.9950    0.0330000      53657.5      19.9870     0.127000
       53665.492      20.5370     0.168000      53665.5      20.4580    0.0550000      53665.5      20.1810    0.0420000      53665.5      19.8360    0.0370000      53665.5      19.7520     0.124000
       53668.480     -99.9900     0.178000      53668.5      20.4310    0.0560000      53668.5      20.2610    0.0560000      53668.5      19.8640    0.0560000      53668.5      19.7360     0.206000
       53669.387      20.5010    0.0910000      53669.4      20.5110    0.0290000      53669.4      20.3190    0.0390000      53669.4      20.0490    0.0480000      53669.4      19.9090     0.105000
       53670.486      20.6690     0.212000      53670.5      20.4870    0.0480000      53670.5      20.4050    0.0650000      53670.5      19.9770    0.0570000      53670.5     -99.9900     0.242000
       53671.471      20.6520     0.109000      53671.5      20.4580    0.0300000      53671.5      20.3410    0.0320000      53671.5      19.9250    0.0300000      53671.5      19.9210     0.103000
       53674.371      20.5790     0.107000      53674.4      20.4550    0.0300000      53674.4      20.3320    0.0440000      53674.4      19.9270    0.0450000      53674.4      19.9090     0.149000
       53676.460      20.3140    0.0940000      53676.5      20.4860    0.0320000      53676.5      20.3390    0.0570000      53676.5      19.9440    0.0540000      53676.5      19.9710     0.152000
       53679.432      20.7470    0.0990000      53679.4      20.5040    0.0270000      53679.4      20.2960    0.0320000      53679.4      19.9230    0.0330000      53679.4      19.9970     0.125000
       53681.424      20.6220    0.0990000      53681.4      20.5050    0.0280000      53681.4      20.3440    0.0360000      53681.4      19.9260    0.0330000      53681.4      19.8980     0.109000
       53684.385      20.6630    0.0840000      53684.4      20.5010    0.0290000      53684.4      20.3280    0.0330000      53684.4      19.9590    0.0330000      53684.4      19.8160     0.112000
       53694.397      20.6250     0.277000      53694.4      20.5950     0.109000      53694.4      20.2970    0.0630000      53694.4      20.0050    0.0560000      53694.4      19.9700     0.181000
       53696.389      20.6260     0.122000      53696.4      20.4060    0.0380000      53696.4      20.2920    0.0340000      53696.4      19.8860    0.0320000      53696.4      19.9750     0.119000
       53697.381      20.5590     0.104000      53697.4      20.5220    0.0350000      53697.4      20.4150    0.0410000      53697.4      20.0300    0.0360000      53697.4      19.9150    0.0980000
       53700.380      20.6330    0.0840000      53700.4      20.5520    0.0280000      53700.4      20.3420    0.0310000      53700.4      19.9250    0.0320000      53700.4      19.9270     0.120000
       53705.366      20.6480     0.145000      53705.4      20.5680    0.0430000      53705.4      20.3360    0.0480000      53705.4      19.8840    0.0490000      53705.4      20.0710     0.216000
       53975.451      20.6470    0.0710000      53975.5      20.5250    0.0330000      53975.4      20.3140    0.0370000      53975.4      20.0290    0.0290000      53975.5      19.8810    0.0890000
       53994.474      20.8160     0.101000      53994.5      20.4650    0.0350000      53994.5      20.3850    0.0310000      53994.5      20.0110    0.0280000      53994.5      19.8980    0.0830000
       53996.458      20.6170    0.0650000      53996.5      20.5510    0.0280000      53996.5      20.4310    0.0290000      53996.5      20.0330    0.0330000      53996.5      19.8730    0.0800000
       54005.471      20.7810    0.0730000      54005.5      20.6500    0.0260000      54005.5      20.4140    0.0280000      54005.5      20.0640    0.0260000      54005.5      20.0800    0.0950000
       54009.485      20.7300    0.0590000      54009.5      20.6390    0.0240000      54009.5      20.4030    0.0260000      54009.5      20.0130    0.0240000      54009.5      19.9370    0.0670000
       54010.412      20.6060    0.0510000      54010.4      20.6020    0.0260000      54010.4      20.4090    0.0220000      54010.4      20.0280    0.0260000      54010.4      19.9420    0.0610000
       54012.405      20.9150     0.101000      54012.4      20.6640    0.0340000      54012.4      20.4630    0.0370000      54012.4      20.0350    0.0330000      54012.4      20.0230     0.107000
       54020.443      21.0110     0.154000      54020.4      20.6160    0.0440000      54020.4      20.3950    0.0360000      54020.4      20.0210    0.0350000      54020.4      20.0400     0.104000
       54024.493      20.6940     0.114000      54024.5      20.6830    0.0430000      54024.5      20.4810    0.0380000      54024.5      20.1100    0.0400000      54024.5      20.2210     0.152000
       54028.481      21.0420     0.106000      54028.5      20.6330    0.0280000      54028.5      20.4420    0.0310000      54028.5      20.1010    0.0340000      54028.5      19.9170     0.106000
       54030.436      20.9250    0.0750000      54030.4      20.6860    0.0270000      54030.4      20.4610    0.0270000      54030.4      20.0430    0.0280000      54030.4      19.8220    0.0740000
       54035.480      20.8440     0.126000      54035.5      20.7520    0.0380000      54035.5      20.4510    0.0460000      54035.5      20.0460    0.0520000      54035.5      20.3450     0.222000
       54037.386      20.8720    0.0680000      54037.4      20.6990    0.0230000      54037.4      20.4900    0.0280000      54037.4      20.1040    0.0340000      54037.4      20.0200    0.0770000
       54040.400      20.8180    0.0680000      54040.4      20.6710    0.0240000      54040.4      20.5230    0.0300000      54040.4      20.1560    0.0490000      54040.4      20.0070    0.0920000
       54041.436      20.7920    0.0740000      54041.4      20.7520    0.0290000      54041.4      20.4980    0.0270000      54041.4      19.9990    0.0280000      54041.4      19.9420    0.0870000
       54047.431      20.9780     0.363000      54047.4      20.5180    0.0890000      54047.4      20.5490    0.0780000      54047.4      20.0520    0.0520000      54047.4      20.5550     0.270000
       54049.427      20.7460     0.223000      54049.4      20.7360    0.0750000      54049.4      20.6000    0.0620000      54049.4      20.1710    0.0590000      54049.4      20.0500     0.173000
       54050.387      20.6390     0.137000      54050.4      20.7500    0.0560000      54050.4      20.5030    0.0580000      54050.4      20.1270    0.0560000      54050.4      19.8240     0.129000
       54056.393      20.9950     0.106000      54056.4      20.6470    0.0340000      54056.4      20.4920    0.0340000      54056.4      20.0750    0.0430000      54056.4      20.0520     0.127000
       54059.387      20.6680    0.0840000      54059.4      20.6260    0.0270000      54059.4      20.4670    0.0370000      54059.4      20.0410    0.0440000      54059.4      20.1420     0.162000
       54061.398      20.7320     0.111000      54061.4      20.6560    0.0350000      54061.4      20.4620    0.0370000      54061.4      20.0430    0.0370000      54061.4      20.0060     0.155000
       54062.392      20.6430    0.0680000      54062.4      20.6290    0.0310000      54062.4      20.4190    0.0320000      54062.4      20.0750    0.0290000      54062.4      20.0150    0.0950000
       54064.388      20.9070     0.103000      54064.4      20.6700    0.0280000      54064.4      20.3940    0.0320000      54064.4      20.0150    0.0360000      54064.4      20.0550     0.139000
       54068.372     -99.9900     0.118000      54068.4      20.6320    0.0620000      54068.4      20.4110    0.0390000      54068.4      20.1950     0.101000      54068.4      19.9160     0.180000
       54357.430      20.3900    0.0480000      54357.4      20.3070    0.0230000      54357.4      20.1600    0.0320000      54357.4      19.8810    0.0300000      54357.4      19.7740    0.0620000
       54362.480      20.3790    0.0500000      54362.5      20.3080    0.0230000      54362.5      20.1660    0.0260000      54362.5      19.8780    0.0260000      54362.5      19.7860    0.0690000
       54376.475      20.3030    0.0650000      54376.5      20.2180    0.0240000      54376.5      20.0910    0.0250000      54376.5      19.8860    0.0250000      54376.5      19.7680    0.0770000
       54382.460      20.3660    0.0540000      54382.5      20.2560    0.0230000      54382.5      20.0770    0.0240000      54382.5      19.8610    0.0340000      54382.5      19.7610    0.0830000
       54385.478      20.2470    0.0510000      54385.5      20.2150    0.0200000      54385.5      20.1200    0.0230000      54385.5      19.8480    0.0240000      54385.5      19.8630    0.0790000
       54387.479      20.3310    0.0650000      54387.5      20.2110    0.0250000      54387.5      20.0630    0.0290000      54387.5      19.8500    0.0260000      54387.5      19.8550    0.0860000
       54390.471      20.3420    0.0890000      54390.5      20.2070    0.0400000      54390.5      20.1670    0.0690000      54390.5      19.9030    0.0580000      54390.5      19.8110     0.191000
       54391.479      20.2000    0.0720000      54391.5      20.1660    0.0280000      54391.5      20.0830    0.0330000      54391.5      19.8060    0.0390000      54391.5      19.8140     0.139000
       54402.472      20.0010     0.148000      54402.5      20.1580    0.0610000      54402.5      20.0490    0.0550000      54402.5      19.7910    0.0440000      54402.5      20.0130     0.139000
       52522.000       20.829000     0.074000000       52522.000       20.565000     0.032000000       52522.000       20.476000     0.027000000       52522.000       20.108000     0.030000000       52522.000       20.117000      0.10000000
       51078       20.975000     0.056000000       51078       20.799000     0.026000000       51078       20.675000     0.029000000       51078       20.214000     0.026000000       51078       20.146000     0.082000000
       51081       20.982000     0.095000000       51081       20.882000     0.040000000       51081       20.674000     0.041000000       51081       20.311000     0.043000000       51081       20.294000      0.16800000
       51115       20.915000     0.071000000       51115       20.769000     0.031000000       51115       20.585000     0.036000000       51115       20.225000     0.038000000       51115       20.087000      0.13000000
       51132       20.821000     0.073000000       51132       20.893000     0.053000000       51132       20.618000     0.053000000       51132       20.164000     0.045000000       51132       19.952000      0.14200000
       51136       20.969000     0.064000000       51136       20.719000     0.029000000       51136       20.614000     0.034000000       51136       20.166000     0.035000000       51136       19.949000      0.11600000
       51138       20.942000     0.079000000       51138       20.727000     0.033000000       51138       20.576000     0.041000000       51138       20.189000     0.048000000       51138       20.165000      0.17600000
       51866       20.400000     0.057000000       51866       20.423000     0.026000000       51866       20.333000     0.028000000       51866       20.002000     0.035000000       51866       20.086000      0.10500000
       51875       20.570000     0.052000000       51875       20.437000     0.025000000       51875       20.366000     0.029000000       51875       19.995000     0.029000000       51875       20.168000      0.11600000
       52171       20.728000     0.066000000       52171       20.698000     0.034000000       52171       20.556000     0.034000000       52171       20.161000     0.033000000       52171       20.019000      0.10300000
       52225       20.797000     0.063000000       52225       20.765000     0.032000000       52225       20.627000     0.035000000       52225       20.222000     0.040000000       52225       20.265000      0.11100000
       52288       21.120000     0.079000000       52288       20.899000     0.033000000       52288       20.653000     0.035000000       52288       20.266000     0.037000000       52288       20.225000      0.11700000
       52522       20.845000     0.067000000       52522       20.561000     0.033000000       52522       20.476000     0.028000000       52522       20.110000     0.030000000       52522       20.104000      0.10000000
       52551       20.725000     0.059000000       52551       20.596000     0.031000000       52551       20.409000     0.034000000       52551       20.083000     0.030000000       52551       20.083000      0.10300000
       52558       20.672000     0.054000000       52558       20.571000     0.028000000       52558       20.512000     0.027000000       52558       19.976000     0.037000000       52558       20.108000      0.10100000
       52578       20.664000     0.061000000       52578       20.541000     0.027000000       52578       20.421000     0.029000000       52578       20.080000     0.026000000       52578       20.122000      0.10400000
       52585       20.644000     0.050000000       52585       20.556000     0.025000000       52585       20.514000     0.030000000       52585       20.389000     0.061000000       52585       20.299000      0.12900000
       52910       20.453000     0.063000000       52910       20.428000     0.039000000       52910       20.345000     0.032000000       52910       20.015000     0.031000000       52910       20.026000      0.11100000
       52935       20.337000     0.047000000       52935       20.366000     0.025000000       52935       20.284000     0.028000000       52935       20.030000     0.036000000       52935       19.830000     0.097000000
       53351       20.500000     0.066000000       53351       20.439000     0.028000000       53351       20.223000     0.032000000       53351       19.921000     0.035000000       53351       19.726000     0.084000000
       54424       20.227000     0.074000000       54424       20.200000     0.031000000       54424       20.160000     0.035000000       54424       19.859000     0.030000000       54424       19.751000     0.069000000
