       51818.427      20.0810    0.0460000      51818.4      19.9330    0.0190000      51818.4      19.5060    0.0160000      51818.4      19.3930    0.0210000      51818.4      19.5250    0.0710000
       52171.415      20.1340    0.0450000      52171.4      20.0880    0.0200000      52171.4      19.5960    0.0170000      52171.4      19.4630    0.0220000      52171.4      19.4760    0.0610000
       52173.391      20.4060    0.0620000      52173.4      20.1250    0.0220000      52173.4      19.6500    0.0190000      52173.4      19.4430    0.0240000      52173.4      19.6680    0.0950000
       52224.372      20.5370    0.0590000      52224.4      20.3200    0.0220000      52224.4      19.7040    0.0170000      52224.4      19.5770    0.0220000      52224.4      19.4870    0.0700000
       52234.328      20.5650    0.0730000      52234.3      20.2500    0.0260000      52234.3      19.7410    0.0200000      52234.3      19.6050    0.0240000      52234.3      19.5500    0.0720000
       52261.291      20.5650    0.0620000      52261.3      20.3430    0.0260000      52261.3      19.7560    0.0170000      52261.3      19.6400    0.0210000      52261.3      19.6770    0.0670000
       52283.159      20.6550    0.0740000      52283.2      20.4080    0.0300000      52283.2      19.8140    0.0230000      52283.2      19.6960    0.0310000      52283.2      19.9160     0.131000
       52287.172      20.6340    0.0660000      52287.2      20.3860    0.0280000      52287.2      19.7890    0.0200000      52287.2      19.6590    0.0240000      52287.2      19.7460    0.0790000
       52557.465      20.3560    0.0520000      52557.5      20.1550    0.0200000      52557.5      19.6600    0.0180000      52557.5      19.5530    0.0240000      52557.5      19.6610    0.0920000
       52585.366      20.2760    0.0450000      52585.4      20.1200    0.0180000      52585.4      19.6380    0.0160000      52585.4      19.5640    0.0220000      52585.4      19.5310    0.0710000
       52908.440      20.5520    0.0610000      52908.4      20.2930    0.0230000      52908.4      19.7420    0.0200000      52908.4      19.6380    0.0230000      52908.4      19.6320    0.0720000
       52912.419      20.4220    0.0690000      52912.4      20.2920    0.0270000      52912.4      19.7900    0.0200000      52912.4      19.6650    0.0270000      52912.4      19.7760    0.0890000
       52934.371      20.5050    0.0610000      52934.4      20.2750    0.0230000      52934.4      19.8100    0.0210000      52934.4      19.6740    0.0260000      52934.4      19.6620    0.0910000
       52936.367      20.5190    0.0570000      52936.4      20.2700    0.0220000      52936.4      19.7110    0.0180000      52936.4      19.6560    0.0250000      52936.4      19.6680    0.0810000
       53270.431      20.4050    0.0480000      53270.4      20.2350    0.0240000      53270.4      19.7360    0.0180000      53270.4      19.6150    0.0230000      53270.4      19.6400    0.0610000
       53272.481      20.4190    0.0550000      53272.5      20.2600    0.0230000      53272.5      19.7300    0.0170000      53272.5      19.6230    0.0230000      53272.5      19.7040    0.0800000
       53286.450      20.4550     0.100000      53286.5      20.2280    0.0330000      53286.4      19.7450    0.0270000      53286.4      19.6500    0.0380000      53286.4      19.7810     0.125000
       53288.409      20.4470    0.0560000      53288.4      20.2070    0.0220000      53288.4      19.7060    0.0170000      53288.4      19.6060    0.0220000      53288.4      19.6660    0.0740000
       53294.456      20.3480    0.0550000      53294.5      20.2020    0.0230000      53294.5      19.6990    0.0190000      53294.5      19.5910    0.0240000      53294.5      19.4310    0.0670000
       53296.403      20.3150    0.0540000      53296.4      20.2330    0.0280000      53296.4      19.7280    0.0230000      53296.4      19.6170    0.0260000      53296.4      19.6910    0.0780000
       53298.453      20.3350    0.0550000      53298.5      20.2290    0.0230000      53298.5      19.7230    0.0200000      53298.5      19.6380    0.0270000      53298.5      19.8580     0.103000
       53312.360      20.4820    0.0900000      53312.4      20.2070    0.0350000      53312.4      19.7250    0.0270000      53312.4      19.6340    0.0320000      53312.4      19.5890    0.0870000
       53314.361      20.4580    0.0650000      53314.4      20.2030    0.0270000      53314.4      19.7360    0.0210000      53314.4      19.6000    0.0260000      53314.4      19.7020    0.0910000
       53319.349      20.2990    0.0770000      53319.4      20.1730    0.0310000      53319.3      19.7220    0.0290000      53319.3      19.5490    0.0320000      53319.4      19.5000    0.0960000
       53616.465      20.1770    0.0520000      53616.5      20.0250    0.0230000      53616.5      19.5790    0.0180000      53616.5      19.4850    0.0230000      53616.5      19.5070    0.0750000
       53626.442     -99.9900    0.0840000      53626.4      19.9710    0.0300000      53626.4      19.5730    0.0170000      53626.4      19.4230    0.0190000      53626.4     -99.9900     0.520000
       53628.427      20.0540    0.0590000      53628.4      19.9250    0.0270000      53628.4      19.5330    0.0220000      53628.4      19.4310    0.0300000      53628.4      19.3390    0.0960000
       53639.474      20.0520    0.0560000      53639.5      20.0330    0.0260000      53639.5      19.5380    0.0160000      53639.5      19.4520    0.0200000      53639.5      19.5190    0.0640000
       53657.432      20.1550    0.0580000      53657.4      20.0020    0.0230000      53657.4      19.6170    0.0280000      53657.4      19.4400    0.0280000      53657.4      19.4900    0.0850000
       53663.416      20.5520     0.165000      53663.4      20.0950    0.0480000      53663.4      19.5700    0.0260000      53663.4      19.4760    0.0270000      53663.4      19.5300    0.0770000
       53665.394      20.0230    0.0860000      53665.4      20.0830    0.0380000      53665.4      19.6330    0.0260000      53665.4      19.4990    0.0280000      53665.4      19.4370    0.0820000
       53668.406     -99.9900    0.0920000      53668.4      20.0200    0.0360000      53668.4      19.5800    0.0230000      53668.4      19.5270    0.0300000      53668.4      19.8030     0.133000
       53669.493      20.1950    0.0990000      53669.5      20.0730    0.0310000      53669.5      19.6170    0.0230000      53669.5      19.4750    0.0260000      53669.5      19.4510    0.0880000
       53670.411      20.0980    0.0780000      53670.4      20.0740    0.0280000      53670.4      19.6390    0.0280000      53670.4      19.4820    0.0290000      53670.4      19.5470     0.101000
       53673.379      20.2380    0.0520000      53673.4      20.0710    0.0190000      53673.4      19.5920    0.0160000      53673.4      19.5030    0.0200000      53673.4      19.4990    0.0610000
       53675.376      20.1850    0.0520000      53675.4      20.1540    0.0230000      53675.4      19.6050    0.0170000      53675.4      19.4400    0.0220000      53675.4      19.5220    0.0840000
       53680.383      20.3400    0.0630000      53680.4      20.0870    0.0260000      53680.4      19.6220    0.0170000      53680.4      19.4990    0.0220000      53680.4      19.5840    0.0740000
       53683.442     -99.9900     0.133000      53683.4      20.1270    0.0490000      53683.4      19.6110    0.0370000      53683.4      19.5500    0.0530000      53683.4      19.8180     0.316000
       53686.383      20.3520     0.104000      53686.4      20.0930    0.0430000      53686.4      19.6050    0.0260000      53686.4      19.3960    0.0260000      53686.4      19.5470    0.0900000
       53693.385      20.2000     0.161000      53693.4      20.0300    0.0600000      53693.4      19.6530    0.0360000      53693.4      19.5030    0.0320000      53693.4      19.7470     0.116000
       53699.406      20.2600    0.0760000      53699.4      20.1720    0.0280000      53699.4      19.6870    0.0200000      53699.4      19.5260    0.0230000      53699.4      19.5570    0.0700000
       53704.368      20.2500    0.0710000      53704.4      20.1070    0.0280000      53704.4      19.6590    0.0230000      53704.4      19.4750    0.0320000      53704.4      19.4420    0.0910000
       53989.465      20.4110     0.109000      53989.5      20.3440    0.0480000      53989.5      19.8040    0.0290000      53989.5      19.7360    0.0310000      53989.5      19.7320    0.0750000
       54008.451      20.4820    0.0560000      54008.5      20.3400    0.0230000      54008.4      19.8040    0.0210000      54008.4      19.7010    0.0260000      54008.5      19.5700    0.0730000
       54009.414      20.5040    0.0480000      54009.4      20.3650    0.0210000      54009.4      19.8180    0.0190000      54009.4      19.6750    0.0230000      54009.4      19.7890    0.0600000
       54011.478      20.5390    0.0500000      54011.5      20.3690    0.0310000      54011.5      19.7610    0.0190000      54011.5      19.6770    0.0240000      54011.5      19.7140    0.0530000
       54019.473      20.7110     0.142000      54019.5      20.2880    0.0430000      54019.5      19.7500    0.0270000      54019.5      19.6550    0.0280000      54019.5      19.6290    0.0740000
       54025.477      20.7440    0.0920000      54025.5      20.2690    0.0270000      54025.5      19.7110    0.0250000      54025.5      19.6540    0.0250000      54025.5      19.6260    0.0770000
       54358.431      20.3380    0.0580000      54358.4      20.0550    0.0240000      54358.4      19.6280    0.0240000      54358.4      19.4800    0.0240000      54358.4      19.5900    0.0830000
       54365.464      20.2770    0.0440000      54365.5      20.0900    0.0220000      54365.5      19.6050    0.0240000      54365.5      19.4960    0.0250000      54365.5      19.6450    0.0590000
       54381.484      20.2610    0.0650000      54381.5      20.1050    0.0220000      54381.5      19.6460    0.0210000      54381.5      19.5340    0.0240000      54381.5      19.3790    0.0640000
       54386.476      20.3770    0.0590000      54386.5      20.0320    0.0250000      54386.5      19.6310    0.0210000      54386.5      19.4800    0.0210000      54386.5      19.6270    0.0630000
       54388.480      20.3130    0.0610000      54388.5      20.0960    0.0280000      54388.5      19.5860    0.0220000      54388.5      19.5030    0.0250000      54388.5      19.6720    0.0840000
       54392.478      20.3010    0.0530000      54392.5      20.0980    0.0250000      54392.5      19.6410    0.0240000      54392.5      19.4850    0.0230000      54392.5      19.4490    0.0780000
       54404.452      20.1630     0.103000      54404.5      20.0030    0.0430000      54404.4     -99.9900    0.0990000      54404.4      19.5870    0.0420000      54404.5      19.4120    0.0920000
       54406.388      20.1450    0.0450000      54406.4      20.0200    0.0280000      54406.4      19.5200    0.0190000      54406.4      19.4490    0.0240000      54406.4      19.5900    0.0550000
       54409.393      20.1950    0.0550000      54409.4      20.0220    0.0210000      54409.4      19.5620    0.0200000      54409.4      19.4910    0.0230000      54409.4     -99.9900    0.0610000
       54412.414      20.2360    0.0900000      54412.4      20.0040    0.0350000      54412.4      19.5980    0.0340000      54412.4      19.3900    0.0340000      54412.4      19.5320     0.122000
       52234.000       20.550000     0.070000000       52234.000       20.264000     0.034000000       52234.000       19.740000     0.026000000       52234.000       19.602000     0.038000000       52234.000       19.552000     0.070000000
       51133       20.300000     0.050000000       51133       20.101000     0.026000000       51133       19.630000     0.023000000       51133       19.479000     0.036000000       51133       19.614000      0.11300000
       51134       20.414000     0.053000000       51134       20.129000     0.022000000       51134       19.630000     0.022000000       51134       19.491000     0.028000000       51134       19.454000     0.066000000
       51138       20.239000     0.051000000       51138       20.094000     0.022000000       51138       19.626000     0.024000000       51138       19.491000     0.030000000       51138       19.514000      0.11600000
       51467       20.245000     0.044000000       51467       20.117000     0.026000000       51467       19.650000     0.022000000       51467       19.517000     0.025000000       51467       19.480000     0.082000000
       51818       20.068000     0.040000000       51818       19.940000     0.024000000       51818       19.485000     0.020000000       51818       19.381000     0.026000000       51818       19.507000     0.071000000
       51866       20.235000     0.046000000       51866       19.990000     0.022000000       51866       19.521000     0.023000000       51866       19.413000     0.020000000       51866       19.436000     0.062000000
       51874       20.044000     0.045000000       51874       19.959000     0.026000000       51874       19.483000     0.024000000       51874       19.366000     0.028000000       51874       19.405000     0.088000000
       52171       20.143000     0.041000000       52171       20.113000     0.026000000       52171       19.623000     0.026000000       52171       19.473000     0.022000000       52171       19.470000     0.061000000
       52170       20.229000     0.053000000       52170       20.109000     0.026000000       52170       19.625000     0.023000000       52170       19.402000     0.026000000       52170       19.506000     0.085000000
       52173       20.381000     0.056000000       52173       20.125000     0.027000000       52173       19.623000     0.024000000       52173       19.425000     0.027000000       52173       19.633000     0.091000000
       52224       20.537000     0.053000000       52224       20.302000     0.024000000       52224       19.687000     0.022000000       52224       19.565000     0.024000000       52224       19.532000     0.073000000
       52234       20.549000     0.066000000       52234       20.267000     0.032000000       52234       19.746000     0.029000000       52234       19.603000     0.038000000       52234       19.534000     0.070000000
       52261       20.593000     0.056000000       52261       20.349000     0.026000000       52261       19.735000     0.029000000       52261       19.642000     0.026000000       52261       19.640000     0.067000000
       52283       20.635000     0.071000000       52283       20.390000     0.044000000       52283       19.804000     0.030000000       52283       19.687000     0.039000000       52283       19.887000      0.12900000
       52287       20.617000     0.061000000       52287       20.376000     0.032000000       52287       19.781000     0.026000000       52287       19.656000     0.027000000       52287       19.708000     0.079000000
       52557       20.399000     0.051000000       52557       20.194000     0.028000000       52557       19.667000     0.021000000       52557       19.563000     0.027000000       52557       19.680000     0.091000000
       52585       20.282000     0.041000000       52585       20.172000     0.029000000       52585       19.658000     0.024000000       52585       19.579000     0.027000000       52585       19.558000     0.069000000
       52908       20.517000     0.055000000       52908       20.279000     0.028000000       52908       19.754000     0.024000000       52908       19.646000     0.025000000       52908       19.641000     0.071000000
       52912       20.404000     0.065000000       52912       20.285000     0.031000000       52912       19.780000     0.024000000       52912       19.631000     0.031000000       52912       19.754000     0.089000000
       52934       20.465000     0.054000000       52934       20.277000     0.028000000       52934       19.794000     0.024000000       52934       19.652000     0.027000000       52934       19.639000     0.091000000
       52936       20.544000     0.049000000       52936       20.292000     0.029000000       52936       19.740000     0.025000000       52936       19.661000     0.027000000       52936       19.692000     0.081000000
       53272       20.427000     0.050000000       53272       20.266000     0.034000000       53272       19.734000     0.022000000       53272       19.642000     0.027000000       53272       19.661000     0.075000000
       53286       20.461000     0.091000000       53286       20.260000     0.047000000       53286       19.741000     0.032000000       53286       19.642000     0.041000000       53286       19.759000      0.12500000
       53288       20.452000     0.050000000       53288       20.211000     0.026000000       53288       19.702000     0.023000000       53288       19.607000     0.027000000       53288       19.627000     0.072000000
       53294       20.365000     0.060000000       53294       20.219000     0.026000000       53294       19.721000     0.022000000       53294       19.612000     0.027000000       53294       19.411000     0.067000000
       53298       20.336000     0.049000000       53298       20.246000     0.028000000       53298       19.703000     0.026000000       53298       19.632000     0.030000000       53298       19.839000      0.10100000
       53312       20.474000     0.097000000       53312       20.212000     0.037000000       53312       19.711000     0.029000000       53312       19.641000     0.034000000       53312       19.558000     0.094000000
       53314       20.422000     0.063000000       53314       20.199000     0.029000000       53314       19.756000     0.026000000       53314       19.606000     0.031000000       53314       19.709000     0.091000000
       53319       20.288000     0.071000000       53319       20.213000     0.030000000       53319       19.758000     0.037000000       53319       19.581000     0.044000000       53319       19.537000     0.094000000
