       51081.443      20.9610     0.104000      51081.4      20.3730    0.0260000      51081.4      19.8450    0.0220000      51081.4      19.3620    0.0220000      51081.4      19.2300    0.0630000
       52171.491      20.9860     0.102000      52171.5      20.6140    0.0400000      52171.5      19.9820    0.0210000      52171.5      19.5100    0.0210000      52171.5      19.3220    0.0510000
       52225.339      20.8580    0.0840000      52225.3      20.4890    0.0260000      52225.3      19.9700    0.0210000      52225.3      19.5100    0.0230000      52225.3      19.2130    0.0500000
       52288.174      21.0210    0.0980000      52288.2      20.4660    0.0270000      52288.2      19.9280    0.0220000      52288.2      19.4810    0.0230000      52288.2      19.1480    0.0480000
       52551.447      20.7580    0.0700000      52551.4      20.2890    0.0220000      52551.4      19.7830    0.0180000      52551.4      19.3690    0.0190000      52551.4      19.1020    0.0470000
       52558.480      20.8210    0.0680000      52558.5      20.3140    0.0200000      52558.5      19.7610    0.0170000      52558.5      19.3670    0.0190000      52558.5      19.1040    0.0450000
       52578.352      20.8390    0.0800000      52578.4      20.2420    0.0220000      52578.4      19.7220    0.0180000      52578.4      19.3500    0.0190000      52578.4      19.0720    0.0500000
       52585.314      20.8150    0.0620000      52585.3      20.1910    0.0180000      52585.3      19.7040    0.0160000      52585.3      19.2910    0.0180000      52585.3      19.0390    0.0460000
       52909.481      20.5800    0.0600000      52909.5      20.0870    0.0180000      52909.5      19.6600    0.0150000      52909.5      19.2340    0.0160000      52909.5      19.0080    0.0380000
       52910.451      20.5620    0.0690000      52910.5      20.0520    0.0210000      52910.4      19.5770    0.0180000      52910.4      19.2230    0.0190000      52910.5      18.9840    0.0460000
       52935.379      20.6020    0.0650000      52935.4      20.0640    0.0170000      52935.4      19.6070    0.0170000      52935.4      19.2470    0.0190000      52935.4      19.0260    0.0470000
       53351.224      20.0720    0.0470000      53351.2     -99.9900    0.0160000      53351.2      19.3070    0.0130000      53351.2      19.0170    0.0160000      53351.2     -99.9900    0.0400000
       53627.438      20.1640    0.0520000      53627.4      19.6280    0.0150000      53627.4      19.3200    0.0140000      53627.4      19.0100    0.0160000      53627.4      18.8150    0.0360000
       53634.430      20.0120     0.101000      53634.4      19.7180    0.0450000      53634.4      19.2970    0.0260000      53634.4      18.9800    0.0220000      53634.4      18.8880    0.0430000
       53638.472      20.0930    0.0630000      53638.5      19.6270    0.0180000      53638.5      19.3070    0.0160000      53638.5      19.0160    0.0180000      53638.5      18.8750    0.0450000
       53640.436      20.1670    0.0620000      53640.4      19.5980    0.0160000      53640.4      19.2840    0.0140000      53640.4      18.9930    0.0160000      53640.4      18.8160    0.0370000
       53643.478      20.1130    0.0620000      53643.5      19.6020    0.0150000      53643.5      19.2960    0.0160000      53643.5      18.9970    0.0170000      53643.5      18.8690    0.0450000
       53657.316      20.0380     0.159000      53657.3      19.5160    0.0430000      53657.3      19.2780    0.0320000      53657.3      18.9680    0.0290000      53657.3      18.7300    0.0710000
       53657.480      20.0700    0.0620000      53657.5      19.5680    0.0150000      53657.5      19.2800    0.0150000      53657.5      19.0040    0.0180000      53657.5      18.7620    0.0420000
       53664.433     -99.9900     0.263000      53664.4      19.5550    0.0690000      53664.4      19.1970    0.0520000      53664.4      18.9840    0.0590000      53664.4     -99.9900     0.160000
       53668.486      19.8740    0.0990000      53668.5      19.5530    0.0250000      53668.5      19.2810    0.0230000      53668.5      18.9620    0.0240000      53668.5      18.8380    0.0720000
       53669.392      20.1640    0.0720000      53669.4      19.5900    0.0170000      53669.4      19.2750    0.0160000      53669.4      18.9570    0.0160000      53669.4      18.7870    0.0410000
       53670.492      20.0120     0.107000      53670.5      19.5860    0.0230000      53670.5      19.2840    0.0240000      53670.5      18.9860    0.0270000      53670.5      18.7100    0.0640000
       53671.477      20.0190    0.0610000      53671.5      19.6210    0.0170000      53671.5      19.3060    0.0160000      53671.5      18.9880    0.0160000      53671.5      18.6600    0.0340000
       53674.376      20.0470    0.0580000      53674.4      19.5580    0.0150000      53674.4      19.3100    0.0170000      53674.4      19.0180    0.0190000      53674.4      18.7940    0.0520000
       53676.466      20.0640    0.0610000      53676.5      19.6040    0.0190000      53676.5      19.2960    0.0200000      53676.5      18.9580    0.0190000      53676.5      18.5970    0.0370000
       53679.438     -99.9900    0.0570000      53679.4      19.5740    0.0140000      53679.4      19.2670    0.0160000      53679.4      19.0050    0.0190000      53679.4      18.7380    0.0400000
       53681.429      20.0310    0.0570000      53681.4      19.5800    0.0140000      53681.4      19.2930    0.0150000      53681.4      18.9960    0.0160000      53681.4      18.8730    0.0370000
       53684.391      20.0260    0.0700000      53684.4      19.5890    0.0170000      53684.4      19.3020    0.0220000      53684.4      18.9510    0.0250000      53684.4      18.7800    0.0540000
       53694.402     -99.9900     0.136000      53694.4     -99.9900    0.0510000      53694.4      19.3000    0.0380000      53694.4     -99.9900    0.0310000      53694.4     -99.9900    0.0690000
       53696.395      20.0140    0.0790000      53696.4      19.5270    0.0200000      53696.4      19.2790    0.0170000      53696.4      18.9510    0.0180000      53696.4      18.8310    0.0450000
       53697.386      20.1390    0.0700000      53697.4      19.5930    0.0190000      53697.4      19.2980    0.0150000      53697.4      19.0050    0.0160000      53697.4      18.7900    0.0370000
       53700.385      20.0530    0.0560000      53700.4      19.5250    0.0160000      53700.4      19.2580    0.0150000      53700.4      18.9560    0.0180000      53700.4      18.8080    0.0460000
       53705.372      19.8950    0.0670000      53705.4      19.5280    0.0170000      53705.4      19.2960    0.0190000      53705.4      18.9700    0.0230000      53705.4      18.8040    0.0650000
       53975.457      20.4030    0.0630000      53975.5      19.8780    0.0260000      53975.5      19.4900    0.0210000      53975.5      19.1380    0.0240000      53975.5      18.9430    0.0420000
       53994.480      20.2350    0.0910000      53994.5      19.8960    0.0260000      53994.5      19.5240    0.0220000      53994.5      19.1330    0.0230000      53994.5      19.0570    0.0470000
       53996.464      20.4130    0.0590000      53996.5      19.8400    0.0180000      53996.5      19.4910    0.0240000      53996.5      19.1080    0.0220000      53996.5      18.9430    0.0350000
       54005.477      20.3950    0.0580000      54005.5      19.8650    0.0180000      54005.5      19.5180    0.0180000      54005.5      19.1060    0.0180000      54005.5      18.9580    0.0400000
       54010.418      20.3950    0.0460000      54010.4      19.8590    0.0170000      54010.4      19.5030    0.0160000      54010.4      19.0940    0.0200000      54010.4      18.9540    0.0300000
       54012.411      20.2440    0.0580000      54012.4      19.8860    0.0280000      54012.4      19.4910    0.0190000      54012.4      19.1380    0.0220000      54012.4      18.9100    0.0450000
       54020.449      20.2910    0.0890000      54020.4      19.8970    0.0280000      54020.4      19.4600    0.0230000      54020.4      19.1200    0.0230000      54020.4      19.0000    0.0420000
       54028.487      20.3940    0.0650000      54028.5      19.8900    0.0280000      54028.5      19.5050    0.0210000      54028.5      19.1210    0.0220000      54028.5      18.9670    0.0470000
       54030.442      20.4440    0.0530000      54030.4      19.9060    0.0230000      54030.4      19.5090    0.0150000      54030.4      19.1030    0.0180000      54030.4      18.9490    0.0400000
       54035.486      20.2690    0.0730000      54035.5      19.9030    0.0230000      54035.5      19.5270    0.0230000      54035.5      19.1420    0.0270000      54035.5      18.9440    0.0570000
       54037.391      20.3790    0.0480000      54037.4      19.8620    0.0180000      54037.4      19.5360    0.0160000      54037.4      19.1480    0.0180000      54037.4      19.0220    0.0300000
       54040.406      20.2890    0.0470000      54040.4      19.8710    0.0210000      54040.4      19.5000    0.0170000      54040.4      19.1190    0.0210000      54040.4      18.9160    0.0390000
       54041.441      20.3310    0.0560000      54041.4      19.8880    0.0180000      54041.4      19.5270    0.0210000      54041.4      19.1070    0.0190000      54041.4      18.8890    0.0370000
       54047.436      20.1290     0.114000      54047.4      19.9630    0.0660000      54047.4      19.4650    0.0600000      54047.4      19.1470    0.0300000      54047.4      18.9130    0.0480000
       54049.432      20.2310     0.140000      54049.4      19.9660    0.0450000      54049.4      19.5620    0.0300000      54049.4      19.1280    0.0260000      54049.4      19.0130    0.0690000
       54050.393      20.2370    0.0870000      54050.4      19.8330    0.0270000      54050.4      19.4910    0.0220000      54050.4      19.1060    0.0230000      54050.4      18.9660    0.0530000
       54056.398      20.3340    0.0680000      54056.4      19.8680    0.0280000      54056.4      19.5270    0.0210000      54056.4      19.1290    0.0220000      54056.4      18.9300    0.0540000
       54059.393      20.3650    0.0750000      54059.4      19.9110    0.0280000      54059.4      19.5160    0.0200000      54059.4      19.1570    0.0220000      54059.4      18.9500    0.0480000
       54061.404      20.2890    0.0950000      54061.4      19.8590    0.0290000      54061.4      19.5220    0.0250000      54061.4      19.1410    0.0300000      54061.4      18.9270    0.0620000
       54062.398      20.3000    0.0540000      54062.4      19.9070    0.0230000      54062.4      19.5400    0.0160000      54062.4      19.1470    0.0220000      54062.4      18.8570    0.0390000
       54064.394      20.4870    0.0750000      54064.4      19.8830    0.0230000      54064.4      19.4980    0.0180000      54064.4      19.1100    0.0210000      54064.4      19.0280    0.0540000
       54068.378      20.2680    0.0690000      54068.4      19.8780    0.0220000      54068.4      19.4990    0.0280000      54068.4      19.1410    0.0270000      54068.4      18.9000    0.0470000
       54357.436      20.3860    0.0540000      54357.4      19.9060    0.0190000      54357.4      19.5490    0.0220000      54357.4      19.1760    0.0200000      54357.4      19.0540    0.0400000
       54362.486      20.4400    0.0580000      54362.5      19.9350    0.0210000      54362.5      19.5230    0.0210000      54362.5      19.1420    0.0200000      54362.5      19.0720    0.0390000
       54376.481      20.3470    0.0650000      54376.5      19.9340    0.0200000      54376.5      19.5710    0.0180000      54376.5      19.1800    0.0190000      54376.5      18.9450    0.0360000
       54382.466      20.3510    0.0540000      54382.5      19.9110    0.0240000      54382.5      19.5030    0.0190000      54382.5      19.1960    0.0220000      54382.5      18.9030    0.0380000
       54385.484      20.3890    0.0540000      54385.5      19.8910    0.0190000      54385.5      19.5080    0.0180000      54385.5      19.1580    0.0220000      54385.5      19.0170    0.0420000
       54387.484      20.5390    0.0740000      54387.5      19.9230    0.0210000      54387.5      19.5030    0.0210000      54387.5      19.1870    0.0190000      54387.5      18.9970    0.0400000
       54390.477      20.4070    0.0990000      54390.5      19.8460    0.0310000      54390.5      19.5680    0.0260000      54390.5      19.1570    0.0380000      54390.5      19.0050     0.108000
       54391.485      20.6260     0.131000      54391.5      19.9200    0.0280000      54391.5      19.4550    0.0260000      54391.5      19.1610    0.0430000      54391.5      19.0230    0.0800000
       54402.477      20.0490     0.130000      54402.5      19.8150    0.0430000      54402.5      19.5490    0.0320000      54402.5      19.1550    0.0250000      54402.5      18.8540    0.0460000
       52522.000       20.807000     0.069000000       52522.000       20.382000     0.028000000       52522.000       19.809000     0.023000000       52522.000       19.396000     0.022000000       52522.000       19.196000     0.044000000
       51078       20.843000     0.052000000       51078       20.326000     0.021000000       51078       19.844000     0.020000000       51078       19.389000     0.021000000       51078       19.106000     0.037000000
       51081       21.016000     0.090000000       51081       20.389000     0.028000000       51081       19.826000     0.024000000       51081       19.357000     0.025000000       51081       19.229000     0.065000000
       51115       20.887000     0.068000000       51115       20.335000     0.023000000       51115       19.872000     0.022000000       51115       19.394000     0.022000000       51115       19.165000     0.056000000
       51132       20.829000     0.069000000       51132       20.342000     0.035000000       51132       19.853000     0.025000000       51132       19.450000     0.029000000       51132       19.126000     0.064000000
       51136       20.762000     0.053000000       51136       20.296000     0.027000000       51136       19.844000     0.026000000       51136       19.398000     0.026000000       51136       19.204000     0.057000000
       52171       21.030000     0.090000000       52171       20.636000     0.038000000       52171       19.985000     0.027000000       52171       19.523000     0.024000000       52171       19.322000     0.049000000
       52225       20.908000     0.073000000       52225       20.526000     0.027000000       52225       19.989000     0.024000000       52225       19.522000     0.025000000       52225       19.218000     0.049000000
       52288       21.081000     0.086000000       52288       20.489000     0.030000000       52288       19.936000     0.026000000       52288       19.478000     0.025000000       52288       19.122000     0.044000000
       52522       20.793000     0.065000000       52522       20.376000     0.028000000       52522       19.806000     0.023000000       52522       19.396000     0.022000000       52522       19.202000     0.044000000
       52551       20.844000     0.062000000       52551       20.356000     0.026000000       52551       19.794000     0.021000000       52551       19.369000     0.020000000       52551       19.114000     0.051000000
       52558       20.897000     0.060000000       52558       20.327000     0.024000000       52558       19.755000     0.018000000       52558       19.366000     0.022000000       52558       19.113000       1.0840000
       52578       20.873000     0.071000000       52578       20.224000     0.029000000       52578       19.728000     0.021000000       52578       19.337000     0.023000000       52578       19.077000     0.049000000
       52585       20.851000     0.055000000       52585       20.216000     0.024000000       52585       19.711000     0.021000000       52585       19.299000     0.024000000       52585       19.025000     0.045000000
       52910       20.677000     0.059000000       52910       20.104000     0.031000000       52910       19.650000     0.025000000       52910       19.267000     0.024000000       52910       19.017000     0.043000000
       52935       20.619000     0.054000000       52935       20.103000     0.020000000       52935       19.617000     0.022000000       52935       19.259000     0.023000000       52935       19.034000     0.057000000
       53351       20.146000     0.054000000       53351       19.670000     0.048000000       53351       19.325000     0.024000000       53351       19.024000     0.020000000       53351       18.762000     0.040000000
       54424       20.484000     0.087000000       54424       19.897000     0.031000000       54424       19.524000     0.025000000       54424       19.137000     0.024000000       54424       18.975000     0.039000000
