       51081.440      21.9930     0.284000      51081.4      21.4440    0.0670000      51081.4      21.1170    0.0670000      51081.4      21.0870    0.0970000      51081.4      21.1320     0.343000
       51818.426      21.8070     0.225000      51818.4      21.2490    0.0450000      51818.4      20.9480    0.0490000      51818.4      20.7410    0.0550000      51818.4      20.5060     0.165000
       52171.414      21.7150     0.187000      52171.4      21.2690    0.0410000      52171.4      20.9160    0.0420000      52171.4      20.7960    0.0460000      52171.4      20.3790     0.130000
       52224.370      21.7380     0.189000      52224.4      21.1360    0.0370000      52224.4      20.8870    0.0430000      52224.4      20.7100    0.0490000      52224.4      20.3310     0.141000
       52234.327      22.4760     0.401000      52234.3      21.1730    0.0450000      52234.3      20.9270    0.0500000      52234.3      20.7620    0.0570000      52234.3      20.4870     0.153000
       52261.290      21.4380     0.155000      52261.3      21.1040    0.0370000      52261.3      20.9120    0.0490000      52261.3      20.7490    0.0440000      52261.3      20.4880     0.172000
       52283.157      22.0140     0.314000      52283.2      21.0480    0.0440000      52283.2      20.7560    0.0540000      52283.2      20.6420    0.0690000      52283.2      20.6690     0.247000
       52287.171      21.6690     0.183000      52287.2      21.1320    0.0420000      52287.2      20.7990    0.0420000      52287.2      20.6260    0.0490000      52287.2      20.2880     0.127000
       52557.464      21.8250     0.197000      52557.5      21.1520    0.0370000      52557.5      20.9690    0.0470000      52557.5      20.7060    0.0520000      52557.5      20.4400     0.171000
       52585.365      21.5370     0.143000      52585.4      21.2500    0.0370000      52585.4      20.9520    0.0420000      52585.4      20.7750    0.0480000      52585.4      20.4910     0.156000
       52908.438      21.8820     0.263000      52908.4      21.3060    0.0490000      52908.4      20.8700    0.0560000      52908.4      20.7900    0.0690000      52908.4      20.3340     0.140000
       52912.418      22.0700     0.319000      52912.4      21.1880    0.0490000      52912.4      21.0930    0.0600000      52912.4      20.6990    0.0580000      52912.4      20.2970     0.157000
       52934.370      21.7600     0.209000      52934.4      21.2550    0.0420000      52934.4      20.8510    0.0470000      52934.4      20.7850    0.0600000      52934.4      20.0380     0.124000
       52936.366      21.9490     0.220000      52936.4      21.2200    0.0370000      52936.4      20.8790    0.0420000      52936.4      20.6550    0.0470000      52936.4      20.4550     0.148000
       53270.430      21.3650     0.114000      53270.4      20.8990    0.0280000      53270.4      20.6100    0.0280000      53270.4      20.5430    0.0370000      53270.4      20.1620    0.0860000
       53272.480      21.3580     0.137000      53272.5      20.8960    0.0320000      53272.5      20.6170    0.0320000      53272.5      20.5320    0.0360000      53272.5      20.2410     0.111000
       53286.449      21.8280     0.380000      53286.4      20.8390    0.0560000      53286.4      20.6070    0.0570000      53286.4      20.4440    0.0530000      53286.4      20.6930     0.286000
       53288.407      21.6260     0.163000      53288.4      20.9150    0.0320000      53288.4      20.6000    0.0320000      53288.4      20.4910    0.0370000      53288.4      20.5040     0.139000
       53294.455      21.3280     0.141000      53294.5      20.7840    0.0320000      53294.5      20.5690    0.0370000      53294.5      20.5240    0.0440000      53294.5      20.2230     0.118000
       53296.402      21.5790     0.169000      53296.4      20.7730    0.0330000      53296.4      20.5940    0.0390000      53296.4      20.4790    0.0420000      53296.4      20.2440     0.127000
       53298.452      21.2820     0.137000      53298.5      20.8080    0.0290000      53298.4      20.5610    0.0390000      53298.4      20.4870    0.0450000      53298.5      20.2570     0.153000
       53312.358      21.7390     0.331000      53312.4      20.7500    0.0500000      53312.4      20.6080    0.0460000      53312.4      20.4460    0.0510000      53312.4      19.9580     0.121000
       53314.360      21.5940     0.209000      53314.4      20.6980    0.0350000      53314.4      20.4760    0.0410000      53314.4      20.4110    0.0460000      53314.4      20.4340     0.168000
       53319.347      21.4780     0.280000      53319.3      20.7760    0.0450000      53319.3      20.6220    0.0580000      53319.3      20.3460    0.0600000      53319.3      20.1250     0.162000
       53616.464      21.7580     0.232000      53616.5      20.9630    0.0350000      53616.5      20.7560    0.0410000      53616.5      20.6310    0.0630000      53616.5      20.2630     0.135000
       53626.440      21.4100     0.158000      53626.4     -99.9900     0.146000      53626.4      20.6850    0.0370000      53626.4      20.5170    0.0380000      53626.4      20.1990     0.100000
       53628.425      21.6810     0.305000      53628.4      20.9940    0.0480000      53628.4      20.7850    0.0580000      53628.4      20.5810    0.0680000      53628.4      20.2830     0.202000
       53639.472      22.1110     0.358000      53639.5      21.0180    0.0500000      53639.5      20.7160    0.0410000      53639.5      20.5790    0.0450000      53639.5      20.2720     0.110000
       53657.430      21.4210     0.221000      53657.4      21.0450    0.0400000      53657.4      20.7870    0.0470000      53657.4      20.6950    0.0660000      53657.4      20.3080     0.164000
       53663.415      21.5430     0.427000      53663.4      21.0420     0.109000      53663.4      20.8320    0.0810000      53663.4      20.6190    0.0610000      53663.4      20.4440     0.164000
       53665.393      20.8720     0.234000      53665.4      20.8790    0.0900000      53665.4      20.4960    0.0840000      53665.4      20.3580    0.0660000      53665.4      20.3850     0.238000
       53668.404      21.4440     0.286000      53668.4      21.1540    0.0820000      53668.4      20.7710    0.0570000      53668.4      20.5960    0.0610000      53668.4      20.2790     0.184000
       53669.492      22.2650     0.631000      53669.5      21.0050    0.0630000      53669.5      20.8380    0.0910000      53669.5      20.6780    0.0600000      53669.5      20.8990     0.298000
       53670.409      21.7500     0.337000      53670.4      20.9700    0.0580000      53670.4      20.9120    0.0760000      53670.4      20.7210    0.0710000      53670.4      20.2110     0.185000
       53673.377      21.4740     0.163000      53673.4      21.0440    0.0340000      53673.4      20.7230    0.0370000      53673.4      20.6450    0.0400000      53673.4      20.4140     0.121000
       53675.374      21.7090     0.195000      53675.4      20.9860    0.0360000      53675.4      20.6280    0.0380000      53675.4      20.5210    0.0470000      53675.4      20.2910     0.138000
       53680.382      21.6500     0.198000      53680.4      20.9790    0.0400000      53680.4      20.6690    0.0380000      53680.4      20.5240    0.0410000      53680.4      20.4700     0.154000
       53683.440      21.6290     0.425000      53683.4      21.0420     0.122000      53683.4      20.3940    0.0740000      53683.4      20.6770     0.111000      53683.4      19.9950     0.265000
       53686.381      21.1320     0.251000      53686.4      20.7770    0.0790000      53686.4      20.6340    0.0610000      53686.4      20.4830    0.0580000      53686.4      20.2790     0.158000
       53687.439      21.3270     0.787000      53687.4      21.0770     0.271000      53687.4      20.8660     0.259000      53687.4      20.1540     0.168000      53687.4      20.4920     0.515000
       53693.384      21.6660     0.678000      53693.4      21.0520     0.144000      53693.4      20.8870     0.109000      53693.4      20.7050    0.0890000      53693.4      20.1860     0.153000
       53699.405      21.9180     0.388000      53699.4      20.9310    0.0480000      53699.4      20.6740    0.0420000      53699.4      20.5670    0.0470000      53699.4      20.2410     0.135000
       53704.367      21.4570     0.249000      53704.4      20.9630    0.0430000      53704.4      20.7060    0.0630000      53704.4      20.6460    0.0850000      53704.4      20.6910     0.312000
       53989.463      21.7620     0.414000      53989.5      21.0420    0.0850000      53989.5      20.7370    0.0580000      53989.5      20.6430    0.0540000      53989.5      20.3830     0.113000
       54008.449      21.4650     0.149000      54008.4      20.9860    0.0380000      54008.4      20.6760    0.0340000      54008.4      20.6440    0.0420000      54008.4      20.2440     0.114000
       54009.412      21.5710     0.127000      54009.4      21.0060    0.0290000      54009.4      20.7410    0.0280000      54009.4      20.5680    0.0330000      54009.4      20.3930    0.0900000
       54011.477      21.6790     0.140000      54011.5      20.9550    0.0310000      54011.5      20.7730    0.0320000      54011.5      20.7350    0.0410000      54011.5      20.4860    0.0920000
       54019.472      21.6300     0.351000      54019.5      21.1180    0.0830000      54019.5      20.8460    0.0550000      54019.5      20.6560    0.0510000      54019.5      20.5710     0.169000
       54025.476      21.5360     0.201000      54025.5      20.9610    0.0400000      54025.5      20.8190    0.0490000      54025.5      20.6450    0.0500000      54025.5      20.3850     0.144000
       54358.430      21.7580     0.206000      54358.4      21.3140    0.0430000      54358.4      21.0310    0.0430000      54358.4      20.8620    0.0550000      54358.4      20.5860     0.154000
       54365.463      22.0320     0.189000      54365.5      21.2480    0.0360000      54365.5      21.0220    0.0320000      54365.5      20.9130    0.0390000      54365.5      20.6400     0.117000
       54381.482      21.6270     0.216000      54381.5      21.1360    0.0430000      54381.5      20.9570    0.0510000      54381.5      20.7310    0.0510000      54381.5      20.4330     0.146000
       54386.474      21.7930     0.203000      54386.5      21.1060    0.0350000      54386.5      20.9660    0.0390000      54386.5      20.8280    0.0430000      54386.5      20.6160     0.137000
       54388.479      22.1970     0.351000      54388.5      21.1280    0.0430000      54388.5      20.9090    0.0450000      54388.5      20.8090    0.0570000      54388.5      20.5200     0.169000
       54392.476     -99.9900     0.207000      54392.5      21.1210    0.0390000      54392.5      20.8040    0.0450000      54392.5      20.6440    0.0530000      54392.5      20.5870     0.171000
       54404.450      20.9900     0.441000      54404.5      21.0170    0.0810000      54404.4     -99.9900     0.394000      54404.4     -99.9900     0.447000      54404.4      20.8200     0.309000
       54406.386      21.9450     0.235000      54406.4      21.0480    0.0390000      54406.4      20.8290    0.0380000      54406.4      20.9020    0.0440000      54406.4      20.2730    0.0860000
       54409.391      21.8610     0.217000      54409.4      21.1590    0.0360000      54409.4      20.8490    0.0440000      54409.4      20.7850    0.0510000      54409.4      20.8040     0.191000
       54412.412      21.4040     0.305000      54412.4      21.2010    0.0640000      54412.4      21.0300    0.0580000      54412.4      20.7330    0.0830000      54412.4      21.0320     0.392000
       52234.000       22.390000      0.36600000       52234.000       21.149000     0.046000000       52234.000       20.887000     0.050000000       52234.000       20.745000     0.059000000       52234.000       20.437000      0.14700000
       51075       22.168000      0.20600000       51075       21.483000     0.050000000       51075       21.176000     0.057000000       51075       21.052000     0.075000000       51075       20.911000      0.28900000
       51078       21.956000      0.12900000       51078       21.410000     0.046000000       51078       21.248000     0.045000000       51078       20.968000     0.047000000       51078       20.531000      0.11100000
       51134       21.961000      0.14400000       51134       21.483000     0.044000000       51134       21.191000     0.054000000       51134       20.997000     0.061000000       51134       20.853000      0.19400000
       51138       22.088000      0.24300000       51138       21.466000     0.071000000       51138       21.285000     0.077000000       51138       20.923000     0.084000000       51138       20.621000      0.26700000
       51818       21.851000      0.16400000       51818       21.285000     0.044000000       51818       20.965000     0.049000000       51818       20.757000     0.056000000       51818       20.525000      0.16000000
       51866       21.669000      0.13800000       51866       21.251000     0.048000000       51866       20.882000     0.060000000       51866       20.862000     0.061000000       51866       20.394000      0.12800000
       51874       21.608000      0.16300000       51874       21.106000     0.052000000       51874       20.973000     0.058000000       51874       20.787000     0.073000000       51874       20.588000      0.23000000
       52170       21.492000      0.13200000       52170       21.248000     0.056000000       52170       20.871000     0.048000000       52170       20.809000     0.062000000       52170       20.594000      0.19200000
       52171       21.698000      0.13800000       52171       21.266000     0.042000000       52171       20.923000     0.042000000       52171       20.816000     0.050000000       52171       20.348000      0.12200000
       52173       21.757000      0.16600000       52173       21.260000     0.046000000       52173       20.892000     0.052000000       52173       20.753000     0.071000000       52173       20.724000      0.24000000
       52224       21.716000      0.14000000       52224       21.149000     0.044000000       52224       20.951000     0.042000000       52224       20.786000     0.051000000       52224       20.372000      0.13400000
       52234       22.405000      0.30700000       52234       21.163000     0.045000000       52234       20.877000     0.049000000       52234       20.736000     0.061000000       52234       20.448000      0.15000000
       52261       21.468000      0.11600000       52261       21.121000     0.038000000       52261       20.933000     0.060000000       52261       20.788000     0.046000000       52261       20.405000      0.11300000
       52283       21.938000      0.20100000       52283       21.068000     0.047000000       52283       20.833000     0.056000000       52283       20.737000     0.074000000       52283       20.682000      0.23500000
       52287       21.601000      0.12800000       52287       21.139000     0.042000000       52287       20.834000     0.042000000       52287       20.736000     0.051000000       52287       20.279000      0.12100000
       52557       21.810000      0.15000000       52557       21.200000     0.041000000       52557       21.012000     0.046000000       52557       20.704000     0.053000000       52557       20.388000      0.15100000
       52585       21.566000      0.11400000       52585       21.252000     0.043000000       52585       20.957000     0.047000000       52585       20.826000     0.053000000       52585       20.398000      0.13600000
       52908       21.972000      0.18600000       52908       21.406000     0.046000000       52908       20.991000     0.056000000       52908       20.940000     0.074000000       52908       20.422000      0.12900000
       52912       21.922000      0.21300000       52912       21.208000     0.054000000       52912       21.163000     0.061000000       52912       20.735000     0.064000000       52912       20.323000      0.15000000
       52934       21.663000      0.15100000       52934       21.268000     0.045000000       52934       20.896000     0.048000000       52934       20.799000     0.061000000       52934       20.074000      0.12100000
       52936       21.910000      0.15400000       52936       21.212000     0.038000000       52936       20.916000     0.043000000       52936       20.673000     0.051000000       52936       20.414000      0.13700000
       53272       21.364000      0.10200000       53272       20.905000     0.034000000       53272       20.621000     0.035000000       53272       20.566000     0.041000000       53272       20.279000      0.10900000
       53286       21.762000      0.29000000       53286       20.822000     0.058000000       53286       20.581000     0.051000000       53286       20.403000     0.057000000       53286       20.651000      0.27700000
       53288       21.540000      0.11500000       53288       20.915000     0.036000000       53288       20.600000     0.034000000       53288       20.502000     0.042000000       53288       20.502000      0.13200000
       53294       21.305000      0.10400000       53294       20.793000     0.036000000       53294       20.585000     0.047000000       53294       20.535000     0.046000000       53294       20.203000      0.11200000
       53298       21.295000      0.10700000       53298       20.787000     0.031000000       53298       20.562000     0.038000000       53298       20.507000     0.048000000       53298       20.282000      0.15100000
       53312       21.730000      0.30600000       53312       20.722000     0.054000000       53312       20.595000     0.050000000       53312       20.422000     0.060000000       53312       19.934000      0.13100000
       53314       21.621000      0.16500000       53314       20.703000     0.036000000       53314       20.550000     0.044000000       53314       20.441000     0.050000000       53314       20.515000      0.16500000
       53319       21.403000      0.19500000       53319       20.788000     0.048000000       53319       20.632000     0.057000000       53319       20.375000     0.065000000       53319       20.131000      0.15800000
