       51818.424      19.8630    0.0400000      51818.4      19.5570    0.0140000      51818.4      19.3650    0.0150000      51818.4      19.1180    0.0160000      51818.4      18.9060    0.0460000
       52171.413      19.7650    0.0360000      52171.4      19.5260    0.0130000      52171.4      19.2840    0.0130000      52171.4      19.1110    0.0140000      52171.4      18.8530    0.0360000
       52173.389      19.8160    0.0440000      52173.4      19.5270    0.0140000      52173.4      19.2650    0.0140000      52173.4      19.1000    0.0180000      52173.4      18.9040    0.0550000
       52224.369      19.7800    0.0360000      52224.4      19.5240    0.0130000      52224.4      19.2870    0.0130000      52224.4      19.0860    0.0150000      52224.4      18.8950    0.0420000
       52234.325      19.8510    0.0450000      52234.3      19.5180    0.0140000      52234.3      19.2970    0.0140000      52234.3      19.0570    0.0160000      52234.3      18.8570    0.0410000
       52261.289      19.7810    0.0400000      52261.3      19.5360    0.0130000      52261.3      19.2460    0.0130000      52261.3      19.0550    0.0160000      52261.3      18.8630    0.0360000
       52283.156      19.7580    0.0420000      52283.2      19.5140    0.0140000      52283.2      19.2330    0.0140000      52283.2      19.0630    0.0180000      52283.2      18.9480    0.0570000
       52287.169      19.7920    0.0360000      52287.2      19.5210    0.0130000      52287.2      19.2610    0.0130000      52287.2      19.0290    0.0140000      52287.2      18.8660    0.0380000
       52557.462      19.5690    0.0320000      52557.5      19.3760    0.0120000      52557.5      19.1000    0.0120000      52557.5      18.9140    0.0140000      52557.5      18.7950    0.0440000
       52585.364      19.5720    0.0300000      52585.4      19.3130    0.0110000      52585.4      19.1110    0.0120000      52585.4      18.9250    0.0130000      52585.4      18.7730    0.0380000
       52908.437      19.4120    0.0360000      52908.4      19.1840    0.0110000      52908.4      18.9720    0.0120000      52908.4      18.8280    0.0140000      52908.4      18.6410    0.0360000
       52912.416      19.4070    0.0340000      52912.4      19.1830    0.0110000      52912.4      19.0020    0.0120000      52912.4      18.8420    0.0140000      52912.4      18.6410    0.0370000
       52934.369      19.4240    0.0300000      52934.4      19.1980    0.0110000      52934.4      18.9920    0.0120000      52934.4      18.8290    0.0130000      52934.4      18.6130    0.0390000
       52936.365      19.4740    0.0290000      52936.4      19.1810    0.0100000      52936.4      18.9850    0.0110000      52936.4      18.7950    0.0130000      52936.4      18.6420    0.0340000
       53270.429      19.5650    0.0290000      53270.4      19.2800    0.0150000      53270.4      19.0600    0.0170000      53270.4      18.8680    0.0160000      53270.4      18.6850    0.0320000
       53272.479      19.4870    0.0290000      53272.5      19.2660    0.0110000      53272.5      19.0490    0.0110000      53272.5      18.8390    0.0120000      53272.5      18.7090    0.0340000
       53286.448      19.6800    0.0510000      53286.4      19.2870    0.0160000      53286.4      19.0630    0.0170000      53286.4      18.9240    0.0190000      53286.4      18.6380    0.0470000
       53288.406      19.5080    0.0330000      53288.4      19.2890    0.0110000      53288.4      19.0790    0.0120000      53288.4      18.9010    0.0130000      53288.4      18.6340    0.0310000
       53294.454      19.5600    0.0350000      53294.5      19.3050    0.0120000      53294.5      19.0970    0.0130000      53294.5      18.8770    0.0130000      53294.5      18.6850    0.0340000
       53296.401      19.5260    0.0310000      53296.4      19.2940    0.0170000      53296.4      19.0470    0.0200000      53296.4      18.8810    0.0160000      53296.4      18.6320    0.0330000
       53298.450      19.5580    0.0340000      53298.5      19.2890    0.0110000      53298.4      19.0650    0.0130000      53298.4      18.8970    0.0150000      53298.5      18.6600    0.0380000
       53312.357      19.5350    0.0450000      53312.4      19.2790    0.0190000      53312.4      19.0690    0.0150000      53312.4      18.9100    0.0160000      53312.4      18.5810    0.0420000
       53314.358      19.4940    0.0370000      53314.4      19.3180    0.0130000      53314.4      19.0810    0.0140000      53314.4      18.8770    0.0150000      53314.4      18.7000    0.0400000
       53319.346      19.6180    0.0480000      53319.3      19.3240    0.0140000      53319.3      19.0530    0.0150000      53319.3      18.9550    0.0190000      53319.3      18.8260    0.0620000
       53616.463      19.7680    0.0460000      53616.5      19.3940    0.0120000      53616.5      19.1830    0.0130000      53616.5      18.9450    0.0150000      53616.5      18.7480    0.0440000
       53626.439      19.7700    0.0440000      53626.4      19.4790    0.0130000      53626.4      19.1910    0.0140000      53626.4      18.9920    0.0150000      53626.4      18.7470    0.0320000
       53628.424      19.7810    0.0490000      53628.4      19.4690    0.0140000      53628.4      19.1810    0.0160000      53628.4      18.9320    0.0190000      53628.4      18.7470    0.0610000
       53639.471      19.7550    0.0430000      53639.5      19.4420    0.0140000      53639.5      19.1940    0.0140000      53639.5      18.9380    0.0140000      53639.5      18.8000    0.0360000
       53657.429      19.6930    0.0430000      53657.4      19.3880    0.0130000      53657.4      19.1670    0.0140000      53657.4      18.9530    0.0160000      53657.4      18.7410    0.0520000
       53663.414      19.7250    0.0740000      53663.4      19.4160    0.0250000      53663.4      19.1290    0.0190000      53663.4      18.9920    0.0190000      53663.4      18.7590    0.0380000
       53665.392      19.7450    0.0710000      53665.4      19.4070    0.0220000      53665.4      19.1820    0.0180000      53665.4      18.8690    0.0170000      53665.4      18.6640    0.0440000
       53668.403      19.7360    0.0570000      53668.4      19.4180    0.0180000      53668.4      19.1720    0.0160000      53668.4      18.9930    0.0170000      53668.4      18.7980    0.0510000
       53669.491      19.5820    0.0570000      53669.5      19.4570    0.0170000      53669.5      19.1680    0.0160000      53669.5      18.9490    0.0170000      53669.5      18.6820    0.0460000
       53670.408      19.6160    0.0520000      53670.4      19.4400    0.0170000      53670.4      19.1680    0.0190000      53670.4      18.9440    0.0210000      53670.4      18.8090    0.0490000
       53673.376      19.7370    0.0390000      53673.4      19.4090    0.0120000      53673.4      19.1270    0.0120000      53673.4      18.9390    0.0130000      53673.4      18.7310    0.0330000
       53675.373      19.8240    0.0410000      53675.4      19.4130    0.0120000      53675.4      19.1860    0.0130000      53675.4      18.9290    0.0140000      53675.4      18.7110    0.0370000
       53676.493      19.3720     0.215000      53676.5      19.4170    0.0500000      53676.5     -99.9900    0.0870000      53676.5     -99.9900    0.0790000      53676.5     -99.9900     0.190000
       53680.381      19.7660    0.0400000      53680.4      19.4620    0.0130000      53680.4      19.1670    0.0130000      53680.4      18.9400    0.0140000      53680.4      18.7450    0.0340000
       53683.439      19.6500    0.0690000      53683.4      19.4300    0.0210000      53683.4      19.1820    0.0320000      53683.4      18.9280    0.0280000      53683.4      18.9770     0.102000
       53686.380      19.6910    0.0550000      53686.4      19.3960    0.0230000      53686.4      19.1550    0.0170000      53686.4      18.9640    0.0170000      53686.4      18.7960    0.0430000
       53693.383      19.7630     0.111000      53693.4      19.4470    0.0310000      53693.4      19.1470    0.0240000      53693.4      18.9890    0.0220000      53693.4      18.7170    0.0460000
       53699.403      19.7020    0.0530000      53699.4      19.4090    0.0160000      53699.4      19.1530    0.0140000      53699.4      18.9430    0.0150000      53699.4      18.7410    0.0390000
       53704.366      19.6890    0.0590000      53704.4      19.4660    0.0150000      53704.4      19.1740    0.0150000      53704.4      19.1310    0.0230000      53704.4      18.6580    0.0550000
       53989.462      19.3590    0.0440000      53989.5      19.1780    0.0180000      53989.5      19.0800    0.0180000      53989.5      18.8880    0.0200000      53989.5      18.6730    0.0340000
       54008.448      19.4380    0.0330000      54008.4      19.2090    0.0140000      54008.4      19.0550    0.0130000      54008.4      18.8650    0.0150000      54008.4      18.6600    0.0360000
       54009.411      19.3610    0.0250000      54009.4      19.2040    0.0180000      54009.4      19.0690    0.0130000      54009.4      18.8520    0.0180000      54009.4      18.6880    0.0300000
       54011.476      19.3940    0.0270000      54011.5      19.1990    0.0190000      54011.5      19.0560    0.0150000      54011.5      18.8650    0.0210000      54011.5      18.7220    0.0310000
       54019.471      19.3650    0.0420000      54019.5      19.2090    0.0190000      54019.5      19.0420    0.0180000      54019.5      18.8750    0.0200000      54019.5      18.6490    0.0370000
       54025.475      19.4680    0.0330000      54025.5      19.2200    0.0160000      54025.5      19.0520    0.0150000      54025.5      18.8770    0.0180000      54025.5      18.7220    0.0370000
       54348.473      19.4750    0.0510000      54348.5      19.2770    0.0200000      54348.5      19.1250    0.0180000      54348.5      18.9130    0.0240000      54348.5      18.6700    0.0380000
       54358.428      19.4870    0.0310000      54358.4      19.2550    0.0170000      54358.4      19.0790    0.0150000      54358.4      18.9310    0.0190000      54358.4      18.7580    0.0380000
       54365.461      19.5370    0.0320000      54365.5      19.2820    0.0170000      54365.5      19.0600    0.0150000      54365.5      18.9400    0.0190000      54365.5      18.7380    0.0310000
       54381.481      19.5240    0.0370000      54381.5      19.2750    0.0240000      54381.5      19.1170    0.0180000      54381.5      18.9130    0.0200000      54381.5      18.7140    0.0400000
       54386.473      19.4780    0.0320000      54386.5      19.2940    0.0170000      54386.5      19.0880    0.0150000      54386.5      18.9090    0.0180000      54386.5      18.6850    0.0330000
       54388.478      19.4750    0.0350000      54388.5      19.2680    0.0200000      54388.5      19.0910    0.0160000      54388.5      18.9230    0.0170000      54388.5      18.8140    0.0430000
       54392.475      19.4400    0.0360000      54392.5      19.2420    0.0360000      54392.5      19.1040    0.0180000      54392.5      18.9060    0.0160000      54392.5      18.7300    0.0450000
       54403.392     -99.9900      4.33600      54403.4      19.3240    0.0880000      54403.4      19.2210     0.200000      54403.4     -99.9900      2.36900      54403.4     -99.9900     0.405000
       54404.449     -99.9900     0.474000      54404.4      19.2620    0.0250000      54404.4     -99.9900    0.0610000      54404.4      18.9690    0.0940000      54404.4     -99.9900     0.164000
       54406.385      19.4990    0.0360000      54406.4      19.2710    0.0230000      54406.4      19.1210    0.0170000      54406.4      18.9050    0.0170000      54406.4      18.7380    0.0320000
       54409.390      19.5100    0.0320000      54409.4      19.2960    0.0220000      54409.4      19.1180    0.0140000      54409.4      18.9380    0.0210000      54409.4      18.7470    0.0370000
       54412.411      19.4490    0.0410000      54412.4      19.2850    0.0280000      54412.4      19.0990    0.0170000      54412.4      18.9470    0.0190000      54412.4      18.6910    0.0580000
       52234.000       19.889000     0.048000000       52234.000       19.532000     0.027000000       52234.000       19.281000     0.019000000       52234.000       19.037000     0.027000000       52234.000       18.841000     0.047000000
       51075       20.234000     0.041000000       51075       19.938000     0.020000000       51075       19.607000     0.019000000       51075       19.358000     0.023000000       51075       19.083000     0.058000000
       51133       20.196000     0.044000000       51133       19.923000     0.035000000       51133       19.663000     0.031000000       51133       19.310000     0.030000000       51133       18.993000     0.067000000
       51134       20.235000     0.040000000       51134       19.971000     0.023000000       51134       19.613000     0.022000000       51134       19.347000     0.025000000       51134       19.113000     0.048000000
       51138       20.145000     0.043000000       51138       19.968000     0.021000000       51138       19.630000     0.022000000       51138       19.309000     0.027000000       51138       19.059000     0.067000000
       51818       19.864000     0.035000000       51818       19.573000     0.019000000       51818       19.366000     0.017000000       51818       19.116000     0.021000000       51818       18.918000     0.047000000
       51866       19.788000     0.034000000       51866       19.596000     0.016000000       51866       19.341000     0.016000000       51866       19.102000     0.018000000       51866       18.896000     0.040000000
       51874       19.859000     0.043000000       51874       19.579000     0.026000000       51874       19.343000     0.018000000       51874       19.100000     0.021000000       51874       18.972000     0.061000000
       52170       19.800000     0.041000000       52170       19.549000     0.027000000       52170       19.306000     0.020000000       52170       19.077000     0.018000000       52170       18.891000     0.043000000
       52171       19.800000     0.037000000       52171       19.553000     0.018000000       52171       19.304000     0.016000000       52171       19.125000     0.017000000       52171       18.855000     0.037000000
       52173       19.864000     0.047000000       52173       19.541000     0.020000000       52173       19.265000     0.019000000       52173       19.087000     0.024000000       52173       18.902000     0.055000000
       52224       19.760000     0.037000000       52224       19.539000     0.020000000       52224       19.265000     0.014000000       52224       19.068000     0.025000000       52224       18.885000     0.041000000
       52234       19.885000     0.045000000       52234       19.523000     0.024000000       52234       19.283000     0.020000000       52234       19.034000     0.029000000       52234       18.835000     0.046000000
       52261       19.803000     0.058000000       52261       19.554000     0.023000000       52261       19.284000     0.022000000       52261       19.078000     0.024000000       52261       18.899000     0.041000000
       52283       19.744000     0.041000000       52283       19.537000     0.026000000       52283       19.198000     0.027000000       52283       19.048000     0.023000000       52283       18.939000     0.059000000
       52287       19.832000     0.042000000       52287       19.562000     0.022000000       52287       19.268000     0.019000000       52287       19.021000     0.017000000       52287       18.874000     0.039000000
       52557       19.606000     0.037000000       52557       19.433000     0.024000000       52557       19.122000     0.014000000       52557       18.933000     0.023000000       52557       18.781000     0.044000000
       52585       19.578000     0.034000000       52585       19.347000     0.023000000       52585       19.120000     0.024000000       52585       18.928000     0.020000000       52585       18.765000     0.040000000
       52908       19.456000     0.039000000       52908       19.232000     0.024000000       52908       19.000000     0.019000000       52908       18.835000     0.023000000       52908       18.629000     0.040000000
       52912       19.421000     0.032000000       52912       19.207000     0.023000000       52912       19.001000     0.018000000       52912       18.837000     0.020000000       52912       18.642000     0.045000000
       52934       19.445000     0.037000000       52934       19.250000     0.018000000       52934       19.022000     0.017000000       52934       18.854000     0.022000000       52934       18.632000     0.039000000
       52936       19.497000     0.028000000       52936       19.202000     0.017000000       52936       19.027000     0.019000000       52936       18.801000     0.019000000       52936       18.662000     0.036000000
       53272       19.497000     0.031000000       53272       19.311000     0.021000000       53272       19.057000     0.020000000       53272       18.843000     0.017000000       53272       18.714000     0.034000000
       53286       19.718000     0.049000000       53286       19.316000     0.025000000       53286       19.068000     0.023000000       53286       18.913000     0.022000000       53286       18.646000     0.048000000
       53288       19.523000     0.032000000       53288       19.339000     0.020000000       53288       19.094000     0.016000000       53288       18.915000     0.019000000       53288       18.627000     0.032000000
       53294       19.584000     0.042000000       53294       19.348000     0.026000000       53294       19.107000     0.020000000       53294       18.886000     0.032000000       53294       18.683000     0.037000000
       53298       19.603000     0.031000000       53298       19.343000     0.016000000       53298       19.062000     0.019000000       53298       18.886000     0.020000000       53298       18.659000     0.041000000
       53312       19.567000     0.047000000       53312       19.303000     0.023000000       53312       19.080000     0.017000000       53312       18.912000     0.018000000       53312       18.576000     0.045000000
       53314       19.508000     0.035000000       53314       19.374000     0.017000000       53314       19.104000     0.019000000       53314       18.882000     0.020000000       53314       18.706000     0.042000000
       53319       19.659000     0.048000000       53319       19.359000     0.025000000       53319       19.051000     0.024000000       53319       18.955000     0.024000000       53319       18.839000     0.068000000
