       51467.343      20.4260     0.103000      51467.3      20.3220    0.0320000      51467.3      20.2170    0.0410000      51467.3      19.9590    0.0510000      51467.3      19.9000     0.164000
       51819.319      20.1680    0.0510000      51819.3      20.1270    0.0200000      51819.3      20.0430    0.0230000      51819.3      19.7570    0.0280000      51819.3      19.7440    0.0810000
       52558.285      20.1390    0.0490000      52558.3      20.0970    0.0200000      52558.3      20.0020    0.0240000      52558.3      19.7570    0.0250000      52558.3      19.7440    0.0800000
       52577.172      20.1920    0.0540000      52577.2      19.9550    0.0190000      52577.2      19.9810    0.0260000      52577.2      19.7330    0.0350000      52577.2      19.8180     0.135000
       52586.176     -99.9900    0.0440000      52586.2      19.9740    0.0180000      52586.2      20.0160    0.0260000      52586.2      19.7720    0.0330000      52586.2      19.6610    0.0920000
       52910.256      20.0500    0.0410000      52910.3      19.9550    0.0160000      52910.3      19.9360    0.0180000      52910.3      19.7610    0.0240000      52910.3      19.6610    0.0690000
       52931.186      20.2630    0.0440000      52931.2      20.0150    0.0180000      52931.2      19.9060    0.0190000      52931.2      19.7000    0.0230000      52931.2      19.6810    0.0710000
       52935.183      20.0570    0.0470000      52935.2      19.9750    0.0190000      52935.2      20.0000    0.0230000      52935.2      19.7470    0.0280000      52935.2      19.7510    0.0940000
       52959.127      20.1820    0.0470000      52959.1      19.9750    0.0170000      52959.1      19.9620    0.0200000      52959.1      19.7080    0.0240000      52959.1      19.6740    0.0720000
       52963.106      20.1360    0.0470000      52963.1      19.9440    0.0160000      52963.1      19.9320    0.0190000      52963.1      19.6940    0.0230000      52963.1      19.6630    0.0650000
       53313.176     -99.9900    0.0480000      53313.2      19.9060    0.0180000      53313.2      19.8800    0.0260000      53313.2      19.6310    0.0350000      53313.2      19.5110    0.0900000
       53352.077      19.9780    0.0410000      53352.1      19.8730    0.0170000      53352.1      19.8420    0.0210000      53352.1      19.6390    0.0280000      53352.1      19.5500    0.0820000
       53622.286      19.8300    0.0500000      53622.3      19.7320    0.0180000      53622.3      19.6970    0.0240000      53622.3      19.4630    0.0320000      53622.3      19.4910    0.0940000
       53634.235      19.7720     0.136000      53634.2     -99.9900    0.0480000      53634.2      19.7720    0.0570000      53634.2      19.5660    0.0500000      53634.2      19.5090     0.140000
       53636.241      20.0810     0.116000      53636.2      19.6870    0.0310000      53636.2      19.6810    0.0290000      53636.2      19.4830    0.0370000      53636.2      19.4060     0.113000
       53638.277      19.7280    0.0400000      53638.3      19.7740    0.0170000      53638.3      19.7250    0.0180000      53638.3      19.4750    0.0210000      53638.3      19.5330    0.0630000
       53640.241     -99.9900    0.0840000      53640.2     -99.9900    0.0280000      53640.2     -99.9900    0.0400000      53640.2     -99.9900    0.0640000      53640.2      19.2670    0.0770000
       53655.213      19.9100     0.103000      53655.2      19.7370    0.0350000      53655.2      19.7410    0.0430000      53655.2      19.4250    0.0390000      53655.2      19.3460     0.101000
       53664.238      19.8410    0.0880000      53664.2      19.8270    0.0330000      53664.2      19.7350    0.0320000      53664.2      19.5470    0.0390000      53664.2      19.5300    0.0950000
       53666.201      19.8700    0.0410000      53666.2      19.8100    0.0170000      53666.2      19.7140    0.0200000      53666.2      19.4970    0.0240000      53666.2      19.4960    0.0660000
       53669.197      19.8920    0.0420000      53669.2      19.7490    0.0140000      53669.2      19.7550    0.0200000      53669.2      19.4960    0.0270000      53669.2      19.5370    0.0680000
       53671.282      19.9040    0.0610000      53671.3      19.7850    0.0180000      53671.3      19.7200    0.0250000      53671.3      19.4680    0.0260000      53671.3      19.3830    0.0720000
       53674.181      19.8760    0.0490000      53674.2      19.7000    0.0170000      53674.2      19.7290    0.0240000      53674.2      19.4890    0.0280000      53674.2      19.3840    0.0720000
       53676.271      19.8500    0.0500000      53676.3      19.7480    0.0170000      53676.3      19.7830    0.0220000      53676.3      19.5120    0.0230000      53676.3      19.4970    0.0690000
       53679.243      19.7650    0.0470000      53679.2      19.7400    0.0170000      53679.2      19.7440    0.0210000      53679.2      19.4950    0.0270000      53679.2      19.7560     0.106000
       53681.234      19.8980    0.0440000      53681.2      19.7700    0.0160000      53681.2      19.7250    0.0200000      53681.2      19.5080    0.0230000      53681.2      19.4620    0.0540000
       53687.231      19.7390     0.117000      53687.2      19.7420    0.0480000      53687.2      19.7030    0.0420000      53687.2      19.5500    0.0380000      53687.2      19.4400    0.0770000
       53694.207      19.9490     0.216000      53694.2      19.8700    0.0630000      53694.2      19.7410    0.0510000      53694.2     -99.9900    0.0550000      53694.2      19.4420     0.139000
       53697.191     -99.9900    0.0740000      53697.2      19.7890    0.0370000      53697.2      19.8090    0.0400000      53697.2      19.5150    0.0460000      53697.2      19.3660     0.129000
       53700.190      19.8580    0.0450000      53700.2      19.8010    0.0180000      53700.2      19.7540    0.0230000      53700.2      19.4950    0.0250000      53700.2      19.4310    0.0690000
       53705.177      19.8390    0.0430000      53705.2      19.8670    0.0180000      53705.2      19.7430    0.0200000      53705.2      19.4910    0.0230000      53705.2      19.4360    0.0610000
       53975.262      19.7290    0.0430000      53975.3      19.5170    0.0220000      53975.3      19.6020    0.0230000      53975.3      19.3880    0.0260000      53975.3      19.4090    0.0710000
       53993.330      19.7470    0.0450000      53993.3      19.6140    0.0220000      53993.3      19.5670    0.0200000      53993.3      19.3780    0.0220000      53993.3      19.3430    0.0590000
       53996.268      19.7090    0.0350000      53996.3      19.5980    0.0210000      53996.3      19.6080    0.0210000      53996.3      19.3480    0.0240000      53996.3      19.4150    0.0610000
       53998.237      19.9260    0.0470000      53998.2      19.5970    0.0170000      53998.2      19.6240    0.0180000      53998.2      19.3990    0.0190000      53998.2      19.3780    0.0470000
       54005.267      19.8560    0.0340000      54005.3      19.6500    0.0190000      54005.3      19.6010    0.0190000      54005.3      19.4260    0.0220000      54005.3      19.4120    0.0480000
       54010.223      19.8040    0.0450000      54010.2      19.6360    0.0220000      54010.2      19.6360    0.0190000      54010.2      19.4630    0.0230000      54010.2      19.3610    0.0480000
       54012.215      19.9100    0.0790000      54012.2      19.7260    0.0330000      54012.2      19.6660    0.0280000      54012.2      19.4600    0.0270000      54012.2      19.3100    0.0560000
       54020.221      19.8450    0.0540000      54020.2      19.6440    0.0220000      54020.2      19.6290    0.0230000      54020.2      19.4270    0.0290000      54020.2      19.2720    0.0660000
       54022.271      19.7970    0.0330000      54022.3     -99.9900    0.0200000      54022.3     -99.9900    0.0270000      54022.3      19.4060    0.0190000      54022.3      19.4290    0.0530000
       54028.212      19.7990    0.0430000      54028.2      19.6360    0.0210000      54028.2      19.6570    0.0250000      54028.2      19.4490    0.0260000      54028.2      19.3590    0.0700000
       54030.215      19.7380    0.0340000      54030.2      19.7270    0.0220000      54030.2      19.6490    0.0170000      54030.2      19.4300    0.0210000      54030.2      19.3580    0.0490000
       54035.291      19.7880    0.0570000      54035.3      19.7120    0.0350000      54035.3      19.6400    0.0250000      54035.3      19.4610    0.0330000      54035.3      19.4280    0.0970000
       54037.196      19.7580    0.0570000      54037.2      19.6800    0.0230000      54037.2      19.6410    0.0290000      54037.2      19.4210    0.0290000      54037.2      19.2960    0.0670000
       54040.211      19.8290    0.0740000      54040.2      19.6180    0.0350000      54040.2      19.5950    0.0350000      54040.2      19.4030    0.0340000      54040.2      19.3350    0.0680000
       54049.237      19.8530     0.112000      54049.2      19.7190    0.0340000      54049.2      19.5900    0.0300000      54049.2      19.3520    0.0350000      54049.2      19.3010    0.0810000
       54050.195      19.8740    0.0600000      54050.2      19.6960    0.0220000      54050.2      19.6590    0.0400000      54050.2      19.4310    0.0410000      54050.2      19.3140    0.0920000
       54053.201      19.7410    0.0500000      54053.2      19.7050    0.0180000      54053.2      19.6210    0.0250000      54053.2      19.4550    0.0280000      54053.2      19.3460    0.0600000
       54056.203      19.7190    0.0570000      54056.2      19.6910    0.0260000      54056.2      19.6660    0.0330000      54056.2      19.4570    0.0370000      54056.2      19.5740     0.108000
       54059.198      19.8060    0.0520000      54059.2      19.6780    0.0230000      54059.2      19.6770    0.0260000      54059.2      19.4690    0.0280000      54059.2      19.2990    0.0670000
       54062.202      19.8870    0.0610000      54062.2      19.7440    0.0210000      54062.2      19.7060    0.0270000      54062.2      19.4540    0.0410000      54062.2      19.4840     0.105000
       54357.241      19.9190    0.0450000      54357.2      19.8410    0.0230000      54357.2      19.8040    0.0260000      54357.2      19.5140    0.0260000      54357.2      19.5480    0.0640000
       54362.291      19.8930    0.0390000      54362.3      19.8350    0.0280000      54362.3      19.7930    0.0210000      54362.3      19.5660    0.0320000      54362.3      19.4400    0.0660000
       54376.299     -99.9900    0.0550000      54376.3      19.7820    0.0220000      54376.3      19.7580    0.0240000      54376.3      19.5030    0.0250000      54376.3      19.3880    0.0590000
       54385.288      19.8540    0.0440000      54385.3     -99.9900    0.0560000      54385.3      19.7390    0.0230000      54385.3      19.5260    0.0260000      54385.3      19.4960    0.0550000
       54387.289      19.8650    0.0480000      54387.3      19.7710    0.0230000      54387.3      19.7310    0.0210000      54387.3      19.4920    0.0250000      54387.3      19.4890    0.0690000
       54392.284      19.9160    0.0430000      54392.3      19.7690    0.0240000      54392.3      19.7340    0.0220000      54392.3      19.5000    0.0250000      54392.3      19.5780    0.0680000
       54402.282      19.9780     0.117000      54402.3      19.8280    0.0450000      54402.3      19.7660    0.0320000      54402.3      19.4690    0.0310000      54402.3      19.4540    0.0760000
       52522.000       20.116000     0.065000000       52522.000       19.954000     0.028000000       52522.000       20.055000     0.029000000       52522.000       19.764000     0.040000000       52522.000       19.870000      0.12500000
       51467       20.511000     0.092000000       51467       20.383000     0.034000000       51467       20.264000     0.042000000       51467       19.992000     0.050000000       51467       19.920000      0.15400000
       51819       20.221000     0.049000000       51819       20.169000     0.023000000       51819       20.073000     0.026000000       51819       19.792000     0.029000000       51819       19.715000     0.073000000
       52522       20.107000     0.063000000       52522       19.957000     0.028000000       52522       20.058000     0.029000000       52522       19.754000     0.038000000       52522       19.849000      0.12200000
       52552       20.288000     0.048000000       52552       20.066000     0.024000000       52552       20.065000     0.025000000       52552       19.799000     0.029000000       52552       19.685000     0.080000000
       52558       20.195000     0.044000000       52558       20.143000     0.028000000       52558       20.020000     0.028000000       52558       19.768000     0.028000000       52558       19.739000     0.078000000
       52577       20.251000     0.045000000       52577       19.974000     0.023000000       52577       19.993000     0.029000000       52577       19.739000     0.034000000       52577       19.822000      0.12900000
       52586       20.072000     0.050000000       52586       19.984000     0.021000000       52586       19.997000     0.028000000       52586       19.745000     0.033000000       52586       19.619000     0.088000000
       52931       20.259000     0.046000000       52931       20.042000     0.027000000       52931       19.937000     0.021000000       52931       19.721000     0.025000000       52931       19.721000     0.070000000
       52935       20.112000     0.047000000       52935       20.005000     0.021000000       52935       20.002000     0.027000000       52935       19.760000     0.031000000       52935       19.775000     0.094000000
       52963       20.229000     0.037000000       52963       19.984000     0.025000000       52963       19.955000     0.023000000       52963       19.701000     0.026000000       52963       19.681000     0.064000000
       52959       20.250000     0.056000000       52959       19.989000     0.025000000       52959       19.965000     0.023000000       52959       19.714000     0.029000000       52959       19.645000     0.067000000
       53313       20.015000     0.066000000       53313       19.912000     0.027000000       53313       19.874000     0.030000000       53313       19.599000     0.041000000       53313       19.468000     0.088000000
       53350       20.019000     0.050000000       53350       19.853000     0.023000000       53350       19.843000     0.033000000       53350       19.566000     0.035000000       53350       19.444000     0.098000000
       53352       19.994000     0.038000000       53352       19.888000     0.021000000       53352       19.841000     0.024000000       53352       19.648000     0.032000000       53352       19.563000     0.079000000
