       51075.262      19.4400    0.0300000      51075.3      18.6040   0.00800000      51075.3      18.3970   0.00900000      51075.3      18.4840    0.0120000      51075.3      18.7260    0.0500000
       51464.250      19.5000    0.0390000      51464.2      18.5700   0.00800000      51464.2      18.3950   0.00900000      51464.2      18.4950    0.0120000      51464.2      18.6950    0.0420000
       51467.341      19.4480    0.0450000      51467.3      18.6690    0.0100000      51467.3      18.3890   0.00900000      51467.3      18.4800    0.0140000      51467.3      18.5150    0.0510000
       51819.317      19.6790    0.0410000      51819.3      18.7180   0.00900000      51819.3      18.4480   0.00900000      51819.3      18.5300    0.0110000      51819.3      18.6440    0.0350000
       52196.263      19.6340    0.0380000      52196.3      18.7820   0.00900000      52196.3      18.5030   0.00900000      52196.3      18.6000    0.0110000      52196.3      18.6880    0.0410000
       52197.276      19.6900    0.0400000      52197.3      18.7830   0.00900000      52197.3      18.4890   0.00900000      52197.3      18.5860    0.0100000      52197.3      18.7380    0.0360000
       52231.162      19.7000    0.0400000      52231.2      18.7930   0.00900000      52231.2      18.5370   0.00900000      52231.2      18.6100    0.0110000      52231.2      18.7100    0.0350000
       52253.148      19.6380    0.0520000      52253.1      18.8180    0.0100000      52253.1      18.5370    0.0100000      52253.1      18.6270    0.0130000      52253.1      18.7300    0.0450000
       52557.270      19.8080    0.0550000      52557.3      18.8150   0.00900000      52557.3      18.5560    0.0100000      52557.3      18.6530    0.0120000      52557.3      18.7720    0.0440000
       52577.170      19.7470    0.0390000      52577.2      18.8640   0.00900000      52577.2      18.5220    0.0100000      52577.2      18.6620    0.0140000      52577.2      18.7720    0.0540000
       52578.166      19.7930    0.0460000      52578.2      18.8420   0.00900000      52578.2      18.5500   0.00900000      52578.2      18.6510    0.0120000      52578.2      18.7390    0.0430000
       52908.244      19.8910    0.0490000      52908.2      18.9310    0.0100000      52908.2      18.6470    0.0100000      52908.2      18.7750    0.0120000      52908.2      18.8380    0.0440000
       52911.258      19.8970    0.0500000      52911.3      18.9700    0.0100000      52911.3      18.6430    0.0100000      52911.3      18.7140    0.0120000      52911.3      18.8030    0.0450000
       52929.196      19.8490    0.0490000      52929.2      18.9640    0.0100000      52929.2      18.6510    0.0100000      52929.2      18.7270    0.0120000      52929.2      18.8970    0.0490000
       52930.136      19.8780    0.0450000      52930.1      18.9650   0.00900000      52930.1      18.6510   0.00900000      52930.1      18.7570    0.0110000      52930.1      18.8520    0.0370000
       52931.184      19.8100    0.0360000      52931.2      18.9770    0.0100000      52931.2      18.5990   0.00900000      52931.2      18.7120    0.0120000      52931.2      18.9210    0.0390000
       52934.176      19.8590    0.0510000      52934.2      18.9950    0.0100000      52934.2      18.6510    0.0100000      52934.2      18.7200    0.0120000      52934.2      18.7250    0.0420000
       52935.181      19.7210    0.0380000      52935.2      18.9460    0.0100000      52935.2      18.6240    0.0100000      52935.2      18.7320    0.0130000      52935.2      18.9010    0.0460000
       52936.172      19.9230    0.0450000      52936.2      18.9520   0.00900000      52936.2      18.6210   0.00900000      52936.2      18.7180    0.0110000      52936.2      18.9560    0.0430000
       52959.124      19.8240    0.0380000      52959.1      18.9550    0.0100000      52959.1      18.6130   0.00900000      52959.1      18.6970    0.0130000      52959.1      18.9160    0.0410000
       52962.098      19.8190    0.0460000      52962.1      18.9440    0.0110000      52962.1      18.6200    0.0100000      52962.1      18.7380    0.0130000      52962.1      18.8370    0.0420000
       52963.104      19.8860    0.0370000      52963.1      18.9620   0.00900000      52963.1      18.6050   0.00900000      52963.1      18.7140    0.0110000      52963.1      18.8530    0.0350000
       53270.236      19.8010    0.0380000      53270.2      18.9080    0.0170000      53270.2      18.6190    0.0130000      53270.2      18.7280    0.0130000      53270.2      18.8410    0.0380000
       53272.286      19.8370    0.0690000      53272.3      18.9480    0.0150000      53272.3      18.5860    0.0110000      53272.3      18.7090    0.0130000      53272.3      18.8520    0.0460000
       53286.255      19.7180    0.0510000      53286.3      18.9300    0.0110000      53286.3      18.6360    0.0100000      53286.3      18.7560    0.0130000      53286.3      18.8120    0.0420000
       53288.213      19.7690    0.0420000      53288.2      18.9080   0.00900000      53288.2      18.6270   0.00900000      53288.2      18.7230    0.0110000      53288.2      18.8490    0.0330000
       53294.241      19.7560    0.0370000      53294.2      18.9320    0.0230000      53294.2      18.6020    0.0260000      53294.2      18.6750    0.0180000      53294.2      18.7990    0.0440000
       53302.209      19.7140    0.0910000      53302.2      18.9450    0.0230000      53302.2      18.6440    0.0170000      53302.2      18.7630    0.0190000      53302.2      18.8920    0.0580000
       53312.165      19.7530    0.0420000      53312.2      18.9380    0.0190000      53312.2      18.6050    0.0210000      53312.2      18.7270    0.0280000      53312.2      18.8360    0.0450000
       53313.174      19.7970    0.0480000      53313.2      18.8930    0.0100000      53313.2      18.5960    0.0100000      53313.2      18.7480    0.0150000      53313.2      18.8490    0.0590000
       53314.166      19.7610    0.0420000      53314.2      18.8800   0.00900000      53314.2      18.6150    0.0100000      53314.2      18.7270    0.0120000      53314.2      18.8710    0.0490000
       53616.270      19.6480    0.0520000      53616.3      18.8620    0.0100000      53616.3      18.5730    0.0100000      53616.3      18.6800    0.0140000      53616.3      18.7930    0.0470000
       53623.260      19.6140    0.0460000      53623.3      18.8290    0.0100000      53623.3     -99.9900    0.0180000      53623.3      18.6550    0.0140000      53623.3      18.6850    0.0450000
       53626.247      19.6250    0.0500000      53626.2      18.8260    0.0130000      53626.2      18.5660    0.0110000      53626.2      18.6830    0.0120000      53626.2      18.7970    0.0390000
       53628.232      19.8270    0.0940000      53628.2      18.8410    0.0190000      53628.2      18.5740    0.0130000      53628.2      18.6690    0.0140000      53628.2      18.7270    0.0430000
       53636.238      19.4790    0.0520000      53636.2      18.8860    0.0160000      53636.2      18.5360    0.0120000      53636.2      18.6350    0.0190000      53636.2      18.8560    0.0550000
       53637.233      19.6820    0.0680000      53637.2      18.8040    0.0130000      53637.2      18.5640    0.0120000      53637.2      18.6430    0.0150000      53637.2      18.8060    0.0590000
       53638.274      19.5610    0.0360000      53638.3      18.8380    0.0100000      53638.3      18.5380   0.00900000      53638.3      18.6250    0.0110000      53638.3      18.7980    0.0390000
       53640.238      19.6380    0.0650000      53640.2     -99.9900    0.0400000      53640.2     -99.9900    0.0170000      53640.2     -99.9900    0.0800000      53640.2     -99.9900     0.118000
       53644.226      19.6980    0.0330000      53644.2      18.7850    0.0150000      53644.2      18.5720    0.0140000      53644.2      18.6760    0.0150000      53644.2      18.7900    0.0320000
       53654.260      19.6760    0.0430000      53654.3      18.8270   0.00900000      53654.3      18.5570    0.0100000      53654.3      18.6520    0.0130000      53654.3      18.7340    0.0390000
       53656.208      19.7330     0.120000      53656.2      18.7750    0.0230000      53656.2      18.5530    0.0180000      53656.2      18.6820    0.0210000      53656.2      18.6810    0.0620000
       53663.221      19.6560    0.0580000      53663.2      18.8270    0.0120000      53663.2      18.5790    0.0110000      53663.2      18.6820    0.0120000      53663.2      18.7330    0.0320000
       53666.199      19.5700    0.0360000      53666.2      18.8320    0.0100000      53666.2      18.5650   0.00900000      53666.2      18.6780    0.0120000      53666.2      18.8100    0.0420000
       53668.211      19.7250    0.0510000      53668.2      18.8230   0.00900000      53668.2      18.5840    0.0110000      53668.2      18.6150    0.0140000      53668.2      18.8560    0.0600000
       53670.216      19.6120    0.0430000      53670.2      18.8410   0.00900000      53670.2      18.5460   0.00900000      53670.2      18.6160    0.0120000      53670.2      18.7120    0.0390000
       53673.184      19.5200    0.0370000      53673.2      18.8490   0.00900000      53673.2      18.5800   0.00900000      53673.2      18.6840    0.0110000      53673.2      18.7590    0.0350000
       53675.180      19.6070    0.0390000      53675.2      18.8230   0.00900000      53675.2      18.5630    0.0100000      53675.2      18.6930    0.0120000      53675.2      18.8420    0.0440000
       53676.268      19.6970    0.0460000      53676.3      18.8800   0.00900000      53676.3      18.5500   0.00900000      53676.3      18.6570    0.0120000      53676.3      18.8380    0.0470000
       53677.201      19.6260    0.0400000      53677.2      18.8290   0.00900000      53677.2      18.5700   0.00900000      53677.2      18.6830    0.0100000      53677.2      18.8070    0.0360000
       53679.240      19.5700    0.0410000      53679.2      18.8330    0.0100000      53679.2      18.5500    0.0100000      53679.2      18.6490    0.0130000      53679.2      18.8050    0.0440000
       53685.191      19.7360     0.137000      53685.2      18.8420    0.0310000      53685.2      18.5310    0.0240000      53685.2      18.5680    0.0290000      53685.2      18.6930    0.0850000
       53687.229      19.5480     0.110000      53687.2      18.8300    0.0210000      53687.2      18.5730    0.0150000      53687.2      18.6780    0.0170000      53687.2      18.8380    0.0540000
       53693.190      19.6900    0.0840000      53693.2      18.9110    0.0180000      53693.2      18.5520    0.0120000      53693.2      18.6600    0.0120000      53693.2      18.7780    0.0400000
       53704.173      19.6120    0.0450000      53704.2      18.8210   0.00900000      53704.2      18.5660    0.0100000      53704.2      18.6720    0.0120000      53704.2      18.7940    0.0410000
       53989.269      19.7530    0.0690000      53989.3      18.9230    0.0210000      53989.3      18.6260    0.0190000      53989.3      18.7180    0.0200000      53989.3      18.8430    0.0370000
       53997.365      19.8610    0.0500000      53997.4      18.9170    0.0210000      53997.4      18.6390    0.0130000      53997.4      18.7310    0.0170000      53997.4      18.8400    0.0420000
       53998.235      19.6930    0.0320000      53998.2      18.9490    0.0150000      53998.2      18.5750    0.0160000      53998.2      18.7290    0.0180000      53998.2      18.8870    0.0380000
       54000.245      19.8370    0.0490000      54000.2      18.9430    0.0120000      54000.2      18.6400    0.0170000      54000.2      18.7540    0.0150000      54000.2      18.8230    0.0450000
       54007.295      19.8400    0.0450000      54007.3      18.9540    0.0180000      54007.3      18.6490    0.0150000      54007.3      18.6970    0.0140000      54007.3      18.8560    0.0370000
       54009.219      19.7980    0.0410000      54009.2      18.9420    0.0190000      54009.2      18.6190    0.0160000      54009.2      18.7360    0.0150000      54009.2      18.8940    0.0360000
       54010.220      19.7890    0.0450000      54010.2      18.9670    0.0130000      54010.2      18.6090    0.0140000      54010.2      18.7790    0.0140000      54010.2      18.8240    0.0340000
       54011.283      19.8410    0.0590000      54011.3      18.9710    0.0230000      54011.3      18.6370    0.0140000      54011.3      18.7430    0.0240000      54011.3      18.8840    0.0340000
       54012.213      19.6910    0.0590000      54012.2      18.9800    0.0190000      54012.2      18.5900    0.0160000      54012.2      18.7050    0.0240000      54012.2      18.8400    0.0390000
       54019.234      19.8410    0.0530000      54019.2      18.9250    0.0170000      54019.2      18.6480    0.0110000      54019.2      18.7260    0.0140000      54019.2      18.7380    0.0300000
       54025.282      19.7790    0.0470000      54025.3      18.9510    0.0170000      54025.3      18.6320    0.0140000      54025.3      18.7050    0.0170000      54025.3      18.9120    0.0470000
       54029.213      19.8520    0.0450000      54029.2      18.9640    0.0200000      54029.2      18.6200    0.0150000      54029.2      18.7110    0.0160000      54029.2      18.9320    0.0420000
       54030.213      19.7850    0.0340000      54030.2      18.9680    0.0230000      54030.2      18.6080    0.0140000      54030.2      18.7070    0.0190000      54030.2      18.8230    0.0350000
       54037.194      19.7310    0.0470000      54037.2      18.9370    0.0190000      54037.2      18.6330    0.0140000      54037.2      18.7140    0.0220000      54037.2      18.9540    0.0590000
       54049.235      19.8280    0.0900000      54049.2      18.9580    0.0210000      54049.2      18.6690    0.0200000      54049.2      18.6740    0.0240000      54049.2      18.7660    0.0620000
       54050.193      19.7690    0.0600000      54050.2      18.9460    0.0180000      54050.2      18.5840    0.0580000      54050.2      18.6850    0.0370000      54050.2      18.9560    0.0990000
       54053.199      19.7170    0.0470000      54053.2      18.9210    0.0280000      54053.2      18.5800    0.0170000      54053.2      18.6770    0.0180000      54053.2      18.8870    0.0500000
       54056.201      19.8230    0.0780000      54056.2      18.9540    0.0320000      54056.2      18.6060    0.0370000      54056.2      18.6950    0.0240000      54056.2      18.8980    0.0710000
       54348.280      19.9830    0.0550000      54348.3      19.1310    0.0250000      54348.3      18.7290    0.0130000      54348.3      18.8260    0.0250000      54348.3      18.9330    0.0460000
       54358.236      20.0560    0.0610000      54358.2      19.0780    0.0180000      54358.2      18.7470    0.0230000      54358.2      18.8090    0.0190000      54358.2      18.9710    0.0470000
       54365.269      20.1140    0.0640000      54365.3      19.0960    0.0180000      54365.3      18.7150    0.0150000      54365.3      18.8070    0.0190000      54365.3      18.9200    0.0420000
       54373.343      20.2370     0.166000      54373.3      19.0730    0.0290000      54373.3      18.7210    0.0220000      54373.3      18.7850    0.0170000      54373.3      18.9220    0.0550000
       54376.297      19.9120    0.0470000      54376.3      19.1030    0.0140000      54376.3      18.6940    0.0180000      54376.3      18.7660    0.0190000      54376.3      18.9170    0.0430000
       54381.289      20.2080    0.0670000      54381.3      19.1500    0.0180000      54381.3      18.7180    0.0230000      54381.3      18.8440    0.0220000      54381.3      19.0270    0.0490000
       54382.278      20.0680    0.0800000      54382.3      19.0780    0.0250000      54382.3      18.6820    0.0160000      54382.3      18.7850    0.0230000      54382.3      19.0450    0.0650000
       54385.286      19.8440    0.0460000      54385.3      19.1440    0.0220000      54385.3      18.7540    0.0190000      54385.3      18.8000    0.0160000      54385.3      18.8700    0.0440000
       54386.281      19.9910    0.0500000      54386.3      19.1020    0.0170000      54386.3      18.7220    0.0140000      54386.3      18.7910    0.0150000      54386.3      18.8730    0.0380000
       54388.285      19.9780    0.0600000      54388.3      19.1200    0.0180000      54388.3      18.7280    0.0180000      54388.3      18.8000    0.0150000      54388.3      18.8690    0.0430000
       54392.281      19.8820    0.0450000      54392.3      19.1580    0.0170000      54392.3      18.7030    0.0130000      54392.3      18.7770    0.0200000      54392.3      18.9840    0.0510000
       54403.199      20.0460    0.0720000      54403.2      19.0640    0.0200000      54403.2      18.7770    0.0230000      54403.2      18.7930    0.0170000      54403.2      18.8690    0.0390000
       54404.205      19.9770    0.0460000      54404.2      19.1340    0.0170000      54404.2      18.7500    0.0130000      54404.2      18.7990    0.0130000      54404.2      18.9080    0.0360000
       54405.254      20.0480    0.0540000      54405.3      19.1230    0.0200000      54405.3      18.7200    0.0160000      54405.3      18.7830    0.0200000      54405.3      18.9190    0.0390000
       54406.193      20.0870    0.0550000      54406.2      19.1240    0.0210000      54406.2      18.6940    0.0170000      54406.2      18.7930    0.0160000      54406.2      18.8980    0.0420000
       54412.196      19.9810    0.0490000      54412.2      19.1310    0.0150000      54412.2      18.7120    0.0130000      54412.2      18.7950    0.0160000      54412.2      18.9460    0.0420000
       52197.000       19.695000     0.039000000       52197.000       18.805000     0.020000000       52197.000       18.487000     0.011000000       52197.000       18.562000     0.018000000       52197.000       18.713000     0.036000000
       51075       19.368000     0.029000000       51075       18.567000     0.017000000       51075       18.365000     0.019000000       51075       18.448000     0.016000000       51075       18.679000     0.050000000
       51464       19.474000     0.037000000       51464       18.567000     0.016000000       51464       18.385000     0.015000000       51464       18.479000     0.018000000       51464       18.685000     0.045000000
       51467       19.461000     0.042000000       51467       18.656000     0.014000000       51467       18.373000     0.014000000       51467       18.459000     0.020000000       51467       18.492000     0.052000000
       51819       19.704000     0.040000000       51819       18.738000     0.020000000       51819       18.463000     0.015000000       51819       18.531000     0.023000000       51819       18.660000     0.037000000
       52196       19.634000     0.038000000       52196       18.783000     0.020000000       52196       18.477000     0.015000000       52196       18.582000     0.016000000       52196       18.635000     0.043000000
       52197       19.695000     0.035000000       52197       18.795000     0.017000000       52197       18.489000     0.011000000       52197       18.557000     0.018000000       52197       18.709000     0.038000000
       52225       19.662000     0.044000000       52225       18.770000     0.016000000       52225       18.498000     0.018000000       52225       18.589000     0.015000000       52225       18.721000     0.039000000
       52231       19.693000     0.033000000       52231       18.801000     0.027000000       52231       18.500000     0.017000000       52231       18.568000     0.015000000       52231       18.643000     0.041000000
       52253       19.621000     0.051000000       52253       18.810000     0.025000000       52253       18.501000     0.016000000       52253       18.598000     0.021000000       52253       18.707000     0.046000000
       52557       19.825000     0.045000000       52557       18.805000     0.018000000       52557       18.549000     0.016000000       52557       18.638000     0.017000000       52557       18.735000     0.045000000
       52578       19.806000     0.039000000       52578       18.842000     0.018000000       52578       18.540000     0.019000000       52578       18.624000     0.017000000       52578       18.687000     0.043000000
       52908       19.854000     0.040000000       52908       18.904000     0.024000000       52908       18.610000     0.018000000       52908       18.743000     0.019000000       52908       18.810000     0.045000000
       52911       19.910000     0.041000000       52911       18.984000     0.018000000       52911       18.659000     0.018000000       52911       18.712000     0.018000000       52911       18.793000     0.047000000
       52929       19.852000     0.046000000       52929       18.975000     0.021000000       52929       18.655000     0.016000000       52929       18.724000     0.019000000       52929       18.888000     0.052000000
       52930       19.896000     0.038000000       52930       18.974000     0.025000000       52930       18.620000     0.019000000       52930       18.733000     0.019000000       52930       18.831000     0.039000000
       52934       19.842000     0.043000000       52934       18.972000     0.019000000       52934       18.627000     0.014000000       52934       18.688000     0.017000000       52934       18.666000     0.042000000
       52936       19.915000     0.037000000       52936       18.963000     0.018000000       52936       18.588000     0.019000000       52936       18.699000     0.024000000       52936       18.928000     0.046000000
       52962       19.823000     0.037000000       52962       18.937000     0.021000000       52962       18.579000     0.022000000       52962       18.714000     0.020000000       52962       18.803000     0.043000000
       52962       19.915000     0.044000000       52962       18.888000     0.021000000       52962       18.609000     0.017000000       52962       18.680000     0.017000000       52962       18.912000     0.046000000
       53270       19.771000     0.036000000       53270       18.899000     0.017000000       53270       18.604000     0.014000000       53270       18.702000     0.015000000       53270       18.820000     0.040000000
       53272       19.789000     0.060000000       53272       18.893000     0.028000000       53272       18.536000     0.016000000       53272       18.672000     0.021000000       53272       18.803000     0.046000000
       53286       19.703000     0.042000000       53286       18.912000     0.025000000       53286       18.614000     0.017000000       53286       18.755000     0.019000000       53286       18.793000     0.043000000
       53294       19.757000     0.042000000       53294       18.945000     0.021000000       53294       18.584000     0.023000000       53294       18.647000     0.020000000       53294       18.784000     0.048000000
       53312       19.725000     0.039000000       53312       18.886000     0.025000000       53312       18.583000     0.024000000       53312       18.754000     0.031000000       53312       18.809000     0.049000000
       53314       19.787000     0.038000000       53314       18.874000     0.016000000       53314       18.590000     0.013000000       53314       18.715000     0.017000000       53314       18.821000     0.049000000
       53350       19.759000     0.041000000       53350       18.931000     0.029000000       53350       18.573000     0.018000000       53350       18.710000     0.023000000       53350       18.744000     0.060000000
