       51467.341      19.4940    0.0470000      51467.3      19.1930    0.0140000      51467.3      19.1860    0.0170000      51467.3      18.9860    0.0200000      51467.3      18.9190    0.0730000
       51819.317      19.7200    0.0480000      51819.3      19.3240    0.0120000      51819.3      19.2860    0.0140000      51819.3      19.1000    0.0150000      51819.3      18.9950    0.0460000
       52558.282      19.4810    0.0340000      52558.3      19.1940    0.0110000      52558.3      19.2080    0.0130000      52558.3      19.0430    0.0150000      52558.3      18.8890    0.0440000
       52577.170      19.4180    0.0320000      52577.2      19.1510    0.0110000      52577.2      19.1220    0.0150000      52577.2      18.9620    0.0190000      52577.2      18.8010    0.0590000
       52586.173      19.4630    0.0310000      52586.2      19.1650    0.0110000      52586.2      19.1940    0.0140000      52586.2      19.0000    0.0170000      52586.2      19.0010    0.0580000
       52910.254      19.3650    0.0270000      52910.3      19.0930    0.0100000      52910.3      19.0790    0.0110000      52910.3      18.9480    0.0130000      52910.3      18.9520    0.0410000
       52931.184      19.4940    0.0290000      52931.2      19.1510    0.0100000      52931.2      19.1390    0.0120000      52931.2      19.0030    0.0130000      52931.2      18.8660    0.0380000
       52935.181      19.4420    0.0320000      52935.2      19.1970    0.0110000      52935.2      19.1360    0.0130000      52935.2      18.9680    0.0150000      52935.2      18.8340    0.0440000
       52959.124      19.4360    0.0290000      52959.1      19.1880    0.0110000      52959.1      19.1680    0.0120000      52959.1      18.9940    0.0150000      52959.1      18.8640    0.0390000
       52963.104      19.4570    0.0270000      52963.1      19.1790    0.0100000      52963.1      19.1860    0.0120000      52963.1      19.0420    0.0130000      52963.1      18.9250    0.0370000
       53313.174      19.4780    0.0390000      53313.2      19.2050    0.0120000      53313.2      19.1670    0.0150000      53313.2      18.9360    0.0180000      53313.2      18.8810    0.0620000
       53352.075      19.4970    0.0320000      53352.1      19.1960    0.0110000      53352.1      19.1580    0.0140000      53352.1      19.0080    0.0160000      53352.1      18.8590    0.0480000
       53622.283      19.2620    0.0360000      53622.3      18.9800    0.0120000      53622.3      18.9800    0.0140000      53622.3      18.8420    0.0180000      53622.3      18.8400    0.0660000
       53634.233      19.3350    0.0870000      53634.2      18.9420    0.0270000      53634.2      18.8930    0.0250000      53634.2     -99.9900    0.0260000      53634.2     -99.9900    0.0870000
       53636.238      19.2580    0.0450000      53636.2      18.9970    0.0180000      53636.2      18.9550    0.0160000      53636.2      18.9080    0.0230000      53636.2      18.7620    0.0510000
       53638.274      19.2610    0.0290000      53638.3      19.0020    0.0100000      53638.3      18.9880    0.0120000      53638.3      18.8830    0.0130000      53638.3      18.8080    0.0390000
       53640.238     -99.9900    0.0440000      53640.2     -99.9900    0.0240000      53640.2      18.9390    0.0190000      53640.2     -99.9900     0.144000      53640.2      18.9680     0.106000
       53655.210      19.1430    0.0560000      53655.2     -99.9900    0.0190000      53655.2      18.9220    0.0210000      53655.2     -99.9900    0.0210000      53655.2     -99.9900    0.0630000
       53664.235      19.1600    0.0460000      53664.2      18.9880    0.0180000      53664.2      18.9600    0.0160000      53664.2      18.8410    0.0170000      53664.2      18.7160    0.0510000
       53666.199      19.1800    0.0290000      53666.2      18.9530    0.0140000      53666.2      18.9450    0.0170000      53666.2      18.8300    0.0190000      53666.2      18.7570    0.0440000
       53669.194      19.1600    0.0270000      53669.2      18.9380    0.0100000      53669.2      18.9420    0.0120000      53669.2      18.8690    0.0160000      53669.2      18.7500    0.0480000
       53671.279      19.2130    0.0380000      53671.3      18.9760    0.0110000      53671.3      18.9500    0.0140000      53671.3      18.8010    0.0150000      53671.3     -99.9900    0.0530000
       53674.179      19.1280    0.0320000      53674.2      18.9460    0.0230000      53674.2      18.9170    0.0130000      53674.2      18.7920    0.0190000      53674.2      18.6710    0.0480000
       53676.268      19.2210    0.0350000      53676.3      18.9710    0.0120000      53676.3      18.9640    0.0160000      53676.3      18.8530    0.0180000      53676.3      18.7810    0.0430000
       53679.240      19.1990    0.0320000      53679.2      18.9690    0.0100000      53679.2      18.9820    0.0130000      53679.2      18.8670    0.0150000      53679.2      18.8060    0.0440000
       53681.232      19.2080    0.0300000      53681.2      18.9540    0.0120000      53681.2      18.9560    0.0160000      53681.2      18.8720    0.0180000      53681.2      18.8190    0.0410000
       53685.191      19.2260    0.0890000      53685.2      18.9270    0.0340000      53685.2      18.9010    0.0330000      53685.2      18.8440    0.0380000      53685.2      18.7600    0.0940000
       53687.229      19.0370    0.0710000      53687.2      18.9500    0.0240000      53687.2      18.9820    0.0220000      53687.2      18.8480    0.0200000      53687.2      18.8260    0.0540000
       53697.189      19.2700    0.0550000      53697.2      19.0420    0.0180000      53697.2      18.9410    0.0190000      53697.2      18.8640    0.0250000      53697.2      18.8920    0.0760000
       53700.188      19.2540    0.0330000      53700.2      18.9670    0.0100000      53700.2      18.9470    0.0120000      53700.2      18.8570    0.0160000      53700.2      18.8160    0.0480000
       53705.174      19.2650    0.0320000      53705.2      18.9660    0.0120000      53705.2      18.9580    0.0140000      53705.2      18.8060    0.0160000      53705.2      18.7520    0.0410000
       53975.259      19.2100    0.0330000      53975.3      19.0020    0.0240000      53975.3      19.0340    0.0160000      53975.3      18.9650    0.0190000      53975.3      18.8490    0.0540000
       53993.327      19.2810    0.0330000      53993.3      19.0490    0.0170000      53993.3      19.0480    0.0150000      53993.3      18.9930    0.0170000      53993.3      18.9600    0.0430000
       53996.266      19.3520    0.0330000      53996.3     -99.9900    0.0240000      53996.3      19.0750    0.0140000      53996.3      18.9770    0.0180000      53996.3      18.8100    0.0400000
       53998.235      19.3480    0.0270000      53998.2      19.0660    0.0160000      53998.2      19.0980    0.0170000      53998.2      19.0060    0.0190000      53998.2      18.9320    0.0390000
       54005.265      19.3070    0.0290000      54005.3      19.1050    0.0160000      54005.3      19.1220    0.0190000      54005.3      19.0300    0.0190000      54005.3      18.9110    0.0380000
       54010.220      19.4020    0.0340000      54010.2      19.1300    0.0140000      54010.2      19.1690    0.0160000      54010.2      19.0540    0.0160000      54010.2      18.9570    0.0370000
       54012.213      19.4500    0.0510000      54012.2      19.1880    0.0230000      54012.2      19.1630    0.0200000      54012.2      19.0800    0.0250000      54012.2      19.0200    0.0470000
       54020.219      19.4500    0.0390000      54020.2      19.1660    0.0210000      54020.2      19.1600    0.0160000      54020.2      19.0650    0.0170000      54020.2      18.9250    0.0580000
       54022.268      19.5990    0.0490000      54022.3     -99.9900    0.0160000      54022.3     -99.9900    0.0210000      54022.3      19.1650    0.0290000      54022.3      19.0310    0.0490000
       54028.209      19.5430    0.0360000      54028.2      19.2000    0.0210000      54028.2      19.1990    0.0160000      54028.2      19.0560    0.0200000      54028.2      18.9460    0.0490000
       54030.212      19.4920    0.0310000      54030.2      19.2040    0.0170000      54030.2      19.2120    0.0140000      54030.2      19.1420    0.0180000      54030.2      19.0810    0.0400000
       54035.288      19.5100    0.0490000      54035.3      19.2240    0.0210000      54035.3      19.1730    0.0200000      54035.3      19.0840    0.0250000      54035.3      18.9080    0.0660000
       54037.194      19.5120    0.0400000      54037.2      19.2140    0.0170000      54037.2      19.1920    0.0210000      54037.2      19.0830    0.0250000      54037.2      18.9420    0.0590000
       54040.208      19.5840    0.0600000      54040.2      19.1910    0.0230000      54040.2      19.2200    0.0250000      54040.2      19.0640    0.0240000      54040.2      18.9780    0.0530000
       54049.235      19.4300    0.0640000      54049.2      19.1490    0.0240000      54049.2      19.1840    0.0260000      54049.2      19.0550    0.0290000      54049.2      18.7690    0.0620000
       54050.193      19.4600    0.0500000      54050.2      19.1600    0.0190000      54050.2      19.1770    0.0600000      54050.2      18.8600    0.0370000      54050.2      18.8560    0.0930000
       54053.199      19.4610    0.0400000      54053.2      19.1950    0.0290000      54053.2      19.2300    0.0200000      54053.2      19.0560    0.0200000      54053.2      18.9110    0.0510000
       54056.201      19.5110    0.0700000      54056.2      19.2070    0.0330000      54056.2      19.2300    0.0390000      54056.2      19.0370    0.0250000      54056.2      18.8270    0.0700000
       54059.195      19.5150    0.0410000      54059.2      19.2100    0.0240000      54059.2      19.5790    0.0270000      54059.2      19.0170    0.0220000      54059.2      19.0040    0.0670000
       54061.206      19.5930    0.0360000      54061.2      19.2480    0.0210000      54061.2      19.2310    0.0140000      54061.2      19.1070    0.0210000      54061.2      18.9850    0.0490000
       54062.200      19.5440    0.0460000      54062.2      19.1970    0.0260000      54062.2      19.2580    0.0270000      54062.2      19.0720    0.0300000      54062.2      18.9380    0.0770000
       54357.238      19.6370    0.0470000      54357.2      19.3350    0.0170000      54357.2      19.3560    0.0180000      54357.2      19.2130    0.0270000      54357.2      18.9990    0.0470000
       54362.288      19.6770    0.0350000      54362.3      19.3770    0.0230000      54362.3      19.3790    0.0210000      54362.3      19.2080    0.0250000      54362.3      19.1420    0.0490000
       54376.297      19.6760    0.0380000      54376.3      19.3590    0.0150000      54376.3      19.4040    0.0180000      54376.3      19.1970    0.0210000      54376.3      19.2100    0.0540000
       54385.286      19.5760    0.0360000      54385.3      19.3060    0.0200000      54385.3      19.3250    0.0160000      54385.3      19.1970    0.0180000      54385.3      18.9570    0.0480000
       54387.286      19.5620    0.0380000      54387.3      19.2760    0.0170000      54387.3      19.3060    0.0170000      54387.3      19.1730    0.0230000      54387.3      19.0520    0.0500000
       54392.281      19.4540    0.0340000      54392.3      19.2540    0.0160000      54392.3      19.2830    0.0150000      54392.3      19.1320    0.0190000      54392.3      18.9670    0.0490000
       54402.280      19.3740    0.0650000      54402.3      19.2940    0.0240000      54402.3      19.2850    0.0220000      54402.3      19.1590    0.0260000      54402.3      19.0800    0.0510000
       52522.000       19.680000     0.041000000       52522.000       19.315000     0.031000000       52522.000       19.305000     0.020000000       52522.000       19.106000     0.025000000       52522.000       18.966000     0.058000000
       51467       19.535000     0.044000000       51467       19.217000     0.017000000       51467       19.192000     0.019000000       51467       19.000000     0.025000000       51467       18.918000     0.072000000
       51819       19.695000     0.033000000       51819       19.338000     0.022000000       51819       19.315000     0.018000000       51819       19.146000     0.025000000       51819       19.028000     0.046000000
       52522       19.648000     0.038000000       52522       19.312000     0.022000000       52522       19.308000     0.021000000       52522       19.113000     0.024000000       52522       18.969000     0.060000000
       52552       19.586000     0.031000000       52552       19.254000     0.025000000       52552       19.278000     0.024000000       52552       19.125000     0.024000000       52552       18.976000     0.052000000
       52558       19.533000     0.055000000       52558       19.234000     0.025000000       52558       19.234000     0.020000000       52558       19.087000     0.021000000       52558       18.888000     0.047000000
       52577       19.482000     0.035000000       52577       19.212000     0.017000000       52577       19.195000     0.018000000       52577       19.037000     0.023000000       52577       18.886000     0.059000000
       52586       19.452000     0.028000000       52586       19.195000     0.023000000       52586       19.220000     0.020000000       52586       19.032000     0.020000000       52586       19.014000     0.058000000
       52910       19.391000     0.028000000       52910       19.117000     0.019000000       52910       19.114000     0.018000000       52910       18.989000     0.021000000       52910       18.993000     0.044000000
       52931       19.522000     0.029000000       52931       19.201000     0.017000000       52931       19.186000     0.018000000       52931       19.073000     0.020000000       52931       18.932000     0.040000000
       52935       19.483000     0.030000000       52935       19.225000     0.023000000       52935       19.182000     0.017000000       52935       19.016000     0.019000000       52935       18.875000     0.045000000
       52959       19.475000     0.029000000       52959       19.228000     0.020000000       52959       19.211000     0.016000000       52959       19.070000     0.026000000       52959       18.910000     0.044000000
       53313       19.548000     0.042000000       53313       19.278000     0.029000000       53313       19.231000     0.025000000       53313       18.985000     0.023000000       53313       18.938000     0.065000000
       53350       19.518000     0.036000000       53350       19.193000     0.030000000       53350       19.183000     0.021000000       53350       18.999000     0.025000000       53350       18.772000     0.060000000
       53352       19.525000     0.031000000       53352       19.259000     0.020000000       53352       19.209000     0.021000000       53352       19.079000     0.024000000       53352       18.911000     0.053000000
