       51081.326      20.4060    0.0780000      51081.3      20.3290    0.0270000      51081.3      20.3560    0.0350000      51081.3      19.9920    0.0350000      51081.3      19.7280    0.0970000
       51819.397      20.7480     0.105000      51819.4      20.5590    0.0300000      51819.4      20.5950    0.0400000      51819.4      20.1710    0.0350000      51819.4      19.8540     0.103000
       52558.363      20.9630     0.143000      52558.4      20.7910    0.0350000      52558.4      20.7640    0.0470000      52558.4      20.4080    0.0470000      52558.4      20.0450     0.154000
       52577.250      20.9540     0.113000      52577.2      20.8450    0.0320000      52577.2      20.7950    0.0400000      52577.2      20.3090    0.0350000      52577.2      20.3340     0.136000
       52586.254      20.9100    0.0900000      52586.3      20.7850    0.0300000      52586.3      20.7250    0.0440000      52586.3      20.2490    0.0390000      52586.3      20.1180     0.149000
       52910.334     -99.9900    0.0820000      52910.3      20.6890    0.0270000      52910.3      20.6430    0.0330000      52910.3      20.2440    0.0340000      52910.3      20.0260    0.0870000
       52931.264      20.8750    0.0950000      52931.3      20.6660    0.0290000      52931.3      20.6010    0.0350000      52931.3      20.1590    0.0320000      52931.3      19.8690    0.0980000
       52935.261      20.6700    0.0870000      52935.3      20.6970    0.0300000      52935.3      20.5950    0.0390000      52935.3      20.2000    0.0380000      52935.3      20.0360     0.132000
       52959.205      20.6310    0.0720000      52959.2     -99.9900    0.0320000      52959.2      20.6080    0.0310000      52959.2      20.1890    0.0270000      52959.2      19.8210    0.0780000
       52963.184      20.7030    0.0700000      52963.2      20.6100    0.0260000      52963.2      20.5040    0.0270000      52963.2      20.1340    0.0250000      52963.2      19.7950    0.0670000
       53352.155      20.3680    0.0750000      53352.2      20.2010    0.0220000      53352.2      20.1520    0.0280000      53352.2      19.8390    0.0290000      53352.2      19.7310     0.107000
       53622.364      20.5240     0.100000      53622.4      20.3940    0.0300000      53622.4      20.3750    0.0420000      53622.4      19.8760    0.0350000      53622.4      19.7520     0.110000
       53634.313     -99.9900     0.319000      53634.3      20.4210    0.0750000      53634.3      20.3230    0.0700000      53634.3      19.9570    0.0470000      53634.3      19.6300    0.0930000
       53638.355      20.5260    0.0900000      53638.4      20.3040    0.0280000      53638.4      20.3730    0.0330000      53638.4      19.9440    0.0280000      53638.4      19.7530    0.0830000
       53640.319      20.4330    0.0880000      53640.3      20.3700    0.0260000      53640.3      20.3330    0.0310000      53640.3      19.9710    0.0300000      53640.3      19.6430    0.0810000
       53655.291      20.4320    0.0920000      53655.3      20.4550    0.0370000      53655.3      20.2680    0.0360000      53655.3      19.9840    0.0350000      53655.3      19.6470    0.0980000
       53664.316      20.6830     0.211000      53664.3      20.4670    0.0620000      53664.3      20.2360    0.0480000      53664.3      19.9110    0.0430000      53664.3      19.5880     0.103000
       53669.275      20.6290    0.0710000      53669.3      20.3710    0.0230000      53669.3      20.2910    0.0250000      53669.3      19.9340    0.0250000      53669.3      19.8270    0.0860000
       53671.360      20.7260     0.132000      53671.4      20.4530    0.0310000      53671.4      20.3750    0.0360000      53671.4      19.9610    0.0320000      53671.4      19.8150     0.105000
       53674.259      20.6700     0.105000      53674.3      20.3980    0.0260000      53674.3      20.3440    0.0340000      53674.3      19.9390    0.0310000      53674.3      19.6270    0.0900000
       53676.349      20.5520    0.0960000      53676.4      20.4520    0.0270000      53676.3      20.3290    0.0310000      53676.3      19.9390    0.0270000      53676.3      19.6190    0.0700000
       53679.321      20.5470     0.105000      53679.3      20.4550    0.0300000      53679.3      20.3400    0.0390000      53679.3      19.9560    0.0360000      53679.3      19.8400     0.123000
       53681.312      20.5500     0.123000      53681.3     -99.9900    0.0420000      53681.3      20.3600    0.0540000      53681.3      19.9660    0.0430000      53681.3      19.5300     0.114000
       53694.285      20.8290     0.392000      53694.3     -99.9900    0.0780000      53694.3      20.3910    0.0820000      53694.3      19.8200    0.0600000      53694.3      19.8650     0.191000
       53697.269      20.7010     0.115000      53697.3      20.4660    0.0360000      53697.3      20.3140    0.0350000      53697.3      19.9690    0.0300000      53697.3      19.8020    0.0920000
       53700.268      20.4200     0.107000      53700.3      20.4500    0.0330000      53700.3      20.3300    0.0450000      53700.3      19.9980    0.0450000      53700.3      19.8380     0.143000
       53705.255      20.7180     0.105000      53705.3      20.4260    0.0260000      53705.3      20.3530    0.0310000      53705.3      20.0430    0.0290000      53705.3      19.8060    0.0880000
       53975.340      20.4730    0.0830000      53975.3      20.4630    0.0250000      53975.3      20.3770    0.0300000      53975.3      20.0000    0.0300000      53975.3      19.5910    0.0740000
       53990.353     -99.9900     0.131000      53990.4      20.4050    0.0470000      53990.4      20.3940    0.0440000      53990.4      20.0820    0.0360000      53990.4      19.6440    0.0800000
       53994.363      20.6930    0.0730000      53994.4      20.4490    0.0240000      53994.4      20.4000    0.0250000      53994.4      20.1010    0.0280000      53994.4      19.8130    0.0740000
       53996.346      20.6640    0.0860000      53996.3      20.4490    0.0280000      53996.3      20.4350    0.0350000      53996.3      20.0020    0.0360000      53996.3      19.8140    0.0980000
       54010.301      20.6680    0.0800000      54010.3      20.5130    0.0280000      54010.3      20.3980    0.0320000      54010.3      20.0430    0.0260000      54010.3      19.7840    0.0610000
       54012.293      20.6690     0.144000      54012.3      20.4150    0.0480000      54012.3      20.4220    0.0440000      54012.3      20.0630    0.0350000      54012.3      19.7720    0.0790000
       54020.299      20.6280     0.114000      54020.3      20.4220    0.0450000      54020.3      20.3030    0.0420000      54020.3      19.9880    0.0360000      54020.3      19.8330     0.108000
       54024.381      20.5930     0.107000      54024.4      20.5150    0.0360000      54024.4      20.3750    0.0400000      54024.4      19.9860    0.0340000      54024.4      19.9420     0.114000
       54028.369      20.5250     0.109000      54028.4      20.4650    0.0360000      54028.4      20.3960    0.0390000      54028.4      20.0940    0.0460000      54028.4      19.7900     0.142000
       54030.293      20.6990    0.0740000      54030.3      20.4770    0.0260000      54030.3      20.4070    0.0270000      54030.3      20.0460    0.0280000      54030.3      19.7930    0.0720000
       54035.369      20.7430     0.129000      54035.4      20.5260    0.0370000      54035.4      20.4720    0.0470000      54035.4      20.0370    0.0410000      54035.4      20.0260     0.141000
       54037.274      20.7400    0.0810000      54037.3      20.5140    0.0220000      54037.3      20.3830    0.0320000      54037.3      20.0320    0.0280000      54037.3      19.8050    0.0650000
       54040.289      20.5850     0.145000      54040.3      20.5730    0.0600000      54040.3      20.5390    0.0660000      54040.3      19.9720    0.0400000      54040.3      19.9260     0.112000
       54047.319     -99.9900     0.419000      54047.3      20.5520     0.127000      54047.3      20.4530     0.112000      54047.3      20.1920    0.0750000      54047.3     -99.9900     0.151000
       54053.280      20.6030    0.0800000      54053.3      20.5220    0.0270000      54053.3      20.4130    0.0310000      54053.3      20.0140    0.0270000      54053.3      19.7720    0.0770000
       54056.281     -99.9900     0.111000      54056.3     -99.9900    0.0490000      54056.3      20.4650    0.0570000      54056.3      19.9840    0.0390000      54056.3      19.9810     0.131000
       54059.275      20.5710     0.106000      54059.3      20.5170    0.0360000      54059.3      20.3780    0.0580000      54059.3      19.9610    0.0510000      54059.3      19.7310     0.110000
       54061.287     -99.9900     0.174000      54061.3      20.5100    0.0390000      54061.3      20.3890    0.0450000      54061.3      20.0110    0.0400000      54061.3      20.0710     0.157000
       54062.280     -99.9900     0.114000      54062.3      20.5240    0.0320000      54062.3      20.4060    0.0360000      54062.3      19.9810    0.0320000      54062.3      19.8310     0.110000
       54068.261     -99.9900     0.183000      54068.3      20.5220    0.0670000      54068.3      20.3890    0.0610000      54068.3      19.9890    0.0460000      54068.3      19.7710     0.120000
       54357.319      20.4480    0.0630000      54357.3      20.3470    0.0230000      54357.3      20.2190    0.0230000      54357.3      19.8960    0.0250000      54357.3      19.8090    0.0630000
       54359.350      20.5370    0.0980000      54359.4      20.2990    0.0290000      54359.3      20.2200    0.0370000      54359.3      19.9300    0.0520000      54359.4      19.7030     0.104000
       54362.368      20.5910    0.0660000      54362.4      20.2790    0.0260000      54362.4      20.2490    0.0250000      54362.4      19.8420    0.0300000      54362.4      19.6590    0.0680000
       54376.364      20.4190    0.0730000      54376.4      20.2130    0.0330000      54376.4      20.2310    0.0320000      54376.4      19.8910    0.0290000      54376.4      19.7470    0.0800000
       54382.349      20.2720    0.0900000      54382.4      20.1890    0.0300000      54382.3      20.1650    0.0530000      54382.3      19.8560    0.0430000      54382.3      19.9870     0.197000
       54385.366      20.5790    0.0690000      54385.4      20.2560    0.0200000      54385.4      20.1790    0.0230000      54385.4      19.8900    0.0250000      54385.4      19.6710    0.0600000
       54387.367     -99.9900    0.0870000      54387.4      20.3040    0.0250000      54387.4      20.1310    0.0340000      54387.4      19.7630    0.0390000      54387.4      19.6780    0.0900000
       54391.368      20.4360     0.154000      54391.4      20.2910    0.0360000      54391.4      20.0920    0.0500000      54391.4      19.7770    0.0460000      54391.4      19.3620     0.135000
       54402.360     -99.9900     0.274000      54402.4      20.3580    0.0770000      54402.4      20.1710    0.0530000      54402.4      19.7800    0.0380000      54402.4      19.4120    0.0920000
       52522.000       20.833000      0.11000000       52522.000       20.843000     0.040000000       52522.000       20.739000     0.051000000       52522.000       20.285000     0.042000000       52522.000       19.932000      0.11300000
       51081       20.452000     0.068000000       51081       20.312000     0.033000000       51081       20.365000     0.038000000       51081       19.955000     0.044000000       51081       19.726000     0.096000000
       51132       20.565000     0.054000000       51132       20.362000     0.028000000       51132       20.371000     0.040000000       51132       20.329000     0.088000000       51132       19.838000      0.11600000
       51136       20.416000     0.050000000       51136       20.376000     0.028000000       51136       20.426000     0.035000000       51136       20.033000     0.035000000       51136       19.889000      0.11400000
       51819       20.732000     0.085000000       51819       20.572000     0.035000000       51819       20.629000     0.040000000       51819       20.203000     0.037000000       51819       19.851000     0.099000000
       52282       20.815000     0.082000000       52282       20.816000     0.041000000       52282       20.831000     0.053000000       52282       20.340000     0.048000000       52282       20.044000      0.13300000
       52522       20.866000     0.088000000       52522       20.849000     0.037000000       52522       20.750000     0.049000000       52522       20.292000     0.045000000       52522       19.939000      0.11500000
       52551       20.783000     0.071000000       52551       20.785000     0.034000000       52551       20.855000     0.051000000       52551       20.421000     0.047000000       52551       19.897000     0.086000000
       52552       20.872000     0.072000000       52552       20.798000     0.032000000       52552       20.765000     0.039000000       52552       20.411000     0.038000000       52552       20.097000      0.10300000
       52558       20.912000      0.11100000       52558       20.784000     0.047000000       52558       20.747000     0.050000000       52558       20.412000     0.051000000       52558       20.036000      0.15400000
       52577       20.944000     0.090000000       52577       20.846000     0.038000000       52577       20.807000     0.045000000       52577       20.346000     0.041000000       52577       20.367000      0.13300000
       52586       20.911000     0.073000000       52586       20.840000     0.032000000       52586       20.748000     0.046000000       52586       20.287000     0.042000000       52586       20.178000      0.14400000
       52910       20.735000     0.074000000       52910       20.680000     0.035000000       52910       20.630000     0.032000000       52910       20.241000     0.039000000       52910       20.016000     0.085000000
       52931       20.888000     0.078000000       52931       20.661000     0.032000000       52931       20.612000     0.037000000       52931       20.171000     0.036000000       52931       19.852000     0.095000000
       52935       20.675000     0.074000000       52935       20.663000     0.032000000       52935       20.592000     0.038000000       52935       20.197000     0.042000000       52935       19.974000      0.12200000
       52959       20.610000     0.074000000       52959       20.672000     0.054000000       52959       20.588000     0.031000000       52959       20.194000     0.029000000       52959       19.840000     0.075000000
       53352       20.384000     0.059000000       53352       20.218000     0.038000000       53352       20.186000     0.034000000       53352       19.859000     0.033000000       53352       19.717000      0.10200000
       54424       20.522000      0.12800000       54424       20.208000     0.046000000       54424       20.181000     0.041000000       54424       19.887000     0.035000000       54424       19.579000     0.069000000
