       51081.338      20.8470     0.108000      51081.3      20.5120    0.0320000      51081.3      20.4130    0.0390000      51081.3      20.1220    0.0400000      51081.3      20.0400     0.128000
       51819.410      20.8790     0.112000      51819.4      20.5880    0.0310000      51819.4      20.4780    0.0330000      51819.4      20.1070    0.0300000      51819.4      19.9940     0.109000
       52558.375      20.8810    0.0890000      52558.4      20.5600    0.0280000      52558.4      20.4720    0.0330000      52558.4      20.1120    0.0320000      52558.4      20.0580    0.0940000
       52577.262      20.7980    0.0970000      52577.3      20.5620    0.0270000      52577.3      20.4830    0.0320000      52577.3      20.1330    0.0320000      52577.3      19.9610    0.0980000
       52910.346      20.7020    0.0850000      52910.3      20.4010    0.0240000      52910.3      20.3350    0.0290000      52910.3      19.9600    0.0290000      52910.3      19.8640    0.0880000
       52931.277      20.8050    0.0900000      52931.3      20.3610    0.0240000      52931.3      20.3190    0.0280000      52931.3      20.0230    0.0270000      52931.3      19.9010    0.0880000
       52935.274      20.6420    0.0900000      52935.3      20.3640    0.0250000      52935.3      20.3460    0.0350000      52935.3      19.9600    0.0310000      52935.3      20.0060     0.126000
       52963.197      20.6590    0.0650000      52963.2      20.4680    0.0220000      52963.2      20.3420    0.0240000      52963.2      20.0500    0.0230000      52963.2      19.9940    0.0720000
       53351.119      20.7560     0.117000      53351.1      20.4800    0.0250000      53351.1      20.3820    0.0430000      53351.1      20.0560    0.0480000      53351.1      19.6860     0.112000
       53352.168      20.8990     0.113000      53352.2      20.4310    0.0250000      53352.2      20.3660    0.0340000      53352.2      20.1280    0.0380000      53352.2      19.8560     0.115000
       53622.376      20.7080     0.109000      53622.4      20.3830    0.0300000      53622.4      20.2880    0.0310000      53622.4      20.0080    0.0370000      53622.4      19.9040     0.123000
       53634.325      20.4820     0.282000      53634.3      20.2780    0.0750000      53634.3      20.2750    0.0710000      53634.3      19.8930    0.0560000      53634.3      19.8710     0.141000
       53638.367      20.5320    0.0880000      53638.4      20.3090    0.0270000      53638.4      20.2630    0.0280000      53638.4      19.9620    0.0270000      53638.4      19.8560    0.0910000
       53640.331      20.5370    0.0950000      53640.3      20.3590    0.0290000      53640.3      20.2550    0.0310000      53640.3      19.9860    0.0330000      53640.3      19.9140     0.110000
       53655.303      20.4330    0.0920000      53655.3      20.2530    0.0290000      53655.3      20.2250    0.0350000      53655.3      19.8640    0.0340000      53655.3      19.7870     0.114000
       53664.328      20.4230     0.317000      53664.3      19.9950    0.0990000      53664.3      19.9570    0.0930000      53664.3      19.6730    0.0990000      53664.3      19.3430     0.195000
       53669.287      20.5300    0.0790000      53669.3      20.3040    0.0230000      53669.3      20.2640    0.0310000      53669.3      19.9840    0.0340000      53669.3      19.8850    0.0970000
       53671.372      20.7830     0.150000      53671.4      20.3570    0.0320000      53671.4      20.2990    0.0400000      53671.4      19.9360    0.0330000      53671.4      19.8680     0.128000
       53674.271      20.7440     0.129000      53674.3      20.2990    0.0260000      53674.3      20.2280    0.0370000      53674.3      19.9050    0.0370000      53674.3      19.8160     0.114000
       53676.361      20.6960     0.102000      53676.4      20.3310    0.0270000      53676.4      20.2400    0.0280000      53676.4      19.9570    0.0260000      53676.4      19.8790    0.0940000
       53679.333      20.6320     0.133000      53679.3      20.3720    0.0310000      53679.3      20.1510    0.0410000      53679.3      19.9160    0.0430000      53679.3      19.8640     0.154000
       53681.324      20.4770    0.0820000      53681.3      20.2940    0.0230000      53681.3      20.2310    0.0280000      53681.3      19.9480    0.0260000      53681.3      19.7090    0.0760000
       53685.283      20.5370     0.162000      53685.3      20.4100    0.0650000      53685.3      20.2240    0.0520000      53685.3      19.9720    0.0410000      53685.3      19.7970    0.0950000
       53694.297      20.7760     0.364000      53694.3     -99.9900    0.0890000      53694.3      20.3600    0.0920000      53694.3      19.9490    0.0640000      53694.3      19.7180     0.166000
       53697.281      20.7260     0.158000      53697.3      20.3640    0.0390000      53697.3      20.2560    0.0480000      53697.3      19.9150    0.0410000      53697.3      19.8910     0.111000
       53700.280      20.4880     0.111000      53700.3      20.3480    0.0290000      53700.3      20.2350    0.0370000      53700.3      19.9600    0.0370000      53700.3      19.7260     0.122000
       53705.267      20.7390     0.103000      53705.3      20.3470    0.0250000      53705.3      20.2310    0.0300000      53705.3      19.9500    0.0300000      53705.3      19.7010    0.0770000
       53975.352      20.7080    0.0870000      53975.4      20.3720    0.0400000      53975.4      20.2220    0.0340000      53975.4      19.9860    0.0280000      53975.4      20.0540     0.119000
       53990.365      20.5680     0.130000      53990.4      20.4360    0.0550000      53990.4      20.2840    0.0400000      53990.4      19.9740    0.0360000      53990.4      19.9650     0.100000
       53994.375      20.7980    0.0870000      53994.4      20.3810    0.0310000      53994.4      20.2830    0.0280000      53994.4      19.9830    0.0270000      53994.4      19.6700    0.0790000
       53996.359      20.5920    0.0820000      53996.4      20.3580    0.0280000      53996.4      20.2720    0.0280000      53996.4      19.9490    0.0350000      53996.4      19.8800     0.100000
       54010.313      20.8250    0.0750000      54010.3      20.4130    0.0270000      54010.3      20.2980    0.0300000      54010.3      19.9590    0.0270000      54010.3      19.7750    0.0570000
       54012.306      20.6330     0.142000      54012.3      20.4900    0.0520000      54012.3      20.2860    0.0430000      54012.3      19.9940    0.0370000      54012.3      19.7680    0.0790000
       54020.312      20.8150     0.143000      54020.3      20.3780    0.0360000      54020.3      20.2870    0.0340000      54020.3      19.9520    0.0340000      54020.3      19.7620     0.104000
       54024.393      20.6970     0.121000      54024.4      20.3950    0.0400000      54024.4      20.3740    0.0390000      54024.4      19.9200    0.0340000      54024.4      19.9770     0.136000
       54028.381      20.6630    0.0960000      54028.4      20.4800    0.0270000      54028.4      20.2950    0.0360000      54028.4      20.0010    0.0370000      54028.4      19.7750    0.0950000
       54030.305      20.7620    0.0780000      54030.3      20.4340    0.0220000      54030.3      20.2460    0.0310000      54030.3      19.9530    0.0250000      54030.3      19.9990    0.0850000
       54035.381      20.7230     0.149000      54035.4      20.4280    0.0390000      54035.4      20.2700    0.0520000      54035.4      19.9680    0.0490000      54035.4      19.9920     0.166000
       54037.286      20.8340    0.0740000      54037.3      20.4400    0.0290000      54037.3      20.3300    0.0240000      54037.3      20.0160    0.0230000      54037.3      19.8430    0.0650000
       54040.301      20.5180     0.120000      54040.3      20.4390    0.0480000      54040.3      20.3650    0.0460000      54040.3      19.9350    0.0330000      54040.3      19.8960     0.102000
       54049.327      20.5730     0.169000      54049.3      20.4360    0.0590000      54049.3      20.4650    0.0540000      54049.3      19.9940    0.0420000      54049.3      20.0570     0.155000
       54053.292      20.7130    0.0870000      54053.3      20.4550    0.0250000      54053.3      20.3330    0.0310000      54053.3      19.9420    0.0290000      54053.3      19.7460    0.0810000
       54056.293      20.7370     0.122000      54056.3      20.4400    0.0310000      54056.3      20.3360    0.0410000      54056.3      19.8930    0.0360000      54056.3      19.6580    0.0970000
       54059.288     -99.9900     0.120000      54059.3      20.4490    0.0310000      54059.3      20.3710    0.0380000      54059.3      19.9190    0.0460000      54059.3      20.0200     0.143000
       54061.299      20.4820     0.113000      54061.3      20.4470    0.0290000      54061.3      20.3280    0.0470000      54061.3      19.9220    0.0560000      54061.3      19.7440     0.114000
       54062.293      20.7950    0.0980000      54062.3      20.4720    0.0340000      54062.3      20.2960    0.0300000      54062.3      19.9610    0.0290000      54062.3      19.6130    0.0780000
       54068.273     -99.9900     0.208000      54068.3      20.4870    0.0660000      54068.3      20.2330    0.0550000      54068.3      20.0600    0.0450000      54068.3     -99.9900     0.148000
       54357.331      20.8060    0.0760000      54357.3      20.5080    0.0280000      54357.3      20.3760    0.0270000      54357.3      20.0480    0.0290000      54357.3      19.8990    0.0650000
       54359.363      20.7430     0.112000      54359.4      20.5270    0.0320000      54359.4      20.4290    0.0420000      54359.4      20.0160    0.0380000      54359.4      19.9260     0.127000
       54362.381      20.9620    0.0890000      54362.4      20.5390    0.0300000      54362.4      20.4190    0.0300000      54362.4      20.0810    0.0340000      54362.4      19.8980    0.0840000
       54376.376      20.9590     0.140000      54376.4      20.4900    0.0310000      54376.4      20.3750    0.0340000      54376.4      20.0350    0.0320000      54376.4      19.8360    0.0900000
       54382.361      20.6910     0.124000      54382.4      20.5670    0.0350000      54382.4      20.4410    0.0500000      54382.4      20.0760    0.0540000      54382.4      20.1180     0.194000
       54385.379      20.7900    0.0850000      54385.4      20.5640    0.0280000      54385.4      20.4000    0.0300000      54385.4      20.1000    0.0280000      54385.4      19.9460    0.0720000
       54387.379     -99.9900     0.223000      54387.4     -99.9900    0.0460000      54387.4      20.4330    0.0420000      54387.4      20.0840    0.0470000      54387.4     -99.9900     0.159000
       54390.372     -99.9900     0.311000      54390.4      20.5680    0.0400000      54390.4      20.3370     0.106000      54390.4     -99.9900     0.121000      54390.4     -99.9900     0.120000
       54391.380      20.8020     0.179000      54391.4      20.5400    0.0400000      54391.4      20.4190    0.0580000      54391.4      20.1710    0.0630000      54391.4      19.6220     0.149000
       54402.372      20.5610     0.230000      54402.4      20.4930    0.0840000      54402.4      20.6000    0.0820000      54402.4      20.0790    0.0500000      54402.4      19.7350     0.108000
       52522.000       20.867000      0.10500000       52522.000       20.637000     0.030000000       52522.000       20.550000     0.034000000       52522.000       20.160000     0.038000000       52522.000       19.855000     0.095000000
       51081       20.784000     0.094000000       51081       20.499000     0.044000000       51081       20.409000     0.040000000       51081       20.093000     0.041000000       51081       20.041000      0.12400000
       51132       20.918000     0.066000000       51132       20.583000     0.032000000       51132       20.518000     0.044000000       51132       20.047000     0.040000000       51132       19.969000      0.12300000
       51136       20.870000     0.062000000       51136       20.598000     0.035000000       51136       20.468000     0.038000000       51136       20.138000     0.040000000       51136       20.031000      0.11400000
       51819       20.883000     0.086000000       51819       20.603000     0.034000000       51819       20.527000     0.034000000       51819       20.145000     0.034000000       51819       19.965000      0.10300000
       52282       21.242000      0.11500000       52282       20.878000     0.042000000       52282       20.757000     0.054000000       52282       20.289000     0.048000000       52282       19.978000      0.13500000
       52288       21.135000     0.092000000       52288       20.849000     0.040000000       52288       20.755000     0.045000000       52288       20.332000     0.041000000       52288       19.983000     0.093000000
       52522       20.867000     0.084000000       52522       20.629000     0.030000000       52522       20.548000     0.035000000       52522       20.163000     0.036000000       52522       19.845000     0.095000000
       52552       20.769000     0.065000000       52552       20.536000     0.027000000       52552       20.452000     0.040000000       52552       20.171000     0.032000000       52552       19.842000     0.078000000
       52558       20.859000     0.069000000       52558       20.570000     0.031000000       52558       20.453000     0.036000000       52558       20.122000     0.035000000       52558       20.013000     0.086000000
       52577       20.821000     0.081000000       52577       20.579000     0.032000000       52577       20.489000     0.033000000       52577       20.136000     0.039000000       52577       19.957000     0.092000000
       52586       20.841000     0.088000000       52586       20.710000     0.036000000       52586       20.455000     0.059000000       52586       20.189000     0.052000000       52586       19.828000      0.17800000
       52640       20.872000     0.090000000       52640       20.526000     0.036000000       52640       20.401000     0.044000000       52640       20.148000     0.050000000       52640       20.074000      0.13400000
       52910       20.679000     0.066000000       52910       20.412000     0.024000000       52910       20.344000     0.028000000       52910       19.966000     0.032000000       52910       19.826000     0.083000000
       52931       20.733000     0.082000000       52931       20.369000     0.029000000       52931       20.337000     0.030000000       52931       20.015000     0.034000000       52931       19.901000     0.089000000
       52935       20.654000     0.080000000       52935       20.375000     0.030000000       52935       20.360000     0.037000000       52935       19.985000     0.038000000       52935       19.994000      0.12000000
       52959       20.640000      0.10600000       52959       20.521000     0.045000000       52959       20.405000     0.052000000       52959       20.035000     0.056000000       52959       19.553000      0.11600000
       53352       20.838000     0.084000000       53352       20.454000     0.035000000       53352       20.398000     0.035000000       53352       20.152000     0.044000000       53352       19.864000      0.11100000
       54424       20.657000      0.13800000       54424       20.524000     0.054000000       54424       20.429000     0.047000000       54424       20.081000     0.040000000       54424       20.032000      0.10600000
