       51081.331      17.9390    0.0130000      51081.3      17.6680   0.00500000      51081.3      17.4650   0.00500000      51081.3      17.3150   0.00600000      51081.3      17.2560    0.0140000
       52196.366      18.0050    0.0150000      52196.4      17.7190   0.00500000      52196.4      17.4590   0.00600000      52196.4      17.3050   0.00600000      52196.4      17.2620    0.0140000
       52197.361      17.9870    0.0160000      52197.4      17.7490   0.00600000      52197.4      17.4600   0.00600000      52197.4      17.3100   0.00600000      52197.4      17.2300    0.0140000
       52207.333      18.0190    0.0150000      52207.3      17.7290   0.00600000      52207.3      17.4670   0.00700000      52207.3      17.3050   0.00700000      52207.3      17.2470    0.0130000
       52225.211      18.0130    0.0140000      52225.2      17.7340   0.00600000      52225.2      17.4680   0.00600000      52225.2      17.3280   0.00600000      52225.2      17.2690    0.0130000
       52231.247      18.0430    0.0140000      52231.2      17.7490   0.00600000      52231.2      17.4660   0.00600000      52231.2      17.3360   0.00600000      52231.2      17.2590    0.0130000
       52234.218      18.0610    0.0150000      52234.2      17.7560   0.00600000      52234.2      17.4670   0.00600000      52234.2      17.3340   0.00600000      52234.2      17.2500    0.0120000
       52557.355      17.8240    0.0140000      52557.4      17.5930   0.00500000      52557.4      17.3800   0.00600000      52557.4      17.2670   0.00600000      52557.4      17.2270    0.0140000
       52578.251      17.8290    0.0120000      52578.3      17.5610   0.00500000      52578.2      17.3690   0.00600000      52578.2      17.2740   0.00600000      52578.2      17.2120    0.0130000
       52908.329      17.6770    0.0120000      52908.3      17.4430   0.00500000      52908.3      17.2590   0.00500000      52908.3      17.1500   0.00500000      52908.3      17.1040    0.0120000
       52934.261      17.6250    0.0120000      52934.3      17.4130   0.00500000      52934.3      17.2550   0.00500000      52934.3      17.1360   0.00500000      52934.3      17.1030    0.0130000
       52936.257      17.6510    0.0110000      52936.3      17.4040   0.00500000      52936.3      17.2390   0.00600000      52936.3      17.1170   0.00600000      52936.3      17.0770    0.0110000
       53270.321      17.7250    0.0140000      53270.3      17.5580    0.0220000      53270.3      17.3060    0.0170000      53270.3      17.1950    0.0120000      53270.3      17.1730    0.0240000
       53272.371      17.7940    0.0120000      53272.4      17.5030   0.00500000      53272.4      17.3310   0.00600000      53272.4      17.2040   0.00600000      53272.4      17.1390    0.0110000
       53286.340      17.7630    0.0140000      53286.3      17.4910   0.00500000      53286.3      17.3230   0.00600000      53286.3      17.2170   0.00600000      53286.3      17.1570    0.0120000
       53288.298      17.7040    0.0140000      53288.3      17.5070   0.00500000      53288.3      17.3340   0.00500000      53288.3      17.2100   0.00500000      53288.3      17.1360    0.0130000
       53294.346      17.7420    0.0130000      53294.3      17.4800   0.00500000      53294.3      17.3220   0.00500000      53294.3      17.1930   0.00500000      53294.3      17.1780    0.0120000
       53296.293      17.7420    0.0210000      53296.3     -99.9900    0.0160000      53296.3      17.3460    0.0110000      53296.3      17.1870    0.0200000      53296.3      17.1730    0.0220000
       53298.343      17.6950    0.0140000      53298.3      17.5130   0.00600000      53298.3      17.3250   0.00700000      53298.3      17.2030   0.00700000      53298.3      17.1720    0.0150000
       53302.294      17.7430    0.0150000      53302.3      17.5420   0.00700000      53302.3      17.3220   0.00600000      53302.3      17.1960   0.00600000      53302.3      17.1660    0.0120000
       53312.250      17.7710    0.0140000      53312.2      17.5030    0.0150000      53312.2      17.3320    0.0150000      53312.2      17.2230    0.0120000      53312.2      17.1550    0.0200000
       53314.251      17.7610    0.0120000      53314.3      17.5130   0.00500000      53314.2      17.3490   0.00500000      53314.2      17.2180   0.00500000      53314.2      17.1570    0.0130000
       53616.355      18.0720    0.0170000      53616.4      17.7790   0.00600000      53616.4      17.5150   0.00600000      53616.4      17.3490   0.00600000      53616.4      17.3090    0.0150000
       53626.332      18.0530    0.0150000      53626.3      17.7890   0.00600000      53626.3      17.5340   0.00600000      53626.3      17.3900   0.00600000      53626.3      17.3370    0.0130000
       53628.316      18.0810    0.0210000      53628.3      17.7900   0.00800000      53628.3      17.5350   0.00700000      53628.3      17.3540   0.00600000      53628.3      17.3020    0.0140000
       53637.318      18.0620    0.0200000      53637.3      17.7880   0.00700000      53637.3      17.5450   0.00600000      53637.3      17.3910   0.00600000      53637.3      17.3290    0.0160000
       53639.363      18.0960    0.0160000      53639.4      17.7950   0.00600000      53639.4      17.5310   0.00600000      53639.4      17.3860   0.00600000      53639.4      17.3260    0.0120000
       53641.363      18.0860    0.0160000      53641.4      17.7810   0.00600000      53641.4      17.5360   0.00600000      53641.4      17.3810   0.00600000      53641.4      17.3510    0.0130000
       53654.345      18.0800    0.0150000      53654.3      17.8150   0.00600000      53654.3      17.5390   0.00600000      53654.3      17.3980   0.00600000      53654.3      17.3110    0.0140000
       53663.306      18.1010    0.0200000      53663.3      17.8230   0.00800000      53663.3      17.5510   0.00700000      53663.3      17.4010   0.00700000      53663.3      17.3260    0.0140000
       53665.284      18.1020    0.0200000      53665.3      17.8420    0.0190000      53665.3      17.5670   0.00800000      53665.3      17.3850   0.00700000      53665.3     -99.9900    0.0320000
       53666.376      18.1490    0.0220000      53666.4      17.8250   0.00700000      53666.4      17.5540   0.00600000      53666.4      17.4130   0.00600000      53666.4      17.3500    0.0140000
       53668.296      18.1180    0.0170000      53668.3      17.8300   0.00600000      53668.3      17.5600   0.00600000      53668.3      17.4120   0.00600000      53668.3      17.3660    0.0150000
       53670.301      18.1140    0.0170000      53670.3      17.8400   0.00600000      53670.3      17.5450   0.00600000      53670.3      17.4280   0.00600000      53670.3      17.3310    0.0140000
       53673.269      18.1080    0.0160000      53673.3      17.8220   0.00600000      53673.3      17.5580   0.00600000      53673.3      17.3950   0.00600000      53673.3      17.3150    0.0130000
       53675.265      18.1280    0.0160000      53675.3      17.8350   0.00600000      53675.3      17.5720   0.00600000      53675.3      17.4340   0.00600000      53675.3      17.3700    0.0140000
       53677.286      18.1150    0.0160000      53677.3      17.8390   0.00600000      53677.3      17.5690   0.00600000      53677.3      17.4210   0.00600000      53677.3      17.3410    0.0120000
       53680.273      18.1330    0.0160000      53680.3      17.8390   0.00600000      53680.3      17.5700   0.00600000      53680.3      17.3980   0.00600000      53680.3      17.3190    0.0130000
       53693.275      18.1660    0.0250000      53693.3      17.8700   0.00800000      53693.3      17.5910   0.00700000      53693.3      17.4280   0.00700000      53693.3      17.3810    0.0150000
       53698.272      18.1680    0.0180000      53698.3      17.8350   0.00600000      53698.3      17.5900   0.00600000      53698.3      17.4360   0.00600000      53698.3      17.3180    0.0140000
       53704.258      18.1180    0.0180000      53704.3      17.8630   0.00600000      53704.3      17.5920   0.00600000      53704.3      17.4390   0.00600000      53704.3      17.3780    0.0180000
       53989.355      18.2410    0.0260000      53989.4      17.9760    0.0320000      53989.4      17.6890    0.0130000      53989.4      17.5630    0.0120000      53989.4      17.4680    0.0210000
       53995.369      18.2580    0.0190000      53995.4      17.9540    0.0220000      53995.4      17.6700    0.0150000      53995.4      17.5540    0.0140000      53995.4      17.4890    0.0210000
       54000.330      18.2060    0.0240000      54000.3      17.9510    0.0180000      54000.3      17.6850    0.0150000      54000.3      17.5460    0.0130000      54000.3      17.4890    0.0190000
       54006.277      18.2270    0.0200000      54006.3      17.9770    0.0110000      54006.3      17.6330    0.0180000      54006.3      17.5310    0.0150000      54006.3      17.4530    0.0170000
       54007.380     -99.9900    0.0590000      54007.4      17.9250    0.0180000      54007.4      17.6600    0.0130000      54007.4      17.4870    0.0160000      54007.4      17.4580    0.0300000
       54009.304      18.2330    0.0210000      54009.3      17.9490    0.0140000      54009.3      17.6800    0.0160000      54009.3      17.5530    0.0170000      54009.3      17.4780    0.0180000
       54011.368      18.2070    0.0180000      54011.4      18.0030    0.0240000      54011.4      17.6850    0.0230000      54011.4      17.5100    0.0180000      54011.4      17.4450    0.0230000
       54024.386      18.1690    0.0200000      54024.4      17.9550    0.0230000      54024.4      17.6130    0.0180000      54024.4      17.4910    0.0200000      54024.4      17.4420    0.0270000
       54025.367      18.2950    0.0190000      54025.4      17.9430    0.0150000      54025.4      17.6580    0.0140000      54025.4      17.5380    0.0100000      54025.4      17.4880    0.0270000
       54029.298      18.2630    0.0160000      54029.3      17.8970    0.0260000      54029.3      17.6580    0.0170000      54029.3      17.5490    0.0200000      54029.3      17.4810    0.0160000
       54059.280      99.9890      99.9990      54059.3      99.9960      99.9990      54059.3      17.6010    0.0240000      54059.3      17.5170    0.0170000      54059.3      99.9890      99.9990
       54061.291      99.9910      99.9990      54061.3      99.9840      99.9990      54061.3      17.6280    0.0150000      54061.3      17.5290    0.0160000      54061.3      17.4880    0.0260000
       54348.365      18.1730    0.0280000      54348.4      17.8920    0.0180000      54348.4      17.6210    0.0180000      54348.4      17.4830    0.0170000      54348.4      17.4360    0.0180000
       54358.321      18.1480    0.0480000      54358.3      17.8780    0.0260000      54358.3      17.6310    0.0220000      54358.3      17.5090    0.0240000      54358.3      17.4380    0.0210000
       54359.315      18.1950    0.0260000      54359.3      17.8660    0.0140000      54359.3      17.6510    0.0160000      54359.3      17.5090    0.0140000      54359.3      17.4630    0.0320000
       54359.355      18.1060    0.0320000      54359.4      17.8280    0.0290000      54359.4     -99.9900    0.0160000      54359.4      17.4750    0.0150000      54359.4      17.4370    0.0240000
       54362.373      18.1230    0.0260000      54362.4      17.8370    0.0110000      54362.4      17.6320    0.0160000      54362.4      17.4830    0.0130000      54362.4      17.4120    0.0220000
       54365.354      18.1600    0.0210000      54365.4      17.9090    0.0130000      54365.4      17.6380    0.0120000      54365.4      17.5190    0.0230000      54365.4      17.4430    0.0190000
       54381.374      18.1840    0.0210000      54381.4      17.9020    0.0270000      54381.4      17.6430    0.0200000      54381.4      17.5370    0.0140000      54381.4      17.4670    0.0240000
       54384.380      18.2810    0.0230000      54384.4      17.8940    0.0180000      54384.4      17.6700    0.0150000      54384.4      17.5310    0.0140000      54384.4      17.4470    0.0190000
       54386.366      18.1950    0.0240000      54386.4      17.9640    0.0180000      54386.4     -99.9900    0.0150000      54386.4     -99.9900    0.0110000      54386.4     -99.9900    0.0310000
       54388.370      18.2620    0.0230000      54388.4      17.9220    0.0150000      54388.4      17.6470    0.0190000      54388.4      17.5410    0.0150000      54388.4      17.4260    0.0190000
       54390.364     -99.9900     0.118000      54390.4     -99.9900    0.0190000      54390.4     -99.9900    0.0380000      54390.4     -99.9900    0.0150000      54390.4     -99.9900     0.124000
       54391.373      99.9980      99.9990      54391.4      17.8720    0.0200000      54391.4      17.5920    0.0130000      54391.4      17.4890    0.0120000      54391.4      17.4360    0.0270000
       54402.365      18.1350    0.0320000      54402.4      17.9110    0.0170000      54402.4      17.6060    0.0130000      54402.4      17.4650    0.0230000      54402.4      17.4440    0.0200000
       54403.284      18.1970    0.0370000      54403.3      17.8990    0.0160000      54403.3      17.6550   0.00900000      54403.3      17.5080    0.0160000      54403.3      17.4690    0.0230000
       54404.341      18.2050    0.0220000      54404.3      17.9160    0.0180000      54404.3      17.6610    0.0110000      54404.3      17.5380    0.0110000      54404.3     -99.9900    0.0440000
       54405.339      18.2210    0.0190000      54405.3     -99.9900    0.0210000      54405.3      17.6660    0.0130000      54405.3      17.5340    0.0130000      54405.3      17.4300    0.0210000
       54406.278      18.2420    0.0230000      54406.3      17.9230    0.0330000      54406.3      17.6660    0.0170000      54406.3      17.5150    0.0150000      54406.3      17.4510    0.0210000
       54412.281      18.1630    0.0230000      54412.3      17.9040    0.0190000      54412.3      17.6490    0.0160000      54412.3      17.5220    0.0140000      54412.3      17.4800    0.0220000
       54412.304      18.1910    0.0210000      54412.3      17.9330    0.0250000      54412.3      17.6650    0.0110000      54412.3      17.5120    0.0160000      54412.3      17.4830    0.0190000
       52234.000       18.020000     0.024000000       52234.000       17.779000     0.015000000       52234.000       17.434000     0.020000000       52234.000       17.298000     0.014000000       52234.000       17.215000     0.018000000
       51081       17.945000     0.016000000       51081       17.684000     0.013000000       51081       17.455000     0.013000000       51081       17.308000     0.015000000       51081       17.200000     0.020000000
       51136       17.913000     0.025000000       51136       17.688000     0.013000000       51136       17.444000     0.013000000       51136       17.293000     0.015000000       51136       17.247000     0.023000000
       52197       17.917000     0.039000000       52197       17.711000     0.033000000       52197       17.421000     0.019000000       52197       17.300000     0.022000000       52197       17.181000     0.027000000
       52207       18.006000     0.018000000       52207       17.757000     0.022000000       52207       17.446000     0.017000000       52207       17.312000     0.021000000       52207       17.220000     0.026000000
       52225       17.976000     0.022000000       52225       17.729000     0.024000000       52225       17.447000     0.011000000       52225       17.310000     0.023000000       52225       17.253000     0.020000000
       52231       18.014000     0.024000000       52231       17.763000     0.014000000       52231       17.444000     0.015000000       52231       17.311000     0.016000000       52231       17.228000     0.014000000
       52234       18.021000     0.026000000       52234       17.775000     0.015000000       52234       17.439000     0.019000000       52234       17.303000     0.016000000       52234       17.217000     0.019000000
       52253       18.017000     0.022000000       52253       17.746000     0.038000000       52253       17.428000     0.030000000       52253       17.313000     0.015000000       52253       17.229000     0.018000000
       52282       17.931000     0.022000000       52282       17.743000     0.010000000       52282       17.450000     0.011000000       52282       17.289000     0.015000000       52282       17.248000     0.019000000
       52551       17.792000     0.036000000       52551       17.573000     0.022000000       52551       17.344000     0.020000000       52551       17.251000     0.016000000       52551       17.182000     0.025000000
       52557       17.762000     0.023000000       52557       17.570000     0.018000000       52557       17.354000     0.015000000       52557       17.239000     0.014000000       52557       17.176000     0.018000000
       52578       17.773000     0.016000000       52578       17.592000     0.030000000       52578       17.357000     0.019000000       52578       17.243000     0.018000000       52578       17.181000     0.030000000
       52908       17.637000     0.012000000       52908       17.432000     0.015000000       52908       17.224000     0.016000000       52908       17.130000     0.017000000       52908       17.063000     0.019000000
       52934       17.572000     0.020000000       52934       17.428000     0.019000000       52934       17.204000     0.025000000       52934       17.103000     0.021000000       52934       17.077000     0.023000000
       52936       17.592000     0.016000000       52936       17.393000     0.013000000       52936       17.198000     0.018000000       52936       17.085000     0.017000000       52936       17.041000     0.019000000
       53270       17.714000     0.014000000       53270       17.548000     0.019000000       53270       17.257000     0.020000000       53270       17.171000     0.015000000       53270       17.136000     0.026000000
       53286       17.682000     0.030000000       53286       17.487000     0.015000000       53286       17.302000     0.012000000       53286       17.184000     0.011000000       53286       17.123000     0.018000000
       53288       17.726000     0.028000000       53288       17.487000     0.019000000       53288       17.305000     0.014000000       53288       17.172000     0.019000000       53288       17.112000     0.018000000
       53294       17.788000     0.038000000       53294       17.615000     0.047000000       53294       17.299000     0.013000000       53294       17.143000     0.021000000       53294       17.177000     0.022000000
       53298       17.644000     0.015000000       53298       17.522000     0.016000000       53298       17.324000     0.014000000       53298       17.197000     0.020000000       53298       17.140000     0.018000000
       53312       17.853000     0.078000000       53312       17.522000     0.015000000       53312       17.336000     0.017000000       53312       17.195000     0.013000000       53312       17.114000     0.020000000
       53314       17.712000     0.019000000       53314       17.495000     0.014000000       53314       17.301000     0.013000000       53314       17.181000     0.012000000       53314       17.113000     0.021000000
       53319       17.685000     0.019000000       53319       17.495000     0.028000000       53319       17.287000     0.016000000       53319       17.198000     0.015000000       53319       17.147000     0.020000000
