       51075.352      20.4900    0.0630000      51075.4      20.1140    0.0200000      51075.4      19.9540    0.0220000      51075.4      19.7780    0.0570000      51075.4      19.5110    0.0890000
       52196.372      21.1760     0.136000      52196.4      21.0020    0.0380000      52196.4      20.6910    0.0420000      52196.4      20.3640    0.0440000      52196.4      19.8730     0.110000
       52197.366      21.2580     0.147000      52197.4      20.9410    0.0380000      52197.4      20.6340    0.0420000      52197.4      20.2780    0.0390000      52197.4      19.7510     0.107000
       52207.338      21.0900     0.120000      52207.3      20.9230    0.0350000      52207.3      20.6790    0.0360000      52207.3      20.3000    0.0340000      52207.3      19.8510    0.0950000
       52225.216      21.4190     0.138000      52225.2      20.8370    0.0330000      52225.2      20.7210    0.0370000      52225.2      20.2530    0.0340000      52225.2      19.8500    0.0900000
       52231.252      21.3810     0.140000      52231.3      20.9300    0.0320000      52231.2      20.6960    0.0350000      52231.2      20.3070    0.0320000      52231.3      19.9950    0.0970000
       52234.223      21.1580     0.132000      52234.2      20.8440    0.0330000      52234.2      20.6180    0.0370000      52234.2      20.2630    0.0350000      52234.2      19.9010    0.0930000
       52557.360      21.3210     0.166000      52557.4      20.5890    0.0290000      52557.4      20.4560    0.0360000      52557.4      20.1570    0.0390000      52557.4      19.6310    0.0960000
       52578.256      21.0360    0.0960000      52578.3      20.6340    0.0270000      52578.3      20.4400    0.0300000      52578.3      20.1450    0.0320000      52578.3      19.8140    0.0890000
       52908.335      20.7320    0.0830000      52908.3      20.3110    0.0220000      52908.3      20.1990    0.0260000      52908.3      19.9800    0.0270000      52908.3      19.7700    0.0840000
       52934.266      20.7730     0.103000      52934.3      20.3860    0.0240000      52934.3      20.2250    0.0290000      52934.3      20.0420    0.0350000      52934.3      19.6450    0.0910000
       52936.262      20.8810    0.0930000      52936.3      20.3900    0.0220000      52936.3      20.2740    0.0280000      52936.3      19.9880    0.0280000      52936.3      19.8430    0.0850000
       53270.326      20.5910    0.0690000      53270.3      20.3230    0.0310000      53270.3      20.2260    0.0250000      53270.3      19.9530    0.0270000      53270.3      19.6120    0.0580000
       53272.376      20.6040    0.0730000      53272.4      20.3630    0.0220000      53272.4      20.1660    0.0220000      53272.4      19.9970    0.0230000      53272.4      19.7350    0.0680000
       53286.345      20.5510    0.0830000      53286.3      20.4200    0.0270000      53286.3      20.2440    0.0280000      53286.3      20.0720    0.0290000      53286.3      19.8060    0.0770000
       53288.304      20.8690     0.111000      53288.3      20.3480    0.0240000      53288.3      20.2270    0.0280000      53288.3      19.9780    0.0300000      53288.3      19.7400    0.0970000
       53294.351      20.9310     0.120000      53294.4      20.3220    0.0260000      53294.4      20.3110    0.0310000      53294.4      20.0180    0.0300000      53294.4      19.5610    0.0710000
       53296.298      20.7650     0.126000      53296.3      20.3440    0.0340000      53296.3      20.2440    0.0410000      53296.3      19.9800    0.0440000      53296.3      19.9740     0.144000
       53298.348      20.6800     0.108000      53298.4      20.3400    0.0270000      53298.3      20.2400    0.0430000      53298.3      19.8910    0.0360000      53298.3      19.6220     0.104000
       53302.299      20.3550     0.143000      53302.3      20.3370    0.0610000      53302.3      20.2100    0.0400000      53302.3      20.0670    0.0390000      53302.3      19.6000    0.0840000
       53312.255      20.7280     0.134000      53312.3      20.3400    0.0520000      53312.3      20.2970    0.0380000      53312.3      20.0580    0.0400000      53312.3      19.7320     0.111000
       53314.256      20.7680    0.0920000      53314.3      20.3370    0.0240000      53314.3      20.2290    0.0300000      53314.3      20.0350    0.0330000      53314.3      19.7270    0.0980000
       53319.244      20.8880     0.114000      53319.2      20.3480    0.0270000      53319.2      20.1900    0.0380000      53319.2      20.0120    0.0370000      53319.2      19.5760    0.0860000
       53616.360      20.9480     0.178000      53616.4      20.4020    0.0290000      53616.4      20.2860    0.0370000      53616.4      20.0550    0.0500000      53616.4      19.9050     0.139000
       53626.337      20.9750     0.105000      53626.3      20.4830    0.0260000      53626.3      20.3420    0.0290000      53626.3      20.0260    0.0290000      53626.3      19.8300    0.0830000
       53628.322      20.7360     0.186000      53628.3      20.4790    0.0670000      53628.3      20.3680    0.0480000      53628.3      20.0980    0.0420000      53628.3      19.6260     0.100000
       53637.323      21.1750     0.230000      53637.3      20.4490    0.0470000      53637.3      20.2650    0.0410000      53637.3      20.1050    0.0430000      53637.3      19.5540    0.0930000
       53639.369      20.9910     0.119000      53639.4      20.3830    0.0270000      53639.4      20.2740    0.0280000      53639.4      20.0970    0.0270000      53639.4      19.6510    0.0660000
       53641.368      20.9190    0.0980000      53641.4      20.4830    0.0240000      53641.4      20.3740    0.0270000      53641.4      20.0610    0.0250000      53641.4      19.7480    0.0680000
       53654.350      20.8340     0.106000      53654.4      20.4410    0.0250000      53654.3      20.3560    0.0300000      53654.3      20.0950    0.0320000      53654.4      19.7420    0.0990000
       53663.311      20.8850     0.185000      53663.3      20.4850    0.0510000      53663.3      20.3640    0.0420000      53663.3      20.0840    0.0330000      53663.3      19.8270    0.0830000
       53666.381      20.6710     0.163000      53666.4      20.5120    0.0440000      53666.4      20.3560    0.0360000      53666.4      20.0580    0.0320000      53666.4      19.7700    0.0840000
       53668.301      20.8720     0.135000      53668.3      20.4290    0.0320000      53668.3      20.2860    0.0330000      53668.3      20.0610    0.0340000      53668.3      19.6620    0.0980000
       53670.306      20.8570     0.118000      53670.3      20.4950    0.0280000      53670.3      20.2780    0.0330000      53670.3      19.9790    0.0330000      53670.3      19.8840     0.103000
       53673.274      20.7610    0.0920000      53673.3      20.4080    0.0230000      53673.3      20.2820    0.0280000      53673.3      20.0250    0.0280000      53673.3      19.7730    0.0930000
       53675.271      20.7970     0.102000      53675.3      20.4110    0.0250000      53675.3      20.3100    0.0320000      53675.3      20.0030    0.0330000      53675.3      19.9250     0.121000
       53677.292      20.8600    0.0980000      53677.3      20.4120    0.0220000      53677.3      20.3040    0.0260000      53677.3      20.0210    0.0240000      53677.3      19.7140    0.0660000
       53680.278      20.9740     0.105000      53680.3      20.4600    0.0240000      53680.3      20.3710    0.0290000      53680.3      20.0680    0.0280000      53680.3      19.8350    0.0780000
       53686.278      20.6710     0.242000      53686.3      20.4710    0.0830000      53686.3      20.3160    0.0770000      53686.3      20.0250    0.0580000      53686.3      19.7150     0.107000
       53693.280      21.1300     0.294000      53693.3      20.4440    0.0540000      53693.3      20.3270    0.0430000      53693.3      20.0520    0.0350000      53693.3      19.7370    0.0870000
       53698.278      20.9910     0.131000      53698.3      20.4780    0.0260000      53698.3      20.3320    0.0300000      53698.3      20.0300    0.0300000      53698.3      19.6880    0.0900000
       53704.264      20.9020     0.133000      53704.3      20.5020    0.0270000      53704.3      20.3880    0.0350000      53704.3      20.1200    0.0410000      53704.3      19.7380     0.114000
       53989.360     -99.9900     0.161000      53989.4      20.3190    0.0570000      53989.4      20.3160    0.0540000      53989.4      19.9800    0.0410000      53989.4      19.7800    0.0840000
       53995.374      20.7880    0.0770000      53995.4      20.4070    0.0240000      53995.4      20.2620    0.0250000      53995.4      19.9830    0.0240000      53995.4      19.7160    0.0660000
       54000.335      20.8810     0.116000      54000.3      20.3840    0.0300000      54000.3      20.2420    0.0350000      54000.3      19.9630    0.0390000      54000.3      19.9570     0.111000
       54006.282      20.8120    0.0960000      54006.3      20.3590    0.0230000      54006.3      20.2390    0.0230000      54006.3      19.9990    0.0260000      54006.3      19.6920    0.0640000
       54007.385      20.9230     0.144000      54007.4      20.3950    0.0410000      54007.4      20.2000    0.0380000      54007.4      19.9060    0.0330000      54007.4      19.6110    0.0770000
       54009.309     -99.9900    0.0870000      54009.3     -99.9900    0.0300000      54009.3      20.2320    0.0270000      54009.3      19.9220    0.0270000      54009.3      19.8120    0.0810000
       54011.373      20.7580    0.0700000      54011.4      20.3590    0.0300000      54011.4      20.3050    0.0240000      54011.4      20.0570    0.0320000      54011.4      19.8000    0.0590000
       54025.372      21.1320     0.193000      54025.4      20.3740    0.0380000      54025.4      20.3220    0.0660000      54025.4      20.0620    0.0550000      54025.4      19.8560     0.138000
       54029.303     -99.9900    0.0990000      54029.3      20.3850    0.0280000      54029.3      20.2450    0.0280000      54029.3      19.9610    0.0360000      54029.3      19.6710     0.100000
       54348.370      20.8370     0.143000      54348.4      20.3590    0.0350000      54348.4      20.1140    0.0380000      54348.4      19.9410    0.0470000      54348.4      19.4570    0.0750000
       54358.326      20.6840     0.118000      54358.3      20.2710    0.0380000      54358.3      20.1340    0.0330000      54358.3      19.8530    0.0310000      54358.3      19.4630    0.0880000
       54359.320      20.8950     0.233000      54359.3      20.2020    0.0380000      54359.3     -99.9900    0.0610000      54359.3      19.9210    0.0680000      54359.3      19.6010     0.175000
       54365.359      20.6090    0.0670000      54365.4      20.3020    0.0230000      54365.4      20.1340    0.0230000      54365.4      19.9630    0.0300000      54365.4      19.5620    0.0600000
       54381.379      20.8130    0.0980000      54381.4      20.2540    0.0220000      54381.4      20.1270    0.0350000      54381.4      19.9100    0.0320000      54381.4      19.6570    0.0720000
       54384.385      20.7860    0.0930000      54384.4      20.2510    0.0220000      54384.4      20.1130    0.0260000      54384.4      19.9510    0.0260000      54384.4      19.5860    0.0650000
       54386.371     -99.9900     0.127000      54386.4     -99.9900    0.0360000      54386.4      20.1210    0.0650000      54386.4      19.9510    0.0440000      54386.4      19.4920    0.0960000
       54388.375      20.7410    0.0890000      54388.4      20.2560    0.0230000      54388.4      20.0850    0.0220000      54388.4      19.8810    0.0240000      54388.4      19.5790    0.0650000
       54392.373      20.5780    0.0980000      54392.4      20.1890    0.0270000      54392.4      20.0970    0.0310000      54392.4      19.9030    0.0310000      54392.4      19.5580    0.0810000
       54403.289      20.4610     0.140000      54403.3      20.2170    0.0400000      54403.3      20.0730    0.0340000      54403.3      19.8790    0.0370000      54403.3      19.5150    0.0750000
       54404.347      20.4850     0.125000      54404.3      20.1530    0.0380000      54404.3      20.0590    0.0510000      54404.3      19.8610    0.0450000      54404.3      19.7980     0.117000
       54405.345      20.8360     0.189000      54405.3      20.2120    0.0310000      54405.3     -99.9900    0.0770000      54405.3      19.8990    0.0340000      54405.3      19.6830    0.0820000
       54406.283     -99.9900    0.0650000      54406.3      20.1660    0.0220000      54406.3      20.0690    0.0210000      54406.3      19.8490    0.0230000      54406.3      19.6520    0.0610000
       54412.309      20.4920    0.0930000      54412.3      20.0830    0.0300000      54412.3      20.0850    0.0260000      54412.3      19.9010    0.0300000      54412.3      19.5210    0.0920000
       52234.000       21.097000      0.12200000       52234.000       20.849000     0.043000000       52234.000       20.623000     0.038000000       52234.000       20.274000     0.036000000       52234.000       19.917000     0.089000000
       51075       20.401000     0.054000000       51075       20.083000     0.025000000       51075       19.943000     0.023000000       51075       19.714000     0.036000000       51075       19.514000     0.089000000
       51133       20.482000     0.052000000       51133       20.063000     0.021000000       51133       19.914000     0.029000000       51133       19.719000     0.030000000       51133       19.444000     0.078000000
       51134       20.493000      0.11200000       51134       20.019000     0.027000000       51134       19.900000     0.032000000       51134       19.714000     0.040000000       51134       19.451000      0.10700000
       52197       21.228000      0.11600000       52197       20.975000     0.044000000       52197       20.669000     0.044000000       52197       20.323000     0.045000000       52197       19.742000      0.10500000
       52207       21.089000     0.096000000       52207       20.955000     0.039000000       52207       20.694000     0.035000000       52207       20.310000     0.041000000       52207       19.853000     0.091000000
       52225       21.404000      0.10700000       52225       20.871000     0.034000000       52225       20.752000     0.040000000       52225       20.289000     0.037000000       52225       19.859000     0.088000000
       52231       21.324000      0.10400000       52231       20.948000     0.037000000       52231       20.691000     0.035000000       52231       20.298000     0.035000000       52231       19.970000     0.094000000
       52234       21.103000     0.099000000       52234       20.871000     0.041000000       52234       20.628000     0.038000000       52234       20.263000     0.039000000       52234       19.908000     0.091000000
       52253       21.361000      0.13600000       52253       20.831000     0.042000000       52253       20.660000     0.040000000       52253       20.314000     0.041000000       52253       20.364000      0.14500000
       52282       21.157000      0.10700000       52282       20.855000     0.039000000       52282       20.661000     0.050000000       52282       20.342000     0.052000000       52282       19.931000      0.12800000
       52557       21.222000      0.12500000       52557       20.602000     0.034000000       52557       20.477000     0.035000000       52557       20.176000     0.042000000       52557       19.641000     0.094000000
       52578       21.005000     0.076000000       52578       20.619000     0.033000000       52578       20.443000     0.032000000       52578       20.175000     0.035000000       52578       19.814000     0.086000000
       52908       20.681000     0.064000000       52908       20.331000     0.026000000       52908       20.160000     0.026000000       52908       19.949000     0.028000000       52908       19.720000     0.081000000
       52934       20.757000     0.081000000       52934       20.394000     0.031000000       52934       20.229000     0.033000000       52934       20.044000     0.038000000       52934       19.597000     0.087000000
       52936       20.812000     0.071000000       52936       20.396000     0.025000000       52936       20.267000     0.028000000       52936       19.973000     0.030000000       52936       19.789000     0.080000000
       53270       20.579000     0.062000000       53270       20.334000     0.031000000       53270       20.213000     0.028000000       53270       19.937000     0.031000000       53270       19.590000     0.063000000
       53286       20.509000     0.066000000       53286       20.428000     0.030000000       53286       20.237000     0.030000000       53286       20.089000     0.032000000       53286       19.789000     0.074000000
       53288       20.783000     0.089000000       53288       20.314000     0.031000000       53288       20.230000     0.032000000       53288       19.984000     0.033000000       53288       19.741000     0.095000000
       53294       20.921000     0.090000000       53294       20.368000     0.057000000       53294       20.300000     0.030000000       53294       19.962000     0.035000000       53294       19.529000     0.072000000
       53298       20.602000     0.078000000       53298       20.370000     0.037000000       53298       20.247000     0.042000000       53298       19.901000     0.039000000       53298       19.594000     0.096000000
       53312       20.674000      0.12500000       53312       20.353000     0.053000000       53312       20.279000     0.041000000       53312       20.047000     0.047000000       53312       19.668000      0.12000000
       53314       20.700000     0.076000000       53314       20.343000     0.027000000       53314       20.221000     0.032000000       53314       20.046000     0.037000000       53314       19.724000     0.096000000
       53319       20.789000     0.083000000       53319       20.326000     0.029000000       53319       20.174000     0.049000000       53319       19.956000     0.042000000       53319       19.531000     0.084000000
