       51075.344      20.5840    0.0670000      51075.3      20.1340    0.0200000      51075.3      19.9430    0.0210000      51075.3      19.6020    0.0240000      51075.3      19.6690     0.101000
       52196.363      20.7730     0.108000      52196.4      20.4950    0.0290000      52196.4      20.2150    0.0280000      52196.4      19.7240    0.0260000      52196.4      19.7880     0.113000
       52197.358      20.7340    0.0980000      52197.4      20.5020    0.0290000      52197.4      20.1820    0.0270000      52197.4      19.8480    0.0290000      52197.4      19.8440     0.108000
       52207.330     -99.9900    0.0950000      52207.3      20.5210    0.0250000      52207.3      20.2720    0.0250000      52207.3      19.8000    0.0220000      52207.3      19.8480    0.0910000
       52225.208     -99.9900    0.0870000      52225.2      20.4790    0.0250000      52225.2      20.2140    0.0260000      52225.2      19.8270    0.0250000      52225.2      19.9110    0.0930000
       52231.244      21.0380     0.112000      52231.2      20.5670    0.0250000      52231.2      20.2850    0.0270000      52231.2      19.8570    0.0240000      52231.2      19.7320    0.0750000
       52234.215      20.7850    0.0910000      52234.2     -99.9900    0.0250000      52234.2      20.2300    0.0270000      52234.2      19.8150    0.0230000      52234.2      19.8040    0.0760000
       52557.352      20.6920    0.0900000      52557.4      20.5690    0.0290000      52557.4      20.2540    0.0290000      52557.4      19.8590    0.0260000      52557.4      19.7300    0.0960000
       52578.248      20.7790    0.0810000      52578.2      20.5540    0.0240000      52578.2      20.2580    0.0290000      52578.2      19.8650    0.0280000      52578.2      19.7020    0.0800000
       52908.326      20.6290    0.0800000      52908.3      20.3920    0.0230000      52908.3      20.1040    0.0250000      52908.3      19.7290    0.0230000      52908.3      19.8220    0.0970000
       52934.258      20.8110     0.120000      52934.3      20.2780    0.0240000      52934.3      20.0580    0.0300000      52934.3      19.6470    0.0300000      52934.3      19.5620     0.102000
       52936.254      20.6840    0.0750000      52936.3      20.3450    0.0210000      52936.3      20.0690    0.0230000      52936.3      19.6870    0.0200000      52936.3      19.7420    0.0770000
       53270.318      20.7160    0.0710000      53270.3      20.2250    0.0240000      53270.3      19.9800    0.0210000      53270.3      19.6070    0.0190000      53270.3      19.4700    0.0490000
       53272.368      20.5280    0.0690000      53272.4      20.2290    0.0220000      53272.4      19.9670    0.0250000      53272.4      19.5620    0.0250000      53272.4      19.5120    0.0610000
       53286.337      20.4430     0.111000      53286.3      20.2320    0.0290000      53286.3      19.8890    0.0330000      53286.3      19.6020    0.0290000      53286.3      19.3920    0.0740000
       53288.295      20.3740    0.0730000      53288.3      20.2050    0.0220000      53288.3      19.9080    0.0220000      53288.3      19.5930    0.0220000      53288.3      19.4790    0.0630000
       53294.343      20.5590    0.0810000      53294.3      20.2340    0.0230000      53294.3      19.9710    0.0230000      53294.3      19.5880    0.0220000      53294.3      19.5600    0.0740000
       53296.290      20.5210    0.0840000      53296.3      20.2430    0.0240000      53296.3      20.0260    0.0290000      53296.3      19.6060    0.0350000      53296.3      19.4450    0.0770000
       53298.340      20.5900    0.0970000      53298.3      20.2620    0.0270000      53298.3      20.0000    0.0290000      53298.3      19.6370    0.0280000      53298.3      19.5010    0.0970000
       53302.291      20.3190     0.110000      53302.3     -99.9900    0.0390000      53302.3      20.0390    0.0360000      53302.3      19.5460    0.0250000      53302.3      19.6070    0.0750000
       53312.246      20.6840     0.106000      53312.2      20.2270    0.0350000      53312.2      19.9880    0.0290000      53312.2      19.5640    0.0240000      53312.2      19.4890    0.0740000
       53314.248      20.5650    0.0810000      53314.2      20.2280    0.0220000      53314.2      19.9600    0.0250000      53314.2      19.6170    0.0230000      53314.2      19.5240    0.0780000
       53616.352     -99.9900     0.131000      53616.4      20.1990    0.0280000      53616.4      20.0320    0.0310000      53616.4      19.6540    0.0310000      53616.4      19.5230     0.104000
       53626.328      20.6110    0.0790000      53626.3      20.3140    0.0230000      53626.3      20.0150    0.0230000      53626.3      19.6510    0.0220000      53626.3      19.5580    0.0650000
       53628.313      20.6010     0.174000      53628.3      20.3530    0.0540000      53628.3      20.1010    0.0390000      53628.3      19.6980    0.0300000      53628.3      19.5170    0.0790000
       53637.315      20.6730     0.164000      53637.3      20.2300    0.0350000      53637.3      20.0410    0.0320000      53637.3      19.6630    0.0280000      53637.3      19.6540     0.105000
       53639.360      20.6870    0.0890000      53639.4      20.2890    0.0230000      53639.4      20.0670    0.0220000      53639.4      19.6630    0.0190000      53639.4      19.6420    0.0640000
       53654.342      20.5650    0.0780000      53654.3      20.2800    0.0210000      53654.3      20.0620    0.0240000      53654.3      19.6390    0.0220000      53654.3      19.4220    0.0700000
       53663.303     -99.9900     0.160000      53663.3      20.2840    0.0430000      53663.3      20.0560    0.0330000      53663.3      19.6970    0.0240000      53663.3      19.5390    0.0680000
       53665.281      20.3590     0.226000      53665.3      20.2120    0.0480000      53665.3      19.9960    0.0460000      53665.3      19.6500    0.0500000      53665.3     -99.9900     0.211000
       53666.373      20.7730     0.187000      53666.4      20.2500    0.0350000      53666.4      20.0250    0.0310000      53666.4      19.6150    0.0230000      53666.4      19.5880    0.0750000
       53668.292      20.4060    0.0930000      53668.3      20.2310    0.0280000      53668.3      20.0800    0.0300000      53668.3      19.6510    0.0270000      53668.3      19.5100    0.0810000
       53670.297      20.7570     0.136000      53670.3     -99.9900    0.0280000      53670.3      20.0220    0.0340000      53670.3      19.5530    0.0300000      53670.3      19.3980     0.101000
       53673.265      20.5910    0.0780000      53673.3      20.2640    0.0200000      53673.3      20.0430    0.0210000      53673.3      19.6340    0.0200000      53673.3      19.6510    0.0710000
       53675.262      20.6500    0.0950000      53675.3      20.2430    0.0210000      53675.3      20.0380    0.0250000      53675.3      19.6890    0.0270000      53675.3      19.5360    0.0800000
       53677.283      20.5950    0.0700000      53677.3      20.2670    0.0200000      53677.3      20.0120    0.0200000      53677.3      19.6310    0.0180000      53677.3      19.5960    0.0570000
       53680.270      20.6750    0.0910000      53680.3      20.2390    0.0210000      53680.3      20.0030    0.0220000      53680.3      19.6190    0.0210000      53680.3      19.6070    0.0700000
       53693.272      20.3060     0.149000      53693.3      20.2950    0.0470000      53693.3      20.1090    0.0410000      53693.3      19.6720    0.0310000      53693.3      19.5300    0.0730000
       53698.269      20.6450    0.0950000      53698.3      20.2100    0.0250000      53698.3      19.9660    0.0250000      53698.3      19.5870    0.0230000      53698.3      19.6630    0.0930000
       53704.255      20.3620     0.101000      53704.3      20.2270    0.0250000      53704.3      19.9930    0.0270000      53704.3      19.5420    0.0270000      53704.3      19.5850    0.0990000
       53989.351      20.3790     0.125000      53989.4      20.3380    0.0560000      53989.4      20.2050    0.0410000      53989.4      19.7350    0.0280000      53989.4      19.6860    0.0800000
       53995.366      20.7730    0.0770000      53995.4      20.4240    0.0310000      53995.4      20.1530    0.0240000      53995.4      19.7480    0.0230000      53995.4      19.9090    0.0790000
       54000.327      20.6120    0.0940000      54000.3     -99.9900    0.0280000      54000.3      20.1910    0.0430000      54000.3      19.7590    0.0420000      54000.3      19.8310     0.104000
       54006.273      20.7680    0.0850000      54006.3      20.3800    0.0230000      54006.3      20.2100    0.0230000      54006.3      19.7100    0.0200000      54006.3      19.8060    0.0700000
       54007.377      20.5670     0.103000      54007.4      20.3930    0.0420000      54007.4      20.1600    0.0520000      54007.4      19.6870    0.0350000      54007.4     -99.9900     0.108000
       54009.300      20.7690    0.0880000      54009.3      20.3740    0.0310000      54009.3      20.1140    0.0230000      54009.3      19.7280    0.0280000      54009.3      19.7360    0.0760000
       54011.365      20.6240    0.0660000      54011.4      20.3800    0.0220000      54011.4      20.1190    0.0230000      54011.4      19.7320    0.0250000      54011.4      19.6940    0.0550000
       54025.364      20.8370     0.146000      54025.4      20.4000    0.0320000      54025.4      20.2090    0.0320000      54025.4      19.7150    0.0370000      54025.4      19.6390     0.111000
       54029.294      20.7310    0.0930000      54029.3      20.4130    0.0450000      54029.3      20.1350    0.0300000      54029.3      19.7910    0.0410000      54029.3      19.8860     0.119000
       54348.362      21.0570     0.146000      54348.4      20.4790    0.0330000      54348.4      20.2590    0.0310000      54348.4      19.8420    0.0300000      54348.4      19.6940    0.0780000
       54358.318      20.5910     0.111000      54358.3     -99.9900    0.0370000      54358.3      20.2580    0.0400000      54358.3     -99.9900    0.0370000      54358.3      19.6470     0.121000
       54359.312      20.8580     0.201000      54359.3      20.5350    0.0480000      54359.3      20.3670    0.0760000      54359.3      19.8450    0.0610000      54359.3     -99.9900     0.164000
       54365.351      20.7850    0.0780000      54365.4      20.5600    0.0290000      54365.3      20.2990    0.0260000      54365.4      19.8560    0.0230000      54365.4      19.9470    0.0800000
       54381.370      20.7840     0.100000      54381.4      20.5350    0.0280000      54381.4      20.2900    0.0270000      54381.4      19.8520    0.0250000      54381.4      19.7980    0.0820000
       54384.377      20.8830     0.106000      54384.4      20.4780    0.0280000      54384.4      20.3080    0.0340000      54384.4      19.8070    0.0220000      54384.4      19.8290    0.0830000
       54386.363      20.7360     0.165000      54386.4      20.5290    0.0500000      54386.4      20.2380    0.0590000      54386.4      19.7960    0.0470000      54386.4      19.7370     0.121000
       54388.367      20.7890    0.0980000      54388.4      20.5610    0.0280000      54388.4      20.2860    0.0330000      54388.4      19.8260    0.0250000      54388.4      19.6700    0.0640000
       54403.281      20.5920     0.129000      54403.3      20.3580    0.0510000      54403.3      20.1960    0.0440000      54403.3      19.8630    0.0300000      54403.3      19.7000    0.0840000
       54404.338      20.6090     0.120000      54404.3      20.4760    0.0410000      54404.3      20.1920    0.0380000      54404.3      19.8460    0.0370000      54404.3      19.7920    0.0800000
       54405.336      20.6580     0.109000      54405.3      20.5120    0.0400000      54405.3      20.2410    0.0280000      54405.3      19.8040    0.0250000      54405.3      19.7810    0.0870000
       54406.274      20.6830    0.0720000      54406.3      20.4780    0.0240000      54406.3      20.3100    0.0300000      54406.3      19.8540    0.0270000      54406.3      19.7780    0.0650000
       54412.277      20.8290     0.135000      54412.3      20.4510    0.0320000      54412.3      20.3160    0.0400000      54412.3      19.8800    0.0380000      54412.3      19.7520     0.115000
       52234.000       20.807000     0.086000000       52234.000       20.524000     0.031000000       52234.000       20.245000     0.033000000       52234.000       19.849000     0.033000000       52234.000       19.810000     0.073000000
       51075       20.563000     0.057000000       51075       20.116000     0.022000000       51075       19.927000     0.022000000       51075       19.581000     0.025000000       51075       19.659000      0.10100000
       51133       20.392000     0.075000000       51133       20.052000     0.021000000       51133       19.859000     0.026000000       51133       19.511000     0.032000000       51133       19.387000     0.074000000
       51134       20.221000     0.059000000       51134       20.068000     0.045000000       51134       19.907000     0.037000000       51134       19.433000     0.032000000       51134       19.261000      0.10900000
       52196       20.810000     0.085000000       52196       20.489000     0.035000000       52196       20.235000     0.029000000       52196       19.718000     0.029000000       52196       19.761000      0.10800000
       52197       20.678000     0.081000000       52197       20.504000     0.032000000       52197       20.166000     0.029000000       52197       19.810000     0.037000000       52197       19.741000      0.10000000
       52207       20.839000     0.075000000       52207       20.533000     0.029000000       52207       20.250000     0.028000000       52207       19.773000     0.033000000       52207       19.817000     0.087000000
       52225       20.804000     0.068000000       52225       20.478000     0.028000000       52225       20.205000     0.033000000       52225       19.820000     0.029000000       52225       19.859000     0.090000000
       52231       20.948000     0.083000000       52231       20.546000     0.032000000       52231       20.243000     0.028000000       52231       19.839000     0.033000000       52231       19.723000     0.076000000
       52234       20.807000     0.070000000       52234       20.509000     0.031000000       52234       20.228000     0.034000000       52234       19.831000     0.025000000       52234       19.766000     0.072000000
       52253       20.767000     0.094000000       52253       20.577000     0.056000000       52253       20.275000     0.037000000       52253       19.703000     0.040000000       52253       19.885000      0.11800000
       52282       20.633000     0.069000000       52282       20.504000     0.034000000       52282       20.303000     0.035000000       52282       19.849000     0.034000000       52282       19.664000     0.091000000
       52551       20.798000     0.075000000       52551       20.523000     0.031000000       52551       20.281000     0.035000000       52551       19.819000     0.028000000       52551       19.842000     0.087000000
       52557       20.636000     0.072000000       52557       20.528000     0.036000000       52557       20.206000     0.028000000       52557       19.837000     0.029000000       52557       19.684000     0.091000000
       52578       20.772000     0.064000000       52578       20.536000     0.027000000       52578       20.229000     0.029000000       52578       19.862000     0.029000000       52578       19.657000     0.076000000
       52908       20.605000     0.062000000       52908       20.371000     0.026000000       52908       20.082000     0.026000000       52908       19.700000     0.025000000       52908       19.734000     0.091000000
       52934       20.775000     0.093000000       52934       20.287000     0.032000000       52934       20.086000     0.033000000       52934       19.647000     0.039000000       52934       19.616000      0.10100000
       52936       20.621000     0.057000000       52936       20.341000     0.023000000       52936       20.062000     0.027000000       52936       19.676000     0.027000000       52936       19.725000     0.074000000
       53270       20.660000     0.062000000       53270       20.227000     0.024000000       53270       19.942000     0.024000000       53270       19.587000     0.022000000       53270       19.443000     0.054000000
       53286       20.403000     0.088000000       53286       20.231000     0.035000000       53286       19.890000     0.037000000       53286       19.574000     0.035000000       53286       19.371000     0.075000000
       53288       20.336000     0.061000000       53288       20.237000     0.029000000       53288       19.933000     0.025000000       53288       19.586000     0.027000000       53288       19.452000     0.062000000
       53294       20.531000     0.063000000       53294       20.226000     0.033000000       53294       19.934000     0.025000000       53294       19.580000     0.025000000       53294       19.526000     0.074000000
       53298       20.547000     0.074000000       53298       20.247000     0.035000000       53298       19.992000     0.030000000       53298       19.626000     0.028000000       53298       19.508000     0.094000000
       53312       20.656000      0.10300000       53312       20.239000     0.041000000       53312       19.963000     0.032000000       53312       19.549000     0.028000000       53312       19.446000     0.080000000
       53314       20.587000     0.068000000       53314       20.215000     0.026000000       53314       19.922000     0.026000000       53314       19.591000     0.027000000       53314       19.466000     0.077000000
       53319       20.497000     0.076000000       53319       20.169000     0.027000000       53319       20.023000     0.032000000       53319       19.633000     0.034000000       53319       19.356000     0.080000000
