       51081.337      20.9380     0.120000      51081.3      20.1860    0.0250000      51081.3      19.9870    0.0260000      51081.3      19.9470    0.0370000      51081.3      19.7430    0.0990000
       51819.408      20.8560     0.103000      51819.4      20.3650    0.0240000      51819.4      20.0720    0.0240000      51819.4      19.9680    0.0280000      51819.4      19.8330    0.0870000
       52558.373      20.5590    0.0760000      52558.4      20.2400    0.0200000      52558.4      19.9480    0.0210000      52558.4      19.8760    0.0220000      52558.4      19.5830    0.0610000
       52577.261      20.7290    0.0860000      52577.3      20.2820    0.0230000      52577.3      20.0340    0.0240000      52577.3      19.8590    0.0240000      52577.3      19.6460    0.0740000
       52910.345      20.7900    0.0920000      52910.3      20.3290    0.0230000      52910.3      20.0590    0.0220000      52910.3      19.8960    0.0250000      52910.3      19.4730    0.0620000
       52931.275      20.6750    0.0820000      52931.3      20.3730    0.0240000      52931.3      20.0530    0.0220000      52931.3      19.9130    0.0260000      52931.3      19.6260    0.0700000
       52935.272      20.8770     0.116000      52935.3      20.3150    0.0250000      52935.3      20.0610    0.0280000      52935.3      19.8950    0.0320000      52935.3      19.7800     0.106000
       52963.195      20.8780    0.0810000      52963.2      20.4480    0.0210000      52963.2      20.1550    0.0220000      52963.2      19.9510    0.0240000      52963.2      19.8610    0.0660000
       53352.166      21.0720     0.129000      53352.2      20.4500    0.0260000      53352.2      20.1640    0.0260000      53352.2      20.0240    0.0300000      53352.2      19.8790     0.118000
       53622.374      20.8770     0.115000      53622.4      20.3810    0.0280000      53622.4      20.0910    0.0280000      53622.4      20.0410    0.0370000      53622.4      19.6040    0.0940000
       53634.324      20.6580     0.261000      53634.3      20.3320    0.0930000      53634.3      20.0000    0.0550000      53634.3      19.8400    0.0480000      53634.3      19.7040     0.124000
       53638.365      20.6930     0.102000      53638.4      20.3870    0.0280000      53638.4      20.0850    0.0240000      53638.4      19.9310    0.0250000      53638.4      19.6440    0.0720000
       53640.329      20.7760     0.107000      53640.3      20.3540    0.0280000      53640.3      20.0600    0.0260000      53640.3      19.9220    0.0280000      53640.3      19.5880    0.0750000
       53655.301      20.9250     0.122000      53655.3      20.3690    0.0300000      53655.3      20.0810    0.0310000      53655.3      19.9300    0.0320000      53655.3      19.5840    0.0890000
       53664.326      20.7700     0.318000      53664.3      20.3330     0.114000      53664.3      20.2070    0.0920000      53664.3      19.9450    0.0870000      53664.3      19.5260     0.194000
       53669.285     -99.9900     0.106000      53669.3      20.3360    0.0230000      53669.3      20.0830    0.0300000      53669.3      19.8710    0.0290000      53669.3      19.5470    0.0820000
       53671.370      21.0220     0.188000      53671.4      20.4270    0.0310000      53671.4      20.0350    0.0350000      53671.4      19.9240    0.0330000      53671.4      19.7830     0.108000
       53674.270      20.9840     0.156000      53674.3      20.3800    0.0300000      53674.3      20.1030    0.0310000      53674.3      19.9840    0.0370000      53674.3      19.6280     0.103000
       53676.359      20.7310     0.112000      53676.4      20.3520    0.0240000      53676.4      20.1040    0.0300000      53676.4      19.8120    0.0240000      53676.4      19.5630    0.0680000
       53679.331      20.6470     0.130000      53679.3      20.3510    0.0290000      53679.3      20.0580    0.0350000      53679.3      19.9490    0.0440000      53679.3      19.5670     0.114000
       53681.322      20.7260    0.0990000      53681.3      20.3390    0.0220000      53681.3      20.0940    0.0240000      53681.3      19.9410    0.0260000      53681.3      19.6970    0.0760000
       53685.281      20.7830     0.193000      53685.3      20.2780    0.0590000      53685.3      20.0860    0.0460000      53685.3      19.8760    0.0380000      53685.3      19.6590    0.0890000
       53697.279      20.9740     0.202000      53697.3      20.2930    0.0430000      53697.3     -99.9900    0.0450000      53697.3      19.8980    0.0430000      53697.3      19.6510     0.120000
       53700.278      20.7590     0.141000      53700.3      20.4270    0.0300000      53700.3      20.0590    0.0320000      53700.3      19.8900    0.0360000      53700.3      19.6430     0.111000
       53705.265      20.9640     0.127000      53705.3      20.4350    0.0270000      53705.3      20.1370    0.0250000      53705.3      19.9530    0.0260000      53705.3      19.6330    0.0730000
       53975.350      20.9470    0.0990000      53975.4      20.4010    0.0300000      53975.3      20.1010    0.0220000      53975.3      19.9700    0.0250000      53975.4      19.5730    0.0670000
       53990.363      20.8490     0.163000      53990.4      20.3750    0.0440000      53990.4      20.1320    0.0330000      53990.4      19.9350    0.0320000      53990.4      19.6590    0.0750000
       53994.373      20.6450    0.0700000      53994.4      20.3800    0.0270000      53994.4      20.1370    0.0220000      53994.4      19.9030    0.0230000      53994.4      19.7530    0.0750000
       53996.357      20.7760    0.0860000      53996.4      20.3490    0.0240000      53996.4      20.1100    0.0290000      53996.4      19.8750    0.0330000      53996.4      19.4910    0.0780000
       54010.311      20.8300    0.0920000      54010.3      20.4000    0.0290000      54010.3      20.0790    0.0230000      54010.3      19.8630    0.0240000      54010.3      19.6820    0.0580000
       54012.304      20.8050     0.168000      54012.3      20.4410    0.0510000      54012.3      20.0690    0.0340000      54012.3      19.9460    0.0330000      54012.3      19.6450    0.0780000
       54020.310      20.8680     0.141000      54020.3      20.4360    0.0410000      54020.3      20.1340    0.0340000      54020.3      19.9050    0.0370000      54020.3      19.7110    0.0920000
       54024.391     -99.9900     0.125000      54024.4      20.3390    0.0290000      54024.4      20.0640    0.0300000      54024.4      19.9210    0.0330000      54024.4      19.7180     0.105000
       54028.380      20.6670     0.112000      54028.4      20.3740    0.0280000      54028.4      20.0500    0.0400000      54028.4      19.9070    0.0400000      54028.4      19.5040    0.0800000
       54030.303      20.7970    0.0810000      54030.3      20.3190    0.0320000      54030.3      20.0740    0.0250000      54030.3      19.8950    0.0230000      54030.3      19.5280    0.0570000
       54035.379      20.4830     0.157000      54035.4      20.2630    0.0310000      54035.4      20.0330    0.0560000      54035.4      19.9530    0.0550000      54035.4      19.6330     0.120000
       54037.285      20.6420    0.0650000      54037.3      20.3910    0.0270000      54037.3      20.0710    0.0200000      54037.3      19.9110    0.0210000      54037.3      19.6180    0.0540000
       54040.299      20.9670     0.178000      54040.3      20.3410    0.0460000      54040.3      20.1400    0.0370000      54040.3      19.8630    0.0320000      54040.3      19.8470    0.0990000
       54047.330     -99.9900     0.703000      54047.3      20.1930     0.121000      54047.3     -99.9900    0.0840000      54047.3     -99.9900    0.0750000      54047.3     -99.9900     0.127000
       54049.326     -99.9900     0.161000      54049.3      20.3610    0.0510000      54049.3      20.1080    0.0370000      54049.3      19.9600    0.0390000      54049.3      19.5270    0.0920000
       54053.290     -99.9900    0.0960000      54053.3      20.3600    0.0250000      54053.3      20.0380    0.0230000      54053.3      19.8730    0.0260000      54053.3      19.6250    0.0770000
       54056.292      20.7760     0.138000      54056.3      20.3140    0.0300000      54056.3      20.0910    0.0410000      54056.3      19.9340    0.0360000      54056.3      19.8830     0.122000
       54061.297      20.8420     0.194000      54061.3      20.3200    0.0500000      54061.3      20.0440    0.0490000      54061.3      19.9220    0.0440000      54061.3      19.4010    0.0910000
       54062.291      21.0670     0.127000      54062.3      20.4180    0.0250000      54062.3      20.0800    0.0250000      54062.3      19.9110    0.0280000      54062.3      19.8150    0.0930000
       54068.271      20.7280     0.191000      54068.3      20.2960    0.0540000      54068.3      20.0920    0.0400000      54068.3      19.8920    0.0410000      54068.3      19.8530     0.118000
       54357.329      20.7220    0.0740000      54357.3      20.4160    0.0210000      54357.3      20.1790    0.0230000      54357.3      19.9170    0.0290000      54357.3      19.7140    0.0540000
       54359.361      20.9680     0.142000      54359.4      20.4440    0.0290000      54359.4      20.1590    0.0470000      54359.4      20.0570    0.0550000      54359.4      19.5570    0.0900000
       54362.379      20.8530    0.0820000      54362.4      20.4290    0.0260000      54362.4      20.1540    0.0220000      54362.4      19.9110    0.0240000      54362.4      19.7690    0.0730000
       54376.374      20.8930     0.124000      54376.4      20.4770    0.0340000      54376.4      20.2030    0.0300000      54376.4      19.9710    0.0300000      54376.4      19.7040    0.0850000
       54382.359      21.1420     0.178000      54382.4      20.4590    0.0300000      54382.4      20.2330    0.0470000      54382.4      20.0570    0.0520000      54382.4      19.7320     0.139000
       54385.377      21.0830     0.109000      54385.4      20.5410    0.0330000      54385.4      20.1440    0.0240000      54385.4      19.9930    0.0250000      54385.4      19.7240    0.0660000
       54387.377      20.9440     0.145000      54387.4     -99.9900    0.0420000      54387.4      20.1810    0.0510000      54387.4      19.9220    0.0410000      54387.4      19.5070    0.0900000
       54390.370     -99.9900     0.506000      54390.4     -99.9900    0.0590000      54390.4     -99.9900    0.0660000      54390.4     -99.9900      1.10000      54390.4     -99.9900      3.58500
       54391.378      20.8710     0.183000      54391.4      20.4780    0.0390000      54391.4      20.0720    0.0460000      54391.4      19.9810    0.0570000      54391.4      19.4830     0.125000
       54402.370     -99.9900     0.285000      54402.4      20.4970    0.0840000      54402.4      20.1830    0.0520000      54402.4      20.0360    0.0470000      54402.4      19.5970     0.104000
       52522.000       20.607000     0.084000000       52522.000       20.265000     0.030000000       52522.000       20.004000     0.026000000       52522.000       19.829000     0.030000000       52522.000       19.567000     0.071000000
       51081       20.903000      0.10300000       51081       20.224000     0.028000000       51081       20.022000     0.037000000       51081       19.920000     0.038000000       51081       19.787000      0.10300000
       51132       20.772000     0.062000000       51132       20.328000     0.030000000       51132       20.114000     0.035000000       51132       19.978000     0.037000000       51132       19.939000      0.12000000
       51136       20.759000     0.060000000       51136       20.359000     0.030000000       51136       20.079000     0.032000000       51136       19.980000     0.033000000       51136       19.585000     0.083000000
       51819       20.861000     0.082000000       51819       20.344000     0.036000000       51819       20.051000     0.026000000       51819       19.941000     0.031000000       51819       19.838000     0.082000000
       52282       20.794000     0.080000000       52282       20.276000     0.029000000       52282       20.032000     0.031000000       52282       19.824000     0.033000000       52282       19.719000      0.10300000
       52288       20.727000     0.071000000       52288       20.286000     0.028000000       52288       20.068000     0.028000000       52288       19.867000     0.029000000       52288       19.611000     0.075000000
       52522       20.589000     0.068000000       52522       20.252000     0.028000000       52522       20.002000     0.025000000       52522       19.807000     0.028000000       52522       19.534000     0.071000000
       52552       20.627000     0.066000000       52552       20.211000     0.028000000       52552       20.002000     0.028000000       52552       19.917000     0.033000000       52552       19.479000     0.059000000
       52558       20.592000     0.063000000       52558       20.219000     0.030000000       52558       19.974000     0.021000000       52558       19.857000     0.028000000       52558       19.575000     0.056000000
       52577       20.709000     0.075000000       52577       20.334000     0.030000000       52577       20.063000     0.026000000       52577       19.890000     0.031000000       52577       19.651000     0.074000000
       52586       20.955000      0.10600000       52586       20.344000     0.031000000       52586       20.117000     0.032000000       52586       19.927000     0.041000000       52586       19.573000      0.15900000
       52910       20.779000     0.075000000       52910       20.344000     0.023000000       52910       20.063000     0.023000000       52910       19.916000     0.028000000       52910       19.499000     0.062000000
       52931       20.597000     0.063000000       52931       20.414000     0.029000000       52931       20.060000     0.028000000       52931       19.904000     0.032000000       52931       19.609000     0.068000000
       52935       20.888000     0.094000000       52935       20.346000     0.030000000       52935       20.105000     0.031000000       52935       19.940000     0.043000000       52935       19.840000      0.10400000
       52959       20.968000      0.13700000       52959       20.392000     0.049000000       52959       20.117000     0.039000000       52959       19.778000     0.069000000       52959       19.739000      0.13100000
       53352       21.041000     0.092000000       53352       20.470000     0.029000000       53352       20.173000     0.028000000       53352       20.034000     0.034000000       53352       19.890000      0.11400000
       54424       20.738000      0.14700000       54424       20.495000     0.056000000       54424       20.206000     0.039000000       54424       20.007000     0.037000000       54424       19.794000     0.083000000
