       51081.332     -99.9900    0.0350000      51081.3      19.4580    0.0130000      51081.3      19.4240    0.0170000      51081.3      19.2160    0.0190000      51081.3      19.3970    0.0890000
       51819.404     -99.9900    0.0760000      51819.4      20.0720    0.0200000      51819.4      19.9700    0.0230000      51819.4      19.6400    0.0250000      51819.4      19.7310     0.111000
       52558.369      20.1560    0.0530000      52558.4      19.9330    0.0160000      52558.4      19.9260    0.0220000      52558.4      19.7270    0.0240000      52558.4      19.9980     0.118000
       52577.256      20.1430    0.0530000      52577.3      19.8960    0.0160000      52577.3      19.9210    0.0220000      52577.3      19.6700    0.0240000      52577.3      19.6810    0.0940000
       52586.260      20.0860    0.0460000      52586.3      19.9270    0.0170000      52586.3      19.9250    0.0220000      52586.3      19.6990    0.0280000      52586.3      19.8420     0.132000
       52910.340      20.5040    0.0660000      52910.3      20.2160    0.0190000      52910.3      20.1250    0.0210000      52910.3      19.7730    0.0230000      52910.3      19.8140    0.0980000
       52935.268      20.5680    0.0800000      52935.3      20.2200    0.0220000      52935.3      20.0960    0.0280000      52935.3      19.7610    0.0290000      52935.3      19.8170     0.131000
       52963.191      20.3610    0.0520000      52963.2      20.1350    0.0170000      52963.2      20.0560    0.0200000      52963.2      19.7680    0.0210000      52963.2      19.7610    0.0790000
       53352.162     -99.9900    0.0490000      53352.2      19.7090    0.0140000      53352.2      19.7520    0.0190000      53352.2      19.5610    0.0210000      53352.2      19.7050    0.0980000
       53622.370     -99.9900    0.0660000      53622.4      19.8810    0.0190000      53622.4      19.8800    0.0270000      53622.4      19.5910    0.0280000      53622.4      19.4250    0.0960000
       53634.319      20.0420     0.140000      53634.3      19.9180    0.0500000      53634.3      19.8530    0.0440000      53634.3      19.6630    0.0400000      53634.3      19.9510     0.165000
       53638.361      20.1930    0.0630000      53638.4      19.9190    0.0190000      53638.4      19.8440    0.0210000      53638.4      19.6100    0.0220000      53638.4      19.8380     0.102000
       53640.325      20.1530    0.0660000      53640.3      19.9120    0.0180000      53640.3      19.8490    0.0220000      53640.3      19.6090    0.0250000      53640.3      19.7930     0.118000
       53655.297      20.1960    0.0700000      53655.3      19.8600    0.0200000      53655.3      19.9090    0.0270000      53655.3      19.6710    0.0290000      53655.3      19.8930     0.152000
       53664.322      20.2560     0.181000      53664.3      19.8330    0.0600000      53664.3      19.8950    0.0410000      53664.3      19.6900    0.0470000      53664.3      19.8820     0.274000
       53669.281      20.3810    0.0760000      53669.3      19.9310    0.0170000      53669.3      19.9280    0.0220000      53669.3      19.6550    0.0270000      53669.3      19.6460     0.108000
       53671.366      20.3460    0.0990000      53671.4      19.9990    0.0220000      53671.4      19.8670    0.0270000      53671.4      19.6470    0.0300000      53671.4     -99.9900     0.137000
       53674.265      20.3390    0.0770000      53674.3      19.9470    0.0190000      53674.3      19.9600    0.0260000      53674.3      19.6810    0.0260000      53674.3      19.8940     0.137000
       53676.355      20.2380    0.0670000      53676.4      19.9790    0.0170000      53676.4      19.9050    0.0220000      53676.4      19.6460    0.0240000      53676.4      19.8630    0.0920000
       53679.327      20.3150    0.0900000      53679.3      19.9770    0.0210000      53679.3      19.9020    0.0290000      53679.3      19.7200    0.0420000      53679.3      19.6300     0.135000
       53681.318      20.2210    0.0680000      53681.3      19.9600    0.0170000      53681.3      19.9330    0.0350000      53681.3      19.6410    0.0270000      53681.3      19.9290     0.107000
       53685.277      20.2330     0.120000      53685.3      19.9290    0.0410000      53685.3      19.8750    0.0410000      53685.3      19.6690    0.0360000      53685.3      19.7890     0.126000
       53697.275      20.1560    0.0850000      53697.3      19.9780    0.0330000      53697.3      19.8780    0.0270000      53697.3      19.7070    0.0280000      53697.3      19.4240    0.0940000
       53700.274      20.4190     0.115000      53700.3      19.9410    0.0210000      53700.3      19.8680    0.0260000      53700.3      19.6940    0.0330000      53700.3     -99.9900     0.188000
       53705.261     -99.9900    0.0640000      53705.3      19.9810    0.0180000      53705.3      19.9030    0.0220000      53705.3      19.7100    0.0230000      53705.3      19.6550    0.0940000
       53975.346      20.5470    0.0740000      53975.3      20.2360    0.0200000      53975.3      20.1170    0.0240000      53975.3      19.7830    0.0280000      53975.3      20.2170     0.140000
       53990.359     -99.9900     0.118000      53990.4      20.2180    0.0390000      53990.4      20.1370    0.0320000      53990.4      19.8010    0.0280000      53990.4      19.9640     0.124000
       53994.369      20.5330    0.0590000      53994.4      20.2300    0.0200000      53994.4      20.1240    0.0220000      53994.4      19.8570    0.0240000      53994.4      19.8070    0.0840000
       53996.353     -99.9900    0.0680000      53996.4      20.2460    0.0210000      53996.4      20.1700    0.0290000      53996.4      19.8510    0.0290000      53996.4      19.5870    0.0950000
       54010.307      20.5080    0.0590000      54010.3      20.2190    0.0240000      54010.3      20.1110    0.0240000      54010.3      19.8370    0.0260000      54010.3      19.9670    0.0800000
       54012.300      20.4930     0.104000      54012.3      20.2690    0.0420000      54012.3      20.1510    0.0360000      54012.3      19.8400    0.0340000      54012.3      19.6760    0.0880000
       54020.306      20.4350     0.110000      54020.3      20.2440    0.0320000      54020.3      20.1190    0.0320000      54020.3      19.8200    0.0310000      54020.3      19.7940     0.128000
       54024.387      20.4940    0.0910000      54024.4      20.2600    0.0280000      54024.4      20.1170    0.0360000      54024.4      19.8450    0.0360000      54024.4      19.8410     0.127000
       54028.375      20.9360     0.179000      54028.4      20.2670    0.0520000      54028.4      20.1930    0.0490000      54028.4      19.7800    0.0360000      54028.4      19.5460     0.127000
       54030.299      20.5140    0.0620000      54030.3      20.2410    0.0240000      54030.3      20.1230    0.0260000      54030.3      19.8430    0.0230000      54030.3      19.9140    0.0850000
       54035.375     -99.9900     0.112000      54035.4      20.2640    0.0550000      54035.4      20.1780    0.0340000      54035.4      19.9210    0.0410000      54035.4      19.9000     0.162000
       54037.280      20.4530    0.0540000      54037.3      20.2240    0.0200000      54037.3      20.0730    0.0200000      54037.3      19.8610    0.0230000      54037.3      19.8240    0.0690000
       54040.295      20.6060     0.129000      54040.3      20.1670    0.0390000      54040.3      20.0930    0.0390000      54040.3      19.7950    0.0360000      54040.3      19.9100     0.123000
       54049.321     -99.9900     0.220000      54049.3      20.2520    0.0410000      54049.3      20.0910    0.0380000      54049.3      19.7960    0.0430000      54049.3      19.8300     0.128000
       54053.286      20.4430    0.0690000      54053.3      20.2240    0.0260000      54053.3      20.0620    0.0230000      54053.3      19.8100    0.0270000      54053.3      19.9520     0.109000
       54056.287     -99.9900     0.110000      54056.3     -99.9900    0.0290000      54056.3      20.1050    0.0410000      54056.3      19.7020    0.0460000      54056.3      19.8750     0.170000
       54059.282      20.5880     0.106000      54059.3      20.1640    0.0300000      54059.3      20.0460    0.0290000      54059.3      19.8310    0.0370000      54059.3      19.9090     0.155000
       54061.293      20.2820     0.103000      54061.3      20.2170    0.0340000      54061.3      20.0260    0.0520000      54061.3      19.8450    0.0380000      54061.3      19.9710     0.184000
       54062.287     -99.9900    0.0870000      54062.3      20.1550    0.0210000      54062.3      20.0710    0.0260000      54062.3      19.8270    0.0310000      54062.3      19.7260     0.102000
       54068.267      20.2420     0.125000      54068.3      20.1210    0.0470000      54068.3      20.0740    0.0550000      54068.3      19.8450    0.0390000      54068.3      20.1240     0.186000
       54357.325      20.2180    0.0480000      54357.3      19.9560    0.0180000      54357.3      19.9560    0.0210000      54357.3      19.6550    0.0270000      54357.3      19.7090    0.0780000
       54359.357      20.3390    0.0840000      54359.4      19.9470    0.0320000      54359.4      19.9030    0.0380000      54359.4      19.7260    0.0390000      54359.4      19.6190     0.142000
       54362.375     -99.9900    0.0640000      54362.4      19.9430    0.0230000      54362.4      19.9880    0.0200000      54362.4      19.7060    0.0280000      54362.4      19.6940    0.0840000
       54376.370     -99.9900    0.0700000      54376.4      20.0100    0.0260000      54376.4      19.9830    0.0270000      54376.4      19.7640    0.0270000      54376.4      19.6410    0.0840000
       54382.355      20.3310    0.0930000      54382.4      20.0040    0.0290000      54382.4      20.0000    0.0400000      54382.4      19.7790    0.0530000      54382.4      19.6430     0.162000
       54385.373      20.3640    0.0610000      54385.4      20.0270    0.0220000      54385.4      19.9900    0.0190000      54385.4      19.7550    0.0270000      54385.4      19.7910    0.0730000
       54387.373      20.3520    0.0950000      54387.4      20.0270    0.0300000      54387.4      19.9950    0.0270000      54387.4      19.7690    0.0320000      54387.4     -99.9900     0.192000
       54390.366      20.1720    0.0830000      54390.4      20.0590    0.0280000      54390.4     -99.9900     0.113000      54390.4     -99.9900      2.28800      54390.4      19.9460     0.181000
       54391.374      20.2890     0.119000      54391.4      20.0350    0.0270000      54391.4      20.0070    0.0410000      54391.4      19.8150    0.0500000      54391.4      19.4770     0.171000
       52522.000       20.233000     0.065000000       52522.000       19.995000     0.037000000       52522.000       19.977000     0.029000000       52522.000       19.725000     0.030000000       52522.000       20.163000      0.16500000
       51081       19.537000     0.033000000       51081       19.428000     0.017000000       51081       19.378000     0.026000000       51081       19.211000     0.025000000       51081       19.369000     0.077000000
       51132       19.644000     0.027000000       51132       19.476000     0.026000000       51132       19.428000     0.021000000       51132       19.240000     0.023000000       51132       19.429000      0.10200000
       51136       19.710000     0.028000000       51136       19.448000     0.023000000       51136       19.480000     0.020000000       51136       19.254000     0.024000000       51136       19.398000     0.078000000
       51819       20.464000     0.067000000       51819       20.091000     0.025000000       51819       19.964000     0.023000000       51819       19.650000     0.026000000       51819       19.674000     0.095000000
       52282       20.386000     0.058000000       52282       20.236000     0.032000000       52282       20.090000     0.029000000       52282       19.769000     0.030000000       52282       19.718000      0.11100000
       52288       20.472000     0.064000000       52288       20.177000     0.035000000       52288       20.040000     0.030000000       52288       19.820000     0.039000000       52288       19.857000     0.092000000
       52522       20.226000     0.059000000       52522       19.996000     0.037000000       52522       19.970000     0.033000000       52522       19.713000     0.029000000       52522       20.102000      0.14300000
       52551       20.253000     0.056000000       52551       19.983000     0.028000000       52551       19.948000     0.027000000       52551       19.716000     0.036000000       52551       19.715000     0.098000000
       52552       20.061000     0.046000000       52552       19.960000     0.026000000       52552       19.908000     0.027000000       52552       19.690000     0.023000000       52552       19.908000     0.092000000
       52558       20.139000     0.050000000       52558       19.944000     0.020000000       52558       19.912000     0.026000000       52558       19.736000     0.038000000       52558       19.971000      0.10200000
       52577       20.144000     0.049000000       52577       19.892000     0.024000000       52577       19.913000     0.021000000       52577       19.643000     0.025000000       52577       19.695000     0.085000000
       52586       20.079000     0.044000000       52586       19.972000     0.021000000       52586       19.893000     0.024000000       52586       19.681000     0.026000000       52586       19.779000      0.11700000
       52910       20.474000     0.056000000       52910       20.255000     0.027000000       52910       20.121000     0.026000000       52910       19.774000     0.025000000       52910       19.849000     0.085000000
       52931       20.590000     0.063000000       52931       21.346000     0.050000000       52931       20.318000     0.035000000       52931       19.950000     0.033000000       52931       20.533000      0.20800000
       52935       20.586000     0.068000000       52935       20.218000     0.028000000       52935       20.114000     0.030000000       52935       19.785000     0.031000000       52935       19.864000      0.12200000
       52959       20.384000      0.10000000       52959       20.199000     0.034000000       52959       20.057000     0.031000000       52959       19.816000     0.034000000       52959       19.779000      0.13600000
       53352       20.017000     0.042000000       53352       19.707000     0.040000000       53352       19.755000     0.033000000       53352       19.541000     0.028000000       53352       19.681000     0.089000000
       54424       20.465000      0.11300000       54424       20.142000     0.037000000       54424       20.081000     0.036000000       54424       19.797000     0.028000000       54424       19.769000     0.083000000
