       51075.346     -99.9900    0.0550000      51075.3      20.3440    0.0220000      51075.3      20.3240    0.0290000      51075.3      20.0060    0.0670000      51075.3      20.1110     0.184000
       51819.401      20.1900    0.0540000      51819.4      19.9940    0.0200000      51819.4      19.9370    0.0230000      51819.4      19.7400    0.0290000      51819.4      19.7290    0.0820000
       52196.366      20.0560    0.0540000      52196.4      19.8970    0.0170000      52196.4      19.9190    0.0240000      52196.4      19.7280    0.0280000      52196.4      20.0150     0.146000
       52197.360      20.0520    0.0580000      52197.4      19.9570    0.0180000      52197.4      19.9390    0.0250000      52197.4      19.6250    0.0270000      52197.4      19.7800     0.134000
       52207.332      20.0850    0.0510000      52207.3      19.9010    0.0160000      52207.3      19.9270    0.0210000      52207.3      19.6360    0.0220000      52207.3      19.8290     0.104000
       52225.210      20.0700    0.0480000      52225.2      19.9130    0.0160000      52225.2      19.9020    0.0200000      52225.2      19.7070    0.0240000      52225.2      19.7110    0.0950000
       52231.246      20.1140    0.0510000      52231.2      19.9620    0.0160000      52231.2      19.9630    0.0210000      52231.2      19.7120    0.0230000      52231.2      19.8600     0.105000
       52234.217      20.2140    0.0870000      52234.2      19.9630    0.0160000      52234.2      20.0130    0.0210000      52234.2      19.7200    0.0220000      52234.2      19.8170    0.0930000
       52557.354     -99.9900    0.0540000      52557.4      19.9250    0.0170000      52557.4      19.9100    0.0220000      52557.4      19.7040    0.0270000      52557.4      19.6480     0.116000
       52578.250      20.0750    0.0450000      52578.2      19.9160    0.0150000      52578.2      19.9440    0.0210000      52578.2      19.7290    0.0230000      52578.2      19.8480     0.109000
       52908.328     -99.9900    0.0620000      52908.3      20.1390    0.0200000      52908.3      20.0880    0.0250000      52908.3      19.8580    0.0290000      52908.3      19.8280     0.109000
       52934.260      20.3740    0.0820000      52934.3      20.1940    0.0200000      52934.3      20.1550    0.0320000      52934.3      19.8790    0.0310000      52934.3      19.8360     0.131000
       52936.256      20.2960    0.0540000      52936.3      20.1670    0.0190000      52936.3      20.1510    0.0240000      52936.3      19.8790    0.0250000      52936.3      19.8510     0.114000
       53270.320      20.3750    0.0560000      53270.3      20.2160    0.0230000      53270.3      20.1620    0.0230000      53270.3      19.9420    0.0280000      53270.3      20.0990     0.111000
       53272.370      20.4390    0.0970000      53272.4      20.1950    0.0190000      53272.4      20.1800    0.0230000      53272.4      19.9170    0.0250000      53272.4      19.9590     0.107000
       53286.339      20.3170    0.0800000      53286.3      20.2080    0.0240000      53286.3      20.1820    0.0370000      53286.3      19.9800    0.0380000      53286.3      19.9990     0.140000
       53288.298      20.4760    0.0760000      53288.3      20.1780    0.0210000      53288.3      20.1940    0.0270000      53288.3      19.9070    0.0280000      53288.3      20.0110     0.155000
       53294.345      20.3320    0.0690000      53294.3      20.2030    0.0290000      53294.3      20.1350    0.0280000      53294.3      19.8920    0.0310000      53294.3      20.0630     0.168000
       53296.292     -99.9900    0.0760000      53296.3      20.2210    0.0280000      53296.3      20.2090    0.0340000      53296.3      19.7200    0.0310000      53296.3      19.8170     0.136000
       53298.342      20.4090    0.0770000      53298.3      20.1870    0.0240000      53298.3      20.1860    0.0380000      53298.3      19.8640    0.0380000      53298.3      19.8120     0.139000
       53302.293      20.4430     0.104000      53302.3      20.2060    0.0380000      53302.3      20.1790    0.0380000      53302.3      19.9010    0.0330000      53302.3      19.9040     0.112000
       53312.249      20.3570    0.0690000      53312.2      20.1710    0.0400000      53312.2      20.2280    0.0330000      53312.2      19.9660    0.0350000      53312.2      19.9070     0.151000
       53314.250      20.3950    0.0690000      53314.2      20.2120    0.0210000      53314.2      20.1650    0.0280000      53314.2      19.8920    0.0320000      53314.2      20.0000     0.145000
       53616.354      20.4500     0.100000      53616.4      20.2650    0.0260000      53616.4      20.2210    0.0360000      53616.4      19.9530    0.0440000      53616.4      20.0620     0.193000
       53626.331      20.4560    0.0660000      53626.3      20.3260    0.0210000      53626.3      20.2680    0.0260000      53626.3      19.9740    0.0280000      53626.3      19.8850     0.110000
       53628.316      20.3420     0.115000      53628.3      20.3380    0.0470000      53628.3      20.2920    0.0460000      53628.3      19.9420    0.0380000      53628.3      19.8290     0.135000
       53637.317      20.3020     0.109000      53637.3      20.1880    0.0350000      53637.3      20.1960    0.0400000      53637.3      20.0250    0.0400000      53637.3      19.9330     0.177000
       53639.363      20.3710    0.0610000      53639.4      20.2700    0.0220000      53639.4      20.2060    0.0240000      53639.4      19.9470    0.0250000      53639.4      20.1430     0.124000
       53641.362      20.3760    0.0600000      53641.4      20.2690    0.0210000      53641.4      20.2810    0.0250000      53641.4      19.9380    0.0270000      53641.4      20.0050     0.113000
       53654.344      20.3550    0.0640000      53654.3      20.2770    0.0200000      53654.3      20.2940    0.0290000      53654.3      19.9670    0.0300000      53654.3      19.8630     0.112000
       53663.305      20.1810     0.102000      53663.3      20.2390    0.0400000      53663.3      20.2440    0.0440000      53663.3      19.9440    0.0330000      53663.3      19.9630     0.117000
       53665.283      20.2340     0.125000      53665.3     -99.9900    0.0880000      53665.3     -99.9900     0.180000      53665.3      19.8650    0.0610000      53665.3      19.7060     0.135000
       53666.375      20.3790     0.116000      53666.4      20.2540    0.0320000      53666.4      20.1770    0.0340000      53666.4      19.9800    0.0320000      53666.4      19.7360     0.100000
       53668.295      20.4220    0.0860000      53668.3      20.2850    0.0280000      53668.3      20.2180    0.0320000      53668.3      19.9550    0.0350000      53668.3      19.9220     0.142000
       53670.300      20.4280    0.0880000      53670.3      20.2330    0.0210000      53670.3      20.2180    0.0390000      53670.3      19.8900    0.0400000      53670.3      19.7880     0.138000
       53673.268      20.4710    0.0700000      53673.3      20.2800    0.0190000      53673.3      20.2120    0.0270000      53673.3      19.9620    0.0280000      53673.3      20.0470     0.122000
       53675.264      20.4340    0.0680000      53675.3      20.2790    0.0210000      53675.3      20.2240    0.0300000      53675.3      19.9570    0.0310000      53675.3      19.8350     0.122000
       53677.286      20.5230    0.0660000      53677.3      20.2600    0.0190000      53677.3      20.2560    0.0240000      53677.3      20.0110    0.0260000      53677.3      20.2850     0.133000
       53680.272      20.3520    0.0670000      53680.3      20.2280    0.0200000      53680.3      20.2030    0.0270000      53680.3      19.9040    0.0290000      53680.3      19.8500     0.106000
       53693.274      20.2650     0.126000      53693.3      20.2140    0.0490000      53693.3      20.2560    0.0440000      53693.3      19.8750    0.0340000      53693.3      19.7400     0.110000
       53698.271      20.3710    0.0740000      53698.3      20.2750    0.0210000      53698.3      20.2350    0.0300000      53698.3      19.9820    0.0330000      53698.3      19.9490     0.128000
       53704.257     -99.9900    0.0770000      53704.3      20.1980    0.0240000      53704.3      20.2700    0.0350000      53704.3      19.9690    0.0380000      53704.3      19.9450     0.158000
       53989.354      20.8000     0.178000      53989.4      20.3460    0.0550000      53989.4      20.3470    0.0490000      53989.4      19.9990    0.0400000      53989.4      19.9770     0.117000
       53995.368      20.5050    0.0600000      53995.4      20.4330    0.0220000      53995.4      20.2690    0.0260000      53995.4      20.0090    0.0290000      53995.4      20.2990     0.131000
       54000.329      20.6490    0.0880000      54000.3      20.3640    0.0270000      54000.3      20.3260    0.0320000      54000.3      19.9660    0.0370000      54000.3      20.4610     0.197000
       54006.276      20.4850    0.0620000      54006.3     -99.9900    0.0250000      54006.3     -99.9900    0.0240000      54006.3      19.9290    0.0240000      54006.3     -99.9900    0.0860000
       54007.379      20.3540    0.0900000      54007.4     -99.9900    0.0450000      54007.4      20.2920    0.0420000      54007.4      20.0500    0.0410000      54007.4      20.4170     0.185000
       54009.303      20.5000    0.0680000      54009.3      20.3470    0.0260000      54009.3      20.3370    0.0340000      54009.3      19.9870    0.0370000      54009.3      20.3510     0.156000
       54011.367      20.5180    0.0560000      54011.4      20.3490    0.0240000      54011.4      20.2950    0.0240000      54011.4      20.0230    0.0250000      54011.4      20.1660    0.0970000
       54025.366      20.4680     0.100000      54025.4      20.3460    0.0330000      54025.4      20.2850    0.0380000      54025.4      19.9850    0.0450000      54025.4      20.0240     0.178000
       54029.297     -99.9900    0.0960000      54029.3      20.3240    0.0240000      54029.3      20.3120    0.0360000      54029.3      19.9600    0.0480000      54029.3      19.8950     0.139000
       54348.364      20.4940     0.122000      54348.4      20.3680    0.0430000      54348.4      20.3090    0.0350000      54348.4      20.0010    0.0360000      54348.4      20.1050     0.136000
       54358.320     -99.9900     0.150000      54358.3      20.4360    0.0360000      54358.3      20.3380    0.0600000      54358.3      20.0480    0.0400000      54358.3      20.3590     0.177000
       54359.314     -99.9900     0.270000      54359.3      20.3460    0.0470000      54359.3      20.2600    0.0550000      54359.3      19.9760    0.0600000      54359.3      20.2430     0.416000
       54365.353      20.5710    0.0670000      54365.4      20.3350    0.0270000      54365.4      20.3320    0.0270000      54365.4      20.0130    0.0340000      54365.4      19.9750     0.109000
       54381.373      20.6520    0.0750000      54381.4      20.4350    0.0310000      54381.4      20.3890    0.0300000      54381.4      20.0820    0.0310000      54381.4      20.3720     0.144000
       54384.379     -99.9900    0.0920000      54384.4      20.4420    0.0270000      54384.4      20.3810    0.0290000      54384.4      20.0500    0.0300000      54384.4      20.1380     0.126000
       54386.365     -99.9900     0.152000      54386.4      20.4290    0.0430000      54386.4      20.3650    0.0450000      54386.4      20.0150    0.0510000      54386.4     -99.9900     0.169000
       54388.369      20.6200    0.0800000      54388.4      20.4120    0.0300000      54388.4      20.3240    0.0280000      54388.4      20.0240    0.0270000      54388.4      19.9330    0.0930000
       54403.283     -99.9900     0.119000      54403.3      20.4820    0.0490000      54403.3      20.4010    0.0410000      54403.3      20.1550    0.0840000      54403.3     -99.9900     0.166000
       54404.340     -99.9900     0.115000      54404.3     -99.9900    0.0870000      54404.3      20.3340    0.0320000      54404.3      20.0720    0.0340000      54404.3      19.9890     0.135000
       54405.338     -99.9900     0.111000      54405.3      20.3400    0.0460000      54405.3      20.3460    0.0310000      54405.3      20.0500    0.0330000      54405.3      19.8690     0.108000
       54406.277      20.5880    0.0680000      54406.3      20.3970    0.0320000      54406.3      20.3390    0.0270000      54406.3      20.0550    0.0280000      54406.3      20.0200     0.101000
       54412.280      20.8330     0.130000      54412.3      20.4500    0.0330000      54412.3      20.3410    0.0380000      54412.3      20.0850    0.0390000      54412.3      20.0090     0.154000
       54412.302     -99.9900    0.0880000      54412.3      20.4360    0.0230000      54412.3      20.2910    0.0300000      54412.3      20.0260    0.0340000      54412.3      19.7220    0.0990000
       52234.000       20.199000     0.051000000       52234.000       19.950000     0.024000000       52234.000       19.990000     0.025000000       52234.000       19.709000     0.024000000       52234.000       19.798000     0.091000000
       51075       20.460000     0.050000000       51075       20.363000     0.022000000       51075       20.373000     0.032000000       51075       20.022000     0.034000000       51075       20.018000      0.15200000
       51133       20.372000     0.053000000       51133       20.152000     0.025000000       51133       20.065000     0.072000000       51133       19.922000     0.053000000       51133       19.908000      0.12500000
       51134       20.228000     0.072000000       51134       20.154000     0.027000000       51134       20.198000     0.048000000       51134       19.953000     0.054000000       51134       20.072000      0.19400000
       51819       20.190000     0.049000000       51819       20.013000     0.024000000       51819       19.945000     0.026000000       51819       19.753000     0.028000000       51819       19.696000     0.079000000
       52197       20.036000     0.051000000       52197       19.957000     0.034000000       52197       19.949000     0.029000000       52197       19.638000     0.028000000       52197       19.739000      0.11700000
       52225       20.025000     0.043000000       52225       19.934000     0.025000000       52225       19.896000     0.026000000       52225       19.725000     0.024000000       52225       19.701000     0.085000000
       52231       20.128000     0.056000000       52231       19.935000     0.028000000       52231       19.966000     0.025000000       52231       19.702000     0.027000000       52231       19.899000      0.15500000
       52234       20.151000     0.044000000       52234       19.967000     0.021000000       52234       19.989000     0.026000000       52234       19.708000     0.025000000       52234       19.837000     0.082000000
       52253       20.293000     0.097000000       52253       19.989000     0.031000000       52253       19.967000     0.031000000       52253       19.716000     0.034000000       52253       19.633000     0.091000000
       52557       20.078000     0.047000000       52557       19.929000     0.026000000       52557       19.933000     0.029000000       52557       19.715000     0.030000000       52557       19.665000      0.10500000
       52578       20.036000     0.045000000       52578       19.914000     0.028000000       52578       19.928000     0.025000000       52578       19.724000     0.028000000       52578       19.800000     0.095000000
       52908       20.332000     0.050000000       52908       20.121000     0.020000000       52908       20.071000     0.026000000       52908       19.803000     0.027000000       52908       19.823000     0.096000000
       52934       20.425000      0.10900000       52934       20.174000     0.040000000       52934       20.157000     0.036000000       52934       19.887000     0.036000000       52934       19.805000      0.11400000
       52936       20.303000     0.057000000       52936       20.195000     0.027000000       52936       20.156000     0.031000000       52936       19.884000     0.025000000       52936       19.882000      0.10500000
       53270       20.422000     0.053000000       53270       20.210000     0.031000000       53270       20.161000     0.025000000       53270       19.906000     0.029000000       53270       20.061000      0.10500000
       53286       20.292000     0.068000000       53286       20.200000     0.032000000       53286       20.199000     0.040000000       53286       19.965000     0.037000000       53286       20.066000      0.12200000
       53288       20.469000     0.065000000       53288       20.159000     0.028000000       53288       20.182000     0.027000000       53288       19.891000     0.029000000       53288       19.963000      0.13900000
       53294       20.404000     0.058000000       53294       20.184000     0.034000000       53294       20.140000     0.031000000       53294       19.881000     0.032000000       53294       20.099000      0.15000000
       53298       20.417000     0.068000000       53298       20.198000     0.029000000       53298       20.196000     0.037000000       53298       19.856000     0.035000000       53298       19.821000      0.12400000
       53312       20.332000     0.092000000       53312       20.153000     0.038000000       53312       20.212000     0.036000000       53312       19.943000     0.038000000       53312       19.880000      0.15100000
       53314       20.400000     0.058000000       53314       20.188000     0.027000000       53314       20.137000     0.032000000       53314       19.875000     0.031000000       53314       19.968000      0.12600000
       53319       20.396000     0.088000000       53319       20.200000     0.026000000       53319       20.141000     0.034000000       53319       19.907000     0.039000000       53319       19.746000      0.11300000
