       51081.337      20.8170     0.106000      51081.3      20.8040    0.0380000      51081.3      20.6340    0.0480000      51081.3      20.1770    0.0490000      51081.3      20.1560     0.155000
       51819.408      20.3670    0.0640000      51819.4      20.1900    0.0220000      51819.4      20.1340    0.0270000      51819.4      19.8630    0.0310000      51819.4      19.8160    0.0960000
       52558.374      20.4830    0.0620000      52558.4      20.4110    0.0220000      52558.4      20.3950    0.0300000      52558.4      20.0640    0.0320000      52558.4      19.9480    0.0910000
       52577.261      20.5700    0.0690000      52577.3      20.4540    0.0240000      52577.3      20.3900    0.0300000      52577.3      20.0220    0.0330000      52577.3      19.9350     0.105000
       52910.345      20.3640    0.0630000      52910.3      20.3120    0.0230000      52910.3      20.2040    0.0260000      52910.3      19.8860    0.0320000      52910.3      20.0410     0.126000
       52931.275      20.3350    0.0560000      52931.3      20.2810    0.0220000      52931.3      20.1620    0.0260000      52931.3      19.9140    0.0320000      52931.3      20.0240     0.119000
       52935.272      20.5430    0.0750000      52935.3      20.2720    0.0240000      52935.3      20.1810    0.0310000      52935.3      19.9700    0.0420000      52935.3      19.7950     0.122000
       52963.195      20.4700    0.0540000      52963.2      20.2870    0.0190000      52963.2      20.2930    0.0260000      52963.2      19.9740    0.0290000      52963.2     -99.9900    0.0810000
       53352.166      20.3670    0.0690000      53352.2      20.1270    0.0200000      53352.2      20.1380    0.0300000      53352.2      19.8030    0.0350000      53352.2      19.6380     0.105000
       53622.375      20.2200    0.0720000      53622.4      20.1800    0.0240000      53622.4      20.1200    0.0300000      53622.4      19.9160    0.0400000      53622.4      19.9260     0.145000
       53638.366      20.3690    0.0700000      53638.4      20.0680    0.0220000      53638.4      20.1110    0.0260000      53638.4      19.8210    0.0300000      53638.4      19.8640    0.0990000
       53640.330      20.2670    0.0660000      53640.3      20.1230    0.0230000      53640.3      20.0880    0.0240000      53640.3      19.8040    0.0280000      53640.3      19.7720     0.103000
       53655.302      20.2860    0.0730000      53655.3      20.1000    0.0240000      53655.3      20.0900    0.0300000      53655.3      19.8630    0.0380000      53655.3      20.0390     0.154000
       53664.327      20.5910     0.276000      53664.3      20.0180    0.0770000      53664.3      19.9600    0.0820000      53664.3      19.8330    0.0860000      53664.3     -99.9900     0.211000
       53669.286      20.1820    0.0620000      53669.3      20.0670    0.0190000      53669.3      20.1070    0.0290000      53669.3      19.7550    0.0320000      53669.3      19.7830     0.108000
       53671.371      20.1480    0.0820000      53671.4      20.1240    0.0240000      53671.4      20.0580    0.0330000      53671.4      19.7880    0.0370000      53671.4      19.8770     0.128000
       53674.270      20.1990    0.0810000      53674.3      20.1020    0.0210000      53674.3      20.0800    0.0310000      53674.3      19.8550    0.0390000      53674.3      19.6520     0.104000
       53676.360      20.2320    0.0670000      53676.4      20.1380    0.0210000      53676.4      20.0970    0.0280000      53676.4      19.7960    0.0280000      53676.4      19.7650    0.0820000
       53679.332      20.0950    0.0780000      53679.3      20.0760    0.0240000      53679.3      20.0660    0.0390000      53679.3      19.8020    0.0480000      53679.3      19.7730     0.148000
       53681.323      20.2040    0.0640000      53681.3      20.0950    0.0200000      53681.3      20.0950    0.0280000      53681.3      19.8530    0.0310000      53681.3      19.7790    0.0900000
       53685.282      20.2620     0.117000      53685.3      20.1040    0.0460000      53685.3      20.0700    0.0480000      53685.3      19.8770    0.0490000      53685.3      19.7220     0.110000
       53697.280      20.1390     0.103000      53697.3      20.1510    0.0310000      53697.3      20.1630    0.0470000      53697.3      19.7470    0.0440000      53697.3      19.7980     0.122000
       53700.279      20.1020    0.0790000      53700.3      20.1370    0.0240000      53700.3      20.1080    0.0320000      53700.3      19.8360    0.0410000      53700.3      20.0010     0.157000
       53705.266      20.2390    0.0690000      53705.3      20.0820    0.0190000      53705.3      20.1360    0.0270000      53705.3      19.8340    0.0310000      53705.3      19.7290    0.0780000
       53975.351      20.2190    0.0530000      53975.4      20.3160    0.0230000      53975.3      20.2910    0.0270000      53975.4      19.8920    0.0340000      53975.4      19.9920     0.116000
       53990.364      20.3500    0.0950000      53990.4      20.2890    0.0420000      53990.4      20.2430    0.0420000      53990.4      19.9330    0.0430000      53990.4      19.9090     0.116000
       53994.374      20.4370    0.0580000      53994.4      20.2850    0.0220000      53994.4      20.2460    0.0260000      53994.4      19.9350    0.0320000      53994.4      19.8330    0.0980000
       53996.357      20.3300    0.0640000      53996.4      20.2850    0.0260000      53996.4      20.2680    0.0290000      53996.4      19.9390    0.0360000      53996.4      19.9340     0.118000
       54010.312      20.3300    0.0500000      54010.3      20.2530    0.0200000      54010.3      20.1840    0.0280000      54010.3      20.0070    0.0310000      54010.3      19.8470    0.0820000
       54012.304      20.3300     0.111000      54012.3      20.2180    0.0500000      54012.3      20.1920    0.0430000      54012.3      19.8910    0.0420000      54012.3     -99.9900     0.103000
       54020.310      20.2450    0.0770000      54020.3      20.2650    0.0370000      54020.3      20.2660    0.0390000      54020.3      19.9040    0.0390000      54020.3      19.8660     0.120000
       54024.392      20.3810    0.0890000      54024.4      20.3090    0.0280000      54024.4      20.0890    0.0310000      54024.4      19.8450    0.0380000      54024.4      19.9070     0.119000
       54028.380      20.2860    0.0750000      54028.4      20.3030    0.0240000      54028.4      20.2410    0.0350000      54028.4      19.8840    0.0390000      54028.4      19.9680     0.122000
       54030.304      20.4270    0.0570000      54030.3      20.2900    0.0190000      54030.3      20.1850    0.0240000      54030.3      19.8640    0.0310000      54030.3      20.0250     0.106000
       54035.380      20.5300     0.122000      54035.4      20.2480    0.0350000      54035.4      20.2630    0.0530000      54035.4      20.0000    0.0740000      54035.4      19.7550     0.140000
       54037.285      20.4100    0.0520000      54037.3      20.2440    0.0240000      54037.3      20.2590    0.0240000      54037.3      19.9060    0.0270000      54037.3     -99.9900    0.0710000
       54040.300      20.4070     0.103000      54040.3      20.2950    0.0430000      54040.3      20.2300    0.0460000      54040.3      19.8830    0.0430000      54040.3      19.7500     0.104000
       54047.330     -99.9900     0.233000      54047.3      20.1750     0.111000      54047.3      20.2470     0.114000      54047.3      19.8420    0.0700000      54047.3      20.3040     0.357000
       54049.326      20.4090     0.136000      54049.3      20.2110    0.0400000      54049.3      20.1740    0.0440000      54049.3      19.8800    0.0430000      54049.3      19.9010     0.129000
       54053.291      20.3730    0.0630000      54053.3      20.2540    0.0290000      54053.3      20.1990    0.0270000      54053.3      19.8300    0.0320000      54053.3      19.8790     0.104000
       54056.292      20.2940    0.0780000      54056.3      20.1860    0.0300000      54056.3      20.1930    0.0330000      54056.3      19.8520    0.0440000      54056.3      19.7150     0.114000
       54059.286      20.3640    0.0810000      54059.3      20.2200    0.0250000      54059.3      20.1590    0.0330000      54059.3      19.8920    0.0400000      54059.3      19.8400     0.125000
       54062.291      20.3420    0.0660000      54062.3      20.2230    0.0210000      54062.3      20.1510    0.0250000      54062.3      19.8760    0.0340000      54062.3      19.7400    0.0910000
       54068.272      20.5430     0.149000      54068.3      20.1970    0.0510000      54068.3      20.1090    0.0440000      54068.3      19.8730    0.0470000      54068.3      19.6600     0.109000
       54357.330     -99.9900    0.0570000      54357.3      20.3310    0.0210000      54357.3      20.3330    0.0230000      54357.3      19.9530    0.0260000      54357.3      19.8980    0.0760000
       54362.379      20.4860    0.0580000      54362.4      20.3310    0.0210000      54362.4      20.2690    0.0250000      54362.4      19.9710    0.0310000      54362.4      20.0820     0.108000
       54376.375      20.3640    0.0780000      54376.4      20.3680    0.0290000      54376.4      20.2920    0.0330000      54376.4      19.9320    0.0370000      54376.4      19.7680    0.0960000
       54382.360      20.5440     0.115000      54382.4      20.3690    0.0300000      54382.4      20.3650    0.0450000      54382.4      19.9450    0.0520000      54382.4      19.8400     0.145000
       54385.377      20.4050    0.0610000      54385.4      20.3720    0.0230000      54385.4      20.2670    0.0290000      54385.4      19.9780    0.0300000      54385.4      19.9240    0.0790000
       54387.378      20.3110    0.0850000      54387.4      20.3970    0.0330000      54387.4      20.3400    0.0510000      54387.4      20.0830    0.0520000      54387.4      19.8140     0.124000
       54391.379      20.4450     0.115000      54391.4      20.3590    0.0340000      54391.4      20.2900    0.0550000      54391.4      19.9440    0.0570000      54391.4      20.2530     0.262000
       54402.371      20.1330     0.171000      54402.4      20.3870    0.0710000      54402.4      20.2940    0.0620000      54402.4      19.9520    0.0560000      54402.4      19.8310     0.126000
       52522.000       20.787000     0.089000000       52522.000       20.562000     0.033000000       52522.000       20.375000     0.030000000       52522.000       20.083000     0.038000000       52522.000       20.111000      0.13000000
       51081       20.833000     0.094000000       51081       20.818000     0.044000000       51081       20.646000     0.049000000       51081       20.212000     0.055000000       51081       20.183000      0.15800000
       51132       21.207000     0.086000000       51132       20.879000     0.036000000       51132       20.663000     0.043000000       51132       20.387000     0.054000000       51132       20.051000      0.13800000
       51136       21.023000     0.080000000       51136       20.860000     0.032000000       51136       20.744000     0.046000000       51136       20.326000     0.049000000       51136       20.020000      0.13700000
       51819       20.369000     0.055000000       51819       20.225000     0.033000000       51819       20.115000     0.027000000       51819       19.860000     0.031000000       51819       19.792000     0.093000000
       52282       20.543000     0.066000000       52282       20.352000     0.048000000       52282       20.282000     0.035000000       52282       20.004000     0.043000000       52282       20.031000      0.17500000
       52288       20.550000     0.063000000       52288       20.364000     0.025000000       52288       20.267000     0.041000000       52288       19.949000     0.033000000       52288       19.781000     0.084000000
       52522       20.788000     0.076000000       52522       20.548000     0.035000000       52522       20.374000     0.030000000       52522       20.091000     0.041000000       52522       20.110000      0.13200000
       52552       20.718000     0.060000000       52552       20.541000     0.030000000       52552       20.446000     0.033000000       52552       20.070000     0.034000000       52552       20.096000      0.11200000
       52558       20.511000     0.054000000       52558       20.470000     0.031000000       52558       20.426000     0.030000000       52558       20.076000     0.031000000       52558       19.985000     0.089000000
       52577       20.599000     0.070000000       52577       20.476000     0.027000000       52577       20.380000     0.029000000       52577       20.035000     0.033000000       52577       19.966000      0.10700000
       52586       20.542000     0.086000000       52586       20.516000     0.044000000       52586       20.298000     0.041000000       52586       20.039000     0.084000000       52586       19.997000      0.18100000
       52640       20.470000     0.064000000       52640       20.349000     0.036000000       52640       20.358000     0.044000000       52640       19.988000     0.045000000       52640       19.725000      0.11000000
       52910       20.456000     0.056000000       52910       20.336000     0.024000000       52910       20.276000     0.030000000       52910       19.950000     0.035000000       52910       20.087000      0.12100000
       52931       20.295000     0.049000000       52931       20.289000     0.025000000       52931       20.212000     0.032000000       52931       19.932000     0.032000000       52931       20.025000      0.11600000
       52935       20.509000     0.067000000       52935       20.308000     0.029000000       52935       20.159000     0.033000000       52935       19.972000     0.044000000       52935       19.783000      0.11800000
       52959       20.533000      0.10300000       52959       20.390000     0.060000000       52959       20.193000     0.045000000       52959       19.990000     0.055000000       52959       19.740000      0.10000000
       53352       20.365000     0.058000000       53352       20.131000     0.022000000       53352       20.146000     0.029000000       53352       19.846000     0.042000000       53352       19.648000      0.10600000
       54424       20.363000      0.10700000       54424       20.364000     0.047000000       54424       20.229000     0.044000000       54424       19.884000     0.039000000       54424       19.829000     0.099000000
