       51819.403      20.5230    0.0740000      51819.4      20.4020    0.0310000      51819.4      20.1440    0.0280000      51819.4      20.1550    0.0390000      51819.4      20.0210     0.134000
       52558.369      21.0520    0.0940000      52558.4      20.7500    0.0350000      52558.4      20.4910    0.0340000      52558.4      20.4080    0.0440000      52558.4      20.2560     0.132000
       52577.256      20.9350    0.0900000      52577.3      20.7150    0.0310000      52577.3      20.4420    0.0330000      52577.3      20.4600    0.0490000      52577.3      20.1070     0.125000
       52586.260      21.0300    0.0800000      52586.3      20.7580    0.0340000      52586.3      20.4640    0.0350000      52586.3      20.4430    0.0530000      52586.3      20.3170     0.178000
       52910.340      20.8270    0.0750000      52910.3      20.6070    0.0290000      52910.3      20.3800    0.0270000      52910.3      20.4370    0.0400000      52910.3      20.3050     0.120000
       52931.270      20.8000    0.0770000      52931.3      20.6500    0.0560000      52931.3      20.3280    0.0300000      52931.3      20.3810    0.0440000      52931.3      20.1080     0.119000
       52935.267      20.7820    0.0870000      52935.3      20.5580    0.0320000      52935.3      20.3950    0.0370000      52935.3      20.3110    0.0520000      52935.3      20.0790     0.147000
       52963.190      20.7190    0.0630000      52963.2      20.6340    0.0270000      52963.2      20.2690    0.0240000      52963.2      20.3330    0.0340000      52963.2      20.0490    0.0850000
       53352.161      20.8740    0.0820000      53352.2      20.6840    0.0320000      53352.2      20.3730    0.0300000      53352.2      20.3000    0.0420000      53352.2      20.3300     0.158000
       53622.370      20.7720    0.0920000      53622.4      20.6510    0.0420000      53622.4      20.2950    0.0350000      53622.4      20.4300    0.0610000      53622.4      20.2010     0.165000
       53634.319     -99.9900     0.294000      53634.3     -99.9900     0.124000      53634.3      20.3270    0.0710000      53634.3      20.4360    0.0840000      53634.3      20.0870     0.158000
       53638.360      21.2200     0.135000      53638.4      20.8160    0.0420000      53638.4      20.4610    0.0340000      53638.4      20.4430    0.0450000      53638.4      20.2020     0.134000
       53640.324      20.8920     0.108000      53640.3      20.8020    0.0420000      53640.3      20.4270    0.0360000      53640.3      20.3890    0.0490000      53640.3      20.1580     0.131000
       53655.297      21.0510     0.124000      53655.3      20.7700    0.0480000      53655.3      20.3680    0.0380000      53655.3      20.4620    0.0650000      53655.3      20.3370     0.191000
       53664.322      21.3440     0.390000      53664.3      20.7760     0.166000      53664.3      20.3850    0.0610000      53664.3      20.4350    0.0950000      53664.3      19.8690     0.247000
       53669.281      21.0970     0.119000      53669.3      20.7490    0.0400000      53669.3      20.4640    0.0330000      53669.3      20.5120    0.0570000      53669.3      20.1750     0.147000
       53671.366      20.8460     0.139000      53671.4      20.7390    0.0500000      53671.4      20.2780    0.0420000      53671.4      20.4540    0.0680000      53671.4      20.1560     0.170000
       53674.265      20.9330     0.112000      53674.3      20.7800    0.0450000      53674.3      20.4020    0.0370000      53674.3      20.4360    0.0550000      53674.3      20.0880     0.136000
       53676.355      21.1870     0.139000      53676.4      20.8260    0.0350000      53676.4      20.4880    0.0330000      53676.4      20.5030    0.0490000      53676.4      20.1570     0.103000
       53679.326      21.2250     0.176000      53679.3      20.8310    0.0490000      53679.3      20.4750    0.0460000      53679.3      20.3420    0.0730000      53679.3      20.1550     0.189000
       53681.318      20.9820     0.123000      53681.3      20.8700    0.0370000      53681.3      20.3820    0.0570000      53681.3      20.5270    0.0660000      53681.3      20.0860     0.115000
       53685.277      20.9480     0.236000      53685.3      20.8130     0.114000      53685.3      20.3250    0.0690000      53685.3      20.3540    0.0780000      53685.3      19.9720     0.140000
       53697.275      21.1450     0.172000      53697.3      20.8770    0.0700000      53697.3      20.4230    0.0390000      53697.3      20.4720    0.0560000      53697.3      20.4590     0.213000
       53705.261      21.0560     0.112000      53705.3      20.7510    0.0390000      53705.3      20.4150    0.0320000      53705.3      20.4630    0.0470000      53705.3      20.2650     0.131000
       53975.346      20.7520    0.0720000      53975.3      20.5480    0.0380000      53975.3      20.2630    0.0260000      53975.3      20.3510    0.0410000      53975.3      20.3340     0.139000
       53990.358      20.7170     0.132000      53990.4      20.5870    0.0590000      53990.4      20.3170    0.0400000      53990.4      20.3370    0.0500000      53990.4      20.4210     0.170000
       53994.369      20.6670    0.0610000      53994.4      20.5880    0.0310000      53994.4      20.2560    0.0250000      53994.4      20.3280    0.0390000      53994.4      20.3480     0.126000
       53996.352      20.7590    0.0740000      53996.4      20.5450    0.0320000      53996.4      20.2480    0.0290000      53996.4      20.2300    0.0440000      53996.4      20.0870     0.127000
       54010.306      20.6440    0.0600000      54010.3      20.4750    0.0310000      54010.3      20.2250    0.0230000      54010.3      20.3430    0.0330000      54010.3      20.0780    0.0800000
       54012.299      20.8060     0.148000      54012.3     -99.9900    0.0690000      54012.3      20.2220    0.0370000      54012.3      20.3340    0.0770000      54012.3      19.9840     0.107000
       54020.305      20.6900     0.114000      54020.3      20.3930    0.0430000      54020.3      20.1820    0.0320000      54020.3      20.2310    0.0470000      54020.3      20.2650     0.178000
       54024.387      20.5670    0.0880000      54024.4      20.4720    0.0350000      54024.4      20.1830    0.0340000      54024.4      20.2320    0.0520000      54024.4      20.1060     0.146000
       54028.375     -99.9900     0.122000      54028.4      20.4160    0.0540000      54028.4      20.2330    0.0400000      54028.4      20.1510    0.0520000      54028.4      19.9030     0.156000
       54030.299      20.7000    0.0630000      54030.3      20.4820    0.0280000      54030.3      20.2850    0.0240000      54030.3      20.2000    0.0330000      54030.3      20.0300    0.0920000
       54035.375      20.6640     0.107000      54035.4     -99.9900    0.0580000      54035.4      20.2120    0.0330000      54035.4      20.2240    0.0530000      54035.4      20.0850     0.159000
       54037.280      20.7090    0.0560000      54037.3      20.5070    0.0350000      54037.3      20.1870    0.0230000      54037.3      20.4030    0.0510000      54037.3      20.1820    0.0850000
       54040.295      20.3910     0.109000      54040.3      20.4240    0.0560000      54040.3      20.2330    0.0420000      54040.3      20.2200    0.0490000      54040.3      20.0810     0.140000
       54049.321      20.7730     0.153000      54049.3      20.4280    0.0570000      54049.3      20.2030    0.0420000      54049.3      20.2030    0.0470000      54049.3      19.9050     0.123000
       54053.285      20.6830    0.0660000      54053.3      20.4830    0.0300000      54053.3      20.2650    0.0280000      54053.3      20.1440    0.0380000      54053.3      19.9340     0.102000
       54059.281     -99.9900    0.0790000      54059.3      20.4990    0.0490000      54059.3      20.1550    0.0330000      54059.3      20.2450    0.0490000      54059.3      19.9690     0.139000
       54061.292     -99.9900    0.0850000      54061.3      20.4760    0.0520000      54061.3      20.2230    0.0400000      54061.3      20.1270    0.0470000      54061.3      19.7900     0.130000
       54062.286      20.6820    0.0750000      54062.3      20.4910    0.0410000      54062.3      20.1840    0.0280000      54062.3      20.2680    0.0400000      54062.3      19.8670     0.103000
       54068.267      20.7640     0.176000      54068.3      20.5420    0.0730000      54068.3      20.1950    0.0480000      54068.3      20.1600    0.0670000      54068.3      20.3690     0.208000
       54357.325      20.5350    0.0540000      54357.3      20.3750    0.0280000      54357.3      20.1530    0.0230000      54357.3      20.1390    0.0320000      54357.3      19.9000    0.0780000
       54359.356      20.6800    0.0930000      54359.4      20.3160    0.0350000      54359.4      20.1320    0.0280000      54359.4      20.1410    0.0480000      54359.4     -99.9900     0.130000
       54362.374      20.5000    0.0560000      54362.4      20.4120    0.0260000      54362.4      20.1180    0.0240000      54362.4      20.1270    0.0340000      54362.4      20.0260     0.107000
       54376.369      20.6460    0.0900000      54376.4      20.3430    0.0340000      54376.4      20.1290    0.0300000      54376.4      20.0870    0.0430000      54376.4      20.1040     0.124000
       54382.355      20.6610     0.113000      54382.4      20.3650    0.0440000      54382.4      20.0320    0.0370000      54382.4      20.1930    0.0700000      54382.4      19.8940     0.170000
       54385.372      20.5770    0.0620000      54385.4      20.3980    0.0300000      54385.4      20.1540    0.0230000      54385.4      20.1880    0.0320000      54385.4      20.0600    0.0830000
       54387.373      20.7400     0.115000      54387.4      20.4070    0.0610000      54387.4      20.1530    0.0300000      54387.4      20.2180    0.0450000      54387.4      19.9310     0.163000
       54390.365     -99.9900     0.135000      54390.4      20.3510    0.0340000      54390.4     -99.9900    0.0570000      54390.4     -99.9900      4.20000      54390.4      19.8700     0.161000
       54391.374      20.5130     0.157000      54391.4      20.4000    0.0480000      54391.4      20.0240    0.0430000      54391.4      20.1340    0.0730000      54391.4      20.0660     0.237000
       54402.366      20.6310     0.340000      54402.4      20.2390    0.0660000      54402.4      20.0720    0.0520000      54402.4      20.1180    0.0580000      54402.4      20.0430     0.153000
       52522.000       20.863000     0.090000000       52522.000       20.771000     0.043000000       52522.000       20.413000     0.035000000       52522.000       20.475000     0.054000000       52522.000       20.222000      0.14700000
       51132       20.779000     0.062000000       51132       20.652000     0.034000000       51132       20.366000     0.039000000       51132       20.368000     0.053000000       51132       19.635000      0.11000000
       51459       20.535000     0.076000000       51459       20.380000     0.033000000       51459       20.158000     0.038000000       51459       20.170000     0.054000000       51459       20.113000      0.17700000
       51819       20.514000     0.063000000       51819       20.396000     0.036000000       51819       20.162000     0.027000000       51819       20.187000     0.040000000       51819       20.063000      0.13400000
       52224       20.767000     0.066000000       52224       20.725000     0.032000000       52224       20.455000     0.032000000       52224       20.350000     0.046000000       52224       20.240000      0.12600000
       52288       20.777000     0.080000000       52288       20.611000     0.036000000       52288       20.333000     0.034000000       52288       20.409000     0.055000000       52288       19.917000     0.095000000
       52522       20.850000     0.081000000       52522       20.764000     0.042000000       52522       20.417000     0.035000000       52522       20.461000     0.052000000       52522       20.194000      0.14700000
       52552       20.860000     0.065000000       52552       20.760000     0.039000000       52552       20.471000     0.033000000       52552       20.481000     0.038000000       52552       20.223000      0.12200000
       52558       21.038000     0.090000000       52558       20.836000     0.044000000       52558       20.453000     0.038000000       52558       20.416000     0.044000000       52558       20.266000      0.12900000
       52577       20.928000     0.079000000       52577       20.746000     0.033000000       52577       20.464000     0.035000000       52577       20.492000     0.045000000       52577       20.117000      0.12300000
       52586       20.991000     0.071000000       52586       20.771000     0.035000000       52586       20.428000     0.034000000       52586       20.406000     0.073000000       52586       20.291000      0.16800000
       52910       20.825000     0.072000000       52910       20.602000     0.037000000       52910       20.391000     0.027000000       52910       20.469000     0.037000000       52910       20.310000      0.11800000
       52931       20.786000     0.067000000       52931       20.654000     0.036000000       52931       20.329000     0.033000000       52931       20.377000     0.056000000       52931       20.125000      0.11700000
       52935       20.800000     0.078000000       52935       20.547000     0.044000000       52935       20.445000     0.038000000       52935       20.379000     0.051000000       52935       20.080000      0.14000000
       52959       20.638000     0.077000000       52959       20.493000     0.051000000       52959       20.212000     0.033000000       52959       20.304000     0.047000000       52959       20.052000      0.15400000
       53352       20.807000     0.076000000       53352       20.690000     0.041000000       53352       20.424000     0.033000000       53352       20.312000     0.041000000       53352       20.350000      0.15600000
       54424       20.664000      0.14700000       54424       20.371000     0.052000000       54424       20.111000     0.038000000       54424       20.170000     0.044000000       54424       20.062000      0.11400000
       54769       20.946000      0.10000000       54769       20.780000     0.040000000       54769       20.438000     0.037000000       54769       20.473000     0.057000000       54769       20.385000      0.18100000
