       51467.334      19.4840    0.0490000      51467.3      19.2790    0.0160000      51467.3      18.8900    0.0150000      51467.3      18.8700    0.0200000      51467.3      18.8810    0.0680000
       51819.310      19.3080    0.0290000      51819.3     -99.9900    0.0130000      51819.3      18.7690    0.0100000      51819.3      18.7130    0.0120000      51819.3      18.7790    0.0400000
       52558.275      19.2490    0.0270000      52558.3      19.0260    0.0100000      52558.3      18.6620   0.00900000      52558.3      18.6180    0.0110000      52558.3      18.6770    0.0340000
       52577.162      19.2480    0.0280000      52577.2      19.0210    0.0110000      52577.2      18.6960    0.0100000      52577.2      18.6040    0.0140000      52577.2      18.6860    0.0520000
       52586.166      19.1450    0.0240000      52586.2      18.9970    0.0100000      52586.2      18.6640    0.0100000      52586.2      18.5940    0.0130000      52586.2      18.5620    0.0410000
       52931.177      19.1930    0.0240000      52931.2      18.9670    0.0100000      52931.2      18.6650   0.00900000      52931.2      18.5930    0.0110000      52931.2      18.6300    0.0320000
       52935.174      19.1990    0.0250000      52935.2      18.9960    0.0100000      52935.2      18.6600    0.0100000      52935.2      18.5980    0.0120000      52935.2      18.6570    0.0360000
       53313.167      19.2220    0.0290000      53313.2      18.9440    0.0110000      53313.2      18.6060    0.0100000      53313.2      18.5700    0.0140000      53313.2      18.7200    0.0470000
       53622.276      19.2900    0.0360000      53622.3      19.0590    0.0140000      53622.3      18.6830    0.0120000      53622.3      18.6270    0.0170000      53622.3      18.7430    0.0580000
       53634.225      19.3450    0.0810000      53634.2     -99.9900    0.0370000      53634.2      18.6400    0.0210000      53634.2      18.6050    0.0230000      53634.2      18.5750    0.0710000
       53636.231      19.3530    0.0400000      53636.2      19.0690    0.0180000      53636.2      18.6900    0.0110000      53636.2      18.6520    0.0130000      53636.2      18.7020    0.0430000
       53638.267      19.2930    0.0290000      53638.3      19.0500    0.0110000      53638.3      18.7090    0.0100000      53638.3      18.6390    0.0120000      53638.3      18.6650    0.0340000
       53655.203      19.2950    0.0500000      53655.2     -99.9900    0.0250000      53655.2      18.6690    0.0140000      53655.2      18.6410    0.0170000      53655.2      18.6860    0.0520000
       53664.228      19.2530    0.0480000      53664.2      19.0360    0.0170000      53664.2      18.7160    0.0130000      53664.2      18.6630    0.0150000      53664.2      18.6060    0.0450000
       53666.192      19.2550    0.0270000      53666.2      19.0290    0.0110000      53666.2      18.6850    0.0100000      53666.2      18.6070    0.0120000      53666.2      18.6920    0.0400000
       53669.187      19.2580    0.0260000      53669.2      19.0220    0.0100000      53669.2      18.6880   0.00900000      53669.2      18.6270    0.0120000      53669.2      18.7000    0.0390000
       53671.272      19.3190    0.0440000      53671.3      19.0980    0.0140000      53671.3      18.7120    0.0130000      53671.3      18.6430    0.0150000      53671.3      18.6430    0.0490000
       53674.171      19.2640    0.0290000      53674.2      19.0130    0.0110000      53674.2      18.6990    0.0100000      53674.2      18.6150    0.0120000      53674.2      18.7110    0.0400000
       53676.261      19.2300    0.0290000      53676.3      19.0660    0.0110000      53676.3      18.6820    0.0100000      53676.3      18.6270    0.0110000      53676.3      18.6140    0.0310000
       53679.233      19.2220    0.0320000      53679.2      19.0120    0.0110000      53679.2      18.6750    0.0110000      53679.2      18.6190    0.0130000      53679.2      18.7700    0.0450000
       53681.224      19.1840    0.0690000      53681.2      19.0490    0.0210000      53681.2      18.6650    0.0140000      53681.2      18.6000    0.0160000      53681.2     -99.9900     0.131000
       53685.183      19.1570    0.0710000      53685.2      18.9750    0.0520000      53685.2      18.6020    0.0210000      53685.2      18.6570    0.0250000      53685.2      18.5930     0.143000
       53687.222      19.2040    0.0730000      53687.2      19.0520    0.0270000      53687.2      18.6480    0.0150000      53687.2      18.5890    0.0160000      53687.2      18.6200    0.0410000
       53694.197      19.2770    0.0950000      53694.2     -99.9900    0.0320000      53694.2      18.6460    0.0200000      53694.2      18.5680    0.0220000      53694.2      18.7510    0.0890000
       53697.181      19.2310    0.0390000      53697.2      18.9940    0.0150000      53697.2      18.6630    0.0130000      53697.2      18.6050    0.0160000      53697.2      18.7180    0.0490000
       53700.180      19.2280    0.0290000      53700.2      19.0240    0.0110000      53700.2      18.6520    0.0100000      53700.2      18.6040    0.0120000      53700.2      18.6260    0.0390000
       53705.167      19.2240    0.0280000      53705.2      18.9990    0.0110000      53705.2      18.6670    0.0100000      53705.2      18.6120    0.0120000      53705.2      18.7160    0.0400000
       53975.252      19.2260    0.0290000      53975.3      19.0320    0.0170000      53975.2      18.6820    0.0100000      53975.2      18.5870    0.0200000      53975.3      18.6100    0.0400000
       53993.320      19.2380    0.0270000      53993.3      19.0390    0.0210000      53993.3      18.6700    0.0180000      53993.3      18.6250    0.0170000      53993.3      18.6480    0.0320000
       53996.259      19.1880    0.0250000      53996.3      19.0100    0.0180000      53996.3      18.6850    0.0170000      53996.3      18.6130    0.0160000      53996.3      18.6550    0.0370000
       53998.227      19.2190    0.0240000      53998.2      19.0420    0.0280000      53998.2      18.6790    0.0160000      53998.2      18.6390    0.0150000      53998.2      18.6630    0.0270000
       54005.258      19.2020    0.0240000      54005.3      19.0120    0.0150000      54005.3      18.6930    0.0150000      54005.3      18.6130    0.0210000      54005.3      18.6560    0.0340000
       54010.213     -99.9900    0.0300000      54010.2      19.0350    0.0220000      54010.2      18.6740    0.0140000      54010.2      18.5900    0.0170000      54010.2      18.6310    0.0280000
       54012.206      19.2290    0.0430000      54012.2      19.0250    0.0260000      54012.2      18.6430    0.0220000      54012.2      18.6160    0.0190000      54012.2      18.6840    0.0360000
       54020.212      19.1680    0.0350000      54020.2      18.9900    0.0170000      54020.2      18.6580    0.0150000      54020.2      18.6100    0.0150000      54020.2      18.6560    0.0370000
       54022.261      19.2360    0.0250000      54022.3      19.0140    0.0220000      54022.3      18.6780    0.0160000      54022.3      18.6150    0.0200000      54022.3      18.6330    0.0310000
       54028.202      19.1550    0.0260000      54028.2      18.9920    0.0190000      54028.2      18.6370    0.0140000      54028.2      18.6140    0.0240000      54028.2      18.6560    0.0430000
       54030.205      19.1850    0.0250000      54030.2      19.0210    0.0200000      54030.2      18.6760    0.0210000      54030.2      18.6210    0.0180000      54030.2      18.6990    0.0310000
       54035.281      19.3210    0.0400000      54035.3      19.0200    0.0270000      54035.3      18.6340    0.0200000      54035.3      18.6590    0.0210000      54035.3      18.6780    0.0500000
       54037.186      19.1560    0.0300000      54037.2      18.9800    0.0220000      54037.2      18.6710    0.0160000      54037.2      18.5880    0.0160000      54037.2      18.5430    0.0380000
       54040.201      19.1620    0.0440000      54040.2      19.0150    0.0230000      54040.2      18.6850    0.0170000      54040.2      18.6420    0.0190000      54040.2      18.6450    0.0400000
       54049.227      19.4620    0.0640000      54049.2      19.0000    0.0220000      54049.2      18.6880    0.0180000      54049.2      18.6140    0.0190000      54049.2      18.6480    0.0480000
       54050.186      19.2170    0.0390000      54050.2      19.0350    0.0250000      54050.2      18.6470    0.0180000      54050.2      18.6010    0.0280000      54050.2      18.6310    0.0770000
       54053.192      19.1490    0.0280000      54053.2      18.9940    0.0210000      54053.2      18.6870    0.0170000      54053.2      18.5880    0.0180000      54053.2      18.6110    0.0370000
       54056.193      19.2350    0.0430000      54056.2      19.0360    0.0210000      54056.2      18.6660    0.0170000      54056.2      18.5740    0.0590000      54056.2      18.6570    0.0560000
       54059.188      19.2280    0.0330000      54059.2      19.0210    0.0180000      54059.2      18.6800    0.0150000      54059.2      18.6010    0.0190000      54059.2      18.7580    0.0470000
       54061.199      19.1900    0.0290000      54061.2      19.0160    0.0180000      54061.2      18.6780    0.0180000      54061.2      18.6030    0.0210000      54061.2      18.7460    0.0400000
       54062.193      19.2540    0.0450000      54062.2      18.9590    0.0240000      54062.2      18.6660    0.0200000      54062.2      18.5750    0.0230000      54062.2      18.6750    0.0520000
       54357.231      19.2810    0.0290000      54357.2      19.0300    0.0170000      54357.2      18.6680    0.0190000      54357.2      18.5880    0.0170000      54357.2      18.7180    0.0380000
       54362.281      19.1780    0.0240000      54362.3      19.0380    0.0120000      54362.3      18.7000    0.0200000      54362.3      18.6240    0.0170000      54362.3      18.7240    0.0380000
       54376.289      19.2410    0.0300000      54376.3      19.0410    0.0230000      54376.3      18.6930    0.0180000      54376.3      18.6430    0.0160000      54376.3      18.7820    0.0440000
       54385.279      19.1820    0.0290000      54385.3      18.9990    0.0190000      54385.3      18.6700    0.0190000      54385.3      18.6390    0.0140000      54385.3      18.6670    0.0370000
       54387.279      19.2380    0.0300000      54387.3      19.0510    0.0210000      54387.3      18.7060    0.0180000      54387.3      18.6290    0.0150000      54387.3      18.6460    0.0370000
       54392.274      19.1710    0.0290000      54392.3      19.0370    0.0310000      54392.3      18.6850    0.0190000      54392.3      18.5910    0.0200000      54392.3      18.6210    0.0400000
       54402.272      19.3350    0.0660000      54402.3      19.0430    0.0310000      54402.3      18.6880    0.0150000      54402.3      18.5790    0.0170000      54402.3      18.6000    0.0410000
       52558.000       19.247000     0.026000000       52558.000       19.047000     0.026000000       52558.000       18.663000     0.017000000       52558.000       18.627000     0.018000000       52558.000       18.671000     0.037000000
       51467       19.473000     0.053000000       51467       19.247000     0.022000000       51467       18.869000     0.023000000       51467       18.855000     0.024000000       51467       18.876000     0.074000000
       51819       19.293000     0.028000000       51819       19.186000     0.058000000       51819       18.758000     0.014000000       51819       18.718000     0.018000000       51819       18.838000     0.049000000
       52552       19.196000     0.032000000       52552       19.035000     0.020000000       52552       18.723000     0.020000000       52552       18.643000     0.020000000       52552       18.675000     0.047000000
       52577       19.278000     0.039000000       52577       19.030000     0.019000000       52577       18.688000     0.020000000       52577       18.593000     0.022000000       52577       18.694000     0.055000000
       52586       19.142000     0.027000000       52586       18.995000     0.021000000       52586       18.660000     0.015000000       52586       18.567000     0.020000000       52586       18.572000     0.044000000
       52931       19.181000     0.026000000       52931       18.996000     0.017000000       52931       18.684000     0.017000000       52931       18.604000     0.016000000       52931       18.663000     0.037000000
       52935       19.196000     0.027000000       52935       19.030000     0.026000000       52935       18.667000     0.023000000       52935       18.614000     0.026000000       52935       18.690000     0.038000000
       53313       19.238000     0.056000000       53313       18.945000     0.050000000       53313       18.606000     0.018000000       53313       18.580000     0.019000000       53313       18.706000     0.053000000
       54769       19.315000     0.034000000       54769       19.072000     0.017000000       54769       18.721000     0.015000000       54769       18.671000     0.017000000       54769       18.760000     0.043000000
