       51075.248      20.2550    0.0570000      51075.2      19.2950    0.0120000      51075.2      18.6960    0.0110000      51075.2      18.3710    0.0120000      51075.2      18.0960    0.0300000
       51464.236      20.4020    0.0670000      51464.2      19.3790    0.0120000      51464.2      18.8560    0.0110000      51464.2      18.5390    0.0130000      51464.2      18.2100    0.0270000
       52197.262      20.2610    0.0550000      52197.3      19.2960    0.0110000      52197.3      18.7370    0.0100000      52197.3      18.4230    0.0110000      52197.3      18.1420    0.0240000
       52231.148      20.3280    0.0560000      52231.1      19.3440    0.0110000      52231.1      18.7760    0.0100000      52231.1      18.4480    0.0110000      52231.1      18.1660    0.0240000
       52557.256      20.2980    0.0630000      52557.3      19.3920    0.0120000      52557.3      18.8080    0.0110000      52557.3      18.4620    0.0120000      52557.3      18.1490    0.0270000
       52578.152      20.4090    0.0590000      52578.2      19.4140    0.0120000      52578.1      18.8200    0.0110000      52578.2      18.5140    0.0120000      52578.2      18.1360    0.0260000
       52929.182      20.8050    0.0800000      52929.2      19.6050    0.0130000      52929.2      18.9710    0.0110000      52929.2      18.6230    0.0120000      52929.2      18.2920    0.0270000
       52934.162      20.6750    0.0870000      52934.2      19.5600    0.0140000      52934.2      18.9710    0.0120000      52934.2      18.5720    0.0130000      52934.2      18.3670    0.0330000
       52936.158      20.6770    0.0750000      52936.2      19.6070    0.0140000      52936.2      18.9850    0.0130000      52936.2      18.5820    0.0140000      52936.2     -99.9900    0.0320000
       53270.222      20.6210    0.0800000      53270.2      19.6330    0.0190000      53270.2      19.0110    0.0170000      53270.2      18.6150    0.0150000      53270.2      18.3490    0.0300000
       53272.272      20.8700     0.179000      53272.3      19.6180    0.0300000      53272.3      18.9730    0.0180000      53272.3      18.6000    0.0170000      53272.3      18.3510    0.0370000
       53286.241      20.6300    0.0870000      53286.2      19.5800    0.0130000      53286.2      18.9780    0.0110000      53286.2      18.6320    0.0120000      53286.2      18.2770    0.0270000
       53288.199      20.4830    0.0730000      53288.2      19.5600    0.0150000      53288.2      18.9390    0.0130000      53288.2      18.5870    0.0140000      53288.2      18.2380    0.0280000
       53294.226      20.6680    0.0880000      53294.2      19.5890    0.0310000      53294.2      19.0130    0.0180000      53294.2      18.5850    0.0200000      53294.2      18.3420    0.0420000
       53302.195      20.8150     0.192000      53302.2      19.6160    0.0330000      53302.2      19.0140    0.0210000      53302.2      18.6540    0.0200000      53302.2      18.3410    0.0380000
       53312.150      20.5930    0.0700000      53312.2      19.6030    0.0210000      53312.1      18.9890    0.0150000      53312.1      18.6190    0.0160000      53312.2      18.3990    0.0340000
       53314.152      20.6360    0.0690000      53314.2      19.6060    0.0130000      53314.1      18.9910    0.0120000      53314.2      18.6320    0.0140000      53314.2      18.3490    0.0330000
       53616.256      20.6850     0.117000      53616.3      19.7530    0.0170000      53616.3      19.0800    0.0140000      53616.3      18.7020    0.0150000      53616.3      18.2870    0.0350000
       53623.246     -99.9900     0.699000      53623.2     -99.9900    0.0360000      53623.2     -99.9900    0.0390000      53623.2     -99.9900    0.0440000      53623.2     -99.9900    0.0570000
       53626.232      20.6960     0.122000      53626.2      19.7530    0.0260000      53626.2      19.0540    0.0150000      53626.2      18.7090    0.0150000      53626.2      18.3560    0.0330000
       53628.217      20.7330     0.206000      53628.2      19.7360    0.0370000      53628.2      19.0550    0.0230000      53628.2      18.6820    0.0190000      53628.2      18.3460    0.0350000
       53637.219      20.9370     0.164000      53637.2      19.7940    0.0250000      53637.2      19.1370    0.0170000      53637.2      18.7180    0.0180000      53637.2      18.3940    0.0480000
       53644.211      20.8230    0.0660000      53644.2      19.7600    0.0180000      53644.2      19.1270    0.0160000      53644.2      18.7480    0.0130000      53644.2      18.4210    0.0280000
       53654.246      21.0120     0.128000      53654.2      19.7600    0.0240000      53654.2      19.1440    0.0180000      53654.2      18.7390    0.0170000      53654.2      18.5510    0.0670000
       53656.193      21.1460     0.367000      53656.2      19.7380    0.0470000      53656.2      19.0950    0.0250000      53656.2      18.7370    0.0220000      53656.2      18.4260    0.0510000
       53663.207      20.6810     0.121000      53663.2      19.7420    0.0230000      53663.2      19.1190    0.0150000      53663.2      18.7650    0.0140000      53663.2      18.3790    0.0290000
       53665.185     -99.9900     0.567000      53665.2     -99.9900     0.113000      53665.2     -99.9900     0.217000      53665.2     -99.9900     0.238000      53665.2      18.3570     0.422000
       53668.196      20.8640     0.111000      53668.2      19.7510    0.0160000      53668.2      19.0660    0.0140000      53668.2      18.7150    0.0160000      53668.2      18.3890    0.0410000
       53670.201      20.8120    0.0960000      53670.2      19.7270    0.0150000      53670.2      19.1160    0.0130000      53670.2      18.7010    0.0140000      53670.2      18.3440    0.0310000
       53673.169      20.7770     0.100000      53673.2      19.7490    0.0160000      53673.2      19.0690    0.0140000      53673.2      18.6900    0.0150000      53673.2      18.3520    0.0330000
       53675.166      20.7950    0.0940000      53675.2      19.7400    0.0150000      53675.2      19.0700    0.0130000      53675.2      18.6800    0.0140000      53675.2      18.3960    0.0340000
       53677.187      20.8740    0.0820000      53677.2      19.7190    0.0130000      53677.2      19.0960    0.0120000      53677.2      18.7070    0.0120000      53677.2      18.3570    0.0250000
       53680.174      20.8170    0.0920000      53680.2      19.7310    0.0140000      53680.2      19.0730    0.0120000      53680.2      18.6830    0.0120000      53680.2      18.3900    0.0280000
       53686.240      20.5780     0.387000      53686.2      19.6140    0.0620000      53686.2      19.0690    0.0350000      53686.2      18.6820    0.0290000      53686.2      18.2790    0.0540000
       53693.176      20.9310     0.198000      53693.2      19.7320    0.0280000      53693.2      19.0680    0.0160000      53693.2      18.6960    0.0150000      53693.2      18.3650    0.0300000
       53702.171      20.7640     0.219000      53702.2      19.7280    0.0300000      53702.2      19.0650    0.0210000      53702.2      18.6650    0.0260000      53702.2      18.4250    0.0730000
       53704.159      20.7460    0.0950000      53704.2      19.6970    0.0150000      53704.2      19.0420    0.0130000      53704.2      18.6960    0.0140000      53704.2      18.3440    0.0290000
       53989.255      20.4410     0.101000      53989.3      19.6270    0.0270000      53989.3      19.0830    0.0180000      53989.3      18.7450    0.0160000      53989.3     -99.9900    0.0330000
       53995.244      20.7550    0.0640000      53995.2      19.6440    0.0150000      53995.2      19.0150    0.0150000      53995.2      18.6920    0.0140000      53995.2      18.3430    0.0250000
       54000.230      20.7330    0.0940000      54000.2      19.6350    0.0210000      54000.2      19.0410    0.0170000      54000.2      18.6850    0.0180000      54000.2      18.3150    0.0330000
       54007.281      20.6700    0.0740000      54007.3      19.6260    0.0180000      54007.3      19.0460    0.0210000      54007.3      18.6690    0.0160000      54007.3      18.3210    0.0290000
       54009.204      20.7110    0.0830000      54009.2      19.6360    0.0180000      54009.2      19.0240    0.0160000      54009.2      18.6900    0.0160000      54009.2      18.3150    0.0290000
       54011.269      20.7060     0.109000      54011.3      19.6340    0.0230000      54011.3      19.0820    0.0190000      54011.3      18.6610    0.0180000      54011.3     -99.9900    0.0280000
       54019.219      20.7810     0.101000      54019.2      19.6260    0.0230000      54019.2      18.9750    0.0200000      54019.2      18.7030    0.0130000      54019.2      18.3640    0.0260000
       54025.268      20.6570    0.0960000      54025.3      19.6030    0.0200000      54025.3      18.9740    0.0190000      54025.3      18.6330    0.0200000      54025.3      18.3430    0.0330000
       54029.198      20.7850    0.0790000      54029.2      19.6190    0.0190000      54029.2      19.0140    0.0140000      54029.2      18.6670    0.0140000      54029.2      18.3410    0.0320000
       54358.221      20.8140     0.121000      54358.2      19.7540    0.0210000      54358.2      19.1070    0.0280000      54358.2      18.6590    0.0270000      54358.2      18.2900    0.0380000
       54365.255      20.8350     0.112000      54365.3      19.7750    0.0250000      54365.3      19.0700    0.0200000      54365.3      18.6720    0.0180000      54365.3      18.3430    0.0330000
       54373.329      20.6190     0.257000      54373.3      19.7240    0.0470000      54373.3     -99.9900    0.0330000      54373.3      18.6940    0.0250000      54373.3      18.3580    0.0440000
       54382.264      21.2110     0.199000      54382.3      19.7220    0.0190000      54382.3      19.0460    0.0210000      54382.3      18.6940    0.0220000      54382.3      18.2290    0.0350000
       54386.266      20.9570    0.0910000      54386.3      19.7580    0.0240000      54386.3      19.0940    0.0170000      54386.3      18.6880    0.0170000      54386.3      18.3600    0.0270000
       54388.271      21.0470     0.133000      54388.3      19.7580    0.0200000      54388.3      19.0690    0.0140000      54388.3      18.6920    0.0190000      54388.3      18.3130    0.0310000
       54403.184      20.7410     0.107000      54403.2      19.7740    0.0260000      54403.2      19.0820    0.0160000      54403.2      18.7160    0.0180000      54403.2      18.4180    0.0330000
       54404.191      20.8350    0.0790000      54404.2      19.7770    0.0220000      54404.2      19.0910    0.0160000      54404.2      18.6880    0.0160000      54404.2      18.3780    0.0300000
       54406.178      20.8780    0.0890000      54406.2      19.7490    0.0170000      54406.2      19.0770    0.0170000      54406.2      18.6980    0.0170000      54406.2      18.2700    0.0340000
       54412.181      21.0360     0.105000      54412.2      19.7350    0.0200000      54412.2      19.0780    0.0150000      54412.2     -99.9900    0.0170000      54412.2     -99.9900    0.0290000
       52197.000       20.282000     0.054000000       52197.000       19.323000     0.020000000       52197.000       18.750000     0.012000000       52197.000       18.440000     0.015000000       52197.000       18.153000     0.027000000
       51075       20.220000     0.045000000       51075       19.288000     0.016000000       51075       18.697000     0.015000000       51075       18.367000     0.020000000       51075       18.070000     0.032000000
       51459       20.135000     0.085000000       51459       19.412000     0.020000000       51459       18.823000     0.018000000       51459       18.529000     0.031000000       51459       18.184000     0.042000000
       51464       20.402000     0.061000000       51464       19.396000     0.020000000       51464       18.869000     0.018000000       51464       18.572000     0.016000000       51464       18.219000     0.029000000
       52197       20.280000     0.049000000       52197       19.326000     0.023000000       52197       18.750000     0.013000000       52197       18.447000     0.015000000       52197       18.158000     0.027000000
       52231       20.317000     0.048000000       52231       19.344000     0.016000000       52231       18.781000     0.015000000       52231       18.469000     0.016000000       52231       18.159000     0.028000000
       52557       20.320000     0.060000000       52557       19.436000     0.022000000       52557       18.836000     0.019000000       52557       18.492000     0.022000000       52557       18.174000     0.036000000
       52578       20.437000     0.052000000       52578       19.450000     0.019000000       52578       18.858000     0.016000000       52578       18.551000     0.017000000       52578       18.153000     0.028000000
       52929       20.771000     0.068000000       52929       19.608000     0.022000000       52929       18.967000     0.015000000       52929       18.638000     0.016000000       52929       18.282000     0.030000000
       52934       20.665000     0.076000000       52934       19.597000     0.021000000       52934       19.000000     0.022000000       52934       18.621000     0.022000000       52934       18.372000     0.036000000
       52936       20.682000     0.067000000       52936       19.635000     0.020000000       52936       19.009000     0.015000000       52936       18.623000     0.014000000       52936       18.362000     0.040000000
       53270       20.664000     0.076000000       53270       19.646000     0.020000000       53270       19.012000     0.020000000       53270       18.623000     0.017000000       53270       18.334000     0.033000000
       53272       20.878000      0.16700000       53272       19.657000     0.036000000       53272       18.989000     0.023000000       53272       18.628000     0.021000000       53272       18.352000     0.038000000
       53286       20.615000     0.076000000       53286       19.587000     0.029000000       53286       19.000000     0.017000000       53286       18.658000     0.015000000       53286       18.260000     0.033000000
       53288       20.479000     0.066000000       53288       19.564000     0.018000000       53288       18.971000     0.019000000       53288       18.625000     0.019000000       53288       18.263000     0.032000000
       53294       20.649000     0.082000000       53294       19.592000     0.035000000       53294       19.020000     0.022000000       53294       18.608000     0.021000000       53294       18.308000     0.047000000
       53312       20.563000     0.064000000       53312       19.603000     0.021000000       53312       18.986000     0.017000000       53312       18.634000     0.017000000       53312       18.393000     0.037000000
       53314       20.669000     0.062000000       53314       19.637000     0.021000000       53314       19.009000     0.017000000       53314       18.668000     0.018000000       53314       18.361000     0.034000000
