       51081.292      21.2240     0.185000      51081.3     -99.9900    0.0500000      51081.3      20.4590    0.0530000      51081.3      19.9440    0.0480000      51081.3      19.5060     0.109000
       51819.363     -99.9900     0.166000      51819.4      20.6580    0.0350000      51819.4      20.3160    0.0340000      51819.4      19.8920    0.0370000      51819.4      19.5540    0.0970000
       52558.328      20.9160     0.104000      52558.3      20.5280    0.0290000      52558.3      20.2660    0.0330000      52558.3      19.8840    0.0300000      52558.3      19.5530    0.0780000
       52577.216      21.2230     0.123000      52577.2      20.6090    0.0270000      52577.2      20.2200    0.0280000      52577.2      19.8600    0.0360000      52577.2      19.6700     0.101000
       52586.219      20.8990    0.0930000      52586.2      20.5840    0.0260000      52586.2      20.2470    0.0310000      52586.2      19.8470    0.0360000      52586.2      19.6790     0.115000
       52910.300      20.6150    0.0680000      52910.3      20.2980    0.0210000      52910.3      20.0690    0.0220000      52910.3      19.7660    0.0310000      52910.3      19.5730    0.0800000
       52931.230      20.6290    0.0850000      52931.2      20.2710    0.0250000      52931.2      20.0440    0.0270000      52931.2      19.7230    0.0300000      52931.2      19.5020    0.0840000
       52935.227      20.4430    0.0690000      52935.2      20.2250    0.0210000      52935.2      20.0060    0.0250000      52935.2      19.7050    0.0300000      52935.2      19.4860    0.0880000
       52959.170      20.6970    0.0680000      52959.2      20.3250    0.0220000      52959.2      20.1120    0.0220000      52959.2      19.8320    0.0260000      52959.2      19.5610    0.0730000
       52963.150      20.6360    0.0690000      52963.2      20.3100    0.0200000      52963.1      20.0810    0.0250000      52963.1      19.8280    0.0280000      52963.2      19.6000    0.0720000
       53352.121      20.8350    0.0860000      53352.1      20.3110    0.0220000      53352.1      20.1410    0.0260000      53352.1      19.7500    0.0310000      53352.1      19.6080    0.0940000
       53638.320      20.8760     0.110000      53638.3      20.4460    0.0300000      53638.3      20.2710    0.0310000      53638.3      19.8630    0.0300000      53638.3      19.5310    0.0770000
       53655.256      21.0600     0.202000      53655.3      20.5050    0.0570000      53655.3      20.4020    0.0500000      53655.3      19.9500    0.0470000      53655.3      19.3180     0.107000
       53664.281     -99.9900     0.242000      53664.3      20.5220    0.0600000      53664.3      20.1860    0.0460000      53664.3      19.8770    0.0580000      53664.3      19.5930     0.123000
       53666.245      20.8600     0.105000      53666.2      20.4680    0.0310000      53666.2      20.2090    0.0310000      53666.2      19.8970    0.0350000      53666.2      19.7070    0.0970000
       53669.240      20.8290    0.0870000      53669.2      20.4670    0.0240000      53669.2      20.1960    0.0280000      53669.2      19.9100    0.0340000      53669.2      19.4880    0.0840000
       53671.325      21.0570     0.182000      53671.3      20.4830    0.0330000      53671.3      20.3050    0.0390000      53671.3      20.0090    0.0430000      53671.3      19.6050     0.100000
       53674.225      21.1020     0.127000      53674.2      20.4940    0.0250000      53674.2      20.2530    0.0310000      53674.2      19.8890    0.0340000      53674.2      19.6730    0.0860000
       53676.314      21.0750     0.130000      53676.3      20.5350    0.0280000      53676.3      20.2380    0.0290000      53676.3      19.8750    0.0290000      53676.3      19.7700    0.0840000
       53679.286      20.8490     0.132000      53679.3      20.5590    0.0300000      53679.3      20.3440    0.0420000      53679.3      19.9200    0.0450000      53679.3      19.6370     0.109000
       53681.277      20.8370     0.119000      53681.3      20.5030    0.0290000      53681.3      20.2350    0.0340000      53681.3      19.8420    0.0360000      53681.3      19.5830     0.124000
       53697.234      20.9420     0.120000      53697.2      20.5680    0.0270000      53697.2      20.2400    0.0340000      53697.2      19.9520    0.0320000      53697.2      19.6010    0.0710000
       53700.233      20.8590     0.130000      53700.2      20.5700    0.0290000      53700.2      20.3730    0.0370000      53700.2      19.9430    0.0380000      53700.2      19.4070    0.0860000
       53705.220      21.0500     0.131000      53705.2      20.5950    0.0280000      53705.2      20.2750    0.0300000      53705.2      19.8660    0.0310000      53705.2      19.6370    0.0750000
       53975.305      21.3070     0.139000      53975.3      20.7930    0.0360000      53975.3      20.4320    0.0350000      53975.3      20.0150    0.0340000      53975.3      19.7220    0.0950000
       53990.318      21.3720     0.240000      53990.3      20.7740    0.0620000      53990.3      20.4350    0.0470000      53990.3      20.0550    0.0450000      53990.3     -99.9900     0.119000
       53993.373     -99.9900     0.165000      53993.4      20.8250    0.0410000      53993.4      20.5350    0.0340000      53993.4      20.0520    0.0340000      53993.4      19.6200    0.0970000
       53996.312     -99.9900     0.146000      53996.3     -99.9900    0.0370000      53996.3      20.5120    0.0390000      53996.3      20.0580    0.0380000      53996.3      19.7970     0.106000
       53998.281      21.2680     0.154000      53998.3      20.8380    0.0260000      53998.3     -99.9900     0.325000      53998.3     -99.9900    0.0870000      53998.3     -99.9900     0.101000
       54010.266      21.2990     0.141000      54010.3      20.8290    0.0450000      54010.3      20.5250    0.0360000      54010.3      20.0440    0.0330000      54010.3     -99.9900    0.0770000
       54030.258      21.2820     0.107000      54030.3      20.8430    0.0280000      54030.3      20.5660    0.0340000      54030.3      20.0350    0.0320000      54030.3      19.9160    0.0960000
       54037.240      21.4050     0.133000      54037.2      20.9040    0.0370000      54037.2      20.4830    0.0370000      54037.2      20.0530    0.0390000      54037.2      20.0800     0.122000
       54053.245      21.5800     0.160000      54053.2      20.8990    0.0340000      54053.2      20.5700    0.0350000      54053.2      20.0810    0.0370000      54053.2      19.7600    0.0840000
       54059.241      21.9810     0.480000      54059.2     -99.9900    0.0440000      54059.2      20.4890    0.0490000      54059.2      20.0250    0.0590000      54059.2      19.5150     0.126000
       54062.246      21.4980     0.254000      54062.2      20.8180    0.0420000      54062.2      20.4760    0.0510000      54062.2      20.0620    0.0530000      54062.2      20.0560     0.184000
       54068.226      20.8520     0.222000      54068.2      20.7340    0.0890000      54068.2      20.5480    0.0780000      54068.2      19.9970    0.0580000      54068.2      19.7720     0.122000
       54357.284     -99.9900     0.109000      54357.3      20.4830    0.0330000      54357.3      20.1880    0.0250000      54357.3      19.8980    0.0310000      54357.3      19.5940    0.0690000
       54362.334     -99.9900     0.197000      54362.3     -99.9900     0.280000      54362.3     -99.9900    0.0340000      54362.3     -99.9900    0.0490000      54362.3      19.8510     0.305000
       54382.314     -99.9900     0.149000      54382.3      20.4370    0.0290000      54382.3      20.2150    0.0320000      54382.3      19.8280    0.0360000      54382.3      19.6930     0.113000
       54387.332     -99.9900     0.135000      54387.3      20.5170    0.0280000      54387.3      20.2310    0.0320000      54387.3      19.8270    0.0330000      54387.3      19.5850    0.0770000
       54392.327      21.0180     0.136000      54392.3      20.5180    0.0310000      54392.3      20.2620    0.0340000      54392.3      19.9260    0.0370000      54392.3      19.6780    0.0880000
       54402.325      21.1210     0.332000      54402.3      20.5870    0.0650000      54402.3      20.2980    0.0480000      54402.3      19.9730    0.0420000      54402.3      19.8090     0.110000
       52522.000       21.164000      0.12200000       52522.000       20.668000     0.031000000       52522.000       20.414000     0.033000000       52522.000       20.012000     0.037000000       52522.000       19.652000     0.094000000
       51081       21.282000      0.15300000       51081       20.954000     0.055000000       51081       20.597000     0.057000000       51081       20.067000     0.047000000       51081       19.638000      0.10900000
       51819       21.390000      0.13300000       51819       20.802000     0.038000000       51819       20.480000     0.036000000       51819       20.041000     0.040000000       51819       19.707000     0.096000000
       52522       21.159000      0.10800000       52522       20.662000     0.036000000       52522       20.406000     0.033000000       52522       20.016000     0.036000000       52522       19.655000     0.096000000
       52552       21.101000     0.093000000       52552       20.639000     0.033000000       52552       20.328000     0.033000000       52552       19.981000     0.033000000       52552       19.645000     0.094000000
       52558       20.843000     0.086000000       52558       20.585000     0.034000000       52558       20.287000     0.037000000       52558       19.969000     0.035000000       52558       19.595000     0.077000000
       52577       21.267000      0.10500000       52577       20.649000     0.031000000       52577       20.277000     0.029000000       52577       19.907000     0.037000000       52577       19.710000     0.099000000
       52586       20.962000     0.080000000       52586       20.624000     0.029000000       52586       20.291000     0.033000000       52586       19.911000     0.037000000       52586       19.717000      0.11300000
       52931       20.697000     0.076000000       52931       20.354000     0.027000000       52931       20.108000     0.029000000       52931       19.801000     0.031000000       52931       19.553000     0.086000000
       52935       20.576000     0.064000000       52935       20.307000     0.026000000       52935       20.094000     0.025000000       52935       19.819000     0.031000000       52935       19.568000     0.087000000
       52959       20.751000     0.065000000       52959       20.392000     0.029000000       52959       20.192000     0.024000000       52959       19.923000     0.027000000       52959       19.610000     0.071000000
       52963       20.752000     0.070000000       52963       20.376000     0.022000000       52963       20.156000     0.026000000       52963       19.866000     0.031000000       52963       19.650000     0.072000000
       53352       20.986000     0.072000000       53352       20.410000     0.028000000       53352       20.203000     0.026000000       53352       19.830000     0.032000000       53352       19.690000     0.091000000
