       51819.309      20.7040    0.0820000      51819.3      20.1710    0.0220000      51819.3      19.8340    0.0220000      51819.3      19.4560    0.0230000      51819.3      19.2750    0.0610000
       53664.227      21.0050     0.252000      53664.2      20.4500    0.0700000      53664.2      19.9170    0.0460000      53664.2      19.5360    0.0390000      53664.2      19.3510    0.0950000
       53676.260      21.0110     0.106000      53676.3      20.4700    0.0260000      53676.3      20.0460    0.0250000      53676.3      19.6650    0.0260000      53676.3      19.4660    0.0660000
       53700.179      20.9140     0.117000      53700.2      20.2600    0.0260000      53700.2      19.8710    0.0280000      53700.2      19.5280    0.0300000      53700.2      19.2860    0.0750000
       53993.319      20.5730    0.0640000      53993.3      20.1600    0.0220000      53993.3      19.8380    0.0210000      53993.3      19.6310    0.0210000      53993.3      19.4090    0.0510000
       53996.258      20.5420    0.0650000      53996.3      20.1380    0.0270000      53996.3      19.8440    0.0210000      53996.3      19.5740    0.0260000      53996.3      19.3820    0.0570000
       53998.226      20.6740    0.0580000      53998.2      20.1940    0.0200000      53998.2      19.8660    0.0220000      53998.2      19.5490    0.0220000      53998.2      19.3950    0.0520000
       54005.257      20.6480    0.0650000      54005.3      20.2260    0.0220000      54005.3      19.9350    0.0210000      54005.3      19.6460    0.0230000      54005.3      19.4980    0.0560000
       54010.212      20.6690    0.0820000      54010.2      20.1890    0.0290000      54010.2      19.9830    0.0230000      54010.2      19.7300    0.0250000      54010.2      19.4440    0.0500000
       54012.205      20.8640     0.168000      54012.2      20.2680    0.0520000      54012.2      19.8450    0.0360000      54012.2      19.6620    0.0340000      54012.2      19.4830    0.0660000
       54020.211      20.8310    0.0910000      54020.2      20.3620    0.0290000      54020.2      19.9680    0.0240000      54020.2      19.6320    0.0270000      54020.2      19.3280    0.0620000
       54022.260      20.7640    0.0650000      54022.3     -99.9900    0.0230000      54022.3     -99.9900    0.0220000      54022.3      19.6300    0.0250000      54022.3      19.5560    0.0520000
       54030.204      20.7000    0.0620000      54030.2      20.3400    0.0200000      54030.2      20.0100    0.0220000      54030.2      19.6840    0.0250000      54030.2      19.5190    0.0520000
       54037.185      20.7890    0.0860000      54037.2      20.3420    0.0300000      54037.2      19.9680    0.0280000      54037.2      19.6780    0.0300000      54037.2      19.3680    0.0670000
       54049.226      20.7430     0.188000      54049.2      20.4100    0.0580000      54049.2      20.0610    0.0420000      54049.2      19.6590    0.0440000      54049.2      19.3220    0.0840000
       54362.280      20.7170    0.0680000      54362.3      20.3850    0.0310000      54362.3      19.9990    0.0230000      54362.3      19.6940    0.0280000      54362.3      19.5420    0.0650000
       54376.288      20.7100    0.0900000      54376.3      20.4330    0.0290000      54376.3      19.9890    0.0250000      54376.3      19.7670    0.0310000      54376.3      19.5990    0.0700000
       54387.278      20.8360    0.0960000      54387.3      20.4220    0.0290000      54387.3      20.0260    0.0260000      54387.3      19.7100    0.0280000      54387.3      19.5440    0.0680000
       54392.273      20.8320    0.0940000      54392.3      20.4180    0.0250000      54392.3      19.9960    0.0260000      54392.3      19.6990    0.0330000      54392.3      19.5180    0.0690000
       52558.000       21.123000     0.089000000       52558.000       20.659000     0.033000000       52558.000       20.187000     0.026000000       52558.000       19.854000     0.028000000       52558.000       19.519000     0.066000000
       51467       20.652000      0.11300000       51467       20.261000     0.035000000       51467       19.886000     0.032000000       51467       19.503000     0.034000000       51467       19.336000      0.10600000
       51819       20.835000     0.071000000       51819       20.285000     0.025000000       51819       19.936000     0.023000000       51819       19.596000     0.027000000       51819       19.411000     0.060000000
       52552       21.180000      0.10300000       52552       20.588000     0.036000000       52552       20.142000     0.028000000       52552       19.770000     0.032000000       52552       19.432000     0.068000000
       52558       21.173000     0.084000000       52558       20.657000     0.033000000       52558       20.191000     0.027000000       52558       19.852000     0.026000000       52558       19.518000     0.066000000
       52577       21.107000     0.095000000       52577       20.589000     0.038000000       52577       20.110000     0.029000000       52577       19.790000     0.036000000       52577       19.468000     0.096000000
       52586       20.962000     0.074000000       52586       20.533000     0.030000000       52586       20.149000     0.031000000       52586       19.811000     0.035000000       52586       19.496000     0.085000000
       52935       21.283000      0.10400000       52935       20.600000     0.030000000       52935       20.209000     0.027000000       52935       19.815000     0.039000000       52935       19.547000     0.072000000
       53313       20.677000     0.081000000       53313       20.355000     0.033000000       53313       19.964000     0.032000000       53313       19.621000     0.033000000       53313       19.240000     0.075000000
