       51075.321      20.1370    0.0450000      51075.3      19.8670    0.0170000      51075.3      19.4990    0.0160000      51075.3      19.4640    0.0240000      51075.3      19.3350    0.0730000
       52196.321      19.8200    0.0390000      52196.3      19.6360    0.0140000      52196.3      19.2490    0.0130000      52196.3      19.2600    0.0180000      52196.3      19.3340    0.0570000
       52196.340      19.7960    0.0430000      52196.3      19.5850    0.0140000      52196.3      19.2400    0.0130000      52196.3      19.2290    0.0200000      52196.3      19.2460    0.0580000
       52197.334      19.8840    0.0410000      52197.3      19.6350    0.0140000      52197.3      19.2570    0.0140000      52197.3      19.2520    0.0190000      52197.3      19.2370    0.0530000
       52225.184      19.8300    0.0350000      52225.2      19.6110    0.0130000      52225.2      19.2740    0.0130000      52225.2      19.2540    0.0190000      52225.2      19.2120    0.0520000
       52231.220      19.8110    0.0360000      52231.2      19.5970    0.0130000      52231.2      19.2580    0.0130000      52231.2      19.2230    0.0170000      52231.2      19.2220    0.0470000
       52253.206      19.8160    0.0440000      52253.2      19.6070    0.0150000      52253.2      19.2810    0.0150000      52253.2      19.2020    0.0200000      52253.2      19.2120    0.0510000
       52557.328      19.9410    0.0450000      52557.3      19.6640    0.0150000      52557.3      19.3090    0.0140000      52557.3      19.3160    0.0210000      52557.3      19.3010    0.0640000
       52578.224      19.8750    0.0380000      52578.2      19.6850    0.0140000      52578.2      19.3210    0.0140000      52578.2      19.2980    0.0200000      52578.2      19.2510    0.0560000
       52908.303      19.9340    0.0420000      52908.3      19.6420    0.0140000      52908.3      19.3420    0.0140000      52908.3      19.3090    0.0200000      52908.3      19.3130    0.0610000
       52911.317     -99.9900    0.0500000      52911.3     -99.9900    0.0190000      52911.3     -99.9900    0.0260000      52911.3     -99.9900    0.0320000      52911.3     -99.9900    0.0780000
       52934.235      19.7170    0.0430000      52934.2      19.5780    0.0160000      52934.2      19.3140    0.0180000      52934.2      19.3530    0.0290000      52934.2      19.2960    0.0820000
       52936.231      19.8320    0.0380000      52936.2      19.6330    0.0150000      52936.2      19.3110    0.0150000      52936.2      19.3040    0.0210000      52936.2      19.2940    0.0570000
       52962.156      19.7510    0.0340000      52962.2      19.6110    0.0150000      52962.2      19.3120    0.0160000      52962.2      19.2990    0.0220000      52962.2      19.2530    0.0550000
       53270.295      19.3090    0.0320000      53270.3      19.2080    0.0170000      53270.3      18.9740    0.0190000      53270.3      18.9670    0.0180000      53270.3      19.0320    0.0380000
       53272.345      19.2680    0.0290000      53272.3      19.1930    0.0130000      53272.3      18.9750    0.0120000      53272.3      19.0000    0.0160000      53272.3      18.9970    0.0460000
       53286.313      19.2010    0.0320000      53286.3      19.1720    0.0130000      53286.3      18.9530    0.0130000      53286.3      18.9590    0.0170000      53286.3      19.0010    0.0530000
       53288.272      19.2480    0.0300000      53288.3      19.1870    0.0120000      53288.3      18.9600    0.0120000      53288.3      18.9690    0.0160000      53288.3      19.0570    0.0520000
       53294.320      19.2600    0.0290000      53294.3      19.1860    0.0120000      53294.3      18.9600    0.0110000      53294.3      18.9520    0.0170000      53294.3      19.0330    0.0480000
       53298.316      19.2110    0.0290000      53298.3      19.1800    0.0120000      53298.3      18.9450    0.0120000      53298.3      18.9580    0.0170000      53298.3      18.9620    0.0450000
       53302.267     -99.9900    0.0390000      53302.3      19.1490    0.0180000      53302.3      18.9380    0.0160000      53302.3      18.9810    0.0180000      53302.3      18.9170    0.0400000
       53312.223      19.2160    0.0290000      53312.2      19.1760    0.0190000      53312.2      18.9620    0.0170000      53312.2      18.9510    0.0200000      53312.2      18.9440    0.0440000
       53314.224      19.3070    0.0290000      53314.2      19.1700    0.0120000      53314.2      18.9380    0.0130000      53314.2      18.9440    0.0180000      53314.2      18.9960    0.0490000
       53616.329      19.2330    0.0360000      53616.3      19.1870    0.0140000      53616.3      18.9130    0.0130000      53616.3      18.9190    0.0200000      53616.3      18.9880    0.0730000
       53623.319     -99.9900     0.863000      53623.3     -99.9900     0.692000      53623.3     -99.9900    0.0670000      53623.3     -99.9900     0.486000      53623.3     -99.9900     0.844000
       53626.305      19.2830    0.0300000      53626.3      19.1250    0.0150000      53626.3      18.9100    0.0140000      53626.3      18.9020    0.0180000      53626.3      18.9240    0.0440000
       53628.290      19.3190    0.0510000      53628.3      19.1580    0.0210000      53628.3      18.9040    0.0160000      53628.3      18.8900    0.0190000      53628.3      18.9180    0.0480000
       53637.291      19.2220    0.0400000      53637.3      19.1290    0.0160000      53637.3      18.9050    0.0140000      53637.3      18.9140    0.0200000      53637.3      18.9470    0.0650000
       53639.337      19.2340    0.0280000      53639.3      19.1190    0.0110000      53639.3      18.8650    0.0100000      53639.3      18.9100    0.0130000      53639.3      18.9330    0.0340000
       53654.319      19.2100    0.0290000      53654.3      19.1550    0.0110000      53654.3      18.8870    0.0110000      53654.3      18.9290    0.0150000      53654.3      18.9590    0.0450000
       53663.279      19.2540    0.0410000      53663.3      19.1720    0.0170000      53663.3      18.9080    0.0130000      53663.3      18.9050    0.0150000      53663.3      18.9920    0.0390000
       53665.257      19.2790    0.0880000      53665.3     -99.9900    0.0400000      53665.3     -99.9900    0.0410000      53665.3      18.8510     0.103000      53665.3      19.0100    0.0840000
       53666.350      19.3670    0.0480000      53666.4      19.1680    0.0150000      53666.3      18.9520    0.0140000      53666.3      18.9120    0.0160000      53666.4      18.9840    0.0450000
       53668.269      19.2650    0.0360000      53668.3      19.1380    0.0130000      53668.3      18.9020    0.0140000      53668.3      18.9000    0.0210000      53668.3      18.8840    0.0640000
       53670.274      19.3180    0.0280000      53670.3      19.1810    0.0110000      53670.3      18.9200    0.0110000      53670.3      18.8920    0.0140000      53670.3      18.9210    0.0400000
       53673.242      19.3230    0.0270000      53673.2      19.1740    0.0110000      53673.2      18.9070    0.0110000      53673.2      18.9280    0.0150000      53673.2      18.8980    0.0400000
       53675.239     -99.9900    0.0280000      53675.2      19.2100    0.0110000      53675.2      18.9220    0.0120000      53675.2      18.9060    0.0160000      53675.2      18.9840    0.0500000
       53677.260      19.2630    0.0320000      53677.3      19.1810    0.0110000      53677.3      18.9080    0.0110000      53677.3      18.9300    0.0150000      53677.3      18.9800    0.0370000
       53680.246      19.2860    0.0280000      53680.2      19.1800    0.0130000      53680.2      18.9130    0.0140000      53680.2      18.9390    0.0180000      53680.2      18.9780    0.0400000
       53693.248      19.2870    0.0480000      53693.2      19.1920    0.0200000      53693.2      18.9120    0.0140000      53693.2      18.9660    0.0170000      53693.2      18.9690    0.0440000
       53698.246      19.2980    0.0300000      53698.2      19.1930    0.0110000      53698.2      18.8940    0.0110000      53698.2      18.9180    0.0150000      53698.2      18.9760    0.0440000
       53704.232      19.2950    0.0320000      53704.2      19.1850    0.0120000      53704.2      18.9250    0.0120000      53704.2      18.9190    0.0180000      53704.2      18.9050    0.0470000
       53974.324     -99.9900    0.0260000      53974.3      19.2200    0.0170000      53974.3      18.9420    0.0160000      53974.3      18.9670    0.0170000      53974.3      18.9240    0.0360000
       53977.373      19.4170    0.0260000      53977.4      19.2260    0.0200000      53977.4      18.9220    0.0120000      53977.4      18.9330    0.0200000      53977.4      18.9460    0.0370000
       53989.328      19.3370    0.0480000      53989.3     -99.9900    0.0280000      53989.3      18.9730    0.0280000      53989.3      18.9120    0.0220000      53989.3      19.0580    0.0450000
       53997.423      19.3660    0.0340000      53997.4     -99.9900    0.0220000      53997.4     -99.9900    0.0160000      53997.4      18.9460    0.0180000      53997.4     -99.9900    0.0340000
       54000.303      19.4200    0.0360000      54000.3      19.2970    0.0190000      54000.3      19.0060    0.0250000      54000.3      18.9580    0.0190000      54000.3      18.9330    0.0480000
       54007.353     -99.9900    0.0300000      54007.4      19.3160    0.0240000      54007.4      18.9750    0.0190000      54007.4      18.9750    0.0180000      54007.4      18.8860    0.0370000
       54009.277      19.4910    0.0340000      54009.3      19.3390    0.0310000      54009.3      18.9700    0.0220000      54009.3      19.0170    0.0250000      54009.3      19.0120    0.0470000
       54011.342      19.4780    0.0330000      54011.3      19.3510    0.0250000      54011.3      18.9880    0.0180000      54011.3      18.9900    0.0210000      54011.3      18.9960    0.0390000
       54025.341      19.5430    0.0400000      54025.3      19.3680    0.0230000      54025.3      19.0150    0.0190000      54025.3      19.0040    0.0180000      54025.3      19.0600    0.0470000
       54029.271      19.4460    0.0680000      54029.3      19.3380    0.0260000      54029.3      18.9910    0.0290000      54029.3      18.9930    0.0270000      54029.3      19.0470    0.0730000
       54348.338      19.4940    0.0320000      54348.3      19.2980    0.0200000      54348.3      19.0150    0.0180000      54348.3      18.9590    0.0220000      54348.3      18.9450    0.0390000
       54358.294      19.4670    0.0370000      54358.3      19.2910    0.0210000      54358.3      19.0010    0.0190000      54358.3      18.9500    0.0230000      54358.3      18.8980    0.0610000
       54359.288      19.4850    0.0400000      54359.3      19.3110    0.0230000      54359.3      18.9810    0.0290000      54359.3      18.9400    0.0310000      54359.3      18.9540    0.0810000
       54365.327      19.4030    0.0260000      54365.3      19.2990    0.0170000      54365.3      18.9860    0.0200000      54365.3      18.9690    0.0220000      54365.3      19.0070    0.0550000
       54381.347      19.4920    0.0450000      54381.3      19.2790    0.0190000      54381.3      18.9850    0.0160000      54381.3      18.9690    0.0190000      54381.3      18.9670    0.0410000
       54384.353      19.4440    0.0310000      54384.4      19.2810    0.0160000      54384.4      18.9700    0.0170000      54384.4      18.9660    0.0200000      54384.4      18.9720    0.0420000
       54386.339      19.4000    0.0420000      54386.3      19.2780    0.0230000      54386.3      18.9670    0.0180000      54386.3      18.9690    0.0200000      54386.3      19.0100    0.0540000
       54388.343      19.4360    0.0310000      54388.3      19.2970    0.0200000      54388.3      18.9720    0.0140000      54388.3      18.9850    0.0200000      54388.3      19.0480    0.0420000
       54403.257      19.4240    0.0540000      54403.3      19.3050    0.0240000      54403.3      19.0030    0.0200000      54403.3      18.9980    0.0230000      54403.3      18.8920    0.0560000
       54404.315      19.4520    0.0420000      54404.3      19.2820    0.0190000      54404.3      18.9700    0.0160000      54404.3      18.9610    0.0190000      54404.3      19.0000    0.0450000
       54405.313      19.3420    0.0360000      54405.3      19.2860    0.0210000      54405.3      18.9750    0.0180000      54405.3      18.9900    0.0180000      54405.3      19.0280    0.0420000
       54406.251      19.4770    0.0330000      54406.3      19.2770    0.0220000      54406.2      18.9630    0.0170000      54406.2      18.9490    0.0200000      54406.2      19.0120    0.0370000
       54412.254      19.3990    0.0310000      54412.3      19.2830    0.0270000      54412.3      18.9860    0.0170000      54412.3      18.9670    0.0220000      54412.3      19.0500    0.0420000
       52197.000       19.926000     0.039000000       52197.000       19.647000     0.029000000       52197.000       19.267000     0.016000000       52197.000       19.250000     0.021000000       52197.000       19.245000     0.054000000
       51075       20.158000     0.040000000       51075       19.850000     0.021000000       51075       19.440000     0.021000000       51075       19.439000     0.023000000       51075       19.318000     0.074000000
       52196       19.837000     0.035000000       52196       19.634000     0.018000000       52196       19.248000     0.019000000       52196       19.228000     0.020000000       52196       19.300000     0.056000000
       52196       19.848000     0.046000000       52196       19.600000     0.025000000       52196       19.242000     0.022000000       52196       19.205000     0.024000000       52196       19.208000     0.057000000
       52197       19.912000     0.037000000       52197       19.641000     0.020000000       52197       19.266000     0.017000000       52197       19.249000     0.021000000       52197       19.245000     0.053000000
       52225       19.900000     0.034000000       52225       19.614000     0.016000000       52225       19.273000     0.021000000       52225       19.253000     0.024000000       52225       19.188000     0.051000000
       52231       19.837000     0.033000000       52231       19.599000     0.018000000       52231       19.248000     0.016000000       52231       19.211000     0.018000000       52231       19.223000     0.048000000
       52253       19.853000     0.038000000       52253       19.624000     0.021000000       52253       19.262000     0.017000000       52253       19.169000     0.029000000       52253       19.202000     0.052000000
       52557       19.988000     0.043000000       52557       19.683000     0.024000000       52557       19.320000     0.023000000       52557       19.305000     0.024000000       52557       19.287000     0.064000000
       52578       19.937000     0.034000000       52578       19.706000     0.025000000       52578       19.325000     0.017000000       52578       19.277000     0.023000000       52578       19.247000     0.056000000
       52908       19.986000     0.040000000       52908       19.674000     0.027000000       52908       19.372000     0.023000000       52908       19.334000     0.027000000       52908       19.320000     0.058000000
       52911       19.820000     0.044000000       52911       19.738000     0.060000000       52911       19.513000     0.074000000       52911       19.271000     0.052000000       52911       19.163000     0.084000000
       52934       19.769000     0.043000000       52934       19.574000     0.025000000       52934       19.321000     0.024000000       52934       19.301000     0.036000000       52934       19.295000     0.081000000
       52936       19.880000     0.037000000       52936       19.643000     0.021000000       52936       19.314000     0.019000000       52936       19.323000     0.024000000       52936       19.270000     0.057000000
       52962       19.790000     0.034000000       52962       19.619000     0.025000000       52962       19.299000     0.020000000       52962       19.288000     0.026000000       52962       19.233000     0.055000000
       53270       19.328000     0.029000000       53270       19.214000     0.021000000       53270       18.964000     0.018000000       53270       18.972000     0.020000000       53270       19.041000     0.042000000
       53272       19.320000     0.026000000       53272       19.221000     0.021000000       53272       18.987000     0.019000000       53272       18.985000     0.018000000       53272       19.002000     0.046000000
       53286       19.218000     0.029000000       53286       19.173000     0.017000000       53286       18.950000     0.019000000       53286       18.946000     0.023000000       53286       19.000000     0.052000000
       53288       19.286000     0.031000000       53288       19.180000     0.018000000       53288       18.936000     0.020000000       53288       18.951000     0.024000000       53288       19.027000     0.052000000
       53294       19.318000     0.029000000       53294       19.198000     0.027000000       53294       18.964000     0.017000000       53294       18.957000     0.020000000       53294       18.991000     0.049000000
       53298       19.327000     0.034000000       53298       19.225000     0.025000000       53298       18.956000     0.022000000       53298       18.973000     0.025000000       53298       18.948000     0.045000000
       53312       19.249000     0.028000000       53312       19.185000     0.019000000       53312       18.964000     0.018000000       53312       18.936000     0.023000000       53312       18.934000     0.048000000
       53314       19.338000     0.027000000       53314       19.187000     0.021000000       53314       18.961000     0.020000000       53314       18.928000     0.019000000       53314       19.004000     0.049000000
