       51467.329      19.0900    0.0380000      51467.3      18.9900    0.0120000      51467.3      18.6630    0.0130000      51467.3      18.3640    0.0160000      51467.3      18.2550    0.0390000
       51819.305      19.2570    0.0290000      51819.3      19.1510    0.0110000      51819.3      18.7360    0.0100000      51819.3      18.4560    0.0110000      51819.3      18.3240    0.0270000
       52558.270      19.3820    0.0280000      52558.3      19.2700    0.0110000      52558.3      18.8770    0.0100000      52558.3      18.6180    0.0120000      52558.3      18.5000    0.0270000
       52577.158      19.4170    0.0320000      52577.2      19.3180    0.0120000      52577.2      18.9060    0.0110000      52577.2      18.6160    0.0140000      52577.2      18.4800    0.0380000
       52586.161      19.4580    0.0310000      52586.2      19.3290    0.0120000      52586.2      18.8850    0.0120000      52586.2      18.6280    0.0140000      52586.2      18.5270    0.0360000
       52931.172      19.3480    0.0270000      52931.2      19.2530    0.0110000      52931.2      18.8820    0.0100000      52931.2      18.6190    0.0120000      52931.2      18.4900    0.0280000
       52935.169      19.3930    0.0350000      52935.2      19.2620    0.0110000      52935.2      18.8800    0.0110000      52935.2      18.6280    0.0130000      52935.2      18.5000    0.0320000
       53313.162      19.2940    0.0320000      53313.2      19.1270    0.0110000      53313.2      18.7810    0.0110000      53313.2      18.5220    0.0130000      53313.2      18.4520    0.0370000
       53622.271      19.0140    0.0290000      53622.3      18.8790    0.0110000      53622.3      18.5530    0.0110000      53622.3      18.2790    0.0130000      53622.3      18.1850    0.0400000
       53634.221      19.1520    0.0770000      53634.2      18.9200    0.0280000      53634.2      18.5940    0.0170000      53634.2      18.3130    0.0190000      53634.2      18.1950    0.0410000
       53636.226      19.0430    0.0340000      53636.2      18.9260    0.0130000      53636.2      18.5810    0.0110000      53636.2      18.3010    0.0120000      53636.2      18.2230    0.0260000
       53638.262      19.0610    0.0250000      53638.3      18.9050    0.0100000      53638.3      18.5630   0.00900000      53638.3      18.3160    0.0100000      53638.3      18.1990    0.0230000
       53655.198      19.0440    0.0430000      53655.2      18.9230    0.0170000      53655.2      18.5850    0.0140000      53655.2      18.3450    0.0140000      53655.2      18.2600    0.0340000
       53664.223      19.1650    0.0480000      53664.2      18.9130    0.0190000      53664.2      18.6210    0.0130000      53664.2      18.3450    0.0140000      53664.2      18.2200    0.0300000
       53666.187      19.1110    0.0250000      53666.2      18.9400    0.0100000      53666.2      18.6120    0.0100000      53666.2      18.3530    0.0110000      53666.2      18.2330    0.0260000
       53669.182      19.1300    0.0240000      53669.2      18.9550   0.00900000      53669.2      18.5860   0.00900000      53669.2      18.3340    0.0100000      53669.2      18.2230    0.0250000
       53671.267      19.0970    0.0400000      53671.3      18.9850    0.0120000      53671.3      18.5830    0.0120000      53671.3      18.3590    0.0130000      53671.3      18.2140    0.0350000
       53674.167      19.1490    0.0270000      53674.2      18.9680    0.0100000      53674.2      18.6080    0.0100000      53674.2      18.3320    0.0110000      53674.2      18.1650    0.0240000
       53676.256      19.1360    0.0280000      53676.3      18.9670    0.0110000      53676.3      18.6070   0.00900000      53676.3      18.3480    0.0100000      53676.3      18.2320    0.0210000
       53679.228      19.1790    0.0320000      53679.2      18.9770    0.0110000      53679.2      18.6070    0.0110000      53679.2      18.3460    0.0120000      53679.2      18.2580    0.0280000
       53681.219      19.1500    0.0270000      53681.2      19.0180    0.0110000      53681.2      18.6190   0.00900000      53681.2      18.3540    0.0100000      53681.2      18.2340    0.0240000
       53685.179      19.1410    0.0600000      53685.2      18.9780    0.0320000      53685.2      18.6260    0.0190000      53685.2      18.3270    0.0200000      53685.2      18.1420    0.0420000
       53687.217      19.0980    0.0630000      53687.2      18.9630    0.0220000      53687.2      18.6340    0.0160000      53687.2      18.3760    0.0140000      53687.2      18.2740    0.0270000
       53694.192      19.2690    0.0830000      53694.2      19.0020    0.0280000      53694.2      18.5940    0.0180000      53694.2      18.3810    0.0210000      53694.2      18.1750    0.0450000
       53697.176      19.1720    0.0390000      53697.2      19.0230    0.0140000      53697.2      18.6420    0.0130000      53697.2      18.3710    0.0140000      53697.2      18.3410    0.0330000
       53700.175      19.2010    0.0300000      53700.2      18.9870    0.0110000      53700.2      18.6460    0.0100000      53700.2      18.3670    0.0110000      53700.2      18.2560    0.0300000
       53705.162      19.2360    0.0300000      53705.2      19.0080    0.0100000      53705.2      18.6420    0.0100000      53705.2      18.3800    0.0110000      53705.2      18.2710    0.0250000
       53975.247      19.2730    0.0320000      53975.2      19.0270    0.0190000      53975.2      18.6590    0.0200000      53975.2      18.4050    0.0210000      53975.2      18.3060    0.0280000
       53993.315      19.2640    0.0390000      53993.3      19.0830    0.0190000      53993.3      18.6610    0.0140000      53993.3      18.4060    0.0140000      53993.3      18.2540    0.0230000
       53996.254      19.2600    0.0280000      53996.3      19.0530    0.0180000      53996.3      18.6650    0.0130000      53996.3      18.4160    0.0140000      53996.3      18.2650    0.0240000
       53998.222      19.2780    0.0280000      53998.2      19.0560    0.0180000      53998.2      18.6280    0.0160000      53998.2      18.4140    0.0130000      53998.2      18.3260    0.0230000
       54005.253      19.1540    0.0320000      54005.3      19.0490    0.0130000      54005.2      18.6820    0.0130000      54005.2      18.4120    0.0130000      54005.3      18.3400    0.0250000
       54010.208      19.2060    0.0290000      54010.2      19.0620    0.0170000      54010.2      18.6870    0.0140000      54010.2      18.4270    0.0150000      54010.2      18.3160    0.0240000
       54012.201      19.1740    0.0400000      54012.2      19.0640    0.0210000      54012.2      18.6790    0.0170000      54012.2      18.3770    0.0170000      54012.2      18.4440    0.0300000
       54020.207      19.2100    0.0270000      54020.2      19.0440    0.0150000      54020.2      18.6780    0.0130000      54020.2      18.4070    0.0120000      54020.2      18.2880    0.0270000
       54022.256      19.2070    0.0340000      54022.3     -99.9900    0.0160000      54022.3     -99.9900    0.0140000      54022.3      18.4210    0.0160000      54022.3      18.3100    0.0240000
       54028.197      19.1770    0.0290000      54028.2      19.0860    0.0190000      54028.2      18.6630    0.0160000      54028.2      18.3920    0.0180000      54028.2      18.2760    0.0360000
       54030.200      19.2350    0.0270000      54030.2      19.0590    0.0170000      54030.2      18.6620    0.0120000      54030.2      18.4070    0.0120000      54030.2      18.2770    0.0240000
       54035.276      19.1700    0.0420000      54035.3      19.0240    0.0180000      54035.3      18.6730    0.0130000      54035.3      18.4200    0.0190000      54035.3      18.2750    0.0340000
       54037.182      19.2260    0.0310000      54037.2      19.0390    0.0200000      54037.2      18.6530    0.0140000      54037.2      18.4050    0.0150000      54037.2      18.2680    0.0270000
       54040.196      19.1390    0.0450000      54040.2      19.0340    0.0220000      54040.2      18.6800    0.0180000      54040.2      18.3960    0.0190000      54040.2      18.2900    0.0290000
       54050.181      19.2310    0.0410000      54050.2     -99.9900    0.0180000      54050.2      18.6690    0.0190000      54050.2      18.3940    0.0180000      54050.2      18.3180    0.0460000
       54053.187      19.2320    0.0300000      54053.2      19.0320    0.0160000      54053.2      18.6760    0.0160000      54053.2      18.4230    0.0160000      54053.2      18.3290    0.0320000
       54056.189      19.2230    0.0420000      54056.2      19.0520    0.0180000      54056.2      18.6490    0.0220000      54056.2      18.4210    0.0180000      54056.2      18.3550    0.0480000
       54059.183      19.2730    0.0350000      54059.2      19.0650    0.0300000      54059.2      18.7030    0.0210000      54059.2      18.3870    0.0150000      54059.2      18.3400    0.0440000
       54061.194      19.2950    0.0330000      54061.2      19.0510    0.0220000      54061.2      18.6480    0.0160000      54061.2      18.4140    0.0150000      54061.2      18.3380    0.0300000
       54062.188      19.1730    0.0350000      54062.2      19.0280    0.0230000      54062.2      18.6930    0.0160000      54062.2      18.4160    0.0200000      54062.2      18.3030    0.0370000
       54068.178      19.2120    0.0810000      54068.2      19.0010    0.0340000      54068.2      18.6750    0.0290000      54068.2      18.4070    0.0270000      54068.2      18.1890    0.0520000
       54357.226      19.2190    0.0280000      54357.2      18.9610    0.0200000      54357.2      18.6120    0.0310000      54357.2      18.3450    0.0220000      54357.2      18.1990    0.0310000
       54362.276      19.1260    0.0280000      54362.3      18.9770    0.0200000      54362.3      18.5920    0.0150000      54362.3      18.3470    0.0160000      54362.3      18.2070    0.0250000
       54376.284      19.1430    0.0270000      54376.3      18.9760    0.0170000      54376.3      18.6000    0.0240000      54376.3      18.3320    0.0200000      54376.3      18.2500    0.0260000
       54385.274      19.1390    0.0300000      54385.3      18.9650    0.0200000      54385.3      18.6110    0.0180000      54385.3      18.3430    0.0170000      54385.3      18.1780    0.0290000
       54387.274      19.1410    0.0290000      54387.3      19.0060    0.0160000      54387.3      18.5920    0.0140000      54387.3      18.3340    0.0160000      54387.3      18.2220    0.0270000
       54392.269      19.2200    0.0370000      54392.3      18.9640    0.0180000      54392.3      18.6000    0.0140000      54392.3      18.3580    0.0170000      54392.3      18.2100    0.0270000
       54402.267      19.1330    0.0570000      54402.3      18.9770    0.0250000      54402.3      18.5960    0.0180000      54402.3      18.3680    0.0160000      54402.3      18.2050    0.0270000
       52558.000       19.422000     0.029000000       52558.000       19.299000     0.020000000       52558.000       18.868000     0.014000000       52558.000       18.607000     0.019000000       52558.000       18.480000     0.028000000
       51467       19.120000     0.039000000       51467       19.006000     0.017000000       51467       18.650000     0.016000000       51467       18.371000     0.017000000       51467       18.268000     0.041000000
       51819       19.308000     0.035000000       51819       19.180000     0.020000000       51819       18.743000     0.014000000       51819       18.446000     0.018000000       51819       18.313000     0.028000000
       52552       19.454000     0.028000000       52552       19.291000     0.017000000       52552       18.871000     0.017000000       52552       18.618000     0.017000000       52552       18.501000     0.036000000
       52558       19.428000     0.028000000       52558       19.299000     0.020000000       52558       18.873000     0.014000000       52558       18.606000     0.017000000       52558       18.478000     0.028000000
       52577       19.435000     0.029000000       52577       19.318000     0.022000000       52577       18.901000     0.016000000       52577       18.602000     0.019000000       52577       18.464000     0.037000000
       52586       19.471000     0.031000000       52586       19.344000     0.018000000       52586       18.880000     0.018000000       52586       18.615000     0.018000000       52586       18.506000     0.035000000
       52935       19.446000     0.030000000       52935       19.290000     0.021000000       52935       18.871000     0.016000000       52935       18.625000     0.019000000       52935       18.453000     0.032000000
       53313       19.355000     0.035000000       53313       19.154000     0.019000000       53313       18.779000     0.019000000       53313       18.513000     0.018000000       53313       18.428000     0.039000000
