       51467.325      17.6180    0.0140000      51467.3      17.5500   0.00600000      51467.3      17.3840   0.00600000      51467.3      17.4040   0.00700000      51467.3      17.4010    0.0260000
       51819.301      17.5740    0.0120000      51819.3      17.4940   0.00500000      51819.3      17.3280   0.00600000      51819.3      17.3270   0.00600000      51819.3      17.3380    0.0140000
       52172.316      17.7370    0.0120000      52172.3      17.6050   0.00600000      52172.3      17.4150   0.00600000      52172.3      17.4040   0.00700000      52172.3      17.4340    0.0150000
       52172.367      17.7290    0.0130000      52172.4      17.6190   0.00600000      52172.4      17.4110   0.00600000      52172.4      17.4080   0.00700000      52172.4      17.4450    0.0150000
       52558.266      17.6280    0.0110000      52558.3      17.5180   0.00600000      52558.3      17.3690   0.00600000      52558.3      17.3390   0.00700000      52558.3      17.3740    0.0130000
       52577.154      17.6040    0.0110000      52577.2      17.5340   0.00500000      52577.2      17.3680   0.00500000      52577.2      17.3670   0.00700000      52577.2      17.3580    0.0160000
       52586.157      17.6260    0.0110000      52586.2      17.5340   0.00500000      52586.2      17.3660   0.00500000      52586.2      17.3620   0.00700000      52586.2      17.3910    0.0160000
       52931.168      17.6380    0.0110000      52931.2      17.5410   0.00500000      52931.2      17.3860   0.00600000      52931.2      17.3860   0.00700000      52931.2      17.3930    0.0130000
       52935.165      17.6400    0.0110000      52935.2      17.5290   0.00500000      52935.2      17.3910   0.00500000      52935.2      17.3700   0.00700000      52935.2      17.4180    0.0150000
       53313.158      17.8040    0.0120000      53313.2      17.7000   0.00500000      53313.2      17.4740   0.00600000      53313.2      17.4790   0.00700000      53313.2      17.5900    0.0190000
       53622.267      17.9270    0.0150000      53622.3      17.7750   0.00600000      53622.3      17.5650   0.00600000      53622.3      17.5270   0.00800000      53622.3      17.5260    0.0210000
       53634.217     -99.9900    0.0270000      53634.2      17.8020    0.0110000      53634.2      17.5820   0.00800000      53634.2      17.5220    0.0100000      53634.2      17.5700    0.0250000
       53636.222      17.9130    0.0150000      53636.2      17.7740   0.00700000      53636.2      17.5740   0.00600000      53636.2      17.5590   0.00700000      53636.2      17.5610    0.0170000
       53638.258      17.9270    0.0130000      53638.3      17.7930   0.00600000      53638.3      17.5730   0.00600000      53638.3      17.5510   0.00700000      53638.3      17.5720    0.0150000
       53655.194      17.9510    0.0190000      53655.2      17.7980   0.00900000      53655.2      17.5740   0.00700000      53655.2      17.5190   0.00800000      53655.2      17.5500    0.0210000
       53664.219      17.9440    0.0200000      53664.2      17.8080   0.00800000      53664.2      17.5780   0.00700000      53664.2      17.5690   0.00900000      53664.2      17.6010    0.0220000
       53666.183      17.9470    0.0130000      53666.2      17.7970   0.00600000      53666.2      17.5740   0.00600000      53666.2      17.5480   0.00700000      53666.2      17.6030    0.0160000
       53669.178      17.9630    0.0130000      53669.2      17.8020   0.00600000      53669.2      17.5770   0.00600000      53669.2      17.5340   0.00700000      53669.2      17.5640    0.0160000
       53671.263      17.9680    0.0190000      53671.3      17.8150   0.00600000      53671.3      17.5700   0.00700000      53671.3      17.5370   0.00800000      53671.3      17.5590    0.0220000
       53674.163      17.9660    0.0140000      53674.2      17.8060   0.00600000      53674.2      17.5720   0.00600000      53674.2      17.5510   0.00700000      53674.2      17.5900    0.0160000
       53676.252      17.9860    0.0150000      53676.3      17.8080   0.00600000      53676.2      17.5810   0.00600000      53676.2      17.5580   0.00700000      53676.3      17.6050    0.0150000
       53679.224      17.9600    0.0150000      53679.2      17.8060   0.00600000      53679.2      17.5730   0.00600000      53679.2      17.5470   0.00700000      53679.2      17.5820    0.0180000
       53681.216      17.9160    0.0140000      53681.2      17.7930   0.00600000      53681.2      17.5790   0.00600000      53681.2      17.5500   0.00700000      53681.2      17.5740    0.0140000
       53685.175      17.9510    0.0220000      53685.2      17.7990    0.0100000      53685.2      17.5540   0.00900000      53685.2      17.5670    0.0110000      53685.2      17.5700    0.0220000
       53687.213      17.9170    0.0270000      53687.2      17.8350    0.0100000      53687.2      17.5820   0.00800000      53687.2      17.5690   0.00900000      53687.2      17.6050    0.0190000
       53694.188      17.9370    0.0290000      53694.2      17.7850    0.0110000      53694.2      17.5510   0.00900000      53694.2      17.5570    0.0100000      53694.2      17.5570    0.0270000
       53697.173      17.9200    0.0180000      53697.2      17.7880   0.00700000      53697.2      17.5820   0.00700000      53697.2      17.5520   0.00800000      53697.2      17.5930    0.0190000
       53700.172      17.9240    0.0150000      53700.2      17.7870   0.00600000      53700.2      17.5720   0.00600000      53700.2      17.5520   0.00700000      53700.2      17.6100    0.0170000
       53705.158      17.9090    0.0140000      53705.2      17.7880   0.00600000      53705.2      17.5600   0.00600000      53705.2      17.5220   0.00700000      53705.2      17.5720    0.0150000
       53975.243      17.7690    0.0230000      53975.2      17.6140    0.0130000      53975.2      17.4620    0.0120000      53975.2      17.4400    0.0110000      53975.2      17.5150    0.0200000
       53993.311      17.7130    0.0170000      53993.3      17.6710    0.0150000      53993.3      17.4510    0.0110000      53993.3      17.4290    0.0120000      53993.3      17.4710    0.0160000
       53996.250      17.7260    0.0240000      53996.2      17.6140    0.0200000      53996.2      17.4270    0.0140000      53996.2      17.4310    0.0170000      53996.2      17.4520    0.0180000
       53998.219      17.7170    0.0130000      53998.2      17.6320    0.0130000      53998.2      17.4350    0.0150000      53998.2      17.4240   0.00900000      53998.2      17.4650    0.0180000
       54005.249      17.7260    0.0140000      54005.2      17.6240    0.0150000      54005.2      17.4350    0.0110000      54005.2      17.4170    0.0100000      54005.2      17.4360    0.0170000
       54010.204      17.7250    0.0170000      54010.2      17.5980    0.0180000      54010.2      17.4260    0.0130000      54010.2      17.4190    0.0120000      54010.2      17.4770    0.0190000
       54012.197      17.7110    0.0160000      54012.2      17.6210    0.0130000      54012.2      17.4270    0.0140000      54012.2      17.4190    0.0130000      54012.2      17.9910    0.0330000
       54020.203      17.6750    0.0130000      54020.2      17.6050    0.0140000      54020.2      17.4180    0.0100000      54020.2      17.4120    0.0130000      54020.2      17.4410    0.0180000
       54022.252      17.6270    0.0140000      54022.3     -99.9900    0.0140000      54022.2     -99.9900    0.0140000      54022.2      17.3990    0.0120000      54022.3      17.4460    0.0140000
       54028.193      17.6440    0.0210000      54028.2      17.6000    0.0160000      54028.2      17.4070    0.0150000      54028.2      17.4090    0.0150000      54028.2      17.4770    0.0210000
       54030.196      17.6490    0.0140000      54030.2      17.5850    0.0130000      54030.2      17.4040    0.0100000      54030.2      17.4090    0.0110000      54030.2      17.4460    0.0190000
       54035.272      17.6520    0.0190000      54035.3      17.5830    0.0210000      54035.3      17.4150    0.0110000      54035.3      17.3730    0.0130000      54035.3      17.4270    0.0220000
       54037.178      17.6370    0.0140000      54037.2      17.5960    0.0120000      54037.2      17.4040    0.0110000      54037.2      17.3800    0.0110000      54037.2      17.4090    0.0180000
       54040.192      17.6390    0.0160000      54040.2      17.5760    0.0160000      54040.2      17.3910    0.0130000      54040.2      17.3770    0.0130000      54040.2      17.4410    0.0220000
       54050.177      17.6510    0.0220000      54050.2      17.5440    0.0150000      54050.2      17.3820    0.0180000      54050.2      17.3830    0.0140000      54050.2      17.4500    0.0320000
       54053.183      17.6650    0.0190000      54053.2      17.5800    0.0100000      54053.2      17.4110    0.0150000      54053.2      17.3750    0.0180000      54053.2      17.4450    0.0200000
       54056.185      17.6130    0.0310000      54056.2      17.5590    0.0160000      54056.2      17.3910    0.0150000      54056.2      17.3890    0.0150000      54056.2      17.4620    0.0200000
       54057.153      17.6500    0.0150000      54057.2      17.5660    0.0160000      54057.2      17.3830    0.0120000      54057.2      17.3800    0.0150000      54057.2      17.4350    0.0190000
       54059.179      17.5960    0.0460000      54059.2      17.5250    0.0200000      54059.2      17.3680    0.0140000      54059.2      17.3440    0.0280000      54059.2      17.4560    0.0220000
       54061.190      17.6700    0.0240000      54061.2      17.5910    0.0140000      54061.2      17.3820    0.0190000      54061.2      17.3770    0.0120000      54061.2      17.4690    0.0210000
       54062.184      17.6960    0.0230000      54062.2      17.5530    0.0220000      54062.2      17.4090    0.0180000      54062.2      17.3870    0.0220000      54062.2      17.3960    0.0270000
       54068.174      17.6580    0.0270000      54068.2      17.5780    0.0350000      54068.2      17.3710    0.0130000      54068.2      17.3800    0.0130000      54068.2      17.4200    0.0250000
       54357.222      17.6470    0.0180000      54357.2      17.5500    0.0180000      54357.2      17.3650    0.0170000      54357.2      17.3540    0.0180000      54357.2      17.3830    0.0190000
       54362.272      17.6730    0.0220000      54362.3      17.5740    0.0180000      54362.3      17.3540    0.0180000      54362.3      17.3390    0.0130000      54362.3      17.3810    0.0200000
       54365.220      17.6380    0.0180000      54365.2      17.5720    0.0140000      54365.2      17.3740    0.0170000      54365.2      17.3750    0.0150000      54365.2      17.3430    0.0170000
       54376.281      17.6630    0.0230000      54376.3      17.5690    0.0140000      54376.3      17.3860    0.0130000      54376.3      17.3400    0.0150000      54376.3      17.3970    0.0190000
       54385.270      17.6860    0.0190000      54385.3      17.5720    0.0180000      54385.3      17.3640    0.0120000      54385.3      17.3460    0.0150000      54385.3      17.4040    0.0230000
       54387.270      17.7060    0.0170000      54387.3      17.5610    0.0210000      54387.3      17.3600    0.0150000      54387.3      17.3310    0.0100000      54387.3      17.3720    0.0180000
       54392.265      17.6650    0.0220000      54392.3      17.5480    0.0130000      54392.3      17.3620    0.0150000      54392.3      17.3440    0.0130000      54392.3      17.3950    0.0200000
       54402.264      17.6690    0.0330000      54402.3      17.5760    0.0170000      54402.3      17.3560    0.0110000      54402.3      17.3480    0.0150000      54402.3      17.3950    0.0210000
       52558.000       17.689000     0.017000000       52558.000       17.549000     0.018000000       52558.000       17.372000     0.015000000       52558.000       17.324000     0.019000000       52558.000       17.367000     0.021000000
       51467       17.648000     0.018000000       51467       17.588000     0.017000000       51467       17.363000     0.013000000       51467       17.376000     0.013000000       51467       17.380000     0.023000000
       51819       17.622000     0.016000000       51819       17.521000     0.019000000       51819       17.325000     0.012000000       51819       17.301000     0.014000000       51819       17.326000     0.019000000
       52172       17.787000     0.020000000       52172       17.657000     0.017000000       52172       17.402000     0.015000000       52172       17.412000     0.014000000       52172       17.427000     0.019000000
       52172       17.789000     0.025000000       52172       17.649000     0.016000000       52172       17.409000     0.013000000       52172       17.391000     0.015000000       52172       17.436000     0.019000000
       52552       17.698000     0.017000000       52552       17.536000     0.017000000       52552       17.372000     0.015000000       52552       17.335000     0.011000000       52552       17.371000     0.017000000
       52558       17.692000     0.018000000       52558       17.548000     0.017000000       52558       17.372000     0.012000000       52558       17.325000     0.019000000       52558       17.363000     0.021000000
       52577       17.656000     0.012000000       52577       17.566000     0.014000000       52577       17.392000     0.012000000       52577       17.382000     0.016000000       52577       17.351000     0.021000000
       52586       17.666000     0.018000000       52586       17.571000     0.014000000       52586       17.347000     0.011000000       52586       17.342000     0.012000000       52586       17.357000     0.022000000
       52935       17.714000     0.026000000       52935       17.561000     0.013000000       52935       17.403000     0.016000000       52935       17.386000     0.016000000       52935       17.405000     0.027000000
       53313       17.852000     0.017000000       53313       17.746000     0.021000000       53313       17.438000     0.018000000       53313       17.461000     0.011000000       53313       17.541000     0.030000000
