       51467.332      18.9870    0.0350000      51467.3      18.6650    0.0110000      51467.3      18.4550    0.0110000      51467.3      18.3080    0.0130000      51467.3      18.1350    0.0380000
       51819.308      19.1160    0.0250000      51819.3      18.7560   0.00900000      51819.3      18.5270   0.00900000      51819.3      18.3990    0.0100000      51819.3      18.1220    0.0230000
       52558.273      19.1140    0.0240000      52558.3      18.7780   0.00900000      52558.3      18.6240   0.00900000      52558.3      18.4760    0.0100000      52558.3      18.2270    0.0240000
       52577.161      19.0710    0.0240000      52577.2      18.7280   0.00900000      52577.2      18.5860   0.00900000      52577.2      18.4620    0.0120000      52577.2      18.2600    0.0340000
       52586.164      19.0760    0.0220000      52586.2      18.7320   0.00900000      52586.2      18.5780   0.00900000      52586.2      18.4500    0.0110000      52586.2      18.2470    0.0300000
       52931.175      19.1980    0.0240000      52931.2      18.8280   0.00900000      52931.2      18.5980   0.00900000      52931.2      18.4390    0.0100000      52931.2      18.1850    0.0230000
       52935.172      19.1720    0.0250000      52935.2      18.8050   0.00900000      52935.2      18.6150   0.00900000      52935.2      18.4550    0.0110000      52935.2      18.2330    0.0280000
       53313.165      19.0230    0.0260000      53313.2      18.6190    0.0100000      53313.2      18.4680    0.0100000      53313.2      18.3740    0.0130000      53313.2      18.1860    0.0320000
       53622.274      19.0240    0.0290000      53622.3      18.6630    0.0110000      53622.3      18.4440    0.0100000      53622.3      18.3300    0.0130000      53622.3      18.1260    0.0380000
       53634.224      19.0010    0.0660000      53634.2      18.6700    0.0210000      53634.2      18.4480    0.0170000      53634.2     -99.9900    0.0170000      53634.2      18.1210    0.0430000
       53636.229      19.0040    0.0300000      53636.2      18.6360    0.0110000      53636.2      18.4330    0.0100000      53636.2      18.3360    0.0120000      53636.2      18.0920    0.0250000
       53638.265      19.0020    0.0240000      53638.3      18.6520   0.00900000      53638.3      18.4300   0.00900000      53638.3      18.3200    0.0100000      53638.3      18.0960    0.0240000
       53655.201      19.0000    0.0410000      53655.2     -99.9900    0.0140000      53655.2      18.4450    0.0120000      53655.2      18.3150    0.0140000      53655.2      18.1710    0.0340000
       53664.226      19.0350    0.0410000      53664.2      18.6180    0.0140000      53664.2      18.4760    0.0130000      53664.2      18.3270    0.0150000      53664.2      18.1240    0.0300000
       53666.190      18.9920    0.0230000      53666.2      18.6480   0.00900000      53666.2      18.4380   0.00900000      53666.2      18.3340    0.0110000      53666.2      18.1040    0.0260000
       53669.185      19.0210    0.0220000      53669.2      18.6210   0.00800000      53669.2      18.4430   0.00800000      53669.2      18.3250    0.0100000      53669.2      18.1330    0.0250000
       53671.270      18.9820    0.0360000      53671.3      18.6700    0.0110000      53671.3      18.4590    0.0110000      53671.3      18.3340    0.0130000      53671.3      18.1280    0.0330000
       53674.170      19.0320    0.0240000      53674.2      18.6290   0.00900000      53674.2      18.4310   0.00900000      53674.2      18.3020    0.0100000      53674.2      18.0980    0.0240000
       53676.259      19.0260    0.0250000      53676.3      18.6410   0.00900000      53676.3      18.4360   0.00900000      53676.3      18.3150    0.0100000      53676.3      18.1250    0.0210000
       53679.231      19.0010    0.0280000      53679.2      18.6100   0.00900000      53679.2      18.4300   0.00900000      53679.2      18.3270    0.0110000      53679.2      18.1280    0.0260000
       53681.223      19.0140    0.0360000      53681.2      18.7130    0.0200000      53681.2      18.4400    0.0100000      53681.2      18.3090    0.0130000      53681.2      18.1140    0.0330000
       53685.182      18.9820    0.0560000      53685.2      18.6140    0.0240000      53685.2      18.4750    0.0220000      53685.2      18.3320    0.0200000      53685.2      18.1670    0.0410000
       53687.220      19.0300    0.0610000      53687.2      18.6660    0.0190000      53687.2      18.4500    0.0130000      53687.2      18.3390    0.0130000      53687.2      18.1310    0.0290000
       53694.195      18.9390    0.0610000      53694.2      18.6090    0.0230000      53694.2      18.4450    0.0170000      53694.2      18.3210    0.0180000      53694.2      18.1210    0.0430000
       53697.180      18.9410    0.0330000      53697.2      18.6300    0.0120000      53697.2      18.4360    0.0120000      53697.2      18.3090    0.0130000      53697.2      18.1440    0.0320000
       53700.179      18.9950    0.0250000      53700.2      18.6010   0.00900000      53700.2      18.4430   0.00900000      53700.2      18.2950    0.0110000      53700.2      18.0840    0.0250000
       53705.165      18.9930    0.0250000      53705.2      18.6310   0.00900000      53705.2      18.4390   0.00900000      53705.2      18.3130    0.0100000      53705.2      18.1740    0.0240000
       53975.250      19.1660    0.0410000      53975.2      18.7750    0.0150000      53975.2      18.5420    0.0130000      53975.2      18.3970    0.0160000      53975.2      18.1440    0.0290000
       53993.318      19.1340    0.0370000      53993.3      18.7550    0.0220000      53993.3      18.5370    0.0160000      53993.3      18.3930    0.0140000      53993.3      18.1780    0.0230000
       53996.257      19.1670    0.0270000      53996.3      18.7610    0.0240000      53996.3      18.5130    0.0190000      53996.3      18.3730    0.0150000      53996.3      18.2100    0.0280000
       53998.226      19.1260    0.0230000      53998.2      18.7540    0.0170000      53998.2      18.5210    0.0140000      53998.2      18.3940    0.0140000      53998.2      18.1670    0.0220000
       54005.256      19.1480    0.0270000      54005.3      18.7650    0.0220000      54005.3      18.5290    0.0120000      54005.3      18.3990    0.0140000      54005.3      18.1840    0.0260000
       54010.211      19.1200    0.0250000      54010.2      18.7670    0.0180000      54010.2      18.5270    0.0160000      54010.2      18.3920    0.0190000      54010.2      18.1680    0.0210000
       54012.204      19.1570    0.0420000      54012.2      18.7960    0.0210000      54012.2      18.5200    0.0180000      54012.2      18.3920    0.0200000      54012.2      18.2230    0.0290000
       54020.210      19.1110    0.0330000      54020.2      18.7620    0.0160000      54020.2      18.5230    0.0120000      54020.2      18.3900    0.0160000      54020.2      18.2250    0.0300000
       54022.259      19.1120    0.0250000      54022.3      18.7560    0.0140000      54022.3      18.5270    0.0140000      54022.3      18.3770    0.0170000      54022.3      18.1700    0.0230000
       54028.200      19.1440    0.0320000      54028.2      18.7390    0.0140000      54028.2      18.5250    0.0160000      54028.2      18.4050    0.0160000      54028.2      18.1220    0.0260000
       54030.203      19.0980    0.0230000      54030.2      18.7410    0.0210000      54030.2      18.4970    0.0150000      54030.2      18.3850    0.0160000      54030.2      18.2080    0.0250000
       54035.279      19.0940    0.0350000      54035.3      18.7450    0.0230000      54035.3      18.5260    0.0170000      54035.3      18.3630    0.0180000      54035.3      18.1640    0.0400000
       54037.185      19.0910    0.0300000      54037.2      18.7230    0.0210000      54037.2      18.5330    0.0170000      54037.2      18.3940    0.0160000      54037.2      18.1540    0.0300000
       54040.199      19.1270    0.0430000      54040.2      18.7320    0.0190000      54040.2      18.5240    0.0160000      54040.2      18.3720    0.0200000      54040.2      18.1330    0.0290000
       54049.226      19.0510    0.0410000      54049.2      18.7640    0.0270000      54049.2      18.4890    0.0160000      54049.2      18.4190    0.0180000      54049.2      18.1190    0.0350000
       54050.184      19.0880    0.0360000      54050.2      18.7250    0.0140000      54050.2      18.5590    0.0260000      54050.2      18.3940    0.0410000      54050.2      18.2320    0.0470000
       54053.190      19.0590    0.0270000      54053.2      18.7230    0.0190000      54053.2      18.4980    0.0110000      54053.2      18.3910    0.0150000      54053.2      18.1310    0.0290000
       54056.192      19.0730    0.0330000      54056.2      18.6980    0.0260000      54056.2      18.5090    0.0200000      54056.2      18.3670    0.0200000      54056.2      18.0960    0.0450000
       54059.186      19.1000    0.0320000      54059.2      18.7240    0.0210000      54059.2      18.5320    0.0200000      54059.2      18.3830    0.0180000      54059.2      18.2270    0.0300000
       54061.197      19.0660    0.0390000      54061.2      18.7310    0.0170000      54061.2      18.5380    0.0160000      54061.2      18.3910    0.0160000      54061.2      18.2340    0.0290000
       54062.191      19.0590    0.0340000      54062.2      18.7240    0.0370000      54062.2      18.5170    0.0160000      54062.2      18.3770    0.0190000      54062.2      18.1670    0.0350000
       54068.181     -99.9900    0.0740000      54068.2      18.7410    0.0320000      54068.2      18.5360    0.0260000      54068.2      18.3650    0.0320000      54068.2      18.0820    0.0500000
       54357.229      19.0360    0.0300000      54357.2      18.6450    0.0180000      54357.2      18.4900    0.0180000      54357.2      18.3720    0.0200000      54357.2      18.1410    0.0290000
       54362.279      19.0270    0.0280000      54362.3      18.6520    0.0150000      54362.3      18.4720    0.0180000      54362.3      18.3510    0.0140000      54362.3      18.2070    0.0300000
       54376.288      19.0250    0.0280000      54376.3      18.6750    0.0180000      54376.3      18.4680    0.0160000      54376.3      18.3320    0.0180000      54376.3      18.1470    0.0270000
       54385.277     -99.9900    0.0360000      54385.3      18.6370    0.0130000      54385.3      18.4250    0.0780000      54385.3      18.3650    0.0210000      54385.3      18.1180    0.0250000
       54387.277      19.0190    0.0250000      54387.3      18.6410    0.0200000      54387.3      18.4480    0.0160000      54387.3      18.3480    0.0180000      54387.3      18.1230    0.0250000
       54392.272      19.0100    0.0360000      54392.3      18.6380    0.0230000      54392.3      18.4320    0.0140000      54392.3      18.3170    0.0160000      54392.3      18.1180    0.0300000
       54402.271      19.0490    0.0580000      54402.3      18.6480    0.0210000      54402.3      18.4220    0.0170000      54402.3      18.3390    0.0160000      54402.3      18.1350    0.0290000
       52558.000       19.132000     0.029000000       52558.000       18.788000     0.019000000       52558.000       18.626000     0.013000000       52558.000       18.476000     0.018000000       52558.000       18.222000     0.026000000
       51467       18.943000     0.036000000       51467       18.626000     0.016000000       51467       18.429000     0.017000000       51467       18.295000     0.025000000       51467       18.096000     0.040000000
       51819       19.113000     0.034000000       51819       18.741000     0.023000000       51819       18.494000     0.016000000       51819       18.392000     0.014000000       51819       18.096000     0.026000000
       52552       19.085000     0.024000000       52552       18.804000     0.020000000       52552       18.606000     0.015000000       52552       18.494000     0.017000000       52552       18.291000     0.034000000
       52577       19.066000     0.023000000       52577       18.735000     0.019000000       52577       18.574000     0.017000000       52577       18.445000     0.020000000       52577       18.245000     0.036000000
       52586       19.042000     0.030000000       52586       18.739000     0.021000000       52586       18.554000     0.015000000       52586       18.440000     0.017000000       52586       18.224000     0.031000000
       52931       19.183000     0.024000000       52931       18.878000     0.028000000       52931       18.600000     0.014000000       52931       18.440000     0.019000000       52931       18.179000     0.026000000
       52935       19.178000     0.026000000       52935       18.807000     0.019000000       52935       18.624000     0.017000000       52935       18.452000     0.017000000       52935       18.241000     0.030000000
       53313       18.989000     0.025000000       53313       18.638000     0.028000000       53313       18.486000     0.018000000       53313       18.402000     0.017000000       53313       18.170000     0.036000000
       54769       19.174000     0.028000000       54769       18.779000     0.019000000       54769       18.521000     0.015000000       54769       18.398000     0.014000000       54769       18.168000     0.028000000
