       51075.245      20.6190    0.0740000      51075.2      20.1760    0.0220000      51075.2      20.0710    0.0260000      51075.2      20.1920    0.0470000      51075.2      19.8710     0.172000
       51464.233      20.3900    0.0660000      51464.2      20.1720    0.0210000      51464.2      20.0320    0.0220000      51464.2      20.1760    0.0350000      51464.2      19.9220     0.139000
       52197.258      20.9750    0.0950000      52197.3      20.3500    0.0210000      52197.3      20.2780    0.0260000      52197.3      20.4370    0.0410000      52197.3      20.0840     0.131000
       52231.144      20.8650    0.0900000      52231.1      20.3370    0.0210000      52231.1      20.2640    0.0270000      52231.1      20.3170    0.0390000      52231.1      20.2180     0.155000
       52557.252      21.2820     0.165000      52557.3      20.6120    0.0280000      52557.2      20.5590    0.0360000      52557.2      20.5670    0.0520000      52557.3      20.0440     0.164000
       52578.148      21.4220     0.122000      52578.1      20.6980    0.0260000      52578.1      20.6370    0.0340000      52578.1      20.7900    0.0510000      52578.1      20.2880     0.154000
       52929.179      22.3410     0.291000      52929.2      21.0370    0.0330000      52929.2      21.0080    0.0440000      52929.2      21.0380    0.0650000      52929.2      20.4130     0.172000
       52934.159      22.2110     0.317000      52934.2      20.9880    0.0420000      52934.2      20.9580    0.0570000      52934.2      20.9810    0.0780000      52934.2      20.6720     0.316000
       52936.155      21.8890     0.177000      52936.2      21.0520    0.0340000      52936.2      21.0340    0.0440000      52936.2      21.1390    0.0690000      52936.2      20.7480     0.231000
       53270.219      21.2270     0.143000      53270.2      20.5910    0.0340000      53270.2      20.4860    0.0330000      53270.2      20.5550    0.0430000      53270.2      20.3090     0.151000
       53272.269      21.0370     0.199000      53272.3      20.6080    0.0670000      53272.3      20.4280    0.0440000      53272.3      20.5270    0.0620000      53272.3      20.1830     0.186000
       53286.237      21.1230     0.136000      53286.2      20.5400    0.0270000      53286.2      20.4510    0.0340000      53286.2      20.5430    0.0470000      53286.2      20.2290     0.155000
       53288.196      21.0120     0.111000      53288.2      20.5360    0.0240000      53288.2      20.4080    0.0290000      53288.2      20.5490    0.0440000      53288.2      20.2730     0.156000
       53294.223      20.9670     0.117000      53294.2      20.5290    0.0300000      53294.2      20.4930    0.0770000      53294.2      20.4500    0.0640000      53294.2      20.0190     0.151000
       53302.192      20.6920     0.189000      53302.2      20.5270    0.0680000      53302.2      20.2900    0.0560000      53302.2      20.5890    0.0780000      53302.2      20.2730     0.205000
       53312.147      21.4050     0.144000      53312.1      20.5810    0.0260000      53312.1      20.4870    0.0370000      53312.1      20.6240    0.0610000      53312.1      20.2310     0.167000
       53314.148      21.0330     0.102000      53314.1      20.5200    0.0230000      53314.1      20.4050    0.0300000      53314.1      20.4870    0.0480000      53314.1      20.2030     0.162000
       53616.253      20.5540     0.135000      53616.3     -99.9900    0.0270000      53616.2      20.0690    0.0400000      53616.2      20.0950    0.0570000      53616.3      19.9410     0.225000
       53623.243     -99.9900     0.137000      53623.2     -99.9900     0.112000      53623.2      20.2440    0.0350000      53623.2      20.4030    0.0810000      53623.2     -99.9900     0.358000
       53626.229      20.6210     0.108000      53626.2      20.2510    0.0360000      53626.2      20.1310    0.0320000      53626.2      20.2390    0.0450000      53626.2      19.9390     0.124000
       53637.216      20.7280     0.145000      53637.2      20.3510    0.0350000      53637.2      20.1910    0.0380000      53637.2      20.4020    0.0670000      53637.2      19.8530     0.161000
       53644.208      20.7580    0.0640000      53644.2      20.3240    0.0230000      53644.2      20.2030    0.0230000      53644.2      20.3410    0.0290000      53644.2      20.1140    0.0980000
       53654.243      20.7410     0.113000      53654.2      20.3200    0.0330000      53654.2      20.2130    0.0310000      53654.2      20.3530    0.0500000      53654.2      20.2630     0.231000
       53656.190      20.3740     0.193000      53656.2      20.1710    0.0710000      53656.2      19.9680    0.0590000      53656.2      20.0480    0.0710000      53656.2      20.0550     0.258000
       53663.204      20.7210     0.122000      53663.2      20.3490    0.0360000      53663.2      20.1860    0.0300000      53663.2      20.3310    0.0380000      53663.2      20.0770     0.111000
       53668.193      20.9240     0.113000      53668.2      20.3590    0.0230000      53668.2      20.1980    0.0310000      53668.2      20.3790    0.0510000      53668.2      20.2390     0.200000
       53670.198      20.8190    0.0930000      53670.2      20.3070    0.0210000      53670.2      20.2060    0.0250000      53670.2      20.3480    0.0380000      53670.2      20.1250     0.146000
       53673.166      20.5790    0.0840000      53673.2      20.2970    0.0230000      53673.2      20.1810    0.0280000      53673.2      20.2720    0.0430000      53673.2      19.9580     0.141000
       53675.163      20.6600    0.0840000      53675.2      20.3130    0.0200000      53675.2      20.2040    0.0280000      53675.2      20.4050    0.0470000      53675.2      19.8040     0.120000
       53677.184      20.8220    0.0780000      53677.2      20.3100    0.0190000      53677.2      20.2270    0.0240000      53677.2      20.3690    0.0340000      53677.2      20.0180     0.104000
       53680.171      20.8310    0.0860000      53680.2      20.3100    0.0200000      53680.2      20.1850    0.0240000      53680.2      20.3130    0.0340000      53680.2      20.1580     0.122000
       53693.172      20.6480     0.154000      53693.2      20.3780    0.0460000      53693.2      20.2630    0.0390000      53693.2      20.4270    0.0510000      53693.2      20.0320     0.125000
       53702.168      20.5480     0.182000      53702.2      20.3490    0.0400000      53702.2      20.3300    0.0660000      53702.2      20.3500     0.100000      53702.2      19.6380     0.224000
       53704.156      20.9290     0.115000      53704.2      20.4210    0.0240000      53704.2      20.3140    0.0300000      53704.2      20.3140    0.0450000      53704.2      20.3020     0.181000
       53989.252      20.8880     0.151000      53989.3      20.4530    0.0460000      53989.2      20.3460    0.0410000      53989.2      20.3370    0.0440000      53989.3      20.1050     0.126000
       53995.241      20.8810    0.0770000      53995.2      20.3710    0.0180000      53995.2      20.2860    0.0210000      53995.2      20.3480    0.0300000      53995.2      20.1020    0.0890000
       54000.227      20.9410     0.107000      54000.2      20.2970    0.0290000      54000.2      20.2410    0.0270000      54000.2      20.2960    0.0420000      54000.2      19.8670     0.128000
       54007.277      20.8590    0.0930000      54007.3      20.3230    0.0260000      54007.3      20.1860    0.0260000      54007.3      20.2620    0.0360000      54007.3      20.0950     0.128000
       54009.201      20.6350    0.0790000      54009.2      20.2910    0.0250000      54009.2      20.2020    0.0260000      54009.2      20.3640    0.0380000      54009.2      20.0070     0.114000
       54011.266      20.7960     0.120000      54011.3      20.3610    0.0360000      54011.3      20.1900    0.0330000      54011.3      20.3900    0.0400000      54011.3      20.2230     0.114000
       54019.216      20.5940    0.0810000      54019.2      20.2420    0.0250000      54019.2      20.2090    0.0240000      54019.2      20.3520    0.0310000      54019.2      20.0950    0.0980000
       54025.265      20.6500     0.108000      54025.3      20.2450    0.0250000      54025.3      20.1900    0.0370000      54025.3      20.3050    0.0470000      54025.3      20.0200     0.144000
       54029.195      20.4990    0.0680000      54029.2      20.2890    0.0230000      54029.2      20.1880    0.0280000      54029.2      20.3080    0.0380000      54029.2      19.9780     0.104000
       54365.251      20.8830     0.112000      54365.3      20.4900    0.0380000      54365.2      20.3740    0.0340000      54365.2      20.3810    0.0410000      54365.3      20.1290     0.131000
       54373.325      21.2110     0.367000      54373.3      20.5430     0.109000      54373.3      20.3050    0.0550000      54373.3      20.5260    0.0690000      54373.3      19.9550     0.166000
       54382.260      21.3160     0.189000      54382.3      20.5230    0.0400000      54382.3      20.3950    0.0350000      54382.3      20.4820    0.0560000      54382.3      20.2440     0.223000
       54386.263      21.1560     0.110000      54386.3      20.4900    0.0240000      54386.3      20.3800    0.0280000      54386.3      20.5080    0.0380000      54386.3      20.3880     0.155000
       54388.267      21.2430     0.146000      54388.3      20.4840    0.0240000      54388.3      20.4440    0.0330000      54388.3      20.4500    0.0450000      54388.3      20.3020     0.172000
       54403.181      21.0720     0.160000      54403.2      20.6300    0.0380000      54403.2      20.5440    0.0480000      54403.2      20.5830    0.0600000      54403.2      20.5690     0.185000
       54404.188      21.2480     0.106000      54404.2      20.6190    0.0250000      54404.2      20.4870    0.0280000      54404.2      20.5660    0.0390000      54404.2      20.2200     0.124000
       54406.175      21.3410     0.127000      54406.2      20.5870    0.0280000      54406.2      20.5050    0.0360000      54406.2      20.5740    0.0520000      54406.2      20.3330     0.175000
       54412.178      21.5690     0.188000      54412.2      20.5560    0.0260000      54412.2      20.4610    0.0340000      54412.2      20.5980    0.0460000      54412.2      20.3010     0.154000
       52197.000       21.013000     0.093000000       52197.000       20.346000     0.025000000       52197.000       20.272000     0.025000000       52197.000       20.429000     0.040000000       52197.000       20.091000      0.12700000
       51075       20.601000     0.062000000       51075       20.177000     0.024000000       51075       20.091000     0.027000000       51075       20.214000     0.046000000       51075       19.835000      0.15200000
       51459       20.591000     0.090000000       51459       20.112000     0.032000000       51459       20.097000     0.036000000       51459       20.104000     0.049000000       51459       19.902000      0.17200000
       51464       20.376000     0.057000000       51464       20.179000     0.030000000       51464       20.049000     0.024000000       51464       20.198000     0.036000000       51464       19.905000      0.12100000
       52197       20.990000     0.080000000       52197       20.346000     0.026000000       52197       20.290000     0.027000000       52197       20.483000     0.043000000       52197       20.087000      0.11800000
       52231       20.920000     0.076000000       52231       20.362000     0.027000000       52231       20.320000     0.029000000       52231       20.360000     0.041000000       52231       20.216000      0.13800000
       52557       21.263000      0.13300000       52557       20.618000     0.034000000       52557       20.559000     0.039000000       52557       20.579000     0.049000000       52557       20.060000      0.15500000
       52578       21.453000      0.10200000       52578       20.744000     0.030000000       52578       20.645000     0.037000000       52578       20.836000     0.051000000       52578       20.345000      0.14600000
       52929       22.410000      0.24800000       52929       21.059000     0.032000000       52929       21.074000     0.045000000       52929       21.084000     0.063000000       52929       20.446000      0.15100000
       52934       22.229000      0.24000000       52934       21.073000     0.043000000       52934       21.092000     0.058000000       52934       21.131000     0.077000000       52934       20.741000      0.30800000
       53270       21.208000      0.13500000       53270       20.586000     0.039000000       53270       20.473000     0.037000000       53270       20.553000     0.048000000       53270       20.271000      0.14300000
       53272       21.015000      0.18400000       53272       20.589000     0.067000000       53272       20.455000     0.045000000       53272       20.559000     0.061000000       53272       20.178000      0.16600000
       53286       21.166000      0.11600000       53286       20.564000     0.034000000       53286       20.543000     0.036000000       53286       20.579000     0.045000000       53286       20.228000      0.13100000
       53288       21.021000     0.094000000       53288       20.591000     0.035000000       53288       20.468000     0.032000000       53288       20.606000     0.047000000       53288       20.266000      0.13300000
       53294       20.921000      0.10300000       53294       20.524000     0.032000000       53294       20.863000     0.084000000       53294       20.460000     0.068000000       53294       20.028000      0.15300000
       53312       21.410000      0.13000000       53312       20.565000     0.029000000       53312       20.482000     0.041000000       53312       20.613000     0.065000000       53312       20.167000      0.16000000
       53314       21.011000     0.083000000       53314       20.504000     0.026000000       53314       20.422000     0.031000000       53314       20.488000     0.049000000       53314       20.195000      0.14600000
