       51075.258      20.3240    0.0660000      51075.3      19.9250    0.0190000      51075.3      19.7840    0.0240000      51075.3      19.7620    0.0400000      51075.3      19.3560     0.103000
       51464.246      20.7910     0.100000      51464.2      20.3510    0.0270000      51464.2      20.1710    0.0310000      51464.2      20.1420    0.0480000      51464.2      19.7210    0.0970000
       52197.272      20.2220    0.0540000      52197.3      20.0030    0.0180000      52197.3      19.8560    0.0200000      52197.3      19.9330    0.0310000      52197.3      19.7490    0.0900000
       52231.158      20.5040    0.0690000      52231.2      20.0450    0.0180000      52231.2      19.8770    0.0210000      52231.2      19.9220    0.0330000      52231.2      19.7060    0.0920000
       52253.144      20.5590     0.102000      52253.1      20.0570    0.0250000      52253.1      19.9080    0.0270000      52253.1      19.9750    0.0420000      52253.1      19.5990     0.102000
       52557.266      20.8710     0.103000      52557.3      20.4200    0.0260000      52557.3      20.2550    0.0310000      52557.3      20.1910    0.0440000      52557.3      20.0090     0.129000
       52578.162      20.9870    0.0970000      52578.2      20.3920    0.0230000      52578.2      20.2350    0.0260000      52578.2      20.2770    0.0430000      52578.2      19.8480     0.107000
       52908.240      20.4210    0.0740000      52908.2      20.0690    0.0210000      52908.2      19.9280    0.0240000      52908.2      19.9860    0.0390000      52908.2      19.5790     0.104000
       52911.254      20.5510    0.0850000      52911.3      20.1120    0.0210000      52911.3      19.9570    0.0300000      52911.3      19.9540    0.0380000      52911.3      19.6370    0.0960000
       52929.192      20.4880    0.0740000      52929.2      20.0710    0.0200000      52929.2      19.9500    0.0230000      52929.2      19.9320    0.0360000      52929.2      19.5690    0.0920000
       52934.172      20.3630    0.0710000      52934.2      20.0820    0.0200000      52934.2      19.9390    0.0270000      52934.2      19.8930    0.0420000      52934.2      19.4680    0.0850000
       52936.168      20.5030    0.0630000      52936.2      20.0940    0.0410000      52936.2      19.9540    0.0230000      52936.2      19.9130    0.0340000      52936.2      19.6870    0.0960000
       53270.232      20.5000    0.0710000      53270.2      19.9680    0.0210000      53270.2      19.8670    0.0250000      53270.2      19.8310    0.0300000      53270.2      19.6000    0.0740000
       53272.282      20.4470     0.118000      53272.3      19.9810    0.0340000      53272.3      19.8110    0.0320000      53272.3      19.8530    0.0420000      53272.3      19.6360    0.0960000
       53286.251      20.4220    0.0930000      53286.3      20.0140    0.0210000      53286.2      19.8570    0.0260000      53286.2      19.8300    0.0450000      53286.2      19.6660     0.107000
       53288.209      20.2900    0.0580000      53288.2      20.0020    0.0180000      53288.2      19.8640    0.0220000      53288.2      19.8860    0.0340000      53288.2      19.6410    0.0800000
       53294.237      20.4490    0.0800000      53294.2      20.0600    0.0280000      53294.2      19.8630    0.0290000      53294.2      19.8780    0.0400000      53294.2      19.7050     0.112000
       53302.205      20.5080     0.197000      53302.2      20.0880    0.0600000      53302.2      19.8390    0.0710000      53302.2      19.9770    0.0940000      53302.2      19.5100     0.128000
       53314.162      20.4660    0.0670000      53314.2      20.0780    0.0180000      53314.2      19.9200    0.0240000      53314.2      19.9880    0.0400000      53314.2      19.5920     0.102000
       53616.266      20.8390     0.126000      53616.3      20.3030    0.0280000      53616.3      20.1640    0.0330000      53616.3      20.1060    0.0510000      53616.3      19.6250     0.118000
       53623.256     -99.9900     0.235000      53623.3     -99.9900     0.457000      53623.3     -99.9900    0.0470000      53623.3     -99.9900    0.0470000      53623.3     -99.9900     0.239000
       53626.242      21.0230     0.156000      53626.2      20.3380    0.0370000      53626.2      20.1380    0.0370000      53626.2      20.2110    0.0540000      53626.2      19.7320     0.104000
       53628.227      20.7940     0.184000      53628.2      20.3880    0.0560000      53628.2      20.2750    0.0510000      53628.2      20.1560    0.0550000      53628.2      19.7100     0.109000
       53644.221      20.9780    0.0740000      53644.2      20.4670    0.0220000      53644.2      20.3010    0.0230000      53644.2      20.2910    0.0330000      53644.2      20.0420    0.0940000
       53654.256      20.9310     0.119000      53654.3      20.4320    0.0260000      53654.3      20.2880    0.0330000      53654.3      20.2730    0.0640000      53654.3      19.8880     0.129000
       53663.217      21.8570     0.353000      53663.2      20.5280    0.0460000      53663.2      20.3150    0.0380000      53663.2      20.3380    0.0490000      53663.2      20.0680     0.117000
       53670.211      21.0800     0.122000      53670.2      20.5560    0.0260000      53670.2      20.3350    0.0290000      53670.2      20.2290    0.0430000      53670.2      19.9110     0.117000
       53673.179      21.0080     0.113000      53673.2      20.5600    0.0260000      53673.2      20.3680    0.0330000      53673.2      20.3880    0.0530000      53673.2      20.0040     0.123000
       53675.176      21.2530     0.134000      53675.2      20.6070    0.0260000      53675.2      20.4290    0.0380000      53675.2      20.3620    0.0570000      53675.2      19.9660     0.124000
       53677.197      21.3120     0.115000      53677.2      20.6160    0.0240000      53677.2      20.4500    0.0400000      53677.2      20.3530    0.0400000      53677.2      20.0390    0.0980000
       53680.184      21.1070     0.120000      53680.2      20.5050    0.0270000      53680.2      20.3230    0.0310000      53680.2      20.2290    0.0450000      53680.2      19.9470     0.113000
       53693.186      21.3970     0.292000      53693.2      20.5700    0.0570000      53693.2      20.4090    0.0490000      53693.2      20.3480    0.0570000      53693.2      19.8990     0.107000
       53704.169      21.2190     0.135000      53704.2      20.6760    0.0280000      53704.2      20.5150    0.0340000      53704.2      20.3810    0.0480000      53704.2      20.0580     0.124000
       53989.265      20.8350     0.156000      53989.3      20.1890    0.0390000      53989.3      20.0630    0.0350000      53989.3      20.0020    0.0420000      53989.3      19.6600    0.0930000
       53995.254      20.6820    0.0660000      53995.3      20.1890    0.0180000      53995.3      20.1060    0.0290000      53995.3      20.0430    0.0290000      53995.3      19.8580    0.0850000
       53997.361      20.8470     0.137000      53997.4      20.2270    0.0270000      53997.4      20.0480    0.0250000      53997.4     -99.9900    0.0390000      53997.4     -99.9900     0.105000
       54000.241      20.5350    0.0740000      54000.2      20.2260    0.0260000      54000.2      20.1240    0.0260000      54000.2      20.0040    0.0370000      54000.2      19.7500     0.104000
       54007.291      20.7160    0.0960000      54007.3      20.2180    0.0250000      54007.3      20.1350    0.0270000      54007.3      19.9990    0.0340000      54007.3      19.7650    0.0940000
       54009.214      20.7370    0.0800000      54009.2      20.2290    0.0250000      54009.2      20.1100    0.0260000      54009.2      20.0100    0.0350000      54009.2     -99.9900     0.100000
       54011.279      20.7580     0.120000      54011.3      20.2450    0.0350000      54011.3      20.0610    0.0350000      54011.3      19.9880    0.0430000      54011.3      19.8150    0.0940000
       54019.229      20.7650     0.133000      54019.2      20.2600    0.0310000      54019.2      20.0910    0.0310000      54019.2      20.0000    0.0380000      54019.2      19.6960    0.0830000
       54025.278      20.7860     0.104000      54025.3      20.3110    0.0250000      54025.3      20.1030    0.0300000      54025.3      20.0880    0.0410000      54025.3      19.7800     0.103000
       54029.208      20.6320    0.0740000      54029.2      20.2800    0.0250000      54029.2      20.1090    0.0310000      54029.2      20.0530    0.0440000      54029.2      19.8470     0.107000
       54358.232      21.3280     0.182000      54358.2      20.6320    0.0340000      54358.2      20.4950    0.0360000      54358.2      20.3570    0.0530000      54358.2      20.0410     0.142000
       54365.265      21.1540     0.140000      54365.3      20.6420    0.0400000      54365.3      20.5920    0.0420000      54365.3      20.3820    0.0520000      54365.3      20.1860     0.140000
       54381.284      20.9570     0.117000      54381.3      20.7140    0.0390000      54381.3      20.5680    0.0460000      54381.3      20.4400    0.0570000      54381.3      20.2660     0.162000
       54382.274      21.0900     0.186000      54382.3      20.6450    0.0360000      54382.3      20.5460    0.0500000      54382.3      20.4490    0.0710000      54382.3      20.0150     0.159000
       54386.277      21.2760     0.118000      54386.3      20.7230    0.0260000      54386.3      20.5310    0.0300000      54386.3      20.4450    0.0420000      54386.3      20.0130    0.0930000
       54388.281      21.4140     0.161000      54388.3      20.6810    0.0330000      54388.3      20.5020    0.0340000      54388.3      20.4160    0.0520000      54388.3      19.9490     0.104000
       54405.250      21.1920     0.130000      54405.2      20.7280    0.0370000      54405.2      20.5320    0.0400000      54405.2      20.4680    0.0540000      54405.2      20.0830     0.117000
       54412.192      21.3830     0.134000      54412.2      20.7800    0.0270000      54412.2      20.5730    0.0330000      54412.2     -99.9900    0.0530000      54412.2     -99.9900     0.104000
       52197.000       20.230000     0.053000000       52197.000       20.025000     0.028000000       52197.000       19.893000     0.020000000       52197.000       19.984000     0.034000000       52197.000       19.812000     0.091000000
       51075       20.327000     0.053000000       51075       19.916000     0.023000000       51075       19.819000     0.028000000       51075       19.781000     0.042000000       51075       19.354000      0.10100000
       51464       20.755000     0.086000000       51464       20.397000     0.030000000       51464       20.206000     0.033000000       51464       20.178000     0.049000000       51464       19.760000     0.095000000
       52196       20.460000     0.071000000       52196       20.009000     0.023000000       52196       19.919000     0.030000000       52196       19.920000     0.041000000       52196       19.810000      0.11900000
       52197       20.220000     0.050000000       52197       20.021000     0.026000000       52197       19.889000     0.020000000       52197       19.993000     0.033000000       52197       19.810000     0.090000000
       52231       20.489000     0.056000000       52231       20.026000     0.024000000       52231       19.879000     0.026000000       52231       19.924000     0.035000000       52231       19.720000     0.093000000
       52253       20.537000     0.086000000       52253       20.057000     0.028000000       52253       19.915000     0.029000000       52253       20.006000     0.044000000       52253       19.592000      0.10000000
       52557       20.862000     0.089000000       52557       20.420000     0.029000000       52557       20.256000     0.032000000       52557       20.199000     0.042000000       52557       19.956000      0.12300000
       52578       21.003000     0.084000000       52578       20.398000     0.029000000       52578       20.253000     0.028000000       52578       20.288000     0.043000000       52578       19.843000      0.10500000
       52908       20.435000     0.063000000       52908       20.118000     0.024000000       52908       20.008000     0.026000000       52908       20.062000     0.042000000       52908       19.637000      0.10200000
       52911       20.522000     0.073000000       52911       20.108000     0.030000000       52911       19.935000     0.027000000       52911       19.939000     0.040000000       52911       19.618000     0.097000000
       52929       20.486000     0.073000000       52929       20.086000     0.025000000       52929       19.959000     0.031000000       52929       19.943000     0.037000000       52929       19.571000     0.091000000
       52934       20.359000     0.076000000       52934       20.128000     0.021000000       52934       19.993000     0.036000000       52934       19.948000     0.043000000       52934       19.480000     0.084000000
       52936       20.510000     0.056000000       52936       20.069000     0.024000000       52936       19.963000     0.026000000       52936       19.942000     0.035000000       52936       19.673000     0.095000000
       52962       20.240000     0.063000000       52962       20.086000     0.028000000       52962       19.910000     0.030000000       52962       19.867000     0.040000000       52962       19.664000      0.10600000
       53270       20.488000     0.074000000       53270       19.991000     0.024000000       53270       19.864000     0.025000000       53270       19.833000     0.031000000       53270       19.588000     0.081000000
       53272       20.487000      0.11100000       53272       20.009000     0.035000000       53272       19.841000     0.034000000       53272       19.882000     0.043000000       53272       19.615000     0.092000000
       53286       20.384000     0.080000000       53286       20.049000     0.029000000       53286       19.875000     0.028000000       53286       19.852000     0.046000000       53286       19.668000      0.10600000
       53288       20.280000     0.054000000       53288       19.991000     0.022000000       53288       19.866000     0.029000000       53288       19.904000     0.033000000       53288       19.613000     0.079000000
       53294       20.444000     0.078000000       53294       20.060000     0.034000000       53294       19.886000     0.031000000       53294       19.885000     0.044000000       53294       19.687000      0.12000000
       53312       20.707000      0.11000000       53312       20.163000     0.031000000       53312       19.960000     0.030000000       53312       19.994000     0.048000000       53312       19.646000      0.12400000
       53314       20.474000     0.056000000       53314       20.134000     0.025000000       53314       19.958000     0.028000000       53314       20.047000     0.041000000       53314       19.614000     0.099000000
