       51467.332      20.4410     0.119000      51467.3      20.0290    0.0270000      51467.3      19.7600    0.0280000      51467.3      19.3960    0.0310000      51467.3      19.2890     0.101000
       51819.308      20.6390    0.0790000      51819.3      20.2030    0.0210000      51819.3      19.9170    0.0230000      51819.3      19.4490    0.0240000      51819.3      19.3720    0.0660000
       52558.273      20.5290    0.0690000      52558.3      20.0560    0.0190000      52558.3      19.7120    0.0180000      52558.3      19.3340    0.0190000      52558.3      19.2710    0.0550000
       52577.160      20.5790    0.0820000      52577.2      20.0320    0.0200000      52577.2      19.7430    0.0220000      52577.2      19.2710    0.0270000      52577.2      19.2620    0.0880000
       52586.164      20.5360    0.0680000      52586.2      20.0800    0.0190000      52586.2      19.7050    0.0210000      52586.2      19.3160    0.0240000      52586.2      19.2220    0.0730000
       52931.175      20.7000    0.0720000      52931.2      20.1920    0.0200000      52931.2      19.7980    0.0190000      52931.2      19.3740    0.0200000      52931.2      19.3990    0.0660000
       52935.172      20.6190    0.0780000      52935.2      20.1220    0.0200000      52935.2      19.8090    0.0220000      52935.2      19.3290    0.0240000      52935.2      19.1610    0.0660000
       53313.165      20.3700    0.0770000      53313.2      19.9050    0.0190000      53313.2      19.6290    0.0230000      53313.2      19.2480    0.0250000      53313.2      19.1150    0.0730000
       53622.274      20.3050    0.0890000      53622.3      19.9910    0.0250000      53622.3      19.6440    0.0240000      53622.3      19.2660    0.0290000      53622.3      19.1350    0.0970000
       53634.224      20.1680     0.190000      53634.2      19.9920    0.0690000      53634.2      19.5250    0.0420000      53634.2      19.2220    0.0390000      53634.2      19.1680     0.120000
       53636.229      20.3020    0.0930000      53636.2      19.9190    0.0260000      53636.2      19.6650    0.0280000      53636.2      19.2780    0.0250000      53636.2      19.2140    0.0670000
       53638.265      20.2840    0.0630000      53638.3      19.8990    0.0190000      53638.3      19.6580    0.0180000      53638.3      19.3430    0.0450000      53638.3      19.2450    0.0590000
       53655.201      20.4920     0.161000      53655.2      19.9320    0.0370000      53655.2      19.7460    0.0330000      53655.2      19.2810    0.0320000      53655.2      19.3330    0.0950000
       53664.226      20.3630     0.134000      53664.2      19.9370    0.0350000      53664.2      19.6850    0.0320000      53664.2      19.2850    0.0300000      53664.2      19.2010    0.0740000
       53666.190      20.5040    0.0720000      53666.2      19.9910    0.0190000      53666.2      19.7060    0.0200000      53666.2      19.2650    0.0230000      53666.2      19.2270    0.0670000
       53669.185      20.4200    0.0600000      53669.2      19.9740    0.0180000      53669.2      19.7010    0.0190000      53669.2      19.2980    0.0200000      53669.2      19.0890    0.0560000
       53671.270      20.5900     0.148000      53671.3      19.9850    0.0230000      53671.3      19.7320    0.0280000      53671.3      19.2620    0.0280000      53671.3      19.1690    0.0800000
       53674.169      20.4190    0.0760000      53674.2      20.0030    0.0190000      53674.2      19.6840    0.0210000      53674.2      19.2960    0.0220000      53674.2      19.1890    0.0640000
       53676.259      20.3680    0.0690000      53676.3      19.9780    0.0180000      53676.3      19.7190    0.0180000      53676.3      19.2770    0.0190000      53676.3      19.1840    0.0480000
       53679.231      20.3010    0.0810000      53679.2      19.9180    0.0200000      53679.2      19.6000    0.0210000      53679.2      19.2370    0.0230000      53679.2      19.2800    0.0770000
       53681.222      20.5010     0.100000      53681.2      19.9820    0.0300000      53681.2      19.6850    0.0210000      53681.2      19.3030    0.0240000      53681.2      19.2780    0.0740000
       53685.181      20.5430     0.217000      53685.2      19.9570    0.0670000      53685.2      19.6200    0.0590000      53685.2      19.2570    0.0510000      53685.2      19.1130     0.101000
       53687.220      20.3870     0.198000      53687.2      19.9460    0.0510000      53687.2      19.7580    0.0390000      53687.2      19.2910    0.0310000      53687.2      19.2280    0.0690000
       53694.195      21.0790     0.429000      53694.2      19.9200    0.0650000      53694.2      19.6300    0.0470000      53694.2      19.2740    0.0430000      53694.2      19.2560     0.121000
       53697.179      20.1910    0.0910000      53697.2      19.9210    0.0250000      53697.2      19.6460    0.0280000      53697.2      19.2690    0.0270000      53697.2      19.1950    0.0740000
       53700.178      20.4220    0.0800000      53700.2      19.9100    0.0190000      53700.2      19.7080    0.0250000      53700.2      19.2210    0.0230000      53700.2      19.2060    0.0620000
       53705.165      20.3030    0.0720000      53705.2      19.8890    0.0190000      53705.2      19.7690    0.0220000      53705.2      19.2440    0.0200000      53705.2      19.2220    0.0580000
       53975.250      20.3300    0.0650000      53975.2      20.0100    0.0210000      53975.2      19.7190    0.0230000      53975.2      19.2730    0.0230000      53975.2      19.2140    0.0670000
       53993.318      20.4460    0.0630000      53993.3      20.0090    0.0190000      53993.3      19.6850    0.0170000      53993.3      19.2390    0.0190000      53993.3      19.1810    0.0490000
       53996.257      20.3850    0.0640000      53996.3      19.9920    0.0260000      53996.3      19.7410    0.0210000      53996.3      19.2500    0.0210000      53996.3      19.2010    0.0580000
       53998.225      20.4280    0.0560000      53998.2      19.9850    0.0220000      53998.2      19.7400    0.0170000      53998.2      19.3200    0.0210000      53998.2      19.2690    0.0530000
       54005.256      20.4340    0.0570000      54005.3      19.9710    0.0190000      54005.3      19.6830    0.0180000      54005.3      19.2700    0.0210000      54005.3      19.2420    0.0550000
       54010.211      20.3330    0.0660000      54010.2      20.0140    0.0260000      54010.2      19.7080    0.0220000      54010.2      19.2870    0.0210000      54010.2     -99.9900    0.0750000
       54012.204      20.2720     0.107000      54012.2      20.0330    0.0440000      54012.2      19.7260    0.0380000      54012.2      19.2120    0.0310000      54012.2     -99.9900    0.0710000
       54020.210      20.3220    0.0640000      54020.2      19.9350    0.0230000      54020.2      19.6860    0.0190000      54020.2      19.2790    0.0220000      54020.2      19.2380    0.0680000
       54022.259      20.4110    0.0570000      54022.3      19.9610    0.0170000      54022.3      19.6640    0.0170000      54022.3      19.2840    0.0190000      54022.3      19.2620    0.0500000
       54028.200      20.4150    0.0630000      54028.2      19.9370    0.0220000      54028.2      19.6970    0.0230000      54028.2      19.2380    0.0220000      54028.2      19.1030    0.0570000
       54030.203      20.4070    0.0560000      54030.2      19.9550    0.0180000      54030.2      19.7350    0.0180000      54030.2      19.2820    0.0200000      54030.2      19.2600    0.0540000
       54035.279      20.3400     0.104000      54035.3      20.0040    0.0260000      54035.3      19.7180    0.0260000      54035.3      19.2040    0.0290000      54035.3      19.2050    0.0920000
       54037.185      20.5020    0.0760000      54037.2      19.9530    0.0240000      54037.2      19.6420    0.0260000      54037.2      19.3060    0.0260000      54037.2      19.0950    0.0650000
       54040.199      20.5660     0.145000      54040.2      19.9670    0.0440000      54040.2      19.6110    0.0400000      54040.2      19.2590    0.0360000      54040.2      19.1940    0.0740000
       54049.225      20.5650     0.165000      54049.2      19.8800    0.0380000      54049.2      19.7140    0.0320000      54049.2      19.2590    0.0290000      54049.2      19.2920    0.0930000
       54050.184      20.3590     0.114000      54050.2      19.9120    0.0250000      54050.2      19.6490    0.0310000      54050.2      19.2910    0.0530000      54050.2      19.1460    0.0980000
       54053.190      20.4500    0.0750000      54053.2      19.9410    0.0200000      54053.2      19.6700    0.0210000      54053.2      19.2150    0.0240000      54053.2      19.3180    0.0680000
       54056.191      20.2240     0.101000      54056.2     -99.9900    0.0490000      54056.2     -99.9900    0.0470000      54056.2      19.2170    0.0290000      54056.2      19.3780     0.105000
       54059.186      20.3860    0.0800000      54059.2      19.9780    0.0280000      54059.2      19.6660    0.0260000      54059.2      19.2580    0.0240000      54059.2      19.1550    0.0600000
       54061.197      20.2820    0.0690000      54061.2      19.9550    0.0260000      54061.2      19.6580    0.0230000      54061.2      19.3070    0.0220000      54061.2      19.1680    0.0540000
       54062.191      20.5750     0.112000      54062.2      19.9530    0.0350000      54062.2      19.6840    0.0280000      54062.2      19.2460    0.0270000      54062.2      19.1720    0.0810000
       54068.181      20.3640     0.245000      54068.2      19.8630    0.0670000      54068.2      19.5120    0.0580000      54068.2      19.2600    0.0570000      54068.2      19.0350     0.117000
       54357.229      20.4790    0.0820000      54357.2      20.0100    0.0260000      54357.2      19.7290    0.0290000      54357.2      19.2830    0.0260000      54357.2      19.3330    0.0580000
       54362.279      20.4060    0.0620000      54362.3      20.0080    0.0210000      54362.3      19.7010    0.0190000      54362.3      19.2780    0.0210000      54362.3      19.2130    0.0570000
       54376.287      20.3570    0.0740000      54376.3      20.0260    0.0230000      54376.3      19.7130    0.0220000      54376.3      19.2850    0.0260000      54376.3      19.3240    0.0660000
       54385.277      20.4730    0.0980000      54385.3      20.0900    0.0210000      54385.3      19.7520    0.0260000      54385.3      19.3180    0.0250000      54385.3      19.3380    0.0580000
       54387.277      20.4990    0.0790000      54387.3      20.0190    0.0210000      54387.3      19.7480    0.0230000      54387.3      19.3290    0.0210000      54387.3      19.1900    0.0560000
       54392.272      20.3620    0.0810000      54392.3      20.0180    0.0220000      54392.3      19.7730    0.0250000      54392.3      19.2740    0.0220000      54392.3      19.2620    0.0620000
       54402.270      20.1600     0.150000      54402.3      20.0820    0.0450000      54402.3      19.7070    0.0340000      54402.3      19.2870    0.0280000      54402.3      19.2030    0.0640000
       52558.000       20.525000     0.066000000       52558.000       20.079000     0.023000000       52558.000       19.716000     0.019000000       52558.000       19.339000     0.021000000       52558.000       19.261000     0.055000000
       51467       20.392000      0.10000000       51467       20.039000     0.030000000       51467       19.764000     0.029000000       51467       19.396000     0.032000000       51467       19.267000     0.097000000
       51819       20.648000     0.069000000       51819       20.201000     0.023000000       51819       19.910000     0.025000000       51819       19.430000     0.025000000       51819       19.351000     0.060000000
       52552       20.479000     0.064000000       52552       20.074000     0.030000000       52552       19.786000     0.025000000       52552       19.332000     0.023000000       52552       19.298000     0.072000000
       52558       20.535000     0.062000000       52558       20.083000     0.024000000       52558       19.712000     0.020000000       52558       19.337000     0.020000000       52558       19.267000     0.056000000
       52577       20.589000     0.073000000       52577       20.056000     0.024000000       52577       19.757000     0.025000000       52577       19.252000     0.027000000       52577       19.265000     0.086000000
       52586       20.558000     0.060000000       52586       20.083000     0.022000000       52586       19.726000     0.022000000       52586       19.324000     0.025000000       52586       19.232000     0.073000000
       52935       20.696000     0.071000000       52935       20.169000     0.025000000       52935       19.853000     0.029000000       52935       19.357000     0.023000000       52935       19.158000     0.064000000
       53313       20.359000     0.068000000       53313       19.915000     0.032000000       53313       19.628000     0.026000000       53313       19.261000     0.027000000       53313       19.079000     0.071000000
