       51075.248      20.8290    0.0800000      51075.2      20.4040    0.0280000      51075.2      20.2720    0.0310000      51075.2      19.9600    0.0380000      51075.2      19.5610     0.101000
       51464.236      21.1300     0.110000      51464.2      20.6280    0.0340000      51464.2      20.3780    0.0330000      51464.2      20.1010    0.0380000      51464.2      20.0110     0.111000
       52197.261      20.5520    0.0630000      52197.3      20.1680    0.0230000      52197.3      19.9920    0.0210000      52197.3      19.7530    0.0250000      52197.3      19.7890    0.0860000
       52231.147      20.5220    0.0580000      52231.1      20.1580    0.0210000      52231.1      20.0180    0.0230000      52231.1      19.7070    0.0250000      52231.1      19.7020    0.0780000
       52557.255      20.8780    0.0940000      52557.3      20.5080    0.0300000      52557.3      20.3050    0.0310000      52557.3      19.9500    0.0330000      52557.3      19.7610    0.0960000
       52578.151      20.9500    0.0790000      52578.2      20.5380    0.0270000      52578.1      20.2740    0.0260000      52578.2      19.9690    0.0300000      52578.2      19.9790     0.110000
       52929.182      20.9510    0.0820000      52929.2      20.5290    0.0270000      52929.2      20.2740    0.0250000      52929.2      19.9430    0.0280000      52929.2      20.1210     0.111000
       52934.162      21.1570     0.123000      52934.2      20.5010    0.0310000      52934.2      20.2860    0.0350000      52934.2      19.9880    0.0400000      52934.2      19.8390     0.105000
       52936.158      21.0290    0.0880000      52936.2      20.5400    0.0280000      52936.2      20.3100    0.0270000      52936.2      19.9710    0.0300000      52936.2      20.1040     0.118000
       53270.222      21.1050     0.113000      53270.2      20.4890    0.0360000      53270.2      20.2590    0.0280000      53270.2      19.9780    0.0350000      53270.2      19.8770    0.0880000
       53272.272      21.0630     0.212000      53272.3      20.5150    0.0740000      53272.3      20.1750    0.0440000      53272.3      19.8120    0.0420000      53272.3      19.6760     0.101000
       53286.240      20.9570     0.102000      53286.2      20.5470    0.0300000      53286.2      20.2710    0.0270000      53286.2      19.9410    0.0280000      53286.2      19.8240    0.0900000
       53288.199      20.8750    0.0940000      53288.2      20.5300    0.0280000      53288.2      20.2190    0.0260000      53288.2      19.9330    0.0290000      53288.2      19.9040     0.101000
       53294.226      20.7950    0.0820000      53294.2      20.5000    0.0360000      53294.2      20.2500    0.0330000      53294.2      19.9510    0.0420000      53294.2      19.9920     0.138000
       53302.195      20.6070     0.171000      53302.2      20.5140    0.0800000      53302.2      20.3230    0.0620000      53302.2      19.9410    0.0510000      53302.2      19.9140     0.138000
       53312.150      20.9360    0.0820000      53312.2      20.5290    0.0290000      53312.1      20.3360    0.0330000      53312.1      19.9800    0.0380000      53312.2      19.9910     0.117000
       53314.151      21.0110    0.0830000      53314.2      20.5310    0.0280000      53314.1      20.3280    0.0290000      53314.2      19.9260    0.0340000      53314.2      19.9180     0.112000
       53616.256      20.7760     0.104000      53616.3      20.4300    0.0340000      53616.3      20.2060    0.0320000      53616.3      19.9270    0.0360000      53616.3      19.8850     0.129000
       53623.246     -99.9900     0.296000      53623.2     -99.9900    0.0680000      53623.2     -99.9900    0.0920000      53623.2     -99.9900    0.0760000      53623.2     -99.9900     0.247000
       53626.232      21.0490     0.161000      53626.2      20.4080    0.0490000      53626.2      20.1500    0.0340000      53626.2      19.9080    0.0370000      53626.2      19.7880    0.0980000
       53628.217      20.6680     0.187000      53628.2      20.4010    0.0680000      53628.2      20.1870    0.0590000      53628.2      19.8750    0.0460000      53628.2      19.9020     0.121000
       53637.219      20.6210     0.110000      53637.2      20.3470    0.0450000      53637.2      20.1100    0.0380000      53637.2      19.8110    0.0440000      53637.2      19.8150     0.158000
       53644.211      20.7720    0.0590000      53644.2      20.3600    0.0280000      53644.2      20.1700    0.0220000      53644.2      19.8900    0.0270000      53644.2      19.8280    0.0690000
       53654.246      20.6480     0.106000      53654.2      20.4100    0.0500000      53654.2      20.1250    0.0350000      53654.2      19.8560    0.0410000      53654.2      20.1010     0.265000
       53656.193      20.8170     0.260000      53656.2      20.5570     0.102000      53656.2      20.2400    0.0640000      53656.2      19.9180    0.0550000      53656.2      19.7190     0.156000
       53663.207      20.7930     0.130000      53663.2      20.3290    0.0400000      53663.2      20.1650    0.0300000      53663.2      19.9410    0.0290000      53663.2      19.7110    0.0760000
       53668.196      20.7210    0.0890000      53668.2      20.3800    0.0310000      53668.2      20.1890    0.0300000      53668.2      19.8390    0.0360000      53668.2      19.8810     0.147000
       53670.201      20.7260    0.0750000      53670.2      20.3410    0.0300000      53670.2      20.1790    0.0260000      53670.2      19.8880    0.0310000      53670.2      19.9620     0.113000
       53673.169      20.7500    0.0880000      53673.2      20.3630    0.0280000      53673.2      20.1540    0.0280000      53673.2      19.8700    0.0340000      53673.2      19.8850     0.108000
       53675.166      20.6720    0.0730000      53675.2      20.3330    0.0270000      53675.2      20.1120    0.0290000      53675.2      19.8150    0.0310000      53675.2      19.7190     0.101000
       53677.187      20.8220    0.0690000      53677.2      20.3980    0.0230000      53677.2      20.1970    0.0240000      53677.2      19.9170    0.0250000      53677.2      19.7850    0.0700000
       53680.174      20.9170    0.0840000      53680.2      20.3210    0.0240000      53680.2      20.1830    0.0250000      53680.2      19.8900    0.0270000      53680.2      19.7650    0.0840000
       53686.240      20.5300     0.346000      53686.2      20.1500     0.106000      53686.2      20.1860    0.0930000      53686.2      19.9100    0.0820000      53686.2      20.0840     0.256000
       53693.175      20.9610     0.201000      53693.2      20.4050    0.0560000      53693.2      20.1750    0.0380000      53693.2      19.7930    0.0340000      53693.2      19.6170    0.0840000
       53704.159      20.7730    0.0830000      53704.2      20.4030    0.0280000      53704.2      20.2070    0.0280000      53704.2      19.9230    0.0330000      53704.2      19.7950    0.0950000
       53989.255      21.0670     0.185000      53989.3      20.6160    0.0560000      53989.3      20.2890    0.0370000      53989.3      20.0960    0.0400000      53989.3      19.8870    0.0910000
       53995.244      20.9890    0.0680000      53995.2      20.6320    0.0280000      53995.2      20.3010    0.0220000      53995.2      20.0290    0.0280000      53995.2      20.0430    0.0760000
       54000.230      21.0100     0.110000      54000.2      20.5300    0.0360000      54000.2      20.3090    0.0340000      54000.2      20.0920    0.0410000      54000.2      19.8760     0.108000
       54007.280      21.1360     0.102000      54007.3      20.6160    0.0310000      54007.3      20.2800    0.0290000      54007.3      19.9760    0.0300000      54007.3      19.8610    0.0840000
       54009.204      21.0970     0.105000      54009.2      20.6400    0.0340000      54009.2      20.3330    0.0310000      54009.2      19.8700    0.0310000      54009.2      19.9670    0.0920000
       54011.269      20.8770     0.137000      54011.3      20.6660    0.0580000      54011.3      20.2890    0.0350000      54011.3      19.9790    0.0360000      54011.3      20.0270    0.0910000
       54019.219      21.1560     0.138000      54019.2      20.6540    0.0400000      54019.2      20.3240    0.0280000      54019.2      20.0450    0.0290000      54019.2      19.8530    0.0720000
       54025.268      21.0570     0.125000      54025.3      20.6730    0.0330000      54025.3      20.3820    0.0340000      54025.3      19.9450    0.0430000      54025.3      20.0810     0.133000
       54029.198      21.2540     0.108000      54029.2      20.6510    0.0310000      54029.2      20.3010    0.0280000      54029.2      19.8570    0.0290000      54029.2      19.7600    0.0800000
       54358.221      21.1750     0.143000      54358.2      20.4110    0.0330000      54358.2      20.2170    0.0360000      54358.2      19.8320    0.0450000      54358.2      19.9390     0.146000
       54365.254      20.7770    0.0990000      54365.3      20.3500    0.0360000      54365.3      20.1630    0.0290000      54365.3      19.8940    0.0310000      54365.3      19.8440    0.0980000
       54373.329      20.4440     0.223000      54373.3      20.3460    0.0790000      54373.3      20.0530    0.0590000      54373.3      19.9700    0.0580000      54373.3      19.8150     0.139000
       54382.263      20.6220     0.102000      54382.3      20.3240    0.0310000      54382.3      20.1960    0.0340000      54382.3      19.8960    0.0470000      54382.3      19.7010     0.119000
       54386.266      20.8830    0.0810000      54386.3      20.3160    0.0260000      54386.3      20.0970    0.0270000      54386.3      19.8300    0.0280000      54386.3      19.6650    0.0720000
       54388.270      20.8090    0.0960000      54388.3      20.2910    0.0290000      54388.3      20.0900    0.0260000      54388.3      19.9130    0.0310000      54388.3      19.7600    0.0980000
       54403.184      20.8200     0.106000      54403.2      20.3620    0.0430000      54403.2      20.1480    0.0300000      54403.2      19.7940    0.0290000      54403.2      19.6690    0.0800000
       54404.191      20.8850    0.0740000      54404.2      20.4080    0.0270000      54404.2      20.1400    0.0270000      54404.2      19.6940    0.0290000      54404.2      19.8550    0.0770000
       54406.178      20.6630    0.0680000      54406.2      20.3370    0.0240000      54406.2      20.0940    0.0310000      54406.2      19.8660    0.0320000      54406.2      19.7560    0.0830000
       54412.181      20.6180    0.0680000      54412.2      20.3370    0.0250000      54412.2      20.0720    0.0250000      54412.2      19.9210    0.0330000      54412.2      19.7660    0.0780000
       52197.000       20.533000     0.060000000       52197.000       20.161000     0.024000000       52197.000       19.969000     0.022000000       52197.000       19.725000     0.026000000       52197.000       19.772000     0.085000000
       51075       20.753000     0.069000000       51075       20.395000     0.027000000       51075       20.247000     0.031000000       51075       19.936000     0.037000000       51075       19.545000      0.10100000
       51459       20.796000      0.12100000       51459       20.600000     0.039000000       51459       20.382000     0.047000000       51459       20.085000     0.056000000       51459       19.907000      0.18500000
       51464       21.058000     0.096000000       51464       20.612000     0.032000000       51464       20.366000     0.038000000       51464       20.081000     0.046000000       51464       20.010000      0.11100000
       52231       20.480000     0.054000000       52231       20.140000     0.029000000       52231       20.010000     0.023000000       52231       19.707000     0.027000000       52231       19.701000     0.078000000
       52557       20.874000     0.083000000       52557       20.517000     0.031000000       52557       20.321000     0.033000000       52557       19.955000     0.032000000       52557       19.759000     0.092000000
       52578       20.942000     0.069000000       52578       20.548000     0.028000000       52578       20.240000     0.025000000       52578       19.932000     0.034000000       52578       19.904000      0.10200000
       52929       20.879000     0.071000000       52929       20.515000     0.031000000       52929       20.260000     0.026000000       52929       19.930000     0.032000000       52929       20.053000      0.10200000
       52934       21.144000      0.10500000       52934       20.515000     0.032000000       52934       20.307000     0.036000000       52934       19.994000     0.041000000       52934       19.801000     0.099000000
       52936       20.980000     0.075000000       52936       20.538000     0.030000000       52936       20.298000     0.030000000       52936       19.953000     0.034000000       52936       20.100000      0.11800000
       53270       21.098000      0.11300000       53270       20.481000     0.037000000       53270       20.250000     0.030000000       53270       19.975000     0.036000000       53270       19.844000     0.094000000
       53272       21.042000      0.19600000       53272       20.571000     0.081000000       53272       20.225000     0.045000000       53272       19.908000     0.042000000       53272       19.669000     0.097000000
       53286       20.979000     0.093000000       53286       20.538000     0.042000000       53286       20.284000     0.032000000       53286       19.927000     0.026000000       53286       19.837000     0.091000000
       53288       20.839000     0.082000000       53288       20.526000     0.031000000       53288       20.228000     0.033000000       53288       19.950000     0.030000000       53288       19.876000     0.097000000
       53294       20.687000     0.078000000       53294       20.476000     0.044000000       53294       20.244000     0.037000000       53294       19.931000     0.042000000       53294       19.965000      0.14900000
       53312       20.899000     0.080000000       53312       20.499000     0.027000000       53312       20.330000     0.036000000       53312       19.974000     0.039000000       53312       19.946000      0.12500000
       53314       21.006000     0.072000000       53314       20.517000     0.033000000       53314       20.325000     0.029000000       53314       19.907000     0.039000000       53314       19.861000      0.10400000
