       51075.313      19.0590    0.0240000      51075.3      19.0100    0.0110000      51075.3      19.0050    0.0120000      51075.3      18.6670    0.0130000      51075.3      18.5880    0.0400000
       52196.313     -99.9900    0.0290000      52196.3      19.1270    0.0100000      52196.3      19.1300    0.0120000      52196.3      18.7540    0.0110000      52196.3      18.7170    0.0350000
       52197.326      19.2060    0.0310000      52197.3      19.1110    0.0110000      52197.3      19.1020    0.0120000      52197.3      18.7050    0.0120000      52197.3      18.6930    0.0410000
       52225.177     -99.9900    0.0280000      52225.2      19.1060    0.0100000      52225.2      19.1540    0.0130000      52225.2      18.7510    0.0120000      52225.2      18.7150    0.0380000
       52231.212      19.1800    0.0280000      52231.2      19.1270    0.0100000      52231.2      19.1230    0.0120000      52231.2      18.7290    0.0110000      52231.2      18.7120    0.0320000
       52253.199     -99.9900    0.0420000      52253.2      19.1530    0.0130000      52253.2      19.1490    0.0170000      52253.2      18.7930    0.0150000      52253.2      18.6570    0.0460000
       52557.320      19.4240    0.0340000      52557.3      19.3570    0.0130000      52557.3      19.3330    0.0140000      52557.3      18.8860    0.0130000      52557.3      18.9690    0.0460000
       52578.216      19.4230    0.0320000      52578.2      19.3610    0.0120000      52578.2      19.3590    0.0140000      52578.2      18.8800    0.0120000      52578.2      18.9240    0.0430000
       52908.295      19.3600    0.0330000      52908.3      19.2960    0.0120000      52908.3      19.2770    0.0140000      52908.3      18.8610    0.0130000      52908.3      18.8770    0.0460000
       52911.309     -99.9900    0.0350000      52911.3      19.2900    0.0130000      52911.3      19.2860    0.0160000      52911.3      18.8690    0.0160000      52911.3      18.8780    0.0540000
       52930.186      19.2370    0.0360000      52930.2      19.2020    0.0130000      52930.2      19.2550    0.0170000      52930.2      18.7830    0.0140000      52930.2      18.8100    0.0530000
       52934.227      19.2980    0.0370000      52934.2      19.2680    0.0120000      52934.2      19.2730    0.0160000      52934.2      18.8350    0.0150000      52934.2      18.8750    0.0510000
       52936.223     -99.9900    0.0310000      52936.2      19.2590    0.0110000      52936.2      19.2610    0.0130000      52936.2      18.8490    0.0120000      52936.2      18.8530    0.0370000
       52962.148      19.3690    0.0310000      52962.1      19.2680    0.0120000      52962.1      19.2560    0.0140000      52962.1      18.8350    0.0130000      52962.1      18.8020    0.0400000
       53270.287      19.2440    0.0280000      53270.3      19.2060    0.0220000      53270.3      19.2030    0.0170000      53270.3      18.7970    0.0220000      53270.3      18.8690    0.0330000
       53272.337     -99.9900    0.0320000      53272.3      19.1650    0.0140000      53272.3      19.1640    0.0140000      53272.3      18.7950    0.0130000      53272.3      18.7880    0.0380000
       53286.305      19.2620    0.0500000      53286.3      19.1990    0.0170000      53286.3      19.1750    0.0170000      53286.3      18.7450    0.0170000      53286.3      18.7630    0.0640000
       53288.264      19.1930    0.0320000      53288.3      19.1610    0.0120000      53288.3      19.1640    0.0140000      53288.3      18.7670    0.0140000      53288.3      18.7770    0.0390000
       53294.312      19.2390    0.0340000      53294.3      19.1570    0.0110000      53294.3      19.2050    0.0140000      53294.3      18.7790    0.0140000      53294.3      18.7950    0.0470000
       53302.260     -99.9900    0.0530000      53302.3      19.1850    0.0210000      53302.3      19.1650    0.0200000      53302.3      18.8110    0.0160000      53302.3      18.8250    0.0420000
       53312.215      19.3450    0.0370000      53312.2      19.2000    0.0150000      53312.2      19.2240    0.0200000      53312.2      18.8120    0.0170000      53312.2      18.8680    0.0450000
       53314.216      19.2330    0.0300000      53314.2      19.1880    0.0120000      53314.2      19.2690    0.0150000      53314.2      18.8090    0.0130000      53314.2      18.8890    0.0450000
       53616.321      19.3790    0.0430000      53616.3      19.2820    0.0130000      53616.3      19.2420    0.0160000      53616.3      18.8520    0.0160000      53616.3      18.8920    0.0540000
       53623.311     -99.9900     0.412000      53623.3      19.2970    0.0190000      53623.3     -99.9900    0.0390000      53623.3      18.7740    0.0210000      53623.3      18.8320    0.0650000
       53626.297      19.2610    0.0340000      53626.3      19.2470    0.0130000      53626.3      19.2450    0.0150000      53626.3      18.8110    0.0140000      53626.3      18.7790    0.0390000
       53628.282      19.3430    0.0590000      53628.3      19.2750    0.0230000      53628.3      19.2510    0.0220000      53628.3      18.8460    0.0170000      53628.3      18.8020    0.0450000
       53637.284      19.2820    0.0450000      53637.3      19.2280    0.0170000      53637.3      19.2180    0.0190000      53637.3      18.8030    0.0160000      53637.3     -99.9900    0.0580000
       53639.329      19.2960    0.0330000      53639.3      19.2500    0.0120000      53639.3      19.2430    0.0140000      53639.3      18.8040    0.0120000      53639.3      18.8840    0.0350000
       53654.311      19.3100    0.0340000      53654.3      19.1990    0.0110000      53654.3      19.1740    0.0140000      53654.3      18.8010    0.0120000      53654.3      18.7750    0.0390000
       53663.272      19.2580    0.0430000      53663.3      19.2280    0.0180000      53663.3      19.1790    0.0150000      53663.3      18.8090    0.0120000      53663.3      18.7820    0.0330000
       53665.250     -99.9900     0.237000      53665.2      19.0470    0.0230000      53665.2     -99.9900     0.141000      53665.2     -99.9900     0.226000      53665.2     -99.9900    0.0970000
       53666.342      19.2340    0.0510000      53666.3      19.2310    0.0170000      53666.3      19.2070    0.0180000      53666.3      18.8070    0.0130000      53666.3      18.8010    0.0420000
       53668.261      19.3150    0.0430000      53668.3      19.1840    0.0140000      53668.3      19.1860    0.0180000      53668.3      18.7510    0.0150000      53668.3      18.7400    0.0620000
       53670.266      19.3520    0.0350000      53670.3      19.2190    0.0110000      53670.3      19.1930    0.0130000      53670.3      18.8090    0.0120000      53670.3      18.6890    0.0380000
       53673.234      19.2780    0.0300000      53673.2      19.1780    0.0100000      53673.2      19.1930    0.0130000      53673.2      18.7930    0.0120000      53673.2      18.7800    0.0360000
       53675.231      19.2210    0.0320000      53675.2      19.1840    0.0120000      53675.2      19.1960    0.0140000      53675.2      18.7820    0.0120000      53675.2      18.8850    0.0460000
       53677.252      19.1980    0.0290000      53677.3      19.2000    0.0110000      53677.2      19.1730    0.0120000      53677.2      18.7990    0.0110000      53677.3      18.8160    0.0320000
       53680.239      19.2610    0.0320000      53680.2      19.1920    0.0110000      53680.2      19.1850    0.0130000      53680.2      18.7790    0.0120000      53680.2      18.7800    0.0350000
       53693.240      19.2600    0.0540000      53693.2      19.2040    0.0220000      53693.2      19.1780    0.0180000      53693.2      18.7510    0.0130000      53693.2      18.7040    0.0360000
       53698.238      19.3060    0.0350000      53698.2      19.1950    0.0110000      53698.2      19.2100    0.0140000      53698.2      18.8120    0.0120000      53698.2      18.8010    0.0410000
       53704.224      19.2250    0.0350000      53704.2      19.1880    0.0120000      53704.2      19.1620    0.0130000      53704.2      18.8000    0.0130000      53704.2      18.8170    0.0460000
       53974.317      19.1520    0.0260000      53974.3      19.0930    0.0190000      53974.3      19.1220    0.0260000      53974.3      18.7630    0.0150000      53974.3      18.7200    0.0350000
       53989.320      19.2420    0.0470000      53989.3      19.1340    0.0280000      53989.3      19.0950    0.0190000      53989.3      18.7820    0.0190000      53989.3      18.7080    0.0390000
       53997.416      19.1970    0.0310000      53997.4      19.1240    0.0210000      53997.4      19.1370    0.0200000      53997.4      18.6950    0.0200000      53997.4      18.7860    0.0380000
       54000.295      19.2030    0.0300000      54000.3      19.1170    0.0150000      54000.3      19.1170    0.0210000      54000.3      18.7430    0.0180000      54000.3      18.8550    0.0440000
       54006.242     -99.9900    0.0360000      54006.2      19.1150    0.0170000      54006.2     -99.9900     0.102000      54006.2     -99.9900    0.0770000      54006.2      18.5870    0.0390000
       54007.345      19.2670    0.0310000      54007.3      19.1380    0.0190000      54007.3      19.1150    0.0170000      54007.3      18.7630    0.0140000      54007.3      18.7420    0.0370000
       54009.269      19.2030    0.0320000      54009.3      19.1330    0.0320000      54009.3      19.1350    0.0190000      54009.3      18.7890    0.0170000      54009.3      18.7380    0.0370000
       54011.334      19.2500    0.0380000      54011.3      19.1470    0.0180000      54011.3      19.1340    0.0200000      54011.3      18.7620    0.0150000      54011.3      18.7740    0.0360000
       54019.284      19.1220    0.0560000      54019.3      19.1290    0.0240000      54019.3      19.1350    0.0150000      54019.3      18.7770    0.0130000      54019.3      18.8380    0.0380000
       54025.333      19.1930    0.0350000      54025.3      19.1270    0.0180000      54025.3      19.1230    0.0180000      54025.3      18.7480    0.0200000      54025.3      18.7040    0.0430000
       54029.263      19.2060    0.0320000      54029.3      19.1230    0.0410000      54029.3      19.1370    0.0300000      54029.3      18.7250    0.0200000      54029.3      18.7450    0.0510000
       54348.330      19.2470    0.0440000      54348.3      19.1680    0.0200000      54348.3      19.1620    0.0190000      54348.3      18.7560    0.0220000      54348.3      18.7510    0.0340000
       54358.286      19.2070    0.0530000      54358.3      19.1370    0.0220000      54358.3      19.1310    0.0240000      54358.3      18.7840    0.0220000      54358.3     -99.9900    0.0520000
       54359.281      19.2680    0.0630000      54359.3      19.1590    0.0260000      54359.3      19.1730    0.0310000      54359.3      18.7260    0.0330000      54359.3      18.7110    0.0960000
       54365.319      19.2360    0.0270000      54365.3      19.1310    0.0230000      54365.3      19.1450    0.0190000      54365.3      18.7480    0.0210000      54365.3      18.7670    0.0340000
       54381.339      19.2560    0.0290000      54381.3      19.1530    0.0130000      54381.3      19.1420    0.0180000      54381.3      18.7560    0.0170000      54381.3      18.7890    0.0360000
       54386.331      19.2090    0.0340000      54386.3      19.1500    0.0200000      54386.3      19.1260    0.0200000      54386.3      18.7170    0.0180000      54386.3      18.7040    0.0410000
       54388.336      19.2160    0.0300000      54388.3      19.1440    0.0140000      54388.3      19.1550    0.0170000      54388.3      18.7650    0.0160000      54388.3      18.7850    0.0370000
       54403.249     -99.9900     0.122000      54403.2      19.1740    0.0250000      54403.2      19.1210    0.0210000      54403.2      18.7220    0.0280000      54403.2      18.7340    0.0820000
       54404.307     -99.9900    0.0380000      54404.3      19.1560    0.0220000      54404.3      19.1240    0.0160000      54404.3      18.7290    0.0150000      54404.3      18.6120    0.0320000
       54405.305      19.2610    0.0320000      54405.3      19.1440    0.0170000      54405.3      19.1690    0.0150000      54405.3      18.7310    0.0150000      54405.3      18.7670    0.0360000
       54406.243      19.2060    0.0330000      54406.2      19.1370    0.0160000      54406.2      19.1460    0.0210000      54406.2      18.7450    0.0150000      54406.2      18.7060    0.0300000
       54412.246      19.1590    0.0330000      54412.2      19.1360    0.0250000      54412.2      19.1460    0.0170000      54412.2      18.7250    0.0170000      54412.2      18.7510    0.0400000
       52197.000       19.147000     0.030000000       52197.000       19.116000     0.044000000       52197.000       19.100000     0.017000000       52197.000       18.687000     0.016000000       52197.000       18.657000     0.041000000
       51075       19.008000     0.020000000       51075       18.990000     0.025000000       51075       18.984000     0.014000000       51075       18.647000     0.017000000       51075       18.547000     0.040000000
       52196       19.196000     0.029000000       52196       19.148000     0.025000000       52196       19.098000     0.027000000       52196       18.742000     0.015000000       52196       18.682000     0.034000000
       52197       19.140000     0.027000000       52197       19.106000     0.020000000       52197       19.098000     0.017000000       52197       18.701000     0.017000000       52197       18.682000     0.042000000
       52225       19.198000     0.042000000       52225       19.115000     0.030000000       52225       19.143000     0.023000000       52225       18.747000     0.026000000       52225       18.681000     0.039000000
       52253       19.254000     0.050000000       52253       19.135000     0.019000000       52253       19.148000     0.029000000       52253       18.792000     0.028000000       52253       18.649000     0.050000000
       52557       19.388000     0.030000000       52557       19.365000     0.024000000       52557       19.323000     0.018000000       52557       18.890000     0.018000000       52557       18.939000     0.047000000
       52578       19.369000     0.036000000       52578       19.377000     0.022000000       52578       19.348000     0.022000000       52578       18.883000     0.021000000       52578       18.885000     0.042000000
       52908       19.315000     0.037000000       52908       19.312000     0.023000000       52908       19.283000     0.019000000       52908       18.850000     0.017000000       52908       18.867000     0.049000000
       52911       19.335000     0.032000000       52911       19.306000     0.020000000       52911       19.270000     0.026000000       52911       18.879000     0.019000000       52911       18.866000     0.051000000
       52930       19.268000     0.036000000       52930       19.244000     0.017000000       52930       19.265000     0.026000000       52930       18.822000     0.030000000       52930       18.777000     0.066000000
       52934       19.357000     0.063000000       52934       19.279000     0.031000000       52934       19.284000     0.024000000       52934       18.838000     0.021000000       52934       18.854000     0.051000000
       52936       19.310000     0.027000000       52936       19.251000     0.018000000       52936       19.242000     0.021000000       52936       18.823000     0.020000000       52936       18.827000     0.038000000
       52962       19.339000     0.028000000       52962       19.268000     0.034000000       52962       19.248000     0.023000000       52962       18.838000     0.020000000       52962       18.825000     0.043000000
       53270       19.233000     0.029000000       53270       19.181000     0.025000000       53270       19.201000     0.020000000       53270       18.783000     0.026000000       53270       18.835000     0.036000000
       53272       19.191000     0.027000000       53272       19.171000     0.023000000       53272       19.142000     0.026000000       53272       18.778000     0.021000000       53272       18.766000     0.040000000
       53286       19.238000     0.043000000       53286       19.257000     0.023000000       53286       19.152000     0.022000000       53286       18.734000     0.021000000       53286       18.754000     0.062000000
       53288       19.188000     0.029000000       53288       19.143000     0.025000000       53288       19.174000     0.027000000       53288       18.762000     0.024000000       53288       18.723000     0.042000000
       53294       19.170000     0.036000000       53294       19.139000     0.026000000       53294       19.210000     0.025000000       53294       18.791000     0.021000000       53294       18.769000     0.048000000
       53312       19.276000     0.037000000       53312       19.184000     0.016000000       53312       19.210000     0.021000000       53312       18.810000     0.020000000       53312       18.826000     0.049000000
       53314       19.211000     0.027000000       53314       19.178000     0.020000000       53314       19.232000     0.019000000       53314       18.792000     0.021000000       53314       18.830000     0.045000000
       54715       19.244000     0.029000000       54715       19.190000     0.020000000       54715       19.152000     0.019000000       54715       18.759000     0.018000000       54715       18.711000     0.033000000
