       51081.296      19.9230    0.0490000      51081.3      19.7970    0.0210000      51081.3      19.6610    0.0220000      51081.3      19.4210    0.0280000      51081.3      19.4660    0.0850000
       51819.367      20.3940    0.0670000      51819.4      20.0110    0.0230000      51819.4      19.8580    0.0220000      51819.4      19.5880    0.0250000      51819.4      19.4990    0.0770000
       52558.332      19.8070    0.0380000      52558.3      19.5000    0.0160000      52558.3      19.5150    0.0180000      52558.3      19.1960    0.0180000      52558.3      19.2070    0.0570000
       52577.220      19.7670    0.0390000      52577.2      19.5140    0.0150000      52577.2      19.4460    0.0160000      52577.2      19.2440    0.0220000      52577.2      19.1520    0.0630000
       52586.223      19.8330    0.0350000      52586.2      19.5420    0.0140000      52586.2      19.4720    0.0160000      52586.2      19.2370    0.0200000      52586.2      19.1790    0.0630000
       52910.304      19.9110    0.0380000      52910.3      19.5030    0.0140000      52910.3      19.4180    0.0140000      52910.3      19.1760    0.0160000      52910.3      19.1570    0.0510000
       52931.234      19.9760    0.0440000      52931.2      19.5240    0.0150000      52931.2      19.4280    0.0170000      52931.2      19.1750    0.0180000      52931.2      19.2200    0.0590000
       52935.231      19.9790    0.0400000      52935.2      19.5360    0.0140000      52935.2      19.4320    0.0150000      52935.2      19.1830    0.0170000      52935.2      19.1650    0.0530000
       52959.174      19.8590    0.0350000      52959.2      19.4930    0.0140000      52959.2      19.3960    0.0140000      52959.2      19.1440    0.0150000      52959.2      19.1970    0.0470000
       52963.154      19.8970    0.0370000      52963.2      19.4920    0.0130000      52963.2      19.3870    0.0130000      52963.2      19.1750    0.0150000      52963.2      19.1380    0.0410000
       53352.125      19.6380    0.0310000      53352.1      19.2530    0.0120000      53352.1      19.1920    0.0130000      53352.1      18.9700    0.0150000      53352.1      18.9460    0.0430000
       53622.333      19.2880    0.0310000      53622.3      18.9890    0.0120000      53622.3      18.9930    0.0140000      53622.3      18.8110    0.0180000      53622.3      18.8000    0.0530000
       53634.283      19.2200    0.0590000      53634.3      18.9720    0.0210000      53634.3      18.9990    0.0200000      53634.3      18.8480    0.0200000      53634.3      18.7360    0.0460000
       53638.324     -99.9900    0.0280000      53638.3      18.9910    0.0110000      53638.3      18.9840    0.0120000      53638.3      18.8110    0.0130000      53638.3      18.8310    0.0380000
       53655.261      19.1000    0.0370000      53655.3      18.8900    0.0140000      53655.3      18.9680    0.0160000      53655.3      18.8350    0.0190000      53655.3      18.6910    0.0480000
       53664.285      19.1260    0.0380000      53664.3      18.9200    0.0160000      53664.3      18.9860    0.0160000      53664.3      18.7550    0.0160000      53664.3      18.8380    0.0500000
       53669.245      19.1500    0.0240000      53669.2      18.9060    0.0100000      53669.2      18.9470    0.0120000      53669.2      18.8230    0.0140000      53669.2      18.8120    0.0380000
       53671.329      19.1200    0.0340000      53671.3      18.9240    0.0120000      53671.3      18.9570    0.0130000      53671.3      18.7430    0.0140000      53671.3      18.8160    0.0470000
       53674.229      19.1540    0.0250000      53674.2      18.9240    0.0100000      53674.2      18.9490    0.0110000      53674.2      18.7830    0.0130000      53674.2      18.7620    0.0350000
       53676.318     -99.9900    0.0300000      53676.3      18.9490    0.0110000      53676.3      18.9270    0.0110000      53676.3      18.7630    0.0130000      53676.3      18.7940    0.0350000
       53679.290      19.1640    0.0310000      53679.3      18.9020    0.0120000      53679.3      18.9350    0.0140000      53679.3      18.7780    0.0170000      53679.3      18.7650    0.0490000
       53681.282      19.1790    0.0310000      53681.3      18.9250    0.0120000      53681.3      18.9510    0.0130000      53681.3      18.7570    0.0140000      53681.3      18.7790    0.0430000
       53685.241     -99.9900    0.0660000      53685.2      18.9070    0.0240000      53685.2      18.9430    0.0260000      53685.2      18.7740    0.0250000      53685.2      18.5900    0.0450000
       53694.255      19.4900     0.110000      53694.3      18.9180    0.0260000      53694.3      18.9630    0.0250000      53694.3      18.8430    0.0280000      53694.3     -99.9900    0.0880000
       53697.239      19.2280    0.0310000      53697.2      18.9280    0.0110000      53697.2      18.9410    0.0120000      53697.2      18.7570    0.0130000      53697.2      18.8710    0.0380000
       53700.238      19.2140    0.0310000      53700.2      18.9280    0.0110000      53700.2      18.9630    0.0120000      53700.2      18.7800    0.0140000      53700.2      18.8650    0.0560000
       53705.224      19.2750    0.0300000      53705.2      18.9690    0.0110000      53705.2      18.9700    0.0110000      53705.2      18.7660    0.0130000      53705.2      18.8170    0.0350000
       53975.310      19.6190    0.0380000      53975.3      19.2400    0.0160000      53975.3      19.2170    0.0220000      53975.3      18.9980    0.0170000      53975.3      18.9720    0.0490000
       53990.322      19.7220    0.0560000      53990.3      19.3000    0.0290000      53990.3      19.2030    0.0200000      53990.3      19.0210    0.0210000      53990.3      18.9810    0.0510000
       53994.333      19.6390    0.0310000      53994.3      19.2540    0.0210000      53994.3      19.1530    0.0200000      53994.3      19.0040    0.0160000      53994.3      19.0180    0.0400000
       53996.316      19.6520    0.0400000      53996.3      19.1950    0.0210000      53996.3      19.1910    0.0300000      53996.3      18.9700    0.0180000      53996.3      18.7860    0.0550000
       53998.285      19.6770    0.0300000      53998.3      19.2780    0.0250000      53998.3      19.1810    0.0130000      53998.3      18.9720    0.0150000      53998.3      18.9960    0.0370000
       54005.315      19.6310    0.0360000      54005.3      19.2520    0.0230000      54005.3      19.1760    0.0180000      54005.3      18.8520    0.0200000      54005.3      18.9590    0.0340000
       54010.270      19.6920    0.0390000      54010.3      19.2590    0.0160000      54010.3      19.1730    0.0190000      54010.3      18.9450    0.0200000      54010.3      18.9590    0.0400000
       54012.263      19.6260    0.0570000      54012.3      19.2560    0.0260000      54012.3      19.1350    0.0210000      54012.3      18.9690    0.0200000      54012.3      18.9690    0.0420000
       54020.269      19.6830    0.0500000      54020.3      19.2000    0.0310000      54020.3      19.1530    0.0190000      54020.3      18.9480    0.0210000      54020.3      18.9490    0.0670000
       54024.351      19.7070    0.0470000      54024.4      19.1750    0.0220000      54024.3      19.1780    0.0180000      54024.4      18.9540    0.0230000      54024.4      18.9950    0.0600000
       54030.263      19.6790    0.0370000      54030.3      19.2710    0.0270000      54030.3      19.1660    0.0170000      54030.3      18.9530    0.0210000      54030.3      18.9120    0.0410000
       54035.338      19.6000    0.0540000      54035.3     -99.9900    0.0520000      54035.3      19.1540    0.0260000      54035.3      18.9390    0.0290000      54035.3      18.9280    0.0850000
       54037.244      19.7610    0.0390000      54037.2      19.2310    0.0240000      54037.2      19.1720    0.0230000      54037.2      18.9580    0.0170000      54037.2      18.9050    0.0410000
       54040.258      19.5630    0.0590000      54040.3      19.1610    0.0300000      54040.3      19.1420    0.0210000      54040.3      18.9070    0.0220000      54040.3      18.9130    0.0490000
       54049.285      19.7260    0.0990000      54049.3      19.2430    0.0340000      54049.3      19.1960    0.0210000      54049.3      18.9740    0.0320000      54049.3      18.9930    0.0780000
       54053.249      19.6640    0.0320000      54053.2      19.2390    0.0210000      54053.2      19.1790    0.0180000      54053.2      18.9380    0.0190000      54053.2      18.9060    0.0400000
       54056.251      19.6620    0.0750000      54056.3      19.2060    0.0310000      54056.2     -99.9900     0.135000      54056.2      18.9540    0.0670000      54056.2      18.9660    0.0780000
       54059.245      19.8090    0.0630000      54059.2     -99.9900    0.0430000      54059.2      19.1730    0.0210000      54059.2      18.8990    0.0380000      54059.2      19.0370    0.0780000
       54062.250      19.6500    0.0520000      54062.2      19.2780    0.0330000      54062.2      19.2060    0.0200000      54062.2      18.9210    0.0210000      54062.2      18.9880    0.0740000
       54068.231      19.6170    0.0810000      54068.2      19.2510    0.0280000      54068.2      19.1640    0.0250000      54068.2      18.9670    0.0280000      54068.2      18.8270    0.0540000
       54357.288      19.6730    0.0340000      54357.3      19.3690    0.0180000      54357.3      19.2880    0.0220000      54357.3      19.0470    0.0190000      54357.3      19.0520    0.0440000
       54362.338      19.7060    0.0360000      54362.3      19.3980    0.0210000      54362.3      19.2690    0.0200000      54362.3      19.0590    0.0210000      54362.3      19.1460    0.0540000
       54382.318      19.6790    0.0410000      54382.3      19.3390    0.0250000      54382.3      19.2870    0.0200000      54382.3      19.0810    0.0200000      54382.3      19.0560    0.0630000
       54385.336      19.7080    0.0560000      54385.3      19.3760    0.0230000      54385.3      19.3040    0.0170000      54385.3      19.0090    0.0220000      54385.3      19.1400    0.0420000
       54387.337      19.7830    0.0490000      54387.3      19.3500    0.0240000      54387.3      19.3000    0.0240000      54387.3      18.9930    0.0240000      54387.3      19.0500    0.0560000
       54392.331      19.6250    0.0420000      54392.3      19.3310    0.0220000      54392.3      19.2810    0.0200000      54392.3      19.0510    0.0210000      54392.3      19.0330    0.0550000
       54402.330      19.6270    0.0880000      54402.3      19.4180    0.0330000      54402.3      19.2990    0.0240000      54402.3      19.1330    0.0210000      54402.3      19.0570    0.0580000
       52522.000       19.828000     0.043000000       52522.000       19.579000     0.028000000       52522.000       19.458000     0.023000000       52522.000       19.257000     0.029000000       52522.000       19.206000     0.062000000
       51081       19.905000     0.054000000       51081       19.764000     0.025000000       51081       19.612000     0.038000000       51081       19.466000     0.048000000       51081       19.423000     0.082000000
       51819       20.372000     0.059000000       51819       19.997000     0.023000000       51819       19.879000     0.026000000       51819       19.618000     0.025000000       51819       19.547000     0.078000000
       52522       19.837000     0.040000000       52522       19.574000     0.027000000       52522       19.460000     0.022000000       52522       19.255000     0.032000000       52522       19.199000     0.062000000
       52552       19.813000     0.041000000       52552       19.510000     0.031000000       52552       19.516000     0.020000000       52552       19.257000     0.022000000       52552       19.154000     0.063000000
       52558       19.807000     0.037000000       52558       19.509000     0.026000000       52558       19.541000     0.031000000       52558       19.246000     0.037000000       52558       19.203000     0.055000000
       52577       19.726000     0.037000000       52577       19.537000     0.023000000       52577       19.460000     0.023000000       52577       19.243000     0.027000000       52577       19.150000     0.063000000
       52586       19.767000     0.033000000       52586       19.550000     0.027000000       52586       19.446000     0.020000000       52586       19.218000     0.021000000       52586       19.193000     0.061000000
       52910       19.829000     0.033000000       52910       19.490000     0.030000000       52910       19.387000     0.021000000       52910       19.161000     0.023000000       52910       19.137000     0.050000000
       52931       19.893000     0.043000000       52931       19.515000     0.026000000       52931       19.407000     0.020000000       52931       19.164000     0.019000000       52931       19.170000     0.058000000
       52935       19.935000     0.041000000       52935       19.538000     0.037000000       52935       19.423000     0.020000000       52935       19.157000     0.025000000       52935       19.155000     0.053000000
       52959       19.806000     0.036000000       52959       19.512000     0.024000000       52959       19.390000     0.019000000       52959       19.160000     0.027000000       52959       19.167000     0.047000000
       53352       19.582000     0.028000000       53352       19.277000     0.031000000       53352       19.178000     0.016000000       53352       18.970000     0.021000000       53352       18.939000     0.041000000
       54715       19.620000     0.038000000       54715       19.348000     0.018000000       54715       19.305000     0.017000000       54715       19.039000     0.018000000       54715       19.002000     0.045000000
