       51075.365      19.5830    0.0300000      51075.4      18.8670   0.00900000      51075.4      18.6960   0.00900000      51075.4      18.6040    0.0120000      51075.4      18.3620    0.0400000
       51819.419      19.6550    0.0370000      51819.4      19.0160    0.0110000      51819.4      18.8690    0.0110000      51819.4      18.8020    0.0140000      51819.4      18.5210    0.0310000
       52170.385      19.5900    0.0330000      52170.4      18.9030   0.00900000      52170.4      18.7640    0.0100000      52170.4      18.7450    0.0120000      52170.4      18.5100    0.0360000
       52196.384      19.6940    0.0410000      52196.4      18.9700   0.00900000      52196.4      18.8340    0.0100000      52196.4      18.7610    0.0130000      52196.4      18.5380    0.0430000
       52207.351      19.7310    0.0390000      52207.4      18.9760   0.00900000      52207.3      18.8420    0.0110000      52207.4      18.7830    0.0120000      52207.4      18.7930    0.0430000
       52224.279      19.7370    0.0380000      52224.3      18.9740   0.00900000      52224.3      18.8370    0.0100000      52224.3      18.7760    0.0120000      52224.3      18.5250    0.0340000
       52225.228      19.7070    0.0350000      52225.2      18.9680   0.00900000      52225.2      18.8080    0.0100000      52225.2      18.7920    0.0120000      52225.2      18.5150    0.0350000
       52231.264      19.6620    0.0360000      52231.3      18.9910   0.00900000      52231.3      18.8240    0.0100000      52231.3      18.7740    0.0120000      52231.3      18.5610    0.0360000
       52234.235      19.6740    0.0360000      52234.2      18.9930   0.00900000      52234.2      18.8280    0.0100000      52234.2      18.7860    0.0120000      52234.2      18.5310    0.0330000
       52261.199      19.6500    0.0420000      52261.2      18.9990    0.0100000      52261.2      18.8280    0.0120000      52261.2      18.7880    0.0140000      52261.2      18.6070    0.0420000
       52282.125      19.6780    0.0380000      52282.1      18.9680    0.0100000      52282.1      18.8420    0.0110000      52282.1      18.7790    0.0130000      52282.1      18.5490    0.0420000
       52287.079      19.7150    0.0360000      52287.1      18.9610   0.00900000      52287.1      18.8660    0.0110000      52287.1      18.8040    0.0130000      52287.1      18.6030    0.0400000
       52552.398      19.6190    0.0330000      52552.4      18.9420   0.00900000      52552.4      18.8350    0.0100000      52552.4      18.7640    0.0120000      52552.4      18.5530    0.0350000
       52557.372      19.6040    0.0380000      52557.4      18.9460   0.00900000      52557.4      18.7870    0.0110000      52557.4      18.7840    0.0140000      52557.4      18.5830    0.0420000
       52578.268      19.5860    0.0340000      52578.3      18.9420   0.00900000      52578.3      18.8280    0.0100000      52578.3      18.7920    0.0120000      52578.3      18.4850    0.0350000
       52908.347      19.8670    0.0420000      52908.3      19.1310    0.0100000      52908.3      19.0080    0.0110000      52908.3      18.9170    0.0140000      52908.3      18.5750    0.0370000
       52912.326      19.9760    0.0480000      52912.3      19.1420    0.0100000      52912.3      19.0060    0.0110000      52912.3      18.8900    0.0130000      52912.3      18.5870    0.0380000
       52934.279      19.8020    0.0470000      52934.3      19.0970    0.0100000      52934.3      18.9610    0.0120000      52934.3      18.9120    0.0150000      52934.3      18.7120    0.0490000
       52936.275      19.8520    0.0410000      52936.3      19.1830    0.0100000      52936.3      18.9840    0.0110000      52936.3      18.9220    0.0130000      52936.3      18.6040    0.0380000
       53270.339     -99.9900     0.170000      53270.3     -99.9900    0.0950000      53270.3     -99.9900    0.0550000      53270.3     -99.9900    0.0410000      53270.3     -99.9900     0.238000
       53272.389      19.7940    0.0470000      53272.4      19.1190    0.0120000      53272.4      18.9930    0.0130000      53272.4      18.9160    0.0150000      53272.4      18.5610    0.0440000
       53286.357      19.9610    0.0540000      53286.4      19.0980    0.0110000      53286.4      18.9630    0.0110000      53286.4      18.8700    0.0130000      53286.4      18.6340    0.0380000
       53288.316      19.6730    0.0380000      53288.3      19.0960    0.0100000      53288.3      18.9520    0.0110000      53288.3      18.9190    0.0140000      53288.3      18.7250    0.0410000
       53294.364      19.9180    0.0590000      53294.4      19.1110    0.0110000      53294.4      18.9500    0.0130000      53294.4      18.8710    0.0160000      53294.4      18.5470    0.0440000
       53296.311      19.7940    0.0640000      53296.3      19.1350    0.0170000      53296.3      19.0070    0.0440000      53296.3      18.8970    0.0290000      53296.3      18.6510    0.0470000
       53298.360      19.7950    0.0510000      53298.4      19.1270    0.0110000      53298.4      18.9750    0.0140000      53298.4      18.8950    0.0170000      53298.4      18.6140    0.0530000
       53302.311      19.8500    0.0740000      53302.3      19.1080    0.0170000      53302.3      18.9500    0.0150000      53302.3      18.9210    0.0160000      53302.3      18.6020    0.0430000
       53312.267      19.7950    0.0630000      53312.3      19.0790    0.0260000      53312.3      18.9870    0.0280000      53312.3      18.8730    0.0280000      53312.3      18.8130    0.0660000
       53314.268      19.7640    0.0420000      53314.3      19.0540    0.0100000      53314.3      18.9550    0.0120000      53314.3      18.8830    0.0140000      53314.3      18.6940    0.0470000
       53319.256      19.7080    0.0490000      53319.3      19.0830    0.0140000      53319.3      18.9880    0.0150000      53319.3      18.8850    0.0170000      53319.3      18.7340    0.0570000
       53616.373      19.7050    0.0530000      53616.4      19.0630    0.0110000      53616.4      18.9570    0.0130000      53616.4      18.8340    0.0170000      53616.4      18.6030    0.0490000
       53626.349      19.8160    0.0540000      53626.4      19.0640    0.0100000      53626.3     -99.9900    0.0200000      53626.3      18.8410    0.0160000      53626.4      18.7250    0.0510000
       53628.334      19.7980    0.0680000      53628.3      19.0820    0.0170000      53628.3      18.9300    0.0150000      53628.3      18.8550    0.0160000      53628.3      18.5820    0.0420000
       53637.335      19.7450    0.0630000      53637.3      19.0570    0.0140000      53637.3      18.9430    0.0140000      53637.3      18.9170    0.0180000      53637.3      18.6320    0.0480000
       53639.381      19.7500    0.0420000      53639.4      19.0770    0.0100000      53639.4      18.9410    0.0110000      53639.4      18.8710    0.0120000      53639.4      18.6510    0.0360000
       53641.380      19.7800    0.0420000      53641.4      19.0770    0.0100000      53641.4      18.9330    0.0110000      53641.4      18.8770    0.0120000      53641.4      18.6090    0.0340000
       53654.363      19.7510    0.0440000      53654.4      19.0750    0.0100000      53654.4      18.9460    0.0120000      53654.4      18.8690    0.0140000      53654.4      18.5540    0.0390000
       53657.339      19.5180     0.101000      53657.3     -99.9900    0.0280000      53657.3      18.9150    0.0250000      53657.3      18.8880    0.0280000      53657.3     -99.9900    0.0720000
       53663.323     -99.9900    0.0770000      53663.3     -99.9900    0.0150000      53663.3      18.9680    0.0150000      53663.3      18.8550    0.0150000      53663.3      18.5890    0.0390000
       53665.301     -99.9900     0.238000      53665.3     -99.9900     0.303000      53665.3      18.9650    0.0380000      53665.3      18.9000    0.0850000      53665.3     -99.9900     0.284000
       53666.394      19.7500    0.0700000      53666.4      19.0900    0.0150000      53666.4      18.9590    0.0140000      53666.4      18.8590    0.0150000      53666.4      18.6560    0.0440000
       53668.313      19.7330    0.0570000      53668.3      19.0260    0.0130000      53668.3      18.9170    0.0140000      53668.3      18.8490    0.0170000      53668.3      18.5790    0.0500000
       53670.318      19.7360    0.0440000      53670.3      19.1210    0.0110000      53670.3      18.9600    0.0140000      53670.3      18.8760    0.0140000      53670.3     -99.9900    0.0450000
       53673.286      19.6430    0.0370000      53673.3      19.0840   0.00900000      53673.3      18.9500    0.0110000      53673.3      18.8990    0.0140000      53673.3      18.6270    0.0370000
       53675.283      19.6870    0.0380000      53675.3      19.0520    0.0100000      53675.3      18.9710    0.0120000      53675.3      18.8760    0.0130000      53675.3      18.6140    0.0390000
       53677.304      19.7330    0.0410000      53677.3      19.0570    0.0100000      53677.3      18.9650    0.0110000      53677.3      18.8680    0.0130000      53677.3      18.5390    0.0330000
       53680.290      19.7760    0.0400000      53680.3      19.0680    0.0100000      53680.3      18.9460    0.0110000      53680.3      18.8960    0.0130000      53680.3      18.6600    0.0370000
       53686.290      19.7260     0.118000      53686.3     -99.9900    0.0240000      53686.3      18.9690    0.0230000      53686.3      18.9460    0.0250000      53686.3      18.5460    0.0560000
       53693.292      19.6070    0.0740000      53693.3      19.0290    0.0170000      53693.3      18.9160    0.0160000      53693.3      18.8210    0.0160000      53693.3      18.5260    0.0390000
       53698.290      19.7380    0.0440000      53698.3      19.0700    0.0100000      53698.3      18.9600    0.0110000      53698.3      18.9050    0.0140000      53698.3      18.6150    0.0390000
       53704.276      19.8180    0.0600000      53704.3      19.0890    0.0110000      53704.3      18.9660    0.0130000      53704.3      18.8530    0.0180000      53704.3      18.6240    0.0470000
       53989.372     -99.9900    0.0860000      53989.4     -99.9900    0.0300000      53989.4      19.0430    0.0210000      53989.4      18.9420    0.0230000      53989.4      18.6560    0.0470000
       53995.386      19.8000    0.0330000      53995.4      19.1530    0.0170000      53995.4      19.0330    0.0280000      53995.4      18.9800    0.0210000      53995.4      19.0210    0.0640000
       54000.347      19.8670    0.0490000      54000.3      19.1190    0.0360000      54000.3      19.0310    0.0180000      54000.3      18.9620    0.0210000      54000.3      18.6620    0.0550000
       54006.294     -99.9900     0.817000      54006.3     -99.9900    0.0280000      54006.3     -99.9900    0.0580000      54006.3     -99.9900     0.970000      54006.3     -99.9900     0.879000
       54007.397      19.7950    0.0430000      54007.4      19.1210    0.0320000      54007.4      18.9880    0.0330000      54007.4      18.9570    0.0200000      54007.4      18.6700    0.0460000
       54009.321      19.8270    0.0370000      54009.3      19.1170    0.0170000      54009.3      18.9830    0.0200000      54009.3      18.9450    0.0160000      54009.3      18.6140    0.0380000
       54011.386      19.7950    0.0430000      54011.4      19.1340    0.0260000      54011.4      18.9880    0.0240000      54011.4      18.9590    0.0190000      54011.4      18.7330    0.0350000
       54025.385      19.6330    0.0450000      54025.4      19.1140    0.0160000      54025.4      19.0000    0.0170000      54025.4      18.8970    0.0180000      54025.4      18.6690    0.0460000
       54029.315      19.7220    0.0380000      54029.3      19.1210    0.0150000      54029.3      19.0020    0.0210000      54029.3      18.8890    0.0180000      54029.3      18.6440    0.0390000
       54348.382      20.0930    0.0630000      54348.4      19.2680    0.0200000      54348.4      19.1260    0.0220000      54348.4      19.0790    0.0200000      54348.4      18.7310    0.0440000
       54358.338      20.0700    0.0700000      54358.3      19.2790    0.0230000      54358.3      19.1440    0.0270000      54358.3      19.0940    0.0320000      54358.3      18.7910    0.0600000
       54359.332      19.8990     0.194000      54359.3     -99.9900    0.0380000      54359.3      19.1190    0.0560000      54359.3      19.3040     0.111000      54359.3      18.5660     0.204000
       54365.371      19.9410    0.0440000      54365.4      19.3110    0.0150000      54365.4      19.1310    0.0250000      54365.4      19.0660    0.0260000      54365.4      18.7650    0.0390000
       54381.391      20.0850    0.0530000      54381.4      19.3670    0.0200000      54381.4      19.1270    0.0200000      54381.4      19.1100    0.0230000      54381.4      18.7520    0.0440000
       54384.397      19.9300    0.0470000      54384.4      19.2930    0.0220000      54384.4      19.1270    0.0250000      54384.4      19.0740    0.0220000      54384.4      18.7810    0.0390000
       54386.383      20.0070    0.0540000      54386.4      19.3360    0.0210000      54386.4      19.1140    0.0240000      54386.4      19.0610    0.0180000      54386.4      18.8680    0.0430000
       54388.387      19.9690    0.0560000      54388.4      19.2510    0.0220000      54388.4      19.1280    0.0270000      54388.4      19.0210    0.0210000      54388.4      18.6290    0.0370000
       54392.385      19.9690    0.0620000      54392.4      19.3150    0.0180000      54392.4      19.1640    0.0220000      54392.4      19.0870    0.0210000      54392.4      18.8230    0.0600000
       54403.301      20.1770     0.177000      54403.3      19.3520    0.0640000      54403.3      19.1700    0.0340000      54403.3      19.1360    0.0380000      54403.3      18.7280     0.113000
       54404.359      20.0370    0.0800000      54404.4     -99.9900    0.0200000      54404.4      19.1260    0.0170000      54404.4      19.1150    0.0280000      54404.4      18.7650    0.0480000
       54405.357      19.8660    0.0590000      54405.4      19.3210    0.0210000      54405.4      19.1550    0.0200000      54405.4      19.0960    0.0210000      54405.4      18.8700    0.0480000
       54406.295      20.0230    0.0450000      54406.3      19.3000    0.0280000      54406.3      19.1540    0.0240000      54406.3      18.8070    0.0260000      54406.3      18.6830    0.0340000
       54412.321      20.0570    0.0640000      54412.3      19.2830    0.0220000      54412.3      19.1060    0.0170000      54412.3      19.0840    0.0260000      54412.3      18.7560    0.0510000
       52234.000       19.627000     0.038000000       52234.000       19.002000     0.020000000       52234.000       18.805000     0.022000000       52234.000       18.767000     0.030000000       52234.000       18.530000     0.036000000
       51075       19.586000     0.031000000       51075       18.847000     0.015000000       51075       18.691000     0.018000000       51075       18.625000     0.021000000       51075       18.366000     0.037000000
       51133       19.429000     0.035000000       51133       18.849000     0.019000000       51133       18.640000     0.025000000       51133       18.592000     0.021000000       51133       18.423000     0.045000000
       51134       19.432000     0.028000000       51134       18.811000     0.029000000       51134       18.624000     0.033000000       51134       18.591000     0.022000000       51134       18.497000     0.041000000
       51819       19.703000     0.036000000       51819       19.031000     0.025000000       51819       18.854000     0.024000000       51819       18.799000     0.023000000       51819       18.517000     0.034000000
       52170       19.561000     0.029000000       52170       18.913000     0.015000000       52170       18.770000     0.019000000       52170       18.717000     0.024000000       52170       18.461000     0.034000000
       52197       19.621000     0.041000000       52197       18.939000     0.030000000       52197       18.822000     0.034000000       52197       18.717000     0.028000000       52197       18.517000     0.036000000
       52225       19.660000     0.032000000       52225       18.969000     0.021000000       52225       18.790000     0.024000000       52225       18.786000     0.023000000       52225       18.465000     0.036000000
       52231       19.649000     0.036000000       52231       18.999000     0.026000000       52231       18.829000     0.023000000       52231       18.791000     0.023000000       52231       18.547000     0.034000000
       52234       19.616000     0.035000000       52234       18.972000     0.017000000       52234       18.797000     0.022000000       52234       18.766000     0.031000000       52234       18.544000     0.032000000
       52253       19.658000     0.041000000       52253       19.039000     0.023000000       52253       18.818000     0.019000000       52253       18.779000     0.020000000       52253       18.521000     0.050000000
       52261       19.611000     0.039000000       52261       19.000000     0.030000000       52261       18.800000     0.020000000       52261       18.747000     0.024000000       52261       18.551000     0.044000000
       52287       19.649000     0.041000000       52287       18.935000     0.034000000       52287       18.838000     0.021000000       52287       18.780000     0.027000000       52287       18.580000     0.038000000
       52282       19.640000     0.035000000       52282       18.969000     0.018000000       52282       18.826000     0.017000000       52282       18.773000     0.021000000       52282       18.532000     0.042000000
       52552       19.600000     0.033000000       52552       18.952000     0.024000000       52552       18.808000     0.019000000       52552       18.714000     0.019000000       52552       18.512000     0.040000000
       52557       19.560000     0.034000000       52557       18.939000     0.019000000       52557       18.740000     0.025000000       52557       18.768000     0.020000000       52557       18.589000     0.041000000
       52578       19.657000     0.028000000       52578       18.945000     0.023000000       52578       18.800000     0.025000000       52578       18.764000     0.029000000       52578       18.515000     0.036000000
       52872       19.862000     0.047000000       52872       19.125000     0.027000000       52872       19.002000     0.024000000       52872       18.908000     0.029000000       52872       18.613000     0.038000000
       52908       19.861000     0.049000000       52908       19.138000     0.024000000       52908       19.033000     0.021000000       52908       18.925000     0.024000000       52908       18.573000     0.040000000
       52912       19.984000     0.042000000       52912       19.158000     0.033000000       52912       18.989000     0.024000000       52912       18.897000     0.021000000       52912       18.550000     0.037000000
       52934       19.839000     0.042000000       52934       19.072000     0.028000000       52934       18.933000     0.017000000       52934       18.902000     0.028000000       52934       18.715000     0.052000000
       52936       19.865000     0.035000000       52936       19.198000     0.022000000       52936       18.991000     0.025000000       52936       18.915000     0.020000000       52936       18.577000     0.035000000
       53270       19.428000      0.16000000       53270       19.130000      0.10400000       53270       19.661000     0.032000000       53270       19.161000     0.039000000       53270       18.367000      0.26700000
       53272       19.768000     0.040000000       53272       19.129000     0.022000000       53272       19.001000     0.020000000       53272       18.930000     0.022000000       53272       18.530000     0.042000000
       53286       19.918000     0.047000000       53286       19.105000     0.025000000       53286       18.910000     0.024000000       53286       18.852000     0.023000000       53286       18.615000     0.036000000
       53288       19.644000     0.040000000       53288       19.089000     0.019000000       53288       18.944000     0.022000000       53288       18.912000     0.020000000       53288       18.719000     0.039000000
       53294       19.874000     0.053000000       53294       19.123000     0.020000000       53294       18.925000     0.021000000       53294       18.804000     0.022000000       53294       18.565000     0.044000000
       53298       19.805000     0.043000000       53298       19.134000     0.032000000       53298       18.964000     0.027000000       53298       18.891000     0.024000000       53298       18.637000     0.047000000
       53312       19.822000     0.071000000       53312       19.061000     0.022000000       53312       19.040000     0.031000000       53312       18.845000     0.026000000       53312       18.783000     0.067000000
       53314       19.741000     0.034000000       53314       19.066000     0.030000000       53314       18.940000     0.014000000       53314       18.870000     0.020000000       53314       18.695000     0.043000000
       53319       19.699000     0.045000000       53319       19.114000     0.025000000       53319       18.987000     0.021000000       53319       18.879000     0.041000000       53319       18.671000     0.055000000
