       51081.343      18.9950    0.0250000      51081.3     -99.9900   0.00700000      51081.3      18.3280   0.00800000      51081.3      18.2550    0.0100000      51081.3      17.9930    0.0250000
       51819.414      19.1030    0.0270000      51819.4      18.3280   0.00800000      51819.4      18.3700   0.00800000      51819.4      18.2790    0.0100000      51819.4      18.0480    0.0250000
       52551.346      19.1980    0.0290000      52551.3      18.3580   0.00700000      52551.3      18.3990   0.00900000      52551.3      18.3380    0.0110000      52551.3      18.0770    0.0270000
       52558.379      19.1410    0.0250000      52558.4      18.3810   0.00700000      52558.4      18.4000   0.00900000      52558.4      18.2580   0.00900000      52558.4      18.0630    0.0210000
       52577.267      19.1190    0.0240000      52577.3      18.3370   0.00700000      52577.3      18.3800   0.00800000      52577.3      18.3060   0.00900000      52577.3      18.0560    0.0220000
       52910.350      19.0550    0.0240000      52910.4      18.2820   0.00700000      52910.3      18.3420   0.00800000      52910.4      18.2610   0.00900000      52910.4      18.0270    0.0210000
       52931.281      19.0650    0.0240000      52931.3      18.2790   0.00700000      52931.3      18.3590   0.00800000      52931.3      18.2680   0.00900000      52931.3      18.0410    0.0230000
       52935.278      19.0910    0.0250000      52935.3      18.3250   0.00700000      52935.3      18.3560   0.00800000      52935.3      18.2810    0.0100000      52935.3      18.0190    0.0260000
       52963.201      19.0210    0.0210000      52963.2      18.3060   0.00700000      52963.2      18.3620   0.00800000      52963.2      18.2730   0.00900000      52963.2      18.0610    0.0190000
       52971.192      19.0860    0.0240000      52971.2      18.2950   0.00700000      52971.2      18.3370   0.00800000      52971.2      18.2650   0.00900000      52971.2      18.0450    0.0210000
       53351.123      19.1760    0.0280000      53351.1      18.3540    0.0100000      53351.1      18.4190    0.0120000      53351.1      18.3220    0.0150000      53351.1      18.0790    0.0290000
       53352.172      19.1160    0.0270000      53352.2      18.3820   0.00700000      53352.2      18.4310   0.00900000      53352.2      18.3240    0.0100000      53352.2      18.0760    0.0260000
       53622.380      19.0680    0.0280000      53622.4      18.2930   0.00800000      53622.4      18.3560   0.00900000      53622.4      18.2370    0.0110000      53622.4      18.0310    0.0290000
       53634.330     -99.9900    0.0570000      53634.3      18.3110    0.0160000      53634.3      18.3870    0.0140000      53634.3      18.2890    0.0140000      53634.3      18.1260    0.0310000
       53638.371      19.0650    0.0280000      53638.4      18.3200   0.00800000      53638.4      18.3700   0.00900000      53638.4      18.2800    0.0100000      53638.4      17.9840    0.0210000
       53640.335      19.0550    0.0280000      53640.3      18.3040   0.00700000      53640.3      18.3780   0.00900000      53640.3      18.2650    0.0100000      53640.3      18.0610    0.0250000
       53655.307      19.1170    0.0300000      53655.3      18.3240   0.00800000      53655.3      18.3710   0.00900000      53655.3      18.2730    0.0110000      53655.3      18.1160    0.0310000
       53664.332      19.1280    0.0650000      53664.3      18.3610    0.0190000      53664.3      18.3310    0.0190000      53664.3      18.2790    0.0210000      53664.3     -99.9900    0.0500000
       53669.291     -99.9900    0.0250000      53669.3      18.3010   0.00700000      53669.3      18.3670   0.00800000      53669.3      18.2910    0.0100000      53669.3      18.0520    0.0230000
       53671.376      19.1210    0.0510000      53671.4      18.3130   0.00800000      53671.4      18.3310    0.0100000      53671.4      18.2890    0.0110000      53671.4      18.0530    0.0270000
       53674.276      19.0880    0.0290000      53674.3      18.2890   0.00700000      53674.3      18.3610   0.00900000      53674.3      18.2660    0.0100000      53674.3      18.0560    0.0270000
       53676.365      19.0690    0.0310000      53676.4      18.3050   0.00700000      53676.4      18.3620   0.00900000      53676.4      18.2610    0.0100000      53676.4      18.0290    0.0270000
       53679.337      19.0480    0.0320000      53679.3      18.3180   0.00700000      53679.3      18.3410   0.00900000      53679.3      18.2650    0.0120000      53679.3      18.1170    0.0330000
       53681.328      19.1020    0.0280000      53681.3      18.3300   0.00700000      53681.3      18.3720   0.00900000      53681.3      18.2740    0.0100000      53681.3      18.0480    0.0220000
       53685.287      18.9940    0.0370000      53685.3      18.3280    0.0110000      53685.3      18.3770    0.0110000      53685.3      18.2760    0.0120000      53685.3      18.0730    0.0250000
       53694.301     -99.9900    0.0660000      53694.3      18.2610    0.0140000      53694.3      18.3490    0.0160000      53694.3     -99.9900    0.0160000      53694.3     -99.9900    0.0340000
       53697.285      19.0120    0.0370000      53697.3      18.2970    0.0100000      53697.3      18.3160    0.0100000      53697.3      18.2640    0.0110000      53697.3      18.0180    0.0270000
       53700.284      19.0220    0.0320000      53700.3      18.3060   0.00800000      53700.3      18.3550   0.00900000      53700.3      18.2740    0.0120000      53700.3      18.1260    0.0350000
       53705.271      19.1040    0.0300000      53705.3      18.3260   0.00700000      53705.3      18.3580   0.00800000      53705.3      18.2860   0.00900000      53705.3      18.0670    0.0230000
       53975.356      19.2360    0.0260000      53975.4      18.4380    0.0140000      53975.4      18.4950    0.0170000      53975.4      18.3920    0.0160000      53975.4      18.1800    0.0270000
       53990.369      19.2540    0.0460000      53990.4      18.4430    0.0130000      53990.4      18.4600    0.0140000      53990.4      18.3800    0.0140000      53990.4      18.0990    0.0390000
       53994.379      19.2160    0.0230000      53994.4      18.4120    0.0160000      53994.4      18.4650    0.0130000      53994.4      18.3820    0.0130000      53994.4      18.1340    0.0250000
       53996.363      19.1650    0.0280000      53996.4      18.3990    0.0250000      53996.4      18.4410    0.0150000      53996.4      18.3530    0.0190000      53996.4      18.1420    0.0440000
       54010.317      19.1830    0.0230000      54010.3      18.4460    0.0120000      54010.3      18.4060    0.0130000      54010.3      18.3880    0.0230000      54010.3      18.1540    0.0250000
       54012.310      19.2340    0.0480000      54012.3      18.4810    0.0220000      54012.3      18.4870    0.0190000      54012.3      18.3550    0.0190000      54012.3      18.1180    0.0260000
       54020.316      19.2840    0.0370000      54020.3      18.4320    0.0190000      54020.3      18.4910    0.0210000      54020.3      18.3570    0.0160000      54020.3      18.1810    0.0280000
       54024.397      19.3040    0.0680000      54024.4      18.4570    0.0260000      54024.4      18.5060    0.0250000      54024.4      18.3660    0.0120000      54024.4      18.2770    0.0360000
       54028.386      19.2640    0.0330000      54028.4     -99.9900    0.0290000      54028.4      18.4970    0.0140000      54028.4      18.3760    0.0170000      54028.4      18.1370    0.0400000
       54030.309      19.2070    0.0260000      54030.3      18.4790    0.0180000      54030.3      18.5190    0.0160000      54030.3      18.3870    0.0180000      54030.3      18.1170    0.0230000
       54035.385      19.2190    0.0530000      54035.4      18.4450    0.0340000      54035.4      18.4760    0.0180000      54035.4      18.3810    0.0310000      54035.4      18.1230    0.0420000
       54037.291      19.2330    0.0230000      54037.3      18.4660    0.0240000      54037.3      18.4810    0.0170000      54037.3      18.3930    0.0170000      54037.3      18.1710    0.0220000
       54040.305      19.2670    0.0370000      54040.3      18.4410    0.0170000      54040.3      18.4890    0.0160000      54040.3      18.3840    0.0120000      54040.3      18.1520    0.0300000
       54049.332      19.2030    0.0510000      54049.3      18.4530    0.0230000      54049.3      18.4830    0.0150000      54049.3      18.3900    0.0150000      54049.3      18.1830    0.0330000
       54053.296      19.2210    0.0310000      54053.3      18.4430    0.0130000      54053.3      18.4870    0.0170000      54053.3      18.3700    0.0150000      54053.3      18.1310    0.0280000
       54056.298      19.2090    0.0320000      54056.3      18.4580    0.0250000      54056.3      18.4790    0.0220000      54056.3      18.3830    0.0170000      54056.3      18.1130    0.0310000
       54059.292      19.2230    0.0370000      54059.3      18.4950    0.0250000      54059.3      18.4850    0.0200000      54059.3      18.3680    0.0180000      54059.3      18.1650    0.0320000
       54061.303      19.1960    0.0520000      54061.3      18.4470    0.0170000      54061.3      18.4940    0.0190000      54061.3      18.3520    0.0260000      54061.3      18.1540    0.0330000
       54062.297      19.2480    0.0280000      54062.3      18.4680    0.0150000      54062.3      18.5040    0.0170000      54062.3      18.3750    0.0180000      54062.3      18.1600    0.0260000
       54068.277      19.2320    0.0440000      54068.3      18.4630    0.0180000      54068.3      18.5120    0.0160000      54068.3      18.4000    0.0170000      54068.3      18.1360    0.0300000
       54357.335      19.3790    0.0370000      54357.3      18.5720    0.0150000      54357.3      18.5790    0.0130000      54357.3      18.4530    0.0170000      54357.3      18.1810    0.0250000
       54359.367      19.3070    0.0420000      54359.4      18.5030    0.0220000      54359.4      18.5660    0.0190000      54359.4      18.4620    0.0150000      54359.4      18.1940    0.0340000
       54362.385      19.3610    0.0330000      54362.4      18.5490    0.0180000      54362.4      18.5810    0.0170000      54362.4      18.4560    0.0230000      54362.4      18.1940    0.0270000
       54376.380      19.3380    0.0330000      54376.4      18.5430    0.0170000      54376.4      18.5830    0.0130000      54376.4      18.4720    0.0130000      54376.4      18.1250    0.0250000
       54382.365      19.2840    0.0330000      54382.4      18.4930    0.0280000      54382.4      18.5670    0.0180000      54382.4      18.4580    0.0260000      54382.4      18.2410    0.0360000
       54385.383      19.3510    0.0350000      54385.4      18.5740    0.0190000      54385.4      18.5730    0.0130000      54385.4      18.4230    0.0180000      54385.4      18.2060    0.0250000
       54387.383      19.3280    0.0490000      54387.4      18.5080    0.0140000      54387.4      18.5720    0.0260000      54387.4      18.3960    0.0200000      54387.4      18.2140    0.0390000
       54390.376     -99.9900     0.166000      54390.4     -99.9900    0.0200000      54390.4     -99.9900    0.0160000      54390.4     -99.9900    0.0260000      54390.4     -99.9900      1.13200
       54391.384      19.3200    0.0420000      54391.4      18.5280    0.0180000      54391.4      18.5200    0.0240000      54391.4      18.4440    0.0180000      54391.4      18.1700    0.0440000
       54402.377      19.5100    0.0870000      54402.4      18.5500    0.0200000      54402.4      18.5390    0.0190000      54402.4      18.4830    0.0170000      54402.4      18.1730    0.0310000
       52522.000       19.242000     0.031000000       52522.000       18.437000     0.020000000       52522.000       18.454000     0.013000000       52522.000       18.311000     0.030000000       52522.000       18.103000     0.028000000
       51081       19.033000     0.025000000       51081       18.277000     0.019000000       51081       18.323000     0.015000000       51081       18.223000     0.028000000       51081       18.022000     0.029000000
       51132       18.957000     0.021000000       51132       18.293000     0.039000000       51132       18.282000     0.018000000       51132       18.192000     0.016000000       51132       17.984000     0.025000000
       51136       18.889000     0.022000000       51136       18.239000     0.018000000       51136       18.275000     0.014000000       51136       18.185000     0.016000000       51136       17.950000     0.027000000
       51819       19.205000     0.029000000       51819       18.363000     0.022000000       51819       18.377000     0.017000000       51819       18.270000     0.019000000       51819       18.044000     0.033000000
       52288       19.187000     0.024000000       52288       18.355000     0.020000000       52288       18.386000     0.019000000       52288       18.308000     0.026000000       52288       18.097000     0.025000000
       52522       19.238000     0.027000000       52522       18.443000     0.022000000       52522       18.452000     0.013000000       52522       18.307000     0.020000000       52522       18.091000     0.025000000
       52551       19.251000     0.041000000       52551       18.354000     0.022000000       52551       18.413000     0.029000000       52551       18.354000     0.021000000       52551       18.064000     0.029000000
       52552       19.197000     0.034000000       52552       18.437000     0.015000000       52552       18.455000     0.015000000       52552       18.343000     0.016000000       52552       18.108000     0.023000000
       52558       19.199000     0.027000000       52558       18.437000     0.025000000       52558       18.435000     0.016000000       52558       18.310000     0.030000000       52558       18.056000     0.026000000
       52577       19.153000     0.025000000       52577       18.382000     0.021000000       52577       18.388000     0.019000000       52577       18.310000     0.019000000       52577       18.056000     0.025000000
       52640       19.174000     0.028000000       52640       18.385000     0.025000000       52640       18.405000     0.034000000       52640       18.210000     0.031000000       52640       18.056000     0.034000000
       52910       19.116000     0.023000000       52910       18.338000     0.020000000       52910       18.355000     0.017000000       52910       18.257000     0.018000000       52910       18.028000     0.027000000
       52931       19.128000     0.025000000       52931       18.341000     0.018000000       52931       18.410000     0.018000000       52931       18.272000     0.021000000       52931       18.045000     0.030000000
       52935       19.131000     0.029000000       52935       18.379000     0.023000000       52935       18.374000     0.015000000       52935       18.282000     0.018000000       52935       18.046000     0.037000000
       52959       19.744000     0.044000000       52959       18.449000     0.019000000       52959       18.592000     0.012000000       52959       18.439000     0.050000000       52959       17.996000     0.059000000
       52971       19.129000     0.023000000       52971       18.339000     0.021000000       52971       18.345000     0.020000000       52971       18.274000     0.019000000       52971       18.054000     0.025000000
       53352       19.178000     0.030000000       53352       18.428000     0.027000000       53352       18.434000     0.021000000       53352       18.295000     0.015000000       53352       18.048000     0.028000000
       54424       19.367000     0.042000000       54424       18.505000     0.022000000       54424       18.577000     0.016000000       54424       18.407000     0.025000000       54424       18.226000     0.027000000
