       51075.367      19.3450    0.0270000      51075.4      19.1340    0.0100000      51075.4      19.0370    0.0110000      51075.4      18.7580    0.0130000      51075.4      18.7200    0.0420000
       52170.388      19.2320    0.0280000      52170.4      19.0090    0.0100000      52170.4      18.9360    0.0110000      52170.4      18.7240    0.0110000      52170.4      18.7140    0.0350000
       52196.386      19.2870    0.0330000      52196.4      19.0290    0.0110000      52196.4      18.9300    0.0110000      52196.4      18.7190    0.0130000      52196.4      18.6630    0.0410000
       52207.353      19.3510    0.0320000      52207.4      19.0410    0.0100000      52207.4      18.9480    0.0110000      52207.4      18.7180    0.0110000      52207.4      18.7790    0.0360000
       52224.281      19.3160    0.0310000      52224.3      19.0760    0.0100000      52224.3      18.9420    0.0110000      52224.3      18.6910    0.0110000      52224.3      18.6610    0.0300000
       52225.231      19.2440    0.0290000      52225.2      19.0590    0.0100000      52225.2      18.9610    0.0110000      52225.2      18.7100    0.0110000      52225.2      18.7170    0.0330000
       52231.266      19.3640    0.0320000      52231.3      19.0940    0.0100000      52231.3      18.9300    0.0110000      52231.3      18.7070    0.0110000      52231.3      18.7360    0.0350000
       52234.238      19.2820    0.0320000      52234.2      19.0550    0.0100000      52234.2      18.9490    0.0110000      52234.2      18.6830    0.0110000      52234.2      18.7330    0.0310000
       52261.201      19.2980    0.0320000      52261.2      19.0200    0.0100000      52261.2      18.9010    0.0120000      52261.2      18.6900    0.0120000      52261.2      18.6700    0.0340000
       52282.128      19.1670    0.0290000      52282.1      18.9480    0.0100000      52282.1      18.8710    0.0120000      52282.1      18.6570    0.0120000      52282.1      18.6760    0.0370000
       52287.081      19.1540    0.0270000      52287.1      18.9040   0.00900000      52287.1      18.8520    0.0110000      52287.1      18.6430    0.0110000      52287.1      18.6410    0.0310000
       52552.400      19.1530    0.0280000      52552.4      18.9100   0.00900000      52552.4      18.8160    0.0100000      52552.4      18.6240    0.0110000      52552.4      18.6420    0.0320000
       52557.374      19.1320    0.0290000      52557.4      18.9110    0.0100000      52557.4      18.8400    0.0110000      52557.4      18.5980    0.0110000      52557.4      18.5990    0.0360000
       52908.349      19.2080    0.0300000      52908.4      19.0300    0.0100000      52908.3      18.9180    0.0110000      52908.3      18.7080    0.0110000      52908.4      18.6660    0.0340000
       52912.329      19.2460    0.0310000      52912.3      18.9910    0.0100000      52912.3      18.9110    0.0110000      52912.3      18.6900    0.0110000      52912.3      18.7150    0.0340000
       52934.281      19.2910    0.0310000      52934.3      19.0240    0.0100000      52934.3      18.8980    0.0120000      52934.3      18.6530    0.0120000      52934.3      18.7280    0.0420000
       52936.277      19.1830    0.0260000      52936.3      19.0170   0.00900000      52936.3      18.9430    0.0110000      52936.3      18.7020    0.0110000      52936.3      18.7110    0.0320000
       53270.341     -99.9900     0.342000      53270.3     -99.9900    0.0530000      53270.3     -99.9900    0.0400000      53270.3     -99.9900     0.157000      53270.3     -99.9900     0.123000
       53272.391      19.4850    0.0400000      53272.4      19.2240    0.0120000      53272.4      19.1190    0.0130000      53272.4      18.9160    0.0150000      53272.4      18.8290    0.0390000
       53286.360      19.5540    0.0410000      53286.4      19.2050    0.0120000      53286.4      19.1240    0.0130000      53286.4      18.8230    0.0120000      53286.4      18.7790    0.0340000
       53288.318      19.5020    0.0350000      53288.3      19.2300    0.0110000      53288.3      19.1150    0.0120000      53288.3      18.8630    0.0120000      53288.3      18.7850    0.0340000
       53294.366      19.4530    0.0370000      53294.4      19.2340    0.0120000      53294.4      19.1450    0.0140000      53294.4      18.8670    0.0130000      53294.4      18.8320    0.0400000
       53296.313      19.5120    0.0380000      53296.3      19.2760    0.0370000      53296.3      19.1250    0.0240000      53296.3      18.8690    0.0240000      53296.3      18.8450    0.0510000
       53298.363      19.5270    0.0400000      53298.4      19.2570    0.0120000      53298.4      19.1170    0.0160000      53298.4      18.8140    0.0140000      53298.4      18.8410    0.0480000
       53302.314      19.5060    0.0590000      53302.3      19.2420    0.0220000      53302.3      19.1090    0.0180000      53302.3      18.8370    0.0150000      53302.3      18.7930    0.0410000
       53312.269      19.5440    0.0540000      53312.3      19.2590    0.0270000      53312.3      19.1270    0.0180000      53312.3      18.8680    0.0250000      53312.3      18.6470    0.0680000
       53314.271      19.5210    0.0380000      53314.3      19.2590    0.0120000      53314.3      19.1180    0.0140000      53314.3      18.8680    0.0130000      53314.3      18.8270    0.0430000
       53319.258      19.5150    0.0430000      53319.3      19.2820    0.0130000      53319.3      19.1500    0.0160000      53319.3      18.9010    0.0170000      53319.3      18.7890    0.0490000
       53616.375      19.5370    0.0460000      53616.4      19.2370    0.0140000      53616.4      19.1360    0.0150000      53616.4      18.9550    0.0170000      53616.4      18.9710    0.0560000
       53626.351      19.6100    0.0450000      53626.4      19.3090    0.0120000      53626.4      19.1460    0.0140000      53626.4      18.9240    0.0140000      53626.4     -99.9900    0.0550000
       53628.336      19.4990    0.0610000      53628.3      19.2800    0.0210000      53628.3      19.1390    0.0170000      53628.3      18.9210    0.0160000      53628.3      18.8430    0.0430000
       53637.338      19.6070    0.0560000      53637.3      19.2790    0.0170000      53637.3      19.1290    0.0160000      53637.3      18.9090    0.0160000      53637.3      18.8250    0.0480000
       53639.383      19.5300    0.0380000      53639.4      19.2540    0.0120000      53639.4      19.1140    0.0120000      53639.4      18.8670    0.0120000      53639.4      18.8820    0.0370000
       53641.382      19.5610    0.0390000      53641.4      19.2590    0.0110000      53641.4      19.1400    0.0120000      53641.4      18.9020    0.0130000      53641.4      18.8930    0.0360000
       53657.341      19.4620     0.104000      53657.3      19.2360    0.0370000      53657.3      19.1400    0.0290000      53657.3     -99.9900    0.0240000      53657.3      18.8730    0.0710000
       53663.326      19.4850    0.0560000      53663.3      19.2950    0.0200000      53663.3      19.1430    0.0170000      53663.3      18.9100    0.0140000      53663.3      18.9390    0.0420000
       53665.304     -99.9900      2.26300      53665.3     -99.9900     0.823000      53665.3      18.9560     0.162000      53665.3     -99.9900     0.362000      53665.3     -99.9900      1.54800
       53666.396      19.5010    0.0640000      53666.4      19.2490    0.0180000      53666.4      19.1140    0.0160000      53666.4      18.8740    0.0150000      53666.4      18.8560    0.0440000
       53668.315      19.5760    0.0500000      53668.3     -99.9900    0.0150000      53668.3      19.1080    0.0160000      53668.3      18.9290    0.0170000      53668.3      18.9350    0.0530000
       53670.320      19.5020    0.0400000      53670.3      19.2620    0.0120000      53670.3      19.1020    0.0140000      53670.3      18.8900    0.0140000      53670.3      18.8550    0.0430000
       53673.288      19.5800    0.0380000      53673.3      19.2160    0.0150000      53673.3      19.1080    0.0180000      53673.3      18.8840    0.0180000      53673.3      18.9100    0.0400000
       53675.285      19.5260    0.0350000      53675.3      19.2710    0.0110000      53675.3      19.0940    0.0130000      53675.3      18.9000    0.0130000      53675.3      18.8000    0.0380000
       53677.306      19.5010    0.0380000      53677.3      19.2380    0.0110000      53677.3      19.1060    0.0120000      53677.3      18.8760    0.0120000      53677.3      18.7990    0.0330000
       53680.293      19.5360    0.0380000      53680.3      19.2430    0.0110000      53680.3      19.1020    0.0120000      53680.3      18.8790    0.0120000      53680.3      18.8490    0.0340000
       53686.292      19.7020     0.101000      53686.3      19.1900    0.0290000      53686.3      19.1650    0.0310000      53686.3     -99.9900    0.0220000      53686.3     -99.9900    0.0550000
       53693.295      19.5010    0.0670000      53693.3      19.2580    0.0210000      53693.3      19.1310    0.0170000      53693.3      18.8590    0.0150000      53693.3      18.9150    0.0430000
       53698.292      19.4990    0.0390000      53698.3      19.2580    0.0120000      53698.3      19.1190    0.0120000      53698.3      18.8880    0.0130000      53698.3      18.9350    0.0410000
       53704.278      19.4460    0.0430000      53704.3      19.2320    0.0120000      53704.3      19.1030    0.0140000      53704.3      18.8870    0.0150000      53704.3      18.8890    0.0470000
       53989.374      19.5710    0.0660000      53989.4      19.2770    0.0310000      53989.4      19.1310    0.0220000      53989.4      18.8550    0.0260000      53989.4      18.9240    0.0480000
       53995.389      19.5150    0.0290000      53995.4      19.3010    0.0210000      53995.4      19.1060    0.0230000      53995.4      18.8890    0.0180000      53995.4      18.9220    0.0340000
       54000.349      19.4520    0.0340000      54000.4      19.2600    0.0230000      54000.3      19.1070    0.0210000      54000.3      18.8730    0.0290000      54000.4      18.9360    0.0590000
       54007.400      19.4920    0.0440000      54007.4      19.2430    0.0260000      54007.4      19.1180    0.0180000      54007.4      18.8870    0.0190000      54007.4      18.9130    0.0510000
       54009.323      19.4790    0.0350000      54009.3      19.2110    0.0240000      54009.3      19.1240    0.0160000      54009.3      18.8600    0.0130000      54009.3      18.8870    0.0360000
       54011.388      19.5340    0.0290000      54011.4      19.2730    0.0300000      54011.4      19.1030    0.0150000      54011.4      18.8570    0.0280000      54011.4      18.9080    0.0330000
       54025.387      19.5130    0.0390000      54025.4      19.2450    0.0230000      54025.4      19.0910    0.0220000      54025.4      18.8620    0.0240000      54025.4      18.8800    0.0500000
       54029.317      19.3950    0.0390000      54029.3      19.2330    0.0190000      54029.3      19.1000    0.0180000      54029.3      18.8370    0.0170000      54029.3      18.8740    0.0390000
       54348.385      19.4910    0.0440000      54348.4      19.1870    0.0270000      54348.4      19.0610    0.0180000      54348.4      18.8290    0.0200000      54348.4      18.7870    0.0360000
       54358.340      19.4470    0.0500000      54358.3     -99.9900    0.0250000      54358.3      19.0870    0.0290000      54358.3      18.8610    0.0310000      54358.3      18.9100    0.0520000
       54359.335      19.6170     0.154000      54359.3      19.1460    0.0300000      54359.3      19.0460    0.0450000      54359.3      18.8000    0.0430000      54359.3      18.6500     0.134000
       54365.374      19.5030    0.0370000      54365.4      19.2230    0.0230000      54365.4      19.0830    0.0190000      54365.4      18.8360    0.0130000      54365.4      18.8340    0.0370000
       54381.393      19.5260    0.0440000      54381.4      19.3220    0.0870000      54381.4      19.0630    0.0240000      54381.4      18.8120    0.0130000      54381.4      18.7860    0.0430000
       54384.400      19.5080    0.0370000      54384.4      19.2580    0.0180000      54384.4      19.0680    0.0180000      54384.4      18.8670    0.0240000      54384.4      18.8280    0.0380000
       54386.385      19.5500    0.0410000      54386.4      19.2510    0.0230000      54386.4      19.0720    0.0200000      54386.4      18.8270    0.0170000      54386.4      18.8290    0.0390000
       54388.390      19.5960    0.0450000      54388.4      19.2630    0.0200000      54388.4      19.1020    0.0150000      54388.4      18.8170    0.0140000      54388.4      18.8080    0.0370000
       54392.387      19.5270    0.0450000      54392.4      19.3190    0.0390000      54392.4      19.0930    0.0230000      54392.4      18.7860    0.0220000      54392.4     -99.9900    0.0530000
       54403.304     -99.9900     0.185000      54403.3      19.2080    0.0510000      54403.3      19.0710    0.0450000      54403.3      18.7840    0.0500000      54403.3      18.7880     0.127000
       54404.361      19.4480    0.0910000      54404.4      19.3100    0.0310000      54404.4      19.1110    0.0190000      54404.4      18.8320    0.0150000      54404.4     -99.9900    0.0980000
       54405.359      19.4930     0.100000      54405.4     -99.9900    0.0280000      54405.4      19.0660    0.0150000      54405.4      18.8480    0.0180000      54405.4      18.8670    0.0420000
       54406.297      19.5180    0.0340000      54406.3      19.2840    0.0190000      54406.3      19.1010    0.0170000      54406.3      18.8250    0.0190000      54406.3      18.8550    0.0320000
       54412.323      19.5940    0.0520000      54412.3      19.2640    0.0210000      54412.3      19.1090    0.0180000      54412.3      18.8560    0.0200000      54412.3      18.8130    0.0480000
       52234.000       19.324000     0.029000000       52234.000       19.076000     0.036000000       52234.000       18.940000     0.019000000       52234.000       18.664000     0.017000000       52234.000       18.682000     0.032000000
       51075       19.356000     0.026000000       51075       19.142000     0.017000000       51075       19.013000     0.016000000       51075       18.745000     0.017000000       51075       18.703000     0.045000000
       51133       19.518000     0.026000000       51133       19.279000     0.022000000       51133       19.122000     0.032000000       51133       18.806000     0.022000000       51133       18.770000     0.050000000
       51134       19.520000     0.038000000       51134       19.326000     0.027000000       51134       19.079000     0.018000000       51134       18.751000     0.020000000       51134       18.710000     0.043000000
       52170       19.208000     0.034000000       52170       19.027000     0.029000000       52170       18.902000     0.020000000       52170       18.692000     0.018000000       52170       18.680000     0.035000000
       52197       19.308000     0.030000000       52197       19.009000     0.031000000       52197       18.907000     0.020000000       52197       18.673000     0.015000000       52197       18.625000     0.039000000
       52207       19.317000     0.030000000       52207       19.043000     0.029000000       52207       18.925000     0.017000000       52207       18.686000     0.021000000       52207       18.749000     0.036000000
       52224       19.346000     0.027000000       52224       19.093000     0.036000000       52224       18.949000     0.017000000       52224       18.688000     0.018000000       52224       18.641000     0.033000000
       52225       19.225000     0.051000000       52225       19.047000     0.028000000       52225       18.960000     0.022000000       52225       18.674000     0.020000000       52225       18.678000     0.035000000
       52231       19.319000     0.037000000       52231       19.093000     0.029000000       52231       18.906000     0.019000000       52231       18.677000     0.017000000       52231       18.693000     0.041000000
       52234       19.312000     0.025000000       52234       19.090000     0.034000000       52234       18.942000     0.016000000       52234       18.664000     0.017000000       52234       18.676000     0.034000000
       52253       19.168000     0.031000000       52253       18.984000     0.028000000       52253       18.884000     0.024000000       52253       18.658000     0.021000000       52253       18.635000     0.045000000
       52261       19.244000     0.032000000       52261       19.010000     0.020000000       52261       18.877000     0.034000000       52261       18.669000     0.027000000       52261       18.640000     0.039000000
       52287       19.103000     0.029000000       52287       18.901000     0.023000000       52287       18.830000     0.021000000       52287       18.605000     0.021000000       52287       18.596000     0.034000000
       52282       19.101000     0.030000000       52282       18.939000     0.023000000       52282       18.836000     0.025000000       52282       18.629000     0.026000000       52282       18.656000     0.036000000
       52552       19.137000     0.029000000       52552       18.913000     0.023000000       52552       18.792000     0.022000000       52552       18.640000     0.031000000       52552       18.580000     0.039000000
       52557       19.132000     0.030000000       52557       18.928000     0.025000000       52557       18.836000     0.019000000       52557       18.598000     0.017000000       52557       18.544000     0.037000000
       52872       19.282000     0.030000000       52872       19.045000     0.017000000       52872       18.890000     0.015000000       52872       18.667000     0.023000000       52872       18.577000     0.030000000
       52908       19.224000     0.034000000       52908       19.021000     0.021000000       52908       18.904000     0.019000000       52908       18.687000     0.016000000       52908       18.629000     0.034000000
       52912       19.231000     0.029000000       52912       19.007000     0.025000000       52912       18.893000     0.017000000       52912       18.668000     0.017000000       52912       18.669000     0.040000000
       52934       19.232000     0.032000000       52934       19.006000     0.017000000       52934       18.883000     0.031000000       52934       18.683000     0.023000000       52934       18.663000     0.047000000
       52936       19.163000     0.032000000       52936       19.037000     0.032000000       52936       18.935000     0.021000000       52936       18.694000     0.018000000       52936       18.760000     0.040000000
       53270       20.026000      0.28200000       53270       19.999000     0.060000000       53270       19.183000     0.043000000       53270       19.095000      0.17300000       53270       19.099000      0.13700000
       53272       19.500000     0.033000000       53272       19.201000     0.028000000       53272       19.108000     0.024000000       53272       18.971000     0.024000000       53272       18.804000     0.038000000
       53286       19.570000     0.046000000       53286       19.214000     0.018000000       53286       19.114000     0.037000000       53286       18.845000     0.024000000       53286       18.753000     0.036000000
       53298       19.520000     0.039000000       53298       19.262000     0.017000000       53298       19.084000     0.024000000       53298       18.764000     0.025000000       53298       18.800000     0.049000000
       53294       19.390000     0.036000000       53294       19.215000     0.026000000       53294       19.120000     0.029000000       53294       18.836000     0.019000000       53294       18.802000     0.040000000
       53312       19.506000     0.066000000       53312       19.290000     0.030000000       53312       19.088000     0.021000000       53312       18.818000     0.024000000       53312       18.693000     0.068000000
       53314       19.487000     0.040000000       53314       19.250000     0.022000000       53314       19.087000     0.018000000       53314       18.818000     0.020000000       53314       18.742000     0.042000000
       53319       19.519000     0.040000000       53319       19.241000     0.015000000       53319       19.141000     0.022000000       53319       18.891000     0.035000000       53319       18.759000     0.051000000
