       51081.349      19.4240    0.0330000      51081.4      19.3710    0.0140000      51081.3      19.0900    0.0130000      51081.3      19.0760    0.0170000      51081.4      19.0230    0.0500000
       51819.420      19.6950    0.0450000      51819.4      19.6520    0.0170000      51819.4      19.2650    0.0140000      51819.4      19.2390    0.0160000      51819.4      19.2630    0.0610000
       52225.245      19.4250    0.0340000      52225.2      19.3600    0.0120000      52225.2      19.0570    0.0130000      52225.2      19.0770    0.0150000      52225.2      19.0950    0.0460000
       52288.079      19.3840    0.0310000      52288.1      19.3530    0.0120000      52288.1      19.0570    0.0120000      52288.1      19.0370    0.0140000      52288.1      19.0470    0.0440000
       52551.353      19.3860    0.0360000      52551.4     -99.9900    0.0130000      52551.4      19.0100    0.0130000      52551.4      18.9810    0.0150000      52551.4      18.9790    0.0520000
       52558.386      19.3660    0.0330000      52558.4      19.3640    0.0120000      52558.4      19.0300    0.0120000      52558.4      18.9630    0.0120000      52558.4      18.9890    0.0380000
       52576.219      19.3490    0.0310000      52576.2      19.3300    0.0120000      52576.2      19.0240    0.0120000      52576.2      18.9600    0.0130000      52576.2      18.9740    0.0410000
       52577.273      19.3630    0.0320000      52577.3      19.3370    0.0120000      52577.3      19.0360    0.0120000      52577.3      18.9570    0.0130000      52577.3      18.9480    0.0420000
       52585.220      19.3920    0.0320000      52585.2      19.3910    0.0120000      52585.2      19.0460    0.0130000      52585.2      19.0110    0.0180000      52585.2      19.0450    0.0650000
       52910.357      19.5730    0.0390000      52910.4      19.5270    0.0130000      52910.4      19.1510    0.0140000      52910.4      19.1130    0.0150000      52910.4      19.0580    0.0430000
       52935.284      19.4770    0.0360000      52935.3      19.4570    0.0130000      52935.3      19.1300    0.0140000      52935.3      19.0550    0.0160000      52935.3      19.1710    0.0620000
       52963.207      19.4940    0.0320000      52963.2      19.4360    0.0120000      52963.2      19.1220    0.0120000      52963.2      19.0680    0.0130000      52963.2      19.1060    0.0380000
       52971.198      19.4180    0.0340000      52971.2      19.4390    0.0130000      52971.2      19.1160    0.0130000      52971.2      19.0970    0.0150000      52971.2      19.0760    0.0430000
       53351.130      19.3380    0.0310000      53351.1      19.3190    0.0120000      53351.1      18.9910    0.0120000      53351.1      18.9880    0.0140000      53351.1      18.9520    0.0470000
       53352.178      19.2730    0.0320000      53352.2      19.2800    0.0110000      53352.2      19.0180    0.0130000      53352.2      18.9180    0.0130000      53352.2      18.9960    0.0470000
       53622.387      19.2850    0.0390000      53622.4      19.2450    0.0130000      53622.4      18.9420    0.0130000      53622.4      18.8300    0.0160000      53622.4      18.7840    0.0480000
       53634.336      19.0890    0.0790000      53634.3     -99.9900    0.0390000      53634.3      18.8680    0.0300000      53634.3      18.7340    0.0250000      53634.3     -99.9900    0.0700000
       53638.377      19.2710    0.0360000      53638.4      19.2340    0.0130000      53638.4      18.9040    0.0120000      53638.4      18.8920    0.0130000      53638.4      18.9290    0.0420000
       53640.342      19.2700    0.0350000      53640.3      19.2380    0.0120000      53640.3      18.9320    0.0120000      53640.3      18.8570    0.0140000      53640.3      18.8480    0.0420000
       53646.403     -99.9900    0.0540000      53646.4     -99.9900    0.0280000      53646.4      18.8710    0.0170000      53646.4     -99.9900    0.0190000      53646.4     -99.9900    0.0760000
       53655.314      19.1990    0.0360000      53655.3      19.1970    0.0120000      53655.3      18.9030    0.0130000      53655.3      18.8340    0.0150000      53655.3      18.8920    0.0530000
       53664.339      19.2070    0.0580000      53664.3      19.1640    0.0260000      53664.3      18.8950    0.0200000      53664.3      18.8500    0.0200000      53664.3      18.8900    0.0660000
       53669.298      19.1510    0.0290000      53669.3      19.1560    0.0110000      53669.3      18.8790    0.0110000      53669.3      18.8040    0.0120000      53669.3      18.8440    0.0390000
       53671.383      19.2690    0.0450000      53671.4      19.1510    0.0130000      53671.4      18.8750    0.0140000      53671.4      18.8250    0.0160000      53671.4      18.8430    0.0490000
       53674.282      19.1850    0.0390000      53674.3      19.1680    0.0120000      53674.3      18.8890    0.0150000      53674.3      18.8060    0.0160000      53674.3      18.8730    0.0590000
       53676.372      19.1980    0.0390000      53676.4      19.1440    0.0120000      53676.4      18.8750    0.0120000      53676.4      18.8190    0.0120000      53676.4      18.8820    0.0400000
       53679.343      19.1850    0.0400000      53679.3      19.1630    0.0130000      53679.3      18.8800    0.0130000      53679.3      18.8060    0.0150000      53679.3      18.9050    0.0720000
       53681.335      19.1500    0.0330000      53681.3      19.1790    0.0120000      53681.3      18.8700    0.0110000      53681.3      18.8260    0.0120000      53681.3      18.8230    0.0440000
       53685.294      19.1350    0.0430000      53685.3      19.1520    0.0190000      53685.3      18.8300    0.0150000      53685.3      18.7790    0.0140000      53685.3      18.7720    0.0380000
       53694.308      19.0390    0.0770000      53694.3      19.1950    0.0320000      53694.3      18.8060    0.0230000      53694.3      18.8290    0.0200000      53694.3      18.7190    0.0630000
       53697.292      19.2910    0.0450000      53697.3      19.1630    0.0160000      53697.3      18.8480    0.0140000      53697.3      18.8070    0.0140000      53697.3      18.8350    0.0450000
       53700.291      19.1850    0.0390000      53700.3      19.1800    0.0130000      53700.3      18.8870    0.0130000      53700.3      18.8200    0.0160000      53700.3      18.9540    0.0620000
       53705.278      19.2020    0.0330000      53705.3      19.1550    0.0110000      53705.3      18.8600    0.0110000      53705.3      18.7970    0.0120000      53705.3      18.8700    0.0390000
       53975.363      19.0890    0.0280000      53975.4      19.0840    0.0210000      53975.4      18.8390    0.0140000      53975.4      18.7560    0.0190000      53975.4      18.8120    0.0390000
       53990.375      19.0920    0.0370000      53990.4      19.1320    0.0230000      53990.4      18.8120    0.0180000      53990.4      18.7150    0.0180000      53990.4      18.8050    0.0350000
       53994.386      19.1790    0.0310000      53994.4      19.1120    0.0150000      53994.4      18.8600    0.0150000      53994.4      18.7660    0.0210000      53994.4      18.8320    0.0420000
       53996.369      19.1090    0.0340000      53996.4      19.0960    0.0190000      53996.4      18.8550    0.0160000      53996.4      18.7680    0.0130000      53996.4      18.8940    0.0430000
       54010.323      19.1120    0.0320000      54010.3      19.1240    0.0180000      54010.3      18.8400    0.0140000      54010.3      18.7690    0.0160000      54010.3      18.8310    0.0320000
       54012.316      19.1600    0.0490000      54012.3      19.1430    0.0270000      54012.3      18.8200    0.0150000      54012.3      18.7560    0.0250000      54012.3      18.8270    0.0450000
       54020.322      19.1360    0.0340000      54020.3      19.1680    0.0180000      54020.3      18.8240    0.0130000      54020.3      18.7800    0.0160000      54020.3      18.8300    0.0420000
       54024.404      19.1370    0.0450000      54024.4      19.1370    0.0180000      54024.4      18.8230    0.0210000      54024.4      18.7800    0.0230000      54024.4      18.7940    0.0610000
       54028.392     -99.9900    0.0420000      54028.4      19.1410    0.0210000      54028.4      18.8550    0.0250000      54028.4      18.7200    0.0370000      54028.4      18.7870    0.0540000
       54030.316     -99.9900    0.0350000      54030.3      19.1410    0.0130000      54030.3      18.8400    0.0160000      54030.3      18.7650    0.0130000      54030.3      18.8470    0.0350000
       54035.392      19.2680    0.0520000      54035.4      19.1070    0.0290000      54035.4      18.8390    0.0270000      54035.4      18.7810    0.0260000      54035.4      18.7830    0.0690000
       54037.297      19.0870    0.0330000      54037.3      19.1040    0.0210000      54037.3      18.8130    0.0160000      54037.3      18.7500    0.0170000      54037.3      18.7870    0.0320000
       54040.312      19.0500    0.0370000      54040.3      19.0870    0.0240000      54040.3      18.8050    0.0140000      54040.3      18.7940    0.0160000      54040.3      18.7950    0.0400000
       54049.338      19.0050    0.0480000      54049.3      19.0880    0.0290000      54049.3      18.8000    0.0200000      54049.3      18.7260    0.0190000      54049.3      18.7660    0.0490000
       54053.302      19.0920    0.0360000      54053.3      19.0920    0.0220000      54053.3      18.8130    0.0270000      54053.3      18.7470    0.0200000      54053.3      18.7000    0.0400000
       54056.304      19.0850    0.0340000      54056.3     -99.9900    0.0270000      54056.3      18.7970    0.0280000      54056.3      18.7450    0.0220000      54056.3      18.7960    0.0500000
       54059.298      19.0940    0.0430000      54059.3      19.0590    0.0260000      54059.3      18.7890    0.0190000      54059.3      18.7510    0.0160000      54059.3      18.8170    0.0550000
       54061.309      19.0950    0.0400000      54061.3      19.1500    0.0610000      54061.3      18.8420    0.0270000      54061.3      18.7690    0.0270000      54061.3      18.8810    0.0670000
       54062.303      19.0810    0.0350000      54062.3      19.1100    0.0250000      54062.3      18.8180    0.0130000      54062.3      18.7750    0.0150000      54062.3      18.8550    0.0400000
       54068.284      19.0890    0.0410000      54068.3      19.1360    0.0290000      54068.3      18.7970    0.0190000      54068.3      18.7620    0.0160000      54068.3      18.8200    0.0440000
       54357.342      19.2530    0.0420000      54357.3      19.2240    0.0140000      54357.3      18.9140    0.0170000      54357.3      18.8410    0.0220000      54357.3      18.8050    0.0340000
       54359.373      19.2410    0.0430000      54359.4      19.2160    0.0270000      54359.4      18.9340    0.0260000      54359.4      18.8550    0.0230000      54359.4      18.8790    0.0630000
       54362.391     -99.9900    0.0290000      54362.4      19.2490    0.0160000      54362.4      18.9120    0.0190000      54362.4      18.8330    0.0170000      54362.4      18.7900    0.0350000
       54376.386      19.2850    0.0310000      54376.4      19.2550    0.0220000      54376.4      18.9310    0.0170000      54376.4      18.8430    0.0170000      54376.4      18.8690    0.0380000
       54382.372      19.3180    0.0410000      54382.4      19.2410    0.0180000      54382.4      18.8960    0.0190000      54382.4      18.9030    0.0180000      54382.4      18.9450    0.0640000
       54385.389      19.2540    0.0350000      54385.4      19.2440    0.0190000      54385.4      18.9020    0.0160000      54385.4      18.8820    0.0130000      54385.4      18.7790    0.0320000
       54390.382      19.2560    0.0400000      54390.4      19.2800    0.0240000      54390.4      18.8920    0.0140000      54390.4      18.8720    0.0230000      54390.4      18.9330    0.0600000
       54391.391      19.3380    0.0570000      54391.4      19.3260    0.0180000      54391.4      18.9390    0.0180000      54391.4      18.8980    0.0320000      54391.4      18.9500    0.0810000
       54402.383      19.3040    0.0850000      54402.4      19.2810    0.0340000      54402.4      18.9500    0.0250000      54402.4      18.8820    0.0210000      54402.4      18.8120    0.0490000
       52522.000       19.328000     0.034000000       52522.000       19.355000     0.024000000       52522.000       19.024000     0.023000000       52522.000       18.961000     0.021000000       52522.000       19.012000     0.043000000
       51081       19.395000     0.034000000       51081       19.389000     0.021000000       51081       19.085000     0.021000000       51081       19.045000     0.021000000       51081       19.004000     0.050000000
       51132       19.408000     0.032000000       51132       19.440000     0.017000000       51132       19.145000     0.022000000       51132       18.984000     0.025000000       51132       19.025000     0.058000000
       51136       19.434000     0.029000000       51136       19.422000     0.016000000       51136       19.088000     0.021000000       51136       18.997000     0.019000000       51136       19.020000     0.054000000
       51819       19.642000     0.038000000       51819       19.652000     0.026000000       51819       19.253000     0.016000000       51819       19.207000     0.032000000       51819       19.239000     0.059000000
       52225       19.378000     0.031000000       52225       19.382000     0.021000000       52225       19.066000     0.021000000       52225       19.066000     0.020000000       52225       19.076000     0.049000000
       52288       19.315000     0.035000000       52288       19.356000     0.020000000       52288       19.052000     0.016000000       52288       19.027000     0.021000000       52288       19.022000     0.045000000
       52522       19.316000     0.037000000       52522       19.362000     0.023000000       52522       19.026000     0.024000000       52522       18.962000     0.019000000       52522       19.010000     0.044000000
       52551       19.325000     0.042000000       52551       19.339000     0.024000000       52551       19.013000     0.016000000       52551       18.995000     0.022000000       52551       18.979000     0.053000000
       52552       19.367000     0.031000000       52552       19.402000     0.030000000       52552       19.020000     0.021000000       52552       18.963000     0.019000000       52552       19.034000     0.042000000
       52558       19.345000     0.030000000       52558       19.374000     0.027000000       52558       19.033000     0.015000000       52558       18.970000     0.023000000       52558       19.010000     0.042000000
       52577       19.356000     0.029000000       52577       19.360000     0.015000000       52577       19.058000     0.021000000       52577       18.961000     0.016000000       52577       18.962000     0.042000000
       52585       19.386000     0.034000000       52585       19.401000     0.025000000       52585       19.037000     0.018000000       52585       18.987000     0.029000000       52585       19.015000     0.064000000
       52640       19.402000     0.042000000       52640       19.332000     0.034000000       52640       19.060000     0.020000000       52640       18.951000     0.025000000       52640       18.992000     0.059000000
       52910       19.532000     0.033000000       52910       19.527000     0.025000000       52910       19.156000     0.031000000       52910       19.113000     0.022000000       52910       19.039000     0.046000000
       52935       19.475000     0.036000000       52935       19.478000     0.026000000       52935       19.150000     0.021000000       52935       19.037000     0.022000000       52935       19.163000     0.059000000
       52959       19.600000     0.063000000       52959       19.470000     0.034000000       52959       19.141000     0.029000000       52959       19.058000     0.050000000       52959       19.209000     0.092000000
       52971       19.402000     0.030000000       52971       19.444000     0.028000000       52971       19.107000     0.020000000       52971       19.090000     0.022000000       52971       19.055000     0.042000000
       53351       19.269000     0.032000000       53351       19.351000     0.029000000       53351       18.994000     0.029000000       53351       18.996000     0.021000000       53351       18.960000     0.048000000
       53352       19.236000     0.041000000       53352       19.292000     0.021000000       53352       19.025000     0.018000000       53352       18.932000     0.022000000       53352       18.983000     0.047000000
       54424       19.417000     0.060000000       54424       19.300000     0.028000000       54424       18.968000     0.020000000       54424       18.969000     0.024000000       54424       18.852000     0.044000000
