       51075.358     -99.9900     0.321000      51075.4      19.2260    0.0110000      51075.4      17.9180   0.00600000      51075.4      17.9570   0.00900000      51075.4      17.8580    0.0230000
       52196.377      23.4980     0.716000      52196.4      19.1490    0.0110000      52196.4      17.8810   0.00600000      52196.4      17.9080   0.00800000      52196.4      17.8500    0.0210000
       52197.372      23.1510     0.546000      52197.4      19.1790    0.0110000      52197.4      17.8730   0.00600000      52197.4      17.9160   0.00800000      52197.4      17.8650    0.0200000
       52207.344      23.5920     0.711000      52207.3      19.1800    0.0110000      52207.3      17.8830   0.00700000      52207.3      17.9060   0.00900000      52207.3      17.8140    0.0180000
       52225.222      23.2110     0.510000      52225.2      19.1930    0.0100000      52225.2      17.8880   0.00600000      52225.2      17.9320   0.00800000      52225.2      17.8820    0.0180000
       52231.258      23.3450     0.543000      52231.3      19.1760    0.0110000      52231.3      17.8860   0.00700000      52231.3      17.9350   0.00800000      52231.3      17.8400    0.0180000
       52234.229      22.3490     0.275000      52234.2      19.1800    0.0110000      52234.2      17.8910   0.00600000      52234.2      17.9060   0.00800000      52234.2      17.8770    0.0180000
       52282.119      23.3760     0.563000      52282.1      19.2130    0.0110000      52282.1      17.9100   0.00700000      52282.1      17.9450   0.00900000      52282.1      17.8610    0.0200000
       52557.366      24.3440      1.20100      52557.4      19.3150    0.0120000      52557.4      17.9650   0.00700000      52557.4      18.0070   0.00900000      52557.4      17.9640    0.0250000
       52578.262      22.9650     0.388000      52578.3      19.3040    0.0110000      52578.3      17.9550   0.00700000      52578.3      18.0110   0.00900000      52578.3      17.9270    0.0200000
       52908.340     -99.9900     0.540000      52908.3      19.2920    0.0110000      52908.3      17.9460   0.00700000      52908.3      17.9980   0.00900000      52908.3      17.8930    0.0200000
       52912.320      23.3460     0.604000      52912.3      19.2970    0.0120000      52912.3      17.9560   0.00700000      52912.3      17.9950   0.00800000      52912.3      17.9370    0.0200000
       52934.272      22.5440     0.342000      52934.3      19.2810    0.0120000      52934.3      17.9360   0.00700000      52934.3      17.9750   0.00900000      52934.3      17.9350    0.0230000
       52936.268      24.0070     0.816000      52936.3      19.2970    0.0110000      52936.3      17.9540   0.00700000      52936.3      18.0000   0.00900000      52936.3      17.9560    0.0200000
       53270.332     -99.9900     0.407000      53270.3      19.2120    0.0230000      53270.3     -99.9900    0.0240000      53270.3      17.9690    0.0140000      53270.3      17.8650    0.0270000
       53272.382      23.0400     0.571000      53272.4     -99.9900    0.0120000      53272.4      17.9220   0.00600000      53272.4      17.9390   0.00800000      53272.4      17.8920    0.0210000
       53286.351      22.5900     0.404000      53286.4      19.2330    0.0120000      53286.3      17.9240   0.00700000      53286.4      17.9630   0.00800000      53286.4      17.9140    0.0180000
       53288.309      22.5860     0.324000      53288.3      19.2250    0.0110000      53288.3      17.9250   0.00700000      53288.3      17.9440   0.00800000      53288.3      17.8260    0.0180000
       53294.357      22.6630     0.575000      53294.4      19.2270    0.0130000      53294.4      17.8990   0.00700000      53294.4      17.9570   0.00900000      53294.4      17.9100    0.0250000
       53296.304      99.9730      99.9990      53296.3      19.2370    0.0190000      53296.3      17.9310    0.0170000      53296.3      17.9700    0.0180000      53296.3      17.9650    0.0280000
       53298.354      23.5380     0.791000      53298.4      19.2460    0.0120000      53298.4      17.9180   0.00800000      53298.4      17.9590    0.0100000      53298.4      17.8850    0.0230000
       53302.305      21.9790     0.458000      53302.3      19.2220    0.0240000      53302.3      17.9350   0.00800000      53302.3      17.9970    0.0100000      53302.3      17.8800    0.0220000
       53312.261      23.1780      1.07900      53312.3      19.1890    0.0260000      53312.3      17.9130    0.0150000      53312.3      17.9690    0.0150000      53312.3      17.9040    0.0260000
       53314.262      23.0070     0.485000      53314.3      19.2140    0.0120000      53314.3      17.9340   0.00700000      53314.3      17.9610   0.00900000      53314.3      17.8530    0.0220000
       53319.249      22.8900     0.553000      53319.2      19.2410    0.0130000      53319.2      17.9230   0.00700000      53319.2      17.9580   0.00900000      53319.2      17.8900    0.0230000
       53616.366      23.1460     0.782000      53616.4      19.1440    0.0120000      53616.4      17.8770   0.00700000      53616.4      17.9230   0.00900000      53616.4      17.8500    0.0220000
       53626.342     -99.9900     0.574000      53626.3      19.1900    0.0130000      53626.3      17.8840   0.00600000      53626.3      17.9350   0.00800000      53626.3      17.8530    0.0200000
       53628.327      21.7450     0.399000      53628.3      19.2030    0.0220000      53628.3      17.8660   0.00800000      53628.3      17.9370   0.00900000      53628.3      17.8930    0.0220000
       53637.329      23.0220     0.981000      53637.3      19.1790    0.0160000      53637.3      17.8940   0.00700000      53637.3      17.9080   0.00900000      53637.3      17.8940    0.0230000
       53639.374      22.9560     0.501000      53639.4      19.1420    0.0110000      53639.4      17.8780   0.00700000      53639.4      17.9140   0.00800000      53639.4      17.9040    0.0180000
       53641.373      23.4500     0.681000      53641.4      19.1610    0.0110000      53641.4      17.8790   0.00600000      53641.4      17.9410   0.00800000      53641.4      17.8710    0.0180000
       53654.356      24.5800      1.14700      53654.4      19.1410    0.0110000      53654.4      17.8830   0.00700000      53654.4      17.9180   0.00900000      53654.4      17.8920    0.0210000
       53663.317      25.5320      1.73600      53663.3      19.1750    0.0170000      53663.3      17.8950   0.00800000      53663.3      17.9360   0.00900000      53663.3      17.8460    0.0180000
       53665.295     -99.9900     0.772000      53665.3     -99.9900    0.0770000      53665.3      17.9110    0.0270000      53665.3     -99.9900    0.0930000      53665.3     -99.9900     0.169000
       53666.387      25.7850      1.37100      53666.4      19.1560    0.0150000      53666.4      17.8850   0.00700000      53666.4      17.9320   0.00900000      53666.4      17.8770    0.0190000
       53668.307      22.5370     0.482000      53668.3      19.1690    0.0130000      53668.3      17.8780   0.00700000      53668.3      17.9140   0.00900000      53668.3      17.8840    0.0200000
       53670.311     -99.9900     0.942000      53670.3      19.1640    0.0120000      53670.3      17.8820   0.00600000      53670.3      17.9080   0.00900000      53670.3      17.8680    0.0240000
       53673.279      22.9710     0.459000      53673.3      19.1600    0.0110000      53673.3      17.8840   0.00700000      53673.3      17.9240   0.00800000      53673.3      17.8660    0.0180000
       53675.276      23.0150     0.466000      53675.3      19.1960    0.0110000      53675.3      17.8960   0.00700000      53675.3      17.9000   0.00900000      53675.3      17.8690    0.0210000
       53677.297      23.1850     0.485000      53677.3      19.1580    0.0110000      53677.3      17.8850   0.00700000      53677.3      17.9210   0.00800000      53677.3      17.8890    0.0170000
       53680.284      22.3290     0.241000      53680.3      19.1510    0.0110000      53680.3      17.8900   0.00700000      53680.3      17.9260   0.00800000      53680.3      17.8890    0.0180000
       53686.283      21.6360     0.570000      53686.3      19.1370    0.0270000      53686.3      17.8860    0.0100000      53686.3      17.8850    0.0110000      53686.3      17.8550    0.0260000
       53693.286      22.9260      1.26000      53693.3      19.1210    0.0200000      53693.3      17.8900   0.00800000      53693.3      17.9160   0.00900000      53693.3      17.8600    0.0200000
       53698.283      22.3390     0.305000      53698.3      19.1370    0.0110000      53698.3      17.8870   0.00600000      53698.3      17.9120   0.00800000      53698.3      17.8730    0.0190000
       53704.269      22.2220     0.286000      53704.3     -99.9900    0.0120000      53704.3      17.8760   0.00600000      53704.3      17.9080   0.00800000      53704.3      17.8720    0.0200000
       53989.365      21.7260     0.460000      53989.4      19.1150    0.0260000      53989.4      17.8710    0.0140000      53989.4      17.9010    0.0250000      53989.4      17.8620    0.0220000
       53995.380      22.8440     0.308000      53995.4      19.1450    0.0200000      53995.4      17.8840    0.0140000      53995.4      17.9110    0.0160000      53995.4      17.8540    0.0200000
       54000.341      23.3530     0.930000      54000.3      19.1380    0.0120000      54000.3      17.8630    0.0230000      54000.3      17.9150    0.0200000      54000.3      17.8640    0.0230000
       54007.391      23.4200     0.905000      54007.4      19.1170    0.0410000      54007.4      17.8670    0.0230000      54007.4      17.9010    0.0400000      54007.4      17.9170    0.0270000
       54009.315      23.7900     0.933000      54009.3      19.1480    0.0150000      54009.3      17.8840    0.0150000      54009.3      17.9220    0.0200000      54009.3      17.8730    0.0280000
       54011.379      23.0100     0.341000      54011.4      19.1300    0.0210000      54011.4      17.8680    0.0160000      54011.4      17.9300    0.0150000      54011.4      17.8500    0.0200000
       54025.378      22.4390     0.492000      54025.4      19.1650    0.0270000      54025.4     -99.9900    0.0260000      54025.4      17.9140    0.0230000      54025.4      17.8800    0.0370000
       54029.308     -99.9900     0.348000      54029.3      19.1310    0.0290000      54029.3      17.8470    0.0270000      54029.3      17.9140    0.0390000      54029.3      17.8480    0.0310000
       54348.376      22.6890     0.543000      54348.4      19.0450    0.0170000      54348.4      17.8090    0.0280000      54348.4      17.8890    0.0190000      54348.4      17.7920    0.0370000
       54358.332     -99.9900     0.208000      54358.3     -99.9900    0.0290000      54358.3      17.8090    0.0190000      54358.3      17.8230    0.0210000      54358.3      17.7630    0.0210000
       54359.326      23.8860      3.86600      54359.3      19.0580    0.0310000      54359.3      17.8270    0.0140000      54359.3      17.8360    0.0210000      54359.3      17.8060    0.0560000
       54365.365      22.5450     0.246000      54365.4      19.0360    0.0270000      54365.4      17.8160    0.0140000      54365.4      17.8080    0.0150000      54365.4      17.7970    0.0260000
       54381.384      22.3380     0.265000      54381.4      19.0050    0.0250000      54381.4      17.8150    0.0240000      54381.4      17.8340    0.0160000      54381.4      17.7800    0.0250000
       54384.391      22.5940     0.314000      54384.4      19.0290    0.0310000      54384.4      17.8170    0.0200000      54384.4      17.8460    0.0310000      54384.4      17.7500    0.0270000
       54386.377      23.1210     0.870000      54386.4     -99.9900    0.0240000      54386.4      17.8180    0.0160000      54386.4      17.8350    0.0390000      54386.4      17.8210    0.0300000
       54388.381      23.8210      1.14600      54388.4      19.0270    0.0270000      54388.4      17.8220    0.0170000      54388.4      17.8350    0.0170000      54388.4      17.7870    0.0280000
       54392.378      22.7430     0.602000      54392.4     -99.9900    0.0240000      54392.4      17.8340    0.0230000      54392.4      17.8620    0.0360000      54392.4      17.7710    0.0210000
       54403.295      99.9870      99.9990      54403.3     -99.9900    0.0210000      54403.3      17.8320   0.00900000      54403.3      17.8410    0.0170000      54403.3      17.8490    0.0210000
       54404.352      25.4460      99.9990      54404.4      18.9760    0.0180000      54404.4      17.8050    0.0160000      54404.4      17.8540    0.0140000      54404.4      17.8490    0.0290000
       54405.350      22.6770     0.551000      54405.4     -99.9900    0.0180000      54405.3      17.8310    0.0180000      54405.3      17.8440    0.0220000      54405.4      17.7860    0.0230000
       54406.288      22.5510     0.357000      54406.3      19.0220    0.0220000      54406.3      17.8340    0.0210000      54406.3      17.8330    0.0160000      54406.3      17.8090    0.0280000
       54412.314      22.9730     0.629000      54412.3      19.0080    0.0200000      54412.3      17.8010    0.0230000      54412.3      17.8060    0.0240000      54412.3      17.7640    0.0280000
       52234.000       22.327000      0.25000000       52234.000       19.170000     0.022000000       52234.000       17.868000     0.028000000       52234.000       17.907000     0.016000000       52234.000       17.844000     0.037000000
       51075       22.598000      0.23300000       51075       19.228000     0.016000000       51075       17.906000     0.014000000       51075       17.949000     0.016000000       51075       17.836000     0.027000000
       51133       23.156000      0.51800000       51133       19.193000     0.020000000       51133       17.927000     0.024000000       51133       17.926000     0.042000000       51133       17.891000     0.036000000
       51134       22.708000      0.31800000       51134       19.167000     0.027000000       51134       17.870000     0.037000000       51134       17.960000     0.037000000       51134       17.901000     0.035000000
       52170       22.709000      0.26000000       52170       19.179000     0.018000000       52170       17.888000     0.023000000       52170       17.910000     0.020000000       52170       17.820000     0.027000000
       52197       22.999000      0.41500000       52197       19.166000     0.022000000       52197       17.861000     0.031000000       52197       17.884000     0.025000000       52197       17.835000     0.029000000
       52207       23.499000      0.58300000       52207       19.173000     0.029000000       52207       17.878000     0.024000000       52207       17.907000     0.027000000       52207       17.810000     0.020000000
       52225       23.150000      0.44600000       52225       19.206000     0.019000000       52225       17.893000     0.016000000       52225       17.915000     0.029000000       52225       17.857000     0.026000000
       52231       23.426000      0.41000000       52231       19.201000     0.035000000       52231       17.889000     0.024000000       52231       17.934000     0.017000000       52231       17.838000     0.025000000
       52234       22.319000      0.22700000       52234       19.171000     0.023000000       52234       17.871000     0.031000000       52234       17.897000     0.028000000       52234       17.847000     0.044000000
       52253       23.132000      0.48700000       52253       19.208000     0.024000000       52253       17.897000     0.025000000       52253       17.924000     0.020000000       52253       17.860000     0.032000000
       52282       23.134000      0.38700000       52282       19.225000     0.026000000       52282       17.913000     0.019000000       52282       17.952000     0.023000000       52282       17.842000     0.028000000
       52287       22.817000      0.30100000       52287       19.236000     0.015000000       52287       17.911000     0.021000000       52287       17.924000     0.015000000       52287       17.878000     0.027000000
       52557       24.184000       2.3210000       52557       19.327000     0.022000000       52557       17.945000     0.018000000       52557       17.982000     0.020000000       52557       17.918000     0.028000000
       52578       22.895000      0.30700000       52578       19.318000     0.020000000       52578       17.945000     0.020000000       52578       17.995000     0.018000000       52578       17.913000     0.035000000
       52912       23.266000       1.3090000       52912       19.317000     0.030000000       52912       17.963000     0.020000000       52912       18.001000     0.029000000       52912       17.940000     0.027000000
       52934       22.548000      0.29800000       52934       19.262000     0.024000000       52934       17.953000     0.025000000       52934       17.999000     0.016000000       52934       17.893000     0.036000000
       52936       23.896000      0.44600000       52936       19.316000     0.019000000       52936       17.965000     0.016000000       52936       17.974000     0.023000000       52936       17.942000     0.022000000
       53270       22.337000      0.38400000       53270       19.236000     0.021000000       53270       17.950000     0.028000000       53270       17.966000     0.011000000       53270       17.863000     0.032000000
       53272       23.038000      0.47800000       53272       19.335000     0.042000000       53272       17.938000     0.021000000       53272       17.944000     0.038000000       53272       17.923000     0.034000000
       53286       22.668000      0.37200000       53286       19.245000     0.019000000       53286       17.906000     0.021000000       53286       17.970000     0.015000000       53286       17.880000     0.034000000
       53288       22.670000      0.28600000       53288       19.248000     0.018000000       53288       17.955000     0.015000000       53288       17.960000     0.020000000       53288       17.851000     0.026000000
       53294       22.486000      0.42800000       53294       19.228000     0.022000000       53294       17.887000     0.020000000       53294       17.975000     0.018000000       53294       17.865000     0.034000000
       53298       23.393000      0.62400000       53298       19.245000     0.023000000       53298       17.944000     0.023000000       53298       17.972000     0.026000000       53298       17.889000     0.024000000
       53312       23.209000       1.0720000       53312       19.178000     0.029000000       53312       17.905000     0.016000000       53312       17.945000     0.020000000       53312       17.901000     0.031000000
       53314       22.638000      0.30400000       53314       19.214000     0.032000000       53314       17.928000     0.021000000       53314       17.962000     0.020000000       53314       17.850000     0.025000000
       53319       22.596000      0.37200000       53319       19.248000     0.024000000       53319       17.922000     0.021000000       53319       17.971000     0.025000000       53319       17.906000     0.039000000
