       51075.369      20.1590    0.0420000      51075.4      20.1920    0.0200000      51075.4      20.2180    0.0260000      51075.4      19.9530    0.0340000      51075.4      20.0040     0.125000
       52170.390      20.2170    0.0460000      52170.4      20.1350    0.0190000      52170.4      20.1700    0.0240000      52170.4      19.9280    0.0290000      52170.4      19.8200    0.0840000
       52196.388      20.1880    0.0550000      52196.4      20.1190    0.0210000      52196.4      20.1550    0.0270000      52196.4      19.8870    0.0360000      52196.4      19.9200     0.110000
       52207.355      20.0690    0.0480000      52207.4      20.0870    0.0190000      52207.4      20.0870    0.0240000      52207.4      19.8390    0.0280000      52207.4      19.8150    0.0840000
       52224.283      20.2040    0.0460000      52224.3      20.0940    0.0180000      52224.3      20.1100    0.0220000      52224.3      19.8820    0.0270000      52224.3      20.0060    0.0840000
       52231.269      20.1090    0.0460000      52231.3      20.1350    0.0200000      52231.3      20.0800    0.0240000      52231.3      19.9130    0.0310000      52231.3      19.8900    0.0970000
       52234.240      20.1520    0.0450000      52234.2      20.0800    0.0180000      52234.2      20.0880    0.0230000      52234.2      19.8840    0.0270000      52234.2      19.7330    0.0680000
       52261.203      20.1340    0.0470000      52261.2      20.1160    0.0200000      52261.2      20.1070    0.0260000      52261.2      19.8600    0.0300000      52261.2      20.1130     0.115000
       52282.130      20.0650    0.0470000      52282.1      20.0750    0.0210000      52282.1      20.0100    0.0250000      52282.1      19.7990    0.0300000      52282.1      19.8310     0.104000
       52287.084      20.0570    0.0430000      52287.1      20.0290    0.0190000      52287.1      20.0150    0.0230000      52287.1      19.8290    0.0290000      52287.1      19.8810    0.0940000
       52552.402      20.0770    0.0440000      52552.4      20.0690    0.0190000      52552.4      20.0190    0.0220000      52552.4      19.8320    0.0280000      52552.4      19.7820    0.0850000
       52557.377      20.1150    0.0470000      52557.4      20.1090    0.0200000      52557.4      20.0390    0.0250000      52557.4      19.7630    0.0300000      52557.4      19.7180    0.0900000
       52908.351      20.0080    0.0410000      52908.4      19.9630    0.0170000      52908.3      19.9230    0.0200000      52908.4      19.7660    0.0270000      52908.4      19.6340    0.0730000
       52912.331      20.0110    0.0460000      52912.3      19.9180    0.0200000      52912.3      19.9400    0.0210000      52912.3      19.7180    0.0280000      52912.3      19.6730    0.0840000
       52934.283      20.0440    0.0480000      52934.3      19.9470    0.0180000      52934.3      19.9590    0.0240000      52934.3      19.7830    0.0330000      52934.3      19.8940     0.118000
       52936.279      20.0690    0.0400000      52936.3      19.9500    0.0170000      52936.3      19.9770    0.0210000      52936.3      19.7750    0.0260000      52936.3      19.7170    0.0780000
       53270.343      19.9210    0.0780000      53270.3     -99.9900    0.0220000      53270.3     -99.9900    0.0650000      53270.3     -99.9900     0.252000      53270.3     -99.9900     0.420000
       53272.393      20.0620    0.0520000      53272.4      19.9750    0.0190000      53272.4      20.0100    0.0230000      53272.4      19.7240    0.0280000      53272.4      19.7350    0.0930000
       53286.362      20.0570    0.0530000      53286.4      19.9530    0.0200000      53286.4      19.9790    0.0230000      53286.4      19.7890    0.0290000      53286.4      19.7470    0.0790000
       53288.320      20.0560    0.0420000      53288.3      19.9620    0.0170000      53288.3      19.9500    0.0210000      53288.3      19.7060    0.0250000      53288.3      19.6980    0.0710000
       53294.368      20.0190    0.0500000      53294.4      19.9790    0.0190000      53294.4      20.0080    0.0260000      53294.4      19.7740    0.0290000      53294.4      19.7590    0.0920000
       53296.315      20.0830    0.0550000      53296.3      19.9510    0.0270000      53296.3      20.0420    0.0300000      53296.3      19.7940    0.0440000      53296.3      19.8120     0.127000
       53298.365      19.9900    0.0510000      53298.4      19.9730    0.0190000      53298.4      20.0220    0.0300000      53298.4      19.7090    0.0350000      53298.4      19.9440     0.124000
       53302.316      20.1050    0.0840000      53302.3      19.9350    0.0360000      53302.3      19.9990    0.0360000      53302.3      19.7140    0.0350000      53302.3      19.7870    0.0960000
       53312.272      19.9640    0.0890000      53312.3      19.9350    0.0360000      53312.3     -99.9900    0.0380000      53312.3      19.7080    0.0520000      53312.3      19.7350     0.129000
       53314.273      20.0500    0.0470000      53314.3      19.9550    0.0190000      53314.3      20.0130    0.0270000      53314.3      19.8010    0.0320000      53314.3      19.7620    0.0950000
       53319.260      19.9720    0.0510000      53319.3      19.9630    0.0210000      53319.3      19.9810    0.0290000      53319.3      19.7260    0.0340000      53319.3      19.7260     0.111000
       53616.377      19.9600    0.0610000      53616.4      19.9770    0.0220000      53616.4      19.9680    0.0260000      53616.4      19.7620    0.0380000      53616.4      19.7200     0.131000
       53626.353      20.0590    0.0590000      53626.4      19.9800    0.0200000      53626.4      19.9780    0.0260000      53626.4     -99.9900    0.0350000      53626.4      19.8440    0.0910000
       53628.338      19.9730    0.0810000      53628.3      19.9240    0.0350000      53628.3      20.0500    0.0360000      53628.3      19.8080    0.0380000      53628.3      19.6120    0.0830000
       53637.340      19.8740    0.0670000      53637.3      20.0070    0.0300000      53637.3      20.0130    0.0320000      53637.3      19.7770    0.0360000      53637.3      19.7550     0.102000
       53639.385      20.0220    0.0500000      53639.4      20.0050    0.0200000      53639.4      19.9920    0.0220000      53639.4      19.7800    0.0270000      53639.4      19.7820    0.0730000
       53641.384      20.1410    0.0480000      53641.4      19.9860    0.0190000      53641.4      20.0290    0.0220000      53641.4      19.7620    0.0260000      53641.4      19.7040    0.0700000
       53657.343      19.7280     0.134000      53657.3      19.8960    0.0680000      53657.3      19.7560    0.0530000      53657.3      19.5900    0.0620000      53657.3      20.1010     0.278000
       53663.328      20.0120    0.0760000      53663.3      20.0080    0.0340000      53663.3      20.0070    0.0340000      53663.3      19.7650    0.0310000      53663.3      19.7730    0.0800000
       53666.398      19.9480    0.0780000      53666.4      19.9720    0.0290000      53666.4      20.0080    0.0310000      53666.4      19.8310    0.0330000      53666.4      19.8230    0.0900000
       53668.318      20.0680    0.0620000      53668.3      19.9680    0.0230000      53668.3      20.0900    0.0310000      53668.3      19.8260    0.0350000      53668.3      19.7680     0.102000
       53669.405      20.1550    0.0990000      53669.4      20.0500    0.0320000      53669.4      20.0230    0.0360000      53669.4      19.8340    0.0410000      53669.4      19.8720     0.118000
       53670.322      20.1090    0.0510000      53670.3      20.0140    0.0210000      53670.3      20.0380    0.0250000      53670.3      19.8120    0.0310000      53670.3      19.9120     0.120000
       53673.290      20.0580    0.0450000      53673.3      19.9590    0.0170000      53673.3      20.0000    0.0220000      53673.3      19.7260    0.0250000      53673.3      19.7730    0.0710000
       53675.287      20.0130    0.0450000      53675.3      20.0010    0.0180000      53675.3      20.0150    0.0230000      53675.3      19.8170    0.0320000      53675.3      19.8370    0.0930000
       53677.308      20.1820    0.0500000      53677.3      19.9910    0.0170000      53677.3      20.0110    0.0220000      53677.3      19.7830    0.0260000      53677.3      19.7730    0.0670000
       53680.295      20.1010    0.0440000      53680.3      20.0010    0.0170000      53680.3      20.0100    0.0230000      53680.3      19.7980    0.0260000      53680.3      19.7300    0.0660000
       53686.294      20.1710     0.150000      53686.3      20.1050    0.0630000      53686.3      20.0250    0.0540000      53686.3      19.7870    0.0520000      53686.3      19.6880     0.114000
       53693.297      20.1540     0.106000      53693.3      20.0600    0.0420000      53693.3      20.0550    0.0360000      53693.3      19.8010    0.0350000      53693.3      19.7340    0.0810000
       53698.294      20.1760    0.0540000      53698.3      20.0380    0.0200000      53698.3      20.0580    0.0250000      53698.3      19.7910    0.0280000      53698.3      19.8840    0.0840000
       53704.280      20.1080    0.0580000      53704.3      20.0880    0.0230000      53704.3      20.0420    0.0270000      53704.3      19.7590    0.0300000      53704.3      19.9290     0.110000
       53989.376      20.0590     0.112000      53989.4      19.9560    0.0460000      53989.4      20.0490    0.0470000      53989.4      19.7990    0.0440000      53989.4      19.6380    0.0760000
       53995.391      20.1630    0.0440000      53995.4      20.0310    0.0180000      53995.4      20.0430    0.0200000      53995.4      19.8230    0.0260000      53995.4      19.8680    0.0720000
       54000.352      20.1010    0.0500000      54000.4      20.0550    0.0270000      54000.4      20.0420    0.0340000      54000.4      19.7370    0.0320000      54000.4      19.8920     0.106000
       54006.298     -99.9900     0.507000      54006.3     -99.9900    0.0650000      54006.3     -99.9900    0.0530000      54006.3     -99.9900    0.0760000      54006.3     -99.9900      1.55400
       54007.402      20.0720    0.0520000      54007.4     -99.9900    0.0290000      54007.4      20.0530    0.0300000      54007.4      19.7690    0.0400000      54007.4      19.8760     0.113000
       54009.326      20.2440    0.0590000      54009.3      20.0390    0.0210000      54009.3      20.0690    0.0220000      54009.3      19.7860    0.0260000      54009.3      20.0300    0.0930000
       54011.390      20.1740    0.0380000      54011.4      20.0970    0.0300000      54011.4      20.0750    0.0230000      54011.4      19.7930    0.0260000      54011.4      20.0330     0.126000
       54025.389      20.1830    0.0580000      54025.4      20.0950    0.0280000      54025.4      20.0670    0.0320000      54025.4      19.7980    0.0360000      54025.4      20.0330     0.124000
       54029.319      20.3110    0.0520000      54029.3      20.0690    0.0250000      54029.3      20.0920    0.0270000      54029.3      19.8500    0.0340000      54029.3      19.6320    0.0870000
       54346.383      20.0090    0.0760000      54346.4      20.0430    0.0340000      54346.4      20.1110    0.0380000      54346.4      19.8560    0.0390000      54346.4      19.8770    0.0900000
       54348.387      20.0370    0.0520000      54348.4      20.0260    0.0240000      54348.4      20.0740    0.0300000      54348.4      19.8270    0.0310000      54348.4      19.8520    0.0870000
       54358.343      20.0920    0.0510000      54358.3     -99.9900    0.0350000      54358.3      20.0710    0.0320000      54358.3      19.7280    0.0360000      54358.3      20.0230     0.123000
       54359.337      19.7860     0.115000      54359.3      20.0490    0.0400000      54359.3      19.9320    0.0970000      54359.3      20.1530     0.184000      54359.3      19.6590     0.230000
       54365.376      20.2030    0.0450000      54365.4      20.0560    0.0250000      54365.4      20.0870    0.0220000      54365.4      19.8550    0.0280000      54365.4      19.9050    0.0810000
       54381.395      20.3590    0.0840000      54381.4      20.1340    0.0250000      54381.4      20.1180    0.0280000      54381.4      19.8520    0.0520000      54381.4      19.8250    0.0910000
       54384.402      20.2510    0.0510000      54384.4      20.1550    0.0230000      54384.4      20.1520    0.0270000      54384.4      19.9070    0.0290000      54384.4      19.7600    0.0710000
       54386.388      20.2390    0.0580000      54386.4      20.1430    0.0300000      54386.4      20.1740    0.0280000      54386.4      19.8630    0.0290000      54386.4      19.7650    0.0790000
       54388.392      20.2500    0.0490000      54388.4      20.1320    0.0270000      54388.4      20.1520    0.0290000      54388.4      19.8860    0.0290000      54388.4      19.8930    0.0750000
       54392.389      20.1590    0.0620000      54392.4      20.1570    0.0420000      54392.4      20.1280    0.0340000      54392.4      19.8570    0.0410000      54392.4      19.9510     0.124000
       54403.306      20.0580     0.149000      54403.3      20.0570    0.0720000      54403.3      19.8840     0.150000      54403.3      19.7400     0.146000      54403.3      19.8980     0.285000
       54404.363      20.1030    0.0780000      54404.4      20.1130    0.0330000      54404.4     -99.9900     0.140000      54404.4     -99.9900    0.0690000      54404.4      20.0020     0.128000
       54405.361      20.1690    0.0640000      54405.4      20.1470    0.0270000      54405.4      20.1610    0.0360000      54405.4      19.8640    0.0340000      54405.4      19.8700    0.0740000
       54406.299      20.1830    0.0440000      54406.3      20.1360    0.0240000      54406.3      20.1390    0.0280000      54406.3      19.8900    0.0260000      54406.3      19.9310    0.0650000
       54412.325      20.2240    0.0660000      54412.3     -99.9900    0.0400000      54412.3      20.1840    0.0390000      54412.3      19.8160    0.0380000      54412.3      19.9830     0.111000
       52234.000       20.225000     0.045000000       52234.000       20.114000     0.021000000       52234.000       20.104000     0.025000000       52234.000       19.871000     0.028000000       52234.000       19.731000     0.067000000
       51075       20.167000     0.038000000       51075       20.176000     0.024000000       51075       20.204000     0.027000000       51075       19.949000     0.034000000       51075       19.926000      0.11700000
       51133       20.281000     0.051000000       51133       20.215000     0.021000000       51133       20.232000     0.035000000       51133       19.933000     0.041000000       51133       19.871000      0.11600000
       51134       20.209000     0.045000000       51134       20.192000     0.025000000       51134       20.228000     0.031000000       51134       19.930000     0.041000000       51134       19.963000      0.10700000
       52170       20.206000     0.038000000       52170       20.159000     0.029000000       52170       20.168000     0.025000000       52170       19.902000     0.029000000       52170       19.792000     0.082000000
       52173       20.164000     0.055000000       52173       20.066000     0.027000000       52173       20.150000     0.031000000       52173       19.958000     0.051000000       52173       19.934000      0.13300000
       52197       20.118000     0.050000000       52197       20.068000     0.025000000       52197       20.121000     0.034000000       52197       19.802000     0.038000000       52197       19.845000     0.089000000
       52207       20.134000     0.046000000       52207       20.126000     0.028000000       52207       20.099000     0.028000000       52207       19.839000     0.028000000       52207       19.813000     0.078000000
       52231       20.132000     0.042000000       52231       20.145000     0.026000000       52231       20.106000     0.025000000       52231       19.934000     0.032000000       52231       19.925000     0.096000000
       52234       20.225000     0.042000000       52234       20.108000     0.024000000       52234       20.105000     0.025000000       52234       19.867000     0.027000000       52234       19.730000     0.067000000
       52253       20.317000     0.070000000       52253       20.051000     0.032000000       52253       20.106000     0.029000000       52253       19.862000     0.041000000       52253       19.801000      0.10700000
       52261       20.117000     0.045000000       52261       20.128000     0.024000000       52261       20.110000     0.031000000       52261       19.844000     0.032000000       52261       20.111000      0.11000000
       52282       20.065000     0.041000000       52282       20.059000     0.026000000       52282       20.029000     0.028000000       52282       19.805000     0.034000000       52282       19.844000      0.10400000
       52287       20.119000     0.049000000       52287       20.021000     0.021000000       52287       20.018000     0.024000000       52287       19.821000     0.031000000       52287       19.830000     0.089000000
       52552       20.087000     0.042000000       52552       20.092000     0.025000000       52552       20.014000     0.025000000       52552       19.803000     0.028000000       52552       19.762000     0.084000000
       52557       20.185000     0.043000000       52557       20.123000     0.026000000       52557       20.062000     0.027000000       52557       19.780000     0.031000000       52557       19.711000     0.085000000
       52872       20.031000     0.047000000       52872       19.975000     0.024000000       52872       19.981000     0.026000000       52872       19.766000     0.032000000       52872       19.683000     0.070000000
       52908       20.036000     0.039000000       52908       19.987000     0.019000000       52908       19.929000     0.023000000       52908       19.741000     0.026000000       52908       19.625000     0.094000000
       52912       20.047000     0.043000000       52912       19.978000     0.022000000       52912       19.974000     0.025000000       52912       19.721000     0.032000000       52912       19.654000     0.081000000
       52934       20.032000     0.043000000       52934       19.939000     0.021000000       52934       19.976000     0.027000000       52934       19.760000     0.035000000       52934       19.878000      0.11100000
       52936       20.126000     0.037000000       52936       19.979000     0.023000000       52936       19.991000     0.023000000       52936       19.766000     0.029000000       52936       19.695000     0.072000000
       53270       19.594000     0.092000000       53270       19.298000     0.027000000       53270       19.802000     0.072000000       53270       19.348000      0.26100000       53270       20.636000      0.45500000
       53272       20.056000     0.048000000       53272       19.986000     0.027000000       53272       20.003000     0.028000000       53272       19.742000     0.030000000       53272       19.742000     0.091000000
       53286       20.065000     0.047000000       53286       19.964000     0.031000000       53286       19.994000     0.024000000       53286       19.776000     0.028000000       53286       19.729000     0.076000000
       53288       20.094000     0.037000000       53288       20.007000     0.022000000       53288       19.981000     0.024000000       53288       19.726000     0.027000000       53288       19.690000     0.077000000
       53294       19.986000     0.050000000       53294       19.989000     0.027000000       53294       20.003000     0.026000000       53294       19.776000     0.032000000       53294       19.745000     0.089000000
       53298       19.985000     0.048000000       53298       19.984000     0.028000000       53298       20.016000     0.032000000       53298       19.688000     0.037000000       53298       19.929000      0.12600000
       53312       20.061000     0.093000000       53312       19.949000     0.039000000       53312       20.023000     0.041000000       53312       19.700000     0.055000000       53312       19.719000      0.14000000
       53314       20.068000     0.045000000       53314       19.956000     0.022000000       53314       20.002000     0.027000000       53314       19.775000     0.035000000       53314       19.723000     0.092000000
       53319       19.975000     0.048000000       53319       19.945000     0.076000000       53319       19.958000     0.030000000       53319       19.706000     0.037000000       53319       19.671000      0.10600000
