       51075.361      19.6800    0.0310000      51075.4      19.3360    0.0120000      51075.4      19.0960    0.0120000      51075.4      19.0940    0.0180000      51075.4      18.8510    0.0500000
       51819.416      19.6270    0.0440000      51819.4      19.3020    0.0120000      51819.4      19.0560    0.0120000      51819.4      19.1030    0.0150000      51819.4      18.8580    0.0450000
       52196.380      19.6600    0.0350000      52196.4      19.4180    0.0140000      52196.4      19.2540    0.0140000      52196.4      19.1860    0.0190000      52196.4      19.0080    0.0530000
       52197.374      19.7610    0.0370000      52197.4      19.4130    0.0130000      52197.4      19.2370    0.0130000      52197.4      19.1820    0.0170000      52197.4      18.9720    0.0480000
       52207.347      19.6920    0.0330000      52207.3      19.4170    0.0130000      52207.3      19.2230    0.0130000      52207.3      19.2160    0.0160000      52207.3      18.9810    0.0440000
       52225.225      19.6760    0.0310000      52225.2      19.3720    0.0120000      52225.2      19.2200    0.0120000      52225.2      19.1670    0.0160000      52225.2      19.0240    0.0440000
       52231.260      19.6590    0.0330000      52231.3      19.3920    0.0120000      52231.3      19.2340    0.0120000      52231.3      19.2020    0.0160000      52231.3      18.9850    0.0410000
       52234.231      19.6520    0.0330000      52234.2      19.3780    0.0130000      52234.2      19.2360    0.0130000      52234.2      19.2130    0.0160000      52234.2      19.0040    0.0440000
       52282.121      19.6080    0.0330000      52282.1      19.3180    0.0130000      52282.1      19.1650    0.0140000      52282.1      19.1690    0.0190000      52282.1      19.0060    0.0530000
       52287.075      19.6410    0.0320000      52287.1      19.3280    0.0130000      52287.1      19.2070    0.0130000      52287.1      19.1980    0.0170000      52287.1      18.9930    0.0460000
       52552.394      19.6650    0.0320000      52552.4      19.3390    0.0120000      52552.4      19.2050    0.0120000      52552.4      19.1870    0.0160000      52552.4      19.0510    0.0440000
       52557.368      19.6500    0.0370000      52557.4      19.3450    0.0140000      52557.4      19.1790    0.0130000      52557.4      19.1940    0.0180000      52557.4      18.9250    0.0560000
       52578.264      19.6600    0.0310000      52578.3      19.3490    0.0120000      52578.3      19.2040    0.0130000      52578.3      19.1760    0.0160000      52578.3      18.9970    0.0430000
       52908.343      19.4620    0.0290000      52908.3      19.2140    0.0110000      52908.3      19.1510    0.0120000      52908.3      19.1510    0.0160000      52908.3      18.9290    0.0420000
       52912.322      19.5300    0.0330000      52912.3      19.2200    0.0120000      52912.3      19.1410    0.0120000      52912.3      19.1580    0.0170000      52912.3      19.0260    0.0460000
       52934.275      19.4550    0.0300000      52934.3      19.2110    0.0120000      52934.3      19.1360    0.0130000      52934.3      19.1510    0.0180000      52934.3      19.0950    0.0610000
       52936.271      19.4470    0.0280000      52936.3      19.2320    0.0110000      52936.3      19.1370    0.0120000      52936.3      19.1350    0.0160000      52936.3      18.9750    0.0420000
       53270.335      19.5810    0.0330000      53270.3     -99.9900    0.0460000      53270.3     -99.9900    0.0190000      53270.3      19.1770    0.0180000      53270.3     -99.9900    0.0480000
       53272.385      19.6020    0.0380000      53272.4      19.3440    0.0140000      53272.4      19.1940    0.0130000      53272.4      19.2100    0.0190000      53272.4      19.0020    0.0510000
       53286.353      19.6740    0.0380000      53286.4      19.3510    0.0140000      53286.4      19.1960    0.0130000      53286.4      19.1870    0.0160000      53286.4      18.9660    0.0400000
       53288.312      19.5910    0.0310000      53288.3      19.3060    0.0120000      53288.3      19.1890    0.0130000      53288.3      19.1870    0.0160000      53288.3      18.9990    0.0430000
       53294.360      19.6520    0.0380000      53294.4      19.2940    0.0140000      53294.4      19.2000    0.0180000      53294.4      19.1590    0.0220000      53294.4     -99.9900    0.0570000
       53296.307      19.6630    0.0340000      53296.3      19.3210    0.0440000      53296.3      19.1440    0.0260000      53296.3      19.1930    0.0220000      53296.3      19.0170    0.0660000
       53298.356      19.6320    0.0360000      53298.4      19.3220    0.0140000      53298.4      19.1880    0.0150000      53298.4      19.2050    0.0190000      53298.4      19.1320    0.0610000
       53302.308      19.6330    0.0620000      53302.3      19.3000    0.0210000      53302.3      19.1460    0.0200000      53302.3      19.1690    0.0230000      53302.3      18.9960    0.0480000
       53312.263      19.6450    0.0500000      53312.3      19.3120    0.0240000      53312.3      19.1660    0.0190000      53312.3      19.2130    0.0280000      53312.3      19.0340    0.0600000
       53314.264      19.5970    0.0330000      53314.3      19.3050    0.0130000      53314.3      19.1390    0.0140000      53314.3      19.1240    0.0190000      53314.3      18.9350    0.0500000
       53319.252      19.6430    0.0400000      53319.3      19.2850    0.0150000      53319.2      19.1770    0.0150000      53319.2      19.1800    0.0220000      53319.3      19.1460    0.0750000
       53616.369      19.5160    0.0390000      53616.4      19.2880    0.0150000      53616.4      19.1530    0.0140000      53616.4      19.1200    0.0200000      53616.4      19.0190    0.0660000
       53626.345      19.5410    0.0410000      53626.3     -99.9900    0.0370000      53626.3      19.1750    0.0140000      53626.3      19.1640    0.0240000      53626.3      18.8880    0.0490000
       53628.330      19.5720    0.0610000      53628.3     -99.9900    0.0220000      53628.3      19.1480    0.0190000      53628.3      19.1320    0.0220000      53628.3      18.9820    0.0500000
       53637.332      19.6050    0.0530000      53637.3      19.3000    0.0190000      53637.3      19.1460    0.0160000      53637.3      19.1300    0.0210000      53637.3      18.8980    0.0550000
       53639.377      19.5870    0.0360000      53639.4      19.3120    0.0130000      53639.4      19.1500    0.0120000      53639.4      19.1720    0.0150000      53639.4      18.9610    0.0360000
       53641.376      19.5660    0.0330000      53641.4      19.2680    0.0120000      53641.4      19.1540    0.0120000      53641.4      19.1430    0.0150000      53641.4      18.9980    0.0400000
       53654.359      19.6390    0.0340000      53654.4      19.2930    0.0120000      53654.4      19.1760    0.0130000      53654.4      19.1510    0.0170000      53654.4      19.0300    0.0520000
       53657.335     -99.9900     0.122000      53657.3      19.3140    0.0380000      53657.3      19.2100    0.0360000      53657.3     -99.9900    0.0410000      53657.3     -99.9900    0.0840000
       53663.320      19.5980    0.0570000      53663.3      19.3040    0.0200000      53663.3      19.1630    0.0160000      53663.3      19.1670    0.0180000      53663.3      18.9520    0.0430000
       53665.298      19.6670    0.0560000      53665.3      19.4040    0.0580000      53665.3     -99.9900     0.218000      53665.3     -99.9900    0.0800000      53665.3     -99.9900    0.0640000
       53666.390      19.6540    0.0630000      53666.4      19.2900    0.0180000      53666.4      19.1660    0.0150000      53666.4      19.1770    0.0180000      53666.4      18.9470    0.0480000
       53668.309      19.5530    0.0400000      53668.3     -99.9900    0.0160000      53668.3      19.1230    0.0140000      53668.3      19.1000    0.0180000      53668.3      18.9690    0.0530000
       53670.314      19.6130    0.0380000      53670.3      19.2840    0.0130000      53670.3      19.1750    0.0160000      53670.3      19.1150    0.0200000      53670.3      18.9560    0.0570000
       53673.282      19.6130    0.0340000      53673.3      19.3100    0.0120000      53673.3      19.1660    0.0120000      53673.3      19.1600    0.0160000      53673.3      18.9690    0.0440000
       53675.279      19.6550    0.0350000      53675.3      19.3060    0.0120000      53675.3      19.1770    0.0140000      53675.3      19.1500    0.0180000      53675.3      19.0230    0.0510000
       53677.300      19.6310    0.0330000      53677.3      19.3390    0.0120000      53677.3      19.1570    0.0120000      53677.3      19.1890    0.0150000      53677.3      18.9800    0.0400000
       53680.287      19.5960    0.0330000      53680.3      19.2880    0.0130000      53680.3      19.1650    0.0130000      53680.3      19.1510    0.0160000      53680.3      18.9680    0.0390000
       53686.286      19.5150    0.0840000      53686.3      19.3110    0.0350000      53686.3      19.1610    0.0270000      53686.3      19.1370    0.0280000      53686.3      19.1260    0.0790000
       53693.289      19.6280    0.0690000      53693.3      19.3470    0.0240000      53693.3      19.1550    0.0180000      53693.3      19.1420    0.0210000      53693.3      18.9850    0.0500000
       53698.286      19.6290    0.0380000      53698.3      19.3420    0.0130000      53698.3      19.1830    0.0130000      53698.3      19.1550    0.0170000      53698.3      19.0070    0.0460000
       53704.272      19.5580    0.0390000      53704.3      19.3210    0.0150000      53704.3      19.1780    0.0130000      53704.3      19.2040    0.0210000      53704.3      18.9100    0.0570000
       53989.368     -99.9900    0.0710000      53989.4      19.4090    0.0290000      53989.4      19.2520    0.0250000      53989.4      19.2790    0.0280000      53989.4      19.0700    0.0520000
       53995.383      19.7290    0.0330000      53995.4      19.4520    0.0160000      53995.4      19.2770    0.0150000      53995.4      19.2390    0.0190000      53995.4      19.0610    0.0370000
       54000.343      19.7760    0.0390000      54000.3      19.4540    0.0200000      54000.3      19.2900    0.0190000      54000.3      19.2470    0.0230000      54000.3      19.0020    0.0490000
       54006.290     -99.9900      1.00000      54006.3     -99.9900    0.0900000      54006.3      19.2540    0.0190000      54006.3     -99.9900    0.0470000      54006.3     -99.9900     0.145000
       54007.393      19.7050    0.0420000      54007.4      19.4550    0.0230000      54007.4      19.2810    0.0170000      54007.4      19.2650    0.0230000      54007.4      19.0410    0.0520000
       54009.317      19.8160    0.0410000      54009.3      19.4460    0.0200000      54009.3      19.2630    0.0190000      54009.3      19.2750    0.0190000      54009.3      19.0490    0.0390000
       54011.382      19.7480    0.0300000      54011.4      19.4700    0.0180000      54011.4      19.2530    0.0220000      54011.4      19.2200    0.0370000      54011.4      19.1310    0.0370000
       54025.381      19.7050    0.0510000      54025.4      19.4110    0.0390000      54025.4      19.2840    0.0220000      54025.4      19.2520    0.0230000      54025.4      19.0690    0.0600000
       54029.311      19.7110    0.0360000      54029.3      19.4520    0.0260000      54029.3      19.2870    0.0210000      54029.3      19.2180    0.0200000      54029.3      19.0460    0.0530000
       54348.379      19.7980    0.0450000      54348.4      19.4730    0.0230000      54348.4      19.3140    0.0210000      54348.4      19.2670    0.0220000      54348.4      19.0150    0.0490000
       54358.334     -99.9900    0.0490000      54358.3     -99.9900    0.0280000      54358.3      19.2980    0.0210000      54358.3      19.2830    0.0300000      54358.3      19.1600    0.0650000
       54359.329      19.9750     0.112000      54359.3      19.5270    0.0530000      54359.3      19.3530    0.0450000      54359.3      19.2370    0.0610000      54359.3     -99.9900     0.250000
       54365.367      19.7860    0.0380000      54365.4      19.4680    0.0170000      54365.4      19.3100    0.0200000      54365.4      19.2930    0.0180000      54365.4      19.1780    0.0440000
       54381.387      19.8740    0.0490000      54381.4     -99.9900    0.0200000      54381.4      19.3230    0.0180000      54381.4     -99.9900    0.0240000      54381.4      19.1480    0.0490000
       54384.394      19.7620    0.0360000      54384.4      19.5210    0.0180000      54384.4      19.3030    0.0220000      54384.4      19.2660    0.0220000      54384.4      19.0900    0.0460000
       54386.379      19.8420    0.0500000      54386.4      19.4930    0.0250000      54386.4      19.2880    0.0270000      54386.4      19.3140    0.0310000      54386.4      19.1180    0.0490000
       54388.384      19.7750    0.0470000      54388.4     -99.9900    0.0380000      54388.4      19.3150    0.0230000      54388.4      19.2830    0.0250000      54388.4      18.9240    0.0470000
       54392.381     -99.9900    0.0530000      54392.4      19.4730    0.0270000      54392.4      19.3220    0.0250000      54392.4      19.2680    0.0250000      54392.4      19.0500    0.0660000
       54403.297      19.6640    0.0610000      54403.3      19.5890    0.0470000      54403.3      19.2280    0.0260000      54403.3      19.2670    0.0310000      54403.3      19.1010    0.0760000
       54404.355      19.8120    0.0580000      54404.4      19.4880    0.0260000      54404.4      19.2740    0.0250000      54404.4      19.3060    0.0270000      54404.4      19.1040    0.0560000
       54405.353      19.7090    0.0450000      54405.4      19.5020    0.0230000      54405.4      19.3440    0.0200000      54405.4      19.2790    0.0190000      54405.4      19.0740    0.0470000
       54406.291      19.7980    0.0420000      54406.3      19.5140    0.0220000      54406.3      19.3030    0.0310000      54406.3      19.2550    0.0210000      54406.3      19.1130    0.0400000
       54412.317      19.6970    0.0460000      54412.3      19.4890    0.0240000      54412.3      19.3480    0.0210000      54412.3      19.2560    0.0200000      54412.3      19.1070    0.0600000
       52234.000       19.612000     0.036000000       52234.000       19.392000     0.030000000       52234.000       19.214000     0.017000000       52234.000       19.197000     0.019000000       52234.000       18.984000     0.044000000
       51075       19.639000     0.081000000       51075       19.369000     0.021000000       51075       19.107000     0.019000000       51075       19.127000     0.022000000       51075       18.876000     0.054000000
       51133       19.750000     0.031000000       51133       19.358000     0.021000000       51133       19.141000     0.046000000       51133       19.182000     0.078000000       51133       19.005000     0.086000000
       51134       19.741000     0.044000000       51134       19.383000     0.026000000       51134       19.081000     0.045000000       51134       19.151000     0.054000000       51134       19.049000     0.079000000
       51819       19.583000     0.034000000       51819       19.306000     0.027000000       51819       19.067000     0.023000000       51819       19.072000     0.035000000       51819       18.848000     0.048000000
       52170       19.767000     0.036000000       52170       19.440000     0.022000000       52170       19.242000     0.018000000       52170       19.215000     0.020000000       52170       19.005000     0.047000000
       52197       19.762000     0.034000000       52197       19.416000     0.026000000       52197       19.265000     0.020000000       52197       19.232000     0.022000000       52197       18.998000     0.059000000
       52207       19.630000     0.032000000       52207       19.414000     0.025000000       52207       19.220000     0.026000000       52207       19.200000     0.026000000       52207       18.963000     0.046000000
       52225       19.635000     0.030000000       52225       19.385000     0.026000000       52225       19.207000     0.049000000       52225       19.150000     0.059000000       52225       19.015000     0.050000000
       52231       19.606000     0.038000000       52231       19.407000     0.027000000       52231       19.224000     0.044000000       52231       19.201000     0.083000000       52231       19.008000     0.067000000
       52234       19.602000     0.034000000       52234       19.389000     0.029000000       52234       19.213000     0.033000000       52234       19.196000     0.052000000       52234       19.003000     0.052000000
       52253       19.559000     0.037000000       52253       19.361000     0.024000000       52253       19.193000     0.025000000       52253       19.204000     0.028000000       52253       19.093000     0.056000000
       52282       19.595000     0.030000000       52282       19.321000     0.028000000       52282       19.162000     0.033000000       52282       19.161000     0.041000000       52282       19.016000     0.067000000
       52287       19.608000     0.038000000       52287       19.310000     0.024000000       52287       19.188000     0.035000000       52287       19.197000     0.042000000       52287       19.009000     0.065000000
       52552       19.623000     0.045000000       52552       19.356000     0.037000000       52552       19.191000     0.037000000       52552       19.170000     0.060000000       52552       19.027000     0.046000000
       52557       19.554000     0.040000000       52557       19.358000     0.024000000       52557       19.183000     0.037000000       52557       19.229000     0.060000000       52557       18.950000     0.065000000
       52578       19.617000     0.033000000       52578       19.375000     0.034000000       52578       19.188000     0.032000000       52578       19.153000     0.041000000       52578       18.977000     0.048000000
       52872       19.547000     0.033000000       52872       19.323000     0.030000000       52872       19.210000     0.024000000       52872       19.227000     0.036000000       52872       19.010000     0.045000000
       52908       19.411000     0.026000000       52908       19.208000     0.022000000       52908       19.142000     0.020000000       52908       19.169000     0.020000000       52908       18.944000     0.042000000
       52912       19.504000     0.027000000       52912       19.207000     0.029000000       52912       19.141000     0.023000000       52912       19.144000     0.028000000       52912       19.020000     0.048000000
       52934       19.393000     0.031000000       52934       19.184000     0.026000000       52934       19.108000     0.023000000       52934       19.147000     0.031000000       52934       19.097000     0.066000000
       52936       19.402000     0.026000000       52936       19.237000     0.027000000       52936       19.100000     0.037000000       52936       19.119000     0.037000000       52936       18.951000     0.043000000
       53270       19.530000     0.034000000       53270       19.384000     0.044000000       53270       19.094000     0.019000000       53270       19.156000     0.019000000       53270       19.151000     0.053000000
       53272       19.553000     0.030000000       53272       19.322000     0.031000000       53272       19.172000     0.048000000       53272       19.236000     0.069000000       53272       19.078000     0.059000000
       53286       19.698000     0.064000000       53286       19.349000     0.022000000       53286       19.207000     0.026000000       53286       19.185000     0.022000000       53286       18.993000     0.043000000
       53288       19.551000     0.043000000       53288       19.313000     0.021000000       53288       19.179000     0.021000000       53288       19.174000     0.024000000       53288       19.009000     0.046000000
       53294       19.588000     0.060000000       53294       19.285000     0.044000000       53294       19.248000      0.12600000       53294       19.233000     0.068000000       53294       19.229000     0.086000000
       53298       19.559000     0.030000000       53298       19.369000     0.023000000       53298       19.182000     0.021000000       53298       19.243000     0.026000000       53298       19.157000     0.065000000
       53312       19.572000     0.052000000       53312       19.282000     0.029000000       53312       19.166000     0.023000000       53312       19.216000     0.029000000       53312       19.051000     0.071000000
       53314       19.532000     0.030000000       53314       19.334000     0.024000000       53314       19.184000     0.046000000       53314       19.146000     0.070000000       53314       18.967000     0.061000000
       53319       19.547000     0.035000000       53319       19.246000     0.032000000       53319       19.168000     0.041000000       53319       19.179000     0.060000000       53319       19.254000     0.094000000
