       51075.369      19.5890    0.0300000      51075.4      19.3280    0.0120000      51075.4      19.2240    0.0130000      51075.4      19.3980    0.0210000      51075.4      19.1640    0.0630000
       52170.390      20.8290    0.0710000      52170.4      20.2570    0.0200000      52170.4      20.2290    0.0230000      52170.4      20.3210    0.0350000      52170.4      20.0600     0.106000
       52196.388      20.9310     0.100000      52196.4      20.3590    0.0260000      52196.4      20.2720    0.0300000      52196.4      20.3440    0.0460000      52196.4      19.8980     0.113000
       52207.355      20.9190    0.0880000      52207.4      20.3870    0.0220000      52207.4      20.3050    0.0270000      52207.4      20.4970    0.0410000      52207.4      19.9880     0.102000
       52224.283      21.1170    0.0890000      52224.3      20.4120    0.0210000      52224.3      20.3920    0.0260000      52224.3      20.4820    0.0360000      52224.3      20.1890     0.144000
       52231.269      20.9750    0.0920000      52231.3      20.4160    0.0240000      52231.3      20.3910    0.0280000      52231.3      20.4370    0.0410000      52231.3      19.9480     0.105000
       52234.240      20.9210    0.0840000      52234.2      20.4110    0.0220000      52234.2      20.4140    0.0290000      52234.2      20.5080    0.0400000      52234.2      20.1470     0.105000
       52261.203      21.0430    0.0960000      52261.2      20.5620    0.0260000      52261.2      20.4690    0.0330000      52261.2      20.5480    0.0460000      52261.2      19.9660     0.105000
       52282.130      21.0210     0.100000      52282.1      20.4980    0.0280000      52282.1      20.4690    0.0360000      52282.1      20.5280    0.0490000      52282.1      19.9830     0.128000
       52287.083     -99.9900    0.0900000      52287.1      20.4220    0.0270000      52287.1      20.3890    0.0300000      52287.1      20.4200    0.0410000      52287.1      20.1740     0.127000
       52552.402      20.5020    0.0620000      52552.4      20.0910    0.0180000      52552.4      20.0350    0.0220000      52552.4      20.1400    0.0310000      52552.4      19.9520     0.106000
       52557.377      20.4670    0.0640000      52557.4      20.0720    0.0190000      52557.4      19.9660    0.0220000      52557.4      20.1190    0.0340000      52557.4      20.0460     0.125000
       52908.351      21.2100     0.103000      52908.4      20.5270    0.0250000      52908.3      20.3870    0.0280000      52908.4      20.5410    0.0470000      52908.4      20.0130     0.109000
       52912.331      21.0210     0.102000      52912.3      20.5500    0.0270000      52912.3      20.4650    0.0300000      52912.3      20.4860    0.0440000      52912.3      19.9110     0.105000
       52934.283      21.1660     0.123000      52934.3      20.5450    0.0260000      52934.3      20.5200    0.0360000      52934.3      20.5150    0.0550000      52934.3      20.2180     0.168000
       52936.279      21.2610     0.100000      52936.3      20.5030    0.0230000      52936.3      20.5120    0.0300000      52936.3      20.4490    0.0390000      52936.3      20.2020     0.121000
       53270.343      20.0620     0.102000      53270.3     -99.9900    0.0380000      53270.3     -99.9900    0.0510000      53270.3     -99.9900     0.331000      53270.3     -99.9900     0.178000
       53272.393      20.1090    0.0570000      53272.4     -99.9900    0.0160000      53272.4      19.7080    0.0190000      53272.4      19.7770    0.0270000      53272.4      19.8010     0.105000
       53286.362      19.9820    0.0510000      53286.4      19.6770    0.0160000      53286.4      19.6050    0.0180000      53286.4      19.8610    0.0260000      53286.4      19.4880    0.0650000
       53288.320      19.8880    0.0410000      53288.3      19.7120    0.0140000      53288.3      19.6100    0.0170000      53288.3      19.8210    0.0230000      53288.3      19.5900    0.0670000
       53294.368      20.0630    0.0510000      53294.4      19.7400    0.0170000      53294.4      19.6630    0.0190000      53294.4      19.8290    0.0270000      53294.4      19.3970    0.0740000
       53296.315     -99.9900    0.0560000      53296.3      19.7600    0.0420000      53296.3      19.6370    0.0240000      53296.3      19.7680    0.0350000      53296.3      19.6210     0.125000
       53298.365      19.9840    0.0520000      53298.4      19.7360    0.0160000      53298.4      19.6780    0.0210000      53298.4      19.8270    0.0340000      53298.4      19.6340    0.0920000
       53302.316      19.9990    0.0850000      53302.3     -99.9900    0.0310000      53302.3      19.6510    0.0270000      53302.3      19.8230    0.0350000      53302.3      19.5660    0.0860000
       53314.273      19.9570    0.0460000      53314.3      19.7110    0.0160000      53314.3      19.6710    0.0200000      53314.3      19.7570    0.0280000      53314.3      19.5610    0.0870000
       53319.260      20.0490    0.0540000      53319.3      19.7340    0.0180000      53319.3      19.6300    0.0220000      53319.3      19.7930    0.0330000      53319.3      19.3790    0.0900000
       53616.377      20.8250     0.131000      53616.4      20.1650    0.0250000      53616.4      20.0450    0.0280000      53616.4      20.0920    0.0460000      53616.4      19.7510     0.145000
       53626.353     -99.9900     0.111000      53626.4     -99.9900    0.0220000      53626.4      20.0780    0.0270000      53626.4     -99.9900    0.0490000      53626.4      19.9440     0.101000
       53628.338      21.0220     0.193000      53628.3      20.2610    0.0440000      53628.3      20.1310    0.0390000      53628.3      20.4290    0.0550000      53628.3      19.8600     0.106000
       53637.340      20.9440     0.169000      53637.3      20.1630    0.0340000      53637.3      20.1610    0.0360000      53637.3      20.2740    0.0500000      53637.3      19.7590     0.108000
       53639.385      20.7610    0.0860000      53639.4      20.2690    0.0240000      53639.4      20.1990    0.0240000      53639.4      20.2940    0.0330000      53639.4      20.0520    0.0940000
       53641.384      20.8640    0.0880000      53641.4      20.2520    0.0230000      53641.4      20.1190    0.0240000      53641.4      20.2350    0.0330000      53641.4      19.8700    0.0890000
       53657.343     -99.9900     0.247000      53657.3     -99.9900     0.100000      53657.3      20.0510    0.0770000      53657.3     -99.9900    0.0960000      53657.3     -99.9900     0.277000
       53663.328      21.1340     0.220000      53663.3      20.2560    0.0410000      53663.3      20.2470    0.0400000      53663.3      20.3640    0.0460000      53663.3      20.0220     0.105000
       53666.398     -99.9900     0.221000      53666.4      20.3620    0.0420000      53666.4      20.2790    0.0400000      53666.4      20.4010    0.0500000      53666.4      20.1890     0.132000
       53668.317      20.9670     0.141000      53668.3      20.2980    0.0310000      53668.3      20.2690    0.0380000      53668.3      20.2950    0.0500000      53668.3      20.1190     0.158000
       53669.405      20.8990     0.201000      53669.4      20.3380    0.0410000      53669.4      20.2260    0.0440000      53669.4      20.3820    0.0600000      53669.4      20.0230     0.160000
       53670.322      20.8890     0.100000      53670.3      20.2870    0.0240000      53670.3      20.2550    0.0310000      53670.3      20.3810    0.0460000      53670.3      20.1430     0.154000
       53673.290      20.8880    0.0860000      53673.3      20.3060    0.0200000      53673.3      20.3000    0.0260000      53673.3      20.3240    0.0340000      53673.3      19.9300    0.0870000
       53675.287      20.7770    0.0870000      53675.3      20.3130    0.0210000      53675.3      20.2300    0.0270000      53675.3      20.3420    0.0410000      53675.3      20.0530     0.122000
       53677.308     -99.9900    0.0870000      53677.3      20.2650    0.0210000      53677.3      20.2900    0.0270000      53677.3      20.3590    0.0340000      53677.3      19.9900    0.0850000
       53680.295      20.6870    0.0710000      53680.3      20.2570    0.0200000      53680.3      20.1960    0.0250000      53680.3      20.3450    0.0340000      53680.3      19.8200    0.0770000
       53686.294      20.5890     0.229000      53686.3      20.2520    0.0710000      53686.3     -99.9900    0.0610000      53686.3      20.1640    0.0650000      53686.3      20.2830     0.203000
       53693.297      20.6920     0.177000      53693.3      20.1840    0.0450000      53693.3      20.2450    0.0420000      53693.3      20.2130    0.0430000      53693.3      19.8140    0.0930000
       53698.294      20.5330    0.0740000      53698.3      20.1420    0.0200000      53698.3      20.0890    0.0240000      53698.3      20.2090    0.0330000      53698.3      19.9740     0.100000
       53704.280      20.5430    0.0820000      53704.3      20.1370    0.0240000      53704.3      20.0870    0.0270000      53704.3      20.1840    0.0380000      53704.3      20.0140     0.131000
       53989.376      20.2570     0.129000      53989.4      20.0840    0.0500000      53989.4      19.9660    0.0380000      53989.4      20.1640    0.0510000      53989.4      19.8650    0.0970000
       53995.391      20.3760    0.0460000      53995.4      19.9770    0.0210000      53995.4      19.9330    0.0190000      53995.4      20.2490    0.0400000      53995.4      19.8550    0.0700000
       54000.352      20.2950    0.0600000      54000.4      19.9390    0.0320000      54000.4      19.9390    0.0330000      54000.4      20.0470    0.0330000      54000.4      19.7550     0.108000
       54006.298     -99.9900     0.111000      54006.3     -99.9900     0.214000      54006.3     -99.9900    0.0690000      54006.3     -99.9900     0.110000      54006.3     -99.9900      1.36700
       54007.402      20.3750    0.0620000      54007.4      19.8950    0.0700000      54007.4      19.9170    0.0300000      54007.4      19.9910    0.0400000      54007.4     -99.9900     0.100000
       54009.325      20.3240    0.0570000      54009.3      19.9260    0.0190000      54009.3      19.8750    0.0210000      54009.3      20.0170    0.0270000      54009.3      19.5940    0.0680000
       54011.390      20.2590    0.0420000      54011.4      19.9180    0.0260000      54011.4      19.9060    0.0170000      54011.4      20.0570    0.0280000      54011.4      19.8020    0.0610000
       54025.389      20.3110    0.0670000      54025.4      19.9430    0.0180000      54025.4      19.8400    0.0290000      54025.4      20.0200    0.0350000      54025.4      19.7380     0.105000
       54029.319     -99.9900    0.0570000      54029.3      19.8850    0.0280000      54029.3      19.8650    0.0290000      54029.3      20.0270    0.0320000      54029.3      19.6440    0.0830000
       54346.383      20.4740     0.121000      54346.4      20.0190    0.0340000      54346.4      19.9560    0.0320000      54346.4      20.0650    0.0410000      54346.4      19.7340    0.0810000
       54348.387      20.4320    0.0760000      54348.4      19.9480    0.0250000      54348.4      19.8530    0.0260000      54348.4      20.0460    0.0310000      54348.4      19.7810    0.0880000
       54358.343      20.3010    0.0700000      54358.3     -99.9900    0.0280000      54358.3      19.9070    0.0270000      54358.3      20.0340    0.0400000      54358.3      19.7020    0.0980000
       54359.337      20.4670     0.243000      54359.3     -99.9900    0.0320000      54359.3      19.9580    0.0920000      54359.3      19.7500     0.111000      54359.3     -99.9900     0.221000
       54365.376      20.5120    0.0570000      54365.4      19.9450    0.0350000      54365.4      19.8710    0.0210000      54365.4      20.0160    0.0270000      54365.4      19.7740    0.0770000
       54381.395      20.1610    0.0610000      54381.4      19.8300    0.0290000      54381.4      19.8060    0.0270000      54381.4      19.9120    0.0310000      54381.4      19.7840    0.0960000
       54384.402      20.1750    0.0490000      54384.4     -99.9900    0.0250000      54384.4      19.7580    0.0290000      54384.4      19.9100    0.0260000      54384.4      19.7410    0.0740000
       54386.387     -99.9900    0.0560000      54386.4      19.8440    0.0210000      54386.4      19.7940    0.0220000      54386.4      19.8790    0.0260000      54386.4      19.8120    0.0990000
       54388.392      19.9980    0.0490000      54388.4      19.7780    0.0170000      54388.4      19.7830    0.0230000      54388.4      19.8400    0.0260000      54388.4      19.8940    0.0860000
       54392.389      20.0140    0.0650000      54392.4      19.8060    0.0400000      54392.4      19.7260    0.0290000      54392.4      19.7850    0.0320000      54392.4      19.6580     0.104000
       54403.306      19.8550     0.141000      54403.3     -99.9900    0.0630000      54403.3     -99.9900    0.0950000      54403.3      19.8600     0.132000      54403.3      20.1070     0.339000
       54405.361      19.8030    0.0500000      54405.4      19.7060    0.0250000      54405.4      19.6770    0.0240000      54405.4      19.7960    0.0270000      54405.4      19.5690    0.0660000
       54406.299     -99.9900    0.0380000      54406.3     -99.9900    0.0260000      54406.3      19.6700    0.0200000      54406.3      19.7670    0.0220000      54406.3      19.6530    0.0550000
       54412.325      19.8890    0.0530000      54412.3      19.6490    0.0300000      54412.3      19.6200    0.0260000      54412.3      19.8090    0.0320000      54412.3      19.6240    0.0870000
       52234.000       21.000000     0.081000000       52234.000       20.468000     0.028000000       52234.000       20.467000     0.031000000       52234.000       20.566000     0.039000000       52234.000       20.226000      0.10300000
       51075       19.593000     0.026000000       51075       19.354000     0.019000000       51075       19.249000     0.016000000       51075       19.412000     0.023000000       51075       19.188000     0.064000000
       51133       19.695000     0.033000000       51133       19.394000     0.039000000       51133       19.369000     0.021000000       51133       19.443000     0.027000000       51133       19.233000     0.072000000
       51134       19.763000     0.028000000       51134       19.404000     0.030000000       51134       19.328000     0.017000000       51134       19.475000     0.026000000       51134       19.255000     0.063000000
       52170       20.854000     0.059000000       52170       20.289000     0.023000000       52170       20.220000     0.023000000       52170       20.320000     0.033000000       52170       20.065000      0.10300000
       52173       20.489000     0.068000000       52173       20.255000     0.028000000       52173       20.253000     0.035000000       52173       20.267000     0.060000000       52173       20.040000      0.15300000
       52197       21.004000     0.089000000       52197       20.359000     0.025000000       52197       20.297000     0.032000000       52197       20.435000     0.045000000       52197       19.893000      0.10600000
       52207       20.978000     0.081000000       52207       20.386000     0.024000000       52207       20.318000     0.034000000       52207       20.525000     0.069000000       52207       19.994000     0.096000000
       52224       21.105000     0.074000000       52224       20.434000     0.027000000       52224       20.398000     0.029000000       52224       20.464000     0.037000000       52224       20.137000     0.090000000
       52231       21.010000     0.091000000       52231       20.409000     0.027000000       52231       20.436000     0.028000000       52231       20.439000     0.038000000       52231       19.972000      0.10300000
       52234       21.011000     0.074000000       52234       20.479000     0.030000000       52234       20.459000     0.030000000       52234       20.564000     0.040000000       52234       20.226000      0.10400000
       52253       21.478000      0.17200000       52253       20.519000     0.035000000       52253       20.485000     0.039000000       52253       20.363000     0.056000000       52253       20.200000      0.16200000
       52261       20.993000     0.090000000       52261       20.548000     0.036000000       52261       20.460000     0.035000000       52261       20.510000     0.053000000       52261       19.979000      0.10600000
       52282       21.059000     0.084000000       52282       20.487000     0.032000000       52282       20.469000     0.036000000       52282       20.518000     0.047000000       52282       20.023000      0.12500000
       52287       21.083000     0.075000000       52287       20.466000     0.030000000       52287       20.414000     0.033000000       52287       20.458000     0.041000000       52287       20.150000      0.12100000
       52552       20.525000     0.051000000       52552       20.119000     0.026000000       52552       20.060000     0.024000000       52552       20.165000     0.038000000       52552       19.937000     0.099000000
       52557       20.509000     0.058000000       52557       20.102000     0.021000000       52557       19.997000     0.028000000       52557       20.147000     0.036000000       52557       20.056000      0.12000000
       52872       20.890000     0.094000000       52872       20.510000     0.034000000       52872       20.436000     0.032000000       52872       20.478000     0.045000000       52872       19.958000     0.093000000
       52908       21.238000     0.087000000       52908       20.571000     0.027000000       52908       20.445000     0.030000000       52908       20.586000     0.045000000       52908       20.001000     0.099000000
       52912       21.002000     0.087000000       52912       20.571000     0.030000000       52912       20.466000     0.030000000       52912       20.507000     0.047000000       52912       19.927000     0.098000000
       52934       21.168000      0.11100000       52934       20.572000     0.040000000       52934       20.530000     0.036000000       52934       20.527000     0.054000000       52934       20.208000      0.15700000
       52936       21.224000     0.082000000       52936       20.555000     0.029000000       52936       20.562000     0.028000000       52936       20.502000     0.039000000       52936       20.243000      0.11500000
       53270       19.879000      0.10100000       53270       19.740000     0.027000000       53270       19.772000     0.051000000       53270       19.927000      0.34400000       53270       19.621000      0.18500000
       53272       20.122000     0.047000000       53272       19.787000     0.024000000       53272       19.729000     0.030000000       53272       19.811000     0.029000000       53272       19.810000     0.099000000
       53286       19.976000     0.044000000       53286       19.688000     0.018000000       53286       19.604000     0.021000000       53286       19.872000     0.036000000       53286       19.462000     0.066000000
       53294       20.078000     0.051000000       53294       19.752000     0.025000000       53294       19.680000     0.032000000       53294       19.837000     0.039000000       53294       19.406000     0.075000000
       53298       19.963000     0.047000000       53298       19.727000     0.020000000       53298       19.654000     0.024000000       53298       19.807000     0.034000000       53298       19.565000     0.090000000
       53312       20.376000     0.099000000       53312       19.739000     0.034000000       53312       19.679000     0.039000000       53312       19.780000     0.055000000       53312       19.366000      0.12100000
       53314       19.963000     0.043000000       53314       19.725000     0.031000000       53314       19.672000     0.028000000       53314       19.759000     0.032000000       53314       19.539000     0.084000000
       53319       20.056000     0.050000000       53319       19.685000     0.032000000       53319       19.608000     0.028000000       53319       19.757000     0.031000000       53319       19.404000     0.090000000
