       51075.365      18.5650    0.0160000      51075.4      18.3900   0.00700000      51075.4      18.3820   0.00800000      51075.4      18.1640   0.00900000      51075.4      18.1550    0.0320000
       52170.386      18.5270    0.0180000      52170.4      18.3140   0.00700000      52170.4      18.3100   0.00800000      52170.4      18.0700   0.00900000      52170.4      18.0630    0.0260000
       52196.385      18.5860    0.0190000      52196.4      18.3390   0.00700000      52196.4      18.2990   0.00800000      52196.4      18.1170   0.00900000      52196.4      18.0870    0.0300000
       52207.351      18.5660    0.0190000      52207.4      18.3780   0.00700000      52207.4      18.3550   0.00800000      52207.4      18.1200   0.00900000      52207.4      18.1660    0.0260000
       52224.280      18.5950    0.0190000      52224.3      18.3620   0.00700000      52224.3      17.9850   0.00700000      52224.3      18.0950   0.00900000      52224.3      18.0300    0.0250000
       52225.229      18.6340    0.0180000      52225.2      18.3600   0.00700000      52225.2      18.3350   0.00800000      52225.2      18.0960   0.00900000      52225.2      18.1100    0.0250000
       52231.265      18.5960    0.0190000      52231.3      18.3890   0.00700000      52231.3      18.3640   0.00800000      52231.3      18.2390   0.00900000      52231.3      18.1990    0.0270000
       52234.236      18.6060    0.0190000      52234.2      18.3670   0.00700000      52234.2      18.3430   0.00800000      52234.2      18.1170   0.00900000      52234.2      18.1160    0.0230000
       52261.199      18.7040    0.0220000      52261.2      18.4210   0.00700000      52261.2      18.3460   0.00800000      52261.2      18.2260    0.0100000      52261.2      18.2300    0.0310000
       52282.126      18.7060    0.0210000      52282.1      18.3830   0.00700000      52282.1      18.3810   0.00800000      52282.1      18.1420   0.00900000      52282.1      18.0780    0.0290000
       52287.080      18.6650    0.0190000      52287.1      18.4220   0.00700000      52287.1      18.3670   0.00800000      52287.1      18.1380   0.00800000      52287.1      18.1230    0.0260000
       52552.399      18.7730    0.0210000      52552.4      18.5200   0.00700000      52552.4      18.4310   0.00800000      52552.4      18.1880   0.00900000      52552.4      18.1150    0.0270000
       52557.373      18.7850    0.0220000      52557.4      18.5040   0.00700000      52557.4      18.4430   0.00900000      52557.4      18.1700   0.00900000      52557.4      18.1390    0.0310000
       52908.348      18.5790    0.0190000      52908.3      18.3670   0.00700000      52908.3      18.3460   0.00800000      52908.3      18.1210   0.00900000      52908.3      18.1220    0.0260000
       52912.327      18.6320    0.0200000      52912.3      18.3620   0.00700000      52912.3      18.3550   0.00800000      52912.3      18.1440   0.00900000      52912.3      18.0900    0.0260000
       52934.279      18.5820    0.0190000      52934.3      18.3660   0.00700000      52934.3      18.3830   0.00800000      52934.3      18.2010    0.0100000      52934.3      18.1820    0.0310000
       52936.275      18.5740    0.0180000      52936.3      18.3620   0.00700000      52936.3      18.3440   0.00800000      52936.3      18.1220   0.00900000      52936.3      18.1080    0.0250000
       53270.339     -99.9900     0.105000      53270.3     -99.9900    0.0300000      53270.3     -99.9900    0.0270000      53270.3     -99.9900    0.0380000      53270.3     -99.9900     0.272000
       53272.389      18.6280    0.0220000      53272.4     -99.9900   0.00700000      53272.4      18.3200   0.00800000      53272.4      18.1140   0.00900000      53272.4      18.0900    0.0330000
       53286.358      18.5230    0.0200000      53286.4      18.3480   0.00700000      53286.4      18.3900   0.00800000      53286.4      18.1420   0.00900000      53286.4      18.1680    0.0270000
       53288.317      18.5310    0.0190000      53288.3      18.3330   0.00700000      53288.3      18.3350   0.00800000      53288.3      18.1240   0.00900000      53288.3      18.1090    0.0250000
       53294.364      18.5890    0.0210000      53294.4      18.3380   0.00700000      53294.4      18.3440   0.00800000      53294.4      18.2820    0.0110000      53294.4      18.2270    0.0320000
       53296.311      18.5770    0.0250000      53296.3      18.3480    0.0270000      53296.3      18.2940    0.0290000      53296.3      18.1100    0.0450000      53296.3      18.1900    0.0640000
       53298.361      18.5210    0.0220000      53298.4      18.3550   0.00700000      53298.4      18.3790    0.0100000      53298.4      18.1700    0.0110000      53298.4      18.2380    0.0340000
       53302.312      18.4570    0.0250000      53302.3      18.2800    0.0100000      53302.3      18.5220    0.0110000      53302.3      18.0900    0.0100000      53302.3      18.0330    0.0270000
       53312.268      18.4960    0.0220000      53312.3      18.3020    0.0420000      53312.3      18.2870    0.0160000      53312.3      18.0820    0.0510000      53312.3      18.0980    0.0610000
       53314.269      18.5070    0.0180000      53314.3      18.3020   0.00700000      53314.3      18.3190   0.00800000      53314.3      18.1040   0.00900000      53314.3      18.1380    0.0300000
       53319.257      18.5250    0.0210000      53319.3      18.3070   0.00700000      53319.3      18.3680   0.00900000      53319.3      18.1760    0.0100000      53319.3      18.3020    0.0430000
       53616.373      18.6000    0.0230000      53616.4      18.2870   0.00700000      53616.4      18.3210   0.00800000      53616.4      18.1550    0.0100000      53616.4      18.1320    0.0340000
       53626.350      18.5370    0.0210000      53626.4      18.2700   0.00700000      53626.3     -99.9900   0.00900000      53626.3      18.1440   0.00900000      53626.4      18.2560    0.0320000
       53628.335      18.5460    0.0260000      53628.3      18.3290    0.0100000      53628.3      18.3210    0.0100000      53628.3      18.1520    0.0100000      53628.3      18.1390    0.0300000
       53637.336      18.5830    0.0260000      53637.3      18.2970   0.00800000      53637.3      18.3380    0.0100000      53637.3      18.1360    0.0100000      53637.3      18.1000    0.0310000
       53639.382      18.5270    0.0190000      53639.4      18.3160   0.00700000      53639.4      18.3030   0.00800000      53639.4      18.0980   0.00800000      53639.4      18.0850    0.0240000
       53641.381      18.4970    0.0190000      53641.4      18.2770   0.00700000      53641.4      18.2660   0.00800000      53641.4      18.0870   0.00800000      53641.4      18.0340    0.0250000
       53657.340      18.4200    0.0420000      53657.3     -99.9900    0.0170000      53657.3      18.2450    0.0150000      53657.3      18.0650    0.0140000      53657.3     -99.9900    0.0520000
       53663.324      18.5630    0.0280000      53663.3      18.2710   0.00900000      53663.3      18.2590   0.00900000      53663.3      18.0630   0.00900000      53663.3      18.0460    0.0240000
       53665.302     -99.9900     0.124000      53665.3     -99.9900     0.448000      53665.3      18.0170    0.0340000      53665.3     -99.9900    0.0710000      53665.3     -99.9900     0.457000
       53666.394      18.5420    0.0290000      53666.4      18.3010   0.00900000      53666.4      18.2790   0.00900000      53666.4      18.0810   0.00900000      53666.4      18.1120    0.0290000
       53668.314      18.5550    0.0230000      53668.3      18.2970   0.00700000      53668.3      18.3300   0.00900000      53668.3      18.1550    0.0100000      53668.3      18.1470    0.0330000
       53670.319     -99.9900    0.0200000      53670.3      18.3100   0.00700000      53670.3      18.2900   0.00800000      53670.3      18.0840   0.00900000      53670.3      18.1020    0.0320000
       53673.287      18.5440    0.0190000      53673.3      18.3200   0.00700000      53673.3      18.3140   0.00800000      53673.3      18.1420   0.00900000      53673.3      18.0970    0.0240000
       53675.284      18.5710    0.0190000      53675.3      18.2830   0.00700000      53675.3      18.2870   0.00800000      53675.3      18.0780   0.00900000      53675.3      18.1060    0.0270000
       53677.305      18.5380    0.0190000      53677.3      18.3210   0.00700000      53677.3      18.3080   0.00800000      53677.3      18.1780   0.00900000      53677.3      18.1940    0.0250000
       53680.291      18.5910    0.0190000      53680.3      18.3180   0.00700000      53680.3      18.2890   0.00800000      53680.3      18.1000   0.00800000      53680.3      18.0670    0.0230000
       53686.291      18.5900    0.0450000      53686.3      18.3510    0.0120000      53686.3      18.3560    0.0140000      53686.3      18.2280    0.0150000      53686.3      18.1480    0.0370000
       53693.293      18.5510    0.0300000      53693.3      18.3590    0.0100000      53693.3      18.3500    0.0100000      53693.3      18.1030   0.00900000      53693.3      18.1020    0.0260000
       53698.291      18.6210    0.0220000      53698.3      18.3350   0.00700000      53698.3      18.3010   0.00800000      53698.3      18.0840   0.00900000      53698.3      18.0630    0.0260000
       53704.276      18.5820    0.0230000      53704.3      18.3690   0.00700000      53704.3      18.3330   0.00900000      53704.3      18.2130    0.0110000      53704.3      18.1590    0.0350000
       53989.373      18.5620    0.0510000      53989.4      18.3740    0.0260000      53989.4      18.3560    0.0250000      53989.4      18.1570    0.0330000      53989.4      18.2600    0.0850000
       53995.387      18.5300    0.0210000      53995.4      18.3270    0.0210000      53995.4      18.3150    0.0190000      53995.4      18.1230    0.0440000      53995.4      18.1660    0.0540000
       54000.348      18.6450    0.0260000      54000.4      18.3370    0.0180000      54000.3      18.3210    0.0310000      54000.3      18.0910    0.0510000      54000.3      18.2270    0.0590000
       54006.295     -99.9900      99.9990      54006.3     -99.9900    0.0200000      54006.3     -99.9900     0.286000      54006.3     -99.9900     0.357000      54006.3     -99.9900     0.118000
       54007.398      18.5960    0.0300000      54007.4      18.3680    0.0300000      54007.4      18.3500    0.0260000      54007.4     -99.9900    0.0350000      54007.4      18.1490    0.0600000
       54009.322      18.5950    0.0190000      54009.3      18.3540    0.0230000      54009.3      18.3340    0.0250000      54009.3      18.1000    0.0410000      54009.3      18.1130    0.0350000
       54011.386     -99.9900    0.0210000      54011.4      18.3560    0.0120000      54011.4      18.3250    0.0220000      54011.4      18.1470    0.0380000      54011.4      18.1870    0.0410000
       54025.385     -99.9900    0.0250000      54025.4      18.3140    0.0340000      54025.4      18.3360    0.0240000      54025.4      18.1330    0.0400000      54025.4      18.1410    0.0690000
       54029.316      18.5720    0.0210000      54029.3      18.3470    0.0200000      54029.3      18.3490    0.0260000      54029.3      18.1320    0.0420000      54029.3      18.1490    0.0290000
       54348.383      18.6170    0.0220000      54348.4      18.4170    0.0190000      54348.4      18.4170    0.0250000      54348.4      18.1920    0.0530000      54348.4      18.1840    0.0530000
       54358.339      18.6240    0.0330000      54358.3      18.4100    0.0260000      54358.3      18.3800    0.0310000      54358.3      18.1760    0.0430000      54358.3      18.2410    0.0980000
       54359.333      18.7130    0.0820000      54359.3      18.4370    0.0180000      54359.3      18.3790    0.0390000      54359.3      18.3430    0.0610000      54359.3     -99.9900     0.135000
       54365.372      18.6350    0.0260000      54365.4      18.4090    0.0180000      54365.4      18.3430    0.0240000      54365.4      18.1850    0.0320000      54365.4      18.1440    0.0340000
       54381.392      18.6130    0.0190000      54381.4      18.4060    0.0200000      54381.4      18.3660    0.0260000      54381.4      18.1540    0.0400000      54381.4      18.2350    0.0750000
       54384.398      18.6320    0.0210000      54384.4      18.4260    0.0160000      54384.4      18.3930    0.0180000      54384.4      18.1870    0.0530000      54384.4      18.1820    0.0300000
       54386.384      18.6150    0.0270000      54386.4      18.4170    0.0200000      54386.4      18.3750    0.0220000      54386.4      18.1810    0.0460000      54386.4      18.1310    0.0540000
       54388.388     -99.9900    0.0290000      54388.4      18.4290    0.0300000      54388.4      18.3970    0.0260000      54388.4      18.2060    0.0440000      54388.4      18.2570    0.0680000
       54392.386      18.6210    0.0290000      54392.4      18.3930    0.0240000      54392.4      18.4100    0.0270000      54392.4      18.1950    0.0520000      54392.4      18.1360    0.0720000
       54403.302      18.6130    0.0550000      54403.3      18.4630    0.0350000      54403.3      18.3800    0.0250000      54403.3      18.1940    0.0390000      54403.3      18.1410     0.101000
       54404.359      18.6540    0.0340000      54404.4     -99.9900    0.0220000      54404.4      18.4060    0.0220000      54404.4      18.1930    0.0620000      54404.4      18.2750    0.0360000
       54405.357      18.6890    0.0250000      54405.4      18.4280    0.0180000      54405.4      18.3960    0.0190000      54405.4      18.1590    0.0480000      54405.4      18.1940    0.0370000
       54406.296      18.6280    0.0210000      54406.3      18.3990    0.0140000      54406.3      18.4020    0.0270000      54406.3      18.2400    0.0450000      54406.3      18.2040    0.0300000
       54412.322      18.6750    0.0280000      54412.3      18.4190    0.0220000      54412.3      18.4390    0.0350000      54412.3      18.2270    0.0450000      54412.3      18.3080    0.0760000
       52234.000       18.632000     0.031000000       52234.000       18.386000     0.021000000       52234.000       18.337000     0.026000000       52234.000       18.106000     0.044000000       52234.000       18.121000     0.065000000
       51075       18.571000     0.019000000       51075       18.412000     0.011000000       51075       18.360000     0.014000000       51075       18.153000     0.026000000       51075       18.116000     0.039000000
       51133       18.622000     0.025000000       51133       18.411000     0.019000000       51133       18.356000     0.023000000       51133       18.130000     0.043000000       51133       18.104000     0.052000000
       51134       18.601000     0.026000000       51134       18.422000     0.026000000       51134       18.373000     0.021000000       51134       18.141000     0.029000000       51134       18.128000     0.039000000
       52170       18.505000     0.019000000       52170       18.336000     0.015000000       52170       18.303000     0.021000000       52170       18.063000     0.035000000       52170       18.059000     0.041000000
       52197       18.567000     0.026000000       52197       18.377000     0.030000000       52197       18.296000     0.029000000       52197       18.072000     0.031000000       52197       18.032000     0.038000000
       52207       18.588000     0.019000000       52207       18.396000     0.019000000       52207       18.334000     0.027000000       52207       18.090000     0.022000000       52207       18.094000     0.035000000
       52225       18.636000     0.020000000       52225       18.379000     0.014000000       52225       18.351000     0.028000000       52225       18.106000     0.039000000       52225       18.098000     0.045000000
       52231       18.607000     0.020000000       52231       18.399000     0.018000000       52231       18.336000     0.019000000       52231       18.151000     0.025000000       52231       18.114000     0.030000000
       52234       18.624000     0.027000000       52234       18.399000     0.026000000       52234       18.345000     0.023000000       52234       18.106000     0.027000000       52234       18.113000     0.051000000
       52253       18.669000     0.026000000       52253       18.442000     0.022000000       52253       18.357000     0.017000000       52253       18.116000     0.035000000       52253       18.076000     0.055000000
       52261       18.750000     0.034000000       52261       18.445000     0.020000000       52261       18.264000     0.026000000       52261       18.124000     0.026000000       52261       18.102000     0.036000000
       52282       18.705000     0.035000000       52282       18.431000     0.021000000       52282       18.383000     0.022000000       52282       18.140000     0.035000000       52282       18.075000     0.050000000
       52287       18.644000     0.029000000       52287       18.426000     0.027000000       52287       18.349000     0.022000000       52287       18.126000     0.032000000       52287       18.107000     0.045000000
       52552       18.778000     0.022000000       52552       18.510000     0.021000000       52552       18.415000     0.023000000       52552       18.172000     0.043000000       52552       18.090000     0.051000000
       52557       18.808000     0.027000000       52557       18.512000     0.019000000       52557       18.445000     0.027000000       52557       18.149000     0.039000000       52557       18.112000     0.058000000
       52578       18.705000     0.021000000       52578       18.462000     0.040000000       52578       18.431000     0.020000000       52578       18.157000     0.024000000       52578       18.112000     0.041000000
       52872       18.639000     0.020000000       52872       18.357000     0.019000000       52872       18.350000     0.028000000       52872       18.157000     0.060000000       52872       18.200000     0.063000000
       52908       18.587000     0.024000000       52908       18.389000     0.027000000       52908       18.356000     0.029000000       52908       18.121000     0.042000000       52908       18.098000     0.065000000
       52912       18.637000     0.022000000       52912       18.393000     0.018000000       52912       18.351000     0.020000000       52912       18.124000     0.037000000       52912       18.080000     0.041000000
       52934       18.553000     0.035000000       52934       18.348000     0.030000000       52934       18.340000     0.020000000       52934       18.133000     0.038000000       52934       18.074000     0.051000000
       52936       18.563000     0.024000000       52936       18.385000     0.025000000       52936       18.359000     0.023000000       52936       18.119000     0.044000000       52936       18.073000     0.046000000
       53270       18.888000     0.045000000       53270       18.777000     0.031000000       53270       18.436000     0.032000000       53270       17.947000     0.046000000       53270       17.996000      0.33100000
       53272       18.633000     0.024000000       53272       18.387000     0.049000000       53272       18.358000     0.024000000       53272       18.158000     0.056000000       53272       18.127000      0.11100000
       53286       18.509000     0.025000000       53286       18.396000     0.018000000       53286       18.400000     0.038000000       53286       18.110000     0.037000000       53286       18.097000     0.063000000
       53288       18.539000     0.019000000       53288       18.341000     0.017000000       53288       18.326000     0.026000000       53288       18.117000     0.039000000       53288       18.087000     0.052000000
       53294       18.560000     0.030000000       53294       18.344000     0.019000000       53294       18.293000     0.027000000       53294       18.186000     0.053000000       53294       18.191000      0.11200000
       53298       18.503000     0.028000000       53298       18.384000     0.026000000       53298       18.320000     0.025000000       53298       18.090000     0.034000000       53298       18.094000     0.058000000
       53312       18.461000     0.023000000       53312       18.290000     0.040000000       53312       18.277000     0.019000000       53312       18.148000     0.047000000       53312       18.155000     0.090000000
       53314       18.461000     0.024000000       53314       18.297000     0.020000000       53314       18.308000     0.019000000       53314       18.083000     0.027000000       53314       18.114000     0.041000000
       53319       18.490000     0.028000000       53319       18.285000     0.026000000       53319       18.305000     0.021000000       53319       18.165000     0.048000000       53319       18.223000     0.099000000
