       51075.358      20.0840    0.0420000      51075.4      20.1360    0.0200000      51075.4      19.8820    0.0200000      51075.4      19.8870    0.0300000      51075.4      20.0740     0.144000
       51819.413      20.1400    0.0550000      51819.4      20.0530    0.0200000      51819.4      19.8810    0.0200000      51819.4      19.8930    0.0290000      51819.4      19.6870     0.110000
       52196.378      20.4580    0.0650000      52196.4      20.3960    0.0240000      52196.4      20.0710    0.0240000      52196.4      20.1190    0.0360000      52196.4      20.3370     0.181000
       52197.372      20.4550    0.0640000      52197.4      20.3170    0.0240000      52197.4      20.1090    0.0240000      52197.4      20.1020    0.0320000      52197.4      20.0790     0.121000
       52207.344      20.4970    0.0640000      52207.3      20.4170    0.0220000      52207.3      20.1170    0.0230000      52207.3      20.1020    0.0290000      52207.3      20.1910     0.120000
       52225.222      20.4720    0.0600000      52225.2      20.3720    0.0210000      52225.2      20.0090    0.0220000      52225.2      20.0200    0.0300000      52225.2      20.1450     0.119000
       52231.258     -99.9900    0.0540000      52231.3      20.4480    0.0230000      52231.3      20.0640    0.0220000      52231.3      20.0540    0.0290000      52231.3      20.1110     0.105000
       52234.229      20.3510    0.0570000      52234.2      20.4470    0.0240000      52234.2      20.0980    0.0230000      52234.2      20.0450    0.0290000      52234.2      20.1040     0.104000
       52551.346      20.3270    0.0700000      52551.3      20.2950    0.0240000      52551.3      20.0640    0.0260000      52551.3      19.9390    0.0340000      52551.3      20.1530     0.176000
       52558.379      20.2790    0.0540000      52558.4      20.3020    0.0190000      52558.4      20.0490    0.0210000      52558.4      20.0150    0.0250000      52558.4      20.1890     0.118000
       52577.266      20.3790    0.0630000      52577.3      20.3350    0.0230000      52577.3      20.0280    0.0240000      52577.3      19.9670    0.0290000      52577.3      19.8980     0.119000
       52578.262      20.4230    0.0560000      52578.3      20.3070    0.0210000      52578.3      20.0580    0.0230000      52578.3      19.9430    0.0290000      52578.3      20.1360     0.130000
       52908.341      20.4260    0.0600000      52908.3      20.3340    0.0210000      52908.3      20.0710    0.0220000      52908.3      20.0400    0.0300000      52908.3      20.2990     0.132000
       52910.350      20.4600    0.0680000      52910.4      20.3470    0.0230000      52910.3      20.1220    0.0220000      52910.3      20.0840    0.0290000      52910.4      20.1010     0.133000
       52912.320      20.4840    0.0650000      52912.3      20.2790    0.0240000      52912.3      20.0340    0.0220000      52912.3      20.0310    0.0310000      52912.3      20.0500     0.111000
       52931.280      20.2440    0.0540000      52931.3      20.1970    0.0200000      52931.3      20.0380    0.0220000      52931.3      19.9910    0.0280000      52931.3      20.2550     0.152000
       52934.273      20.1660    0.0520000      52934.3      20.1690    0.0200000      52934.3      20.0040    0.0250000      52934.3      19.9360    0.0330000      52934.3      20.0610     0.132000
       52935.277      20.2040    0.0570000      52935.3      20.1980    0.0200000      52935.3      19.9490    0.0230000      52935.3      20.0400    0.0330000      52935.3      20.4000     0.209000
       52936.268      20.1740    0.0480000      52936.3      20.1540    0.0190000      52936.3      19.9490    0.0210000      52936.3      19.9790    0.0290000      52936.3      19.9860     0.105000
       52963.200      20.2800    0.0510000      52963.2      20.1780    0.0180000      52963.2      19.9070    0.0180000      52963.2      19.9640    0.0250000      52963.2      19.9960    0.0960000
       52971.191      20.2960    0.0550000      52971.2      20.2290    0.0190000      52971.2      20.0110    0.0230000      52971.2      20.0070    0.0300000      52971.2      19.9600     0.112000
       53270.333      20.1410    0.0640000      53270.3      20.2100    0.0210000      53270.3      19.9620    0.0270000      53270.3     -99.9900    0.0280000      53270.3      19.9360    0.0920000
       53272.382      20.2150    0.0580000      53272.4      20.1980    0.0230000      53272.4      19.9490    0.0220000      53272.4      20.0650    0.0340000      53272.4      20.4770     0.184000
       53288.310      20.1700    0.0510000      53288.3      20.2140    0.0190000      53288.3      19.9750    0.0220000      53288.3      20.0770    0.0300000      53288.3      20.1750     0.117000
       53296.304      20.3890    0.0760000      53296.3      20.2590    0.0290000      53296.3      19.9540    0.0370000      53296.3      19.9300    0.0420000      53296.3      19.9870     0.139000
       53298.354      20.2990    0.0650000      53298.4      20.2410    0.0220000      53298.4      19.9520    0.0290000      53298.4      19.9700    0.0360000      53298.4      19.9950     0.128000
       53312.261      20.1610    0.0780000      53312.3      20.1460    0.0390000      53312.3      19.9920    0.0460000      53312.3      19.9820    0.0460000      53312.3      20.0190     0.148000
       53319.250      20.1350    0.0600000      53319.2      20.1210    0.0240000      53319.2      19.8930    0.0250000      53319.2      19.8180    0.0330000      53319.2      20.1380     0.165000
       53351.123      20.2260    0.0570000      53351.1      20.1340    0.0190000      53351.1      19.9690    0.0220000      53351.1      19.9280    0.0300000      53351.1      20.1710     0.173000
       53352.171      20.1920    0.0550000      53352.2      20.1560    0.0190000      53352.2      19.9010    0.0220000      53352.2      19.8730    0.0320000      53352.2      20.2910     0.194000
       53616.366      20.4490    0.0850000      53616.4      20.3500    0.0290000      53616.4      20.0500    0.0280000      53616.4      20.0050    0.0410000      53616.4      20.0830     0.163000
       53622.380      20.5800     0.100000      53622.4      20.3650    0.0280000      53622.4      20.1260    0.0310000      53622.4      20.0990    0.0440000      53622.4      20.2930     0.208000
       53628.328      20.3460     0.128000      53628.3      20.3810    0.0560000      53628.3      20.1390    0.0400000      53628.3      20.1320    0.0450000      53628.3      20.1930     0.167000
       53634.329      20.2610     0.169000      53634.3      20.4320    0.0950000      53634.3      20.1980    0.0610000      53634.3      19.9640    0.0550000      53634.3      20.2380     0.209000
       53637.329      20.5070     0.113000      53637.3      20.4430    0.0430000      53637.3      20.1100    0.0350000      53637.3      20.0650    0.0420000      53637.3      20.3020     0.180000
       53638.370      20.4750    0.0760000      53638.4      20.4540    0.0280000      53638.4      20.1240    0.0240000      53638.4      20.1600    0.0310000      53638.4      20.2420     0.143000
       53639.375      20.4220    0.0680000      53639.4      20.4060    0.0270000      53639.4      20.0630    0.0220000      53639.4      20.0650    0.0270000      53639.4      20.3050     0.104000
       53640.334      20.4340    0.0870000      53640.3      20.3530    0.0250000      53640.3      20.0460    0.0290000      53640.3      20.0900    0.0350000      53640.3      20.0220     0.137000
       53654.356      20.3600    0.0620000      53654.4      20.4670    0.0240000      53654.4      20.0630    0.0240000      53654.4      20.1020    0.0350000      53654.4      20.1330     0.135000
       53655.307      20.4360    0.0880000      53655.3      20.3920    0.0290000      53655.3      20.1080    0.0300000      53655.3      20.0300    0.0410000      53655.3      20.0260     0.186000
       53663.317      20.5170     0.126000      53663.3      20.4080    0.0470000      53663.3      20.0940    0.0320000      53663.3      20.1960    0.0360000      53663.3      20.0440    0.0990000
       53664.332      20.3030     0.201000      53664.3      20.2600    0.0970000      53664.3      20.2390     0.112000      53664.3      20.0860     0.103000      53664.3      20.4920     0.452000
       53669.291      20.6710    0.0830000      53669.3      20.5080    0.0240000      53669.3      20.1880    0.0250000      53669.3      20.1430    0.0350000      53669.3      20.2140     0.149000
       53670.312      20.3160    0.0730000      53670.3     -99.9900    0.0280000      53670.3      20.1600    0.0300000      53670.3      20.2150    0.0500000      53670.3      20.1690     0.180000
       53671.376      20.4140     0.114000      53671.4      20.5570    0.0310000      53671.4      20.1860    0.0390000      53671.4      20.1250    0.0420000      53671.4      19.9510     0.149000
       53673.280      20.6450    0.0730000      53673.3      20.4330    0.0220000      53673.3      20.1420    0.0230000      53673.3      20.1260    0.0310000      53673.3      20.1640     0.114000
       53674.275      20.7210     0.109000      53674.3      20.4250    0.0260000      53674.3      20.1670    0.0320000      53674.3      20.2510    0.0430000      53674.3      20.1640     0.183000
       53675.277      20.5670    0.0680000      53675.3      20.4900    0.0250000      53675.3      20.0850    0.0290000      53675.3      20.0390    0.0360000      53675.3     -99.9900     0.214000
       53676.365      20.6090     0.103000      53676.4      20.5000    0.0300000      53676.4      20.1640    0.0280000      53676.4      20.1710    0.0330000      53676.4     -99.9900     0.217000
       53677.298      20.4810    0.0640000      53677.3      20.4450    0.0260000      53677.3      20.1120    0.0240000      53677.3      20.0460    0.0290000      53677.3      20.2530     0.111000
       53679.336      20.5060     0.122000      53679.3      20.4770    0.0310000      53679.3      20.1750    0.0380000      53679.3      20.0940    0.0520000      53679.3      20.0190     0.183000
       53680.284      20.5310    0.0670000      53680.3      20.4750    0.0240000      53680.3      20.1500    0.0260000      53680.3      20.0440    0.0300000      53680.3      20.3290     0.126000
       53681.328      20.6930    0.0870000      53681.3      20.5400    0.0240000      53681.3      20.2130    0.0260000      53681.3      20.1660    0.0330000      53681.3      20.1380     0.128000
       53685.287      20.5520     0.138000      53685.3      20.5070    0.0570000      53685.3      20.1950    0.0460000      53685.3      20.1310    0.0460000      53685.3      20.4480     0.183000
       53686.284      21.0350     0.367000      53686.3      20.4270    0.0940000      53686.3      20.1890    0.0620000      53686.3      20.1510    0.0670000      53686.3      20.5670     0.265000
       53693.286      20.7120     0.194000      53693.3      20.4560    0.0580000      53693.3      20.0700    0.0360000      53693.3      20.1280    0.0410000      53693.3      20.1410     0.140000
       53694.301      20.8210     0.346000      53694.3      20.5130    0.0840000      53694.3      20.2650    0.0730000      53694.3      20.2780    0.0990000      53694.3      20.3420     0.290000
       53697.285      20.5280     0.120000      53697.3      20.4800    0.0430000      53697.3      20.1640    0.0370000      53697.3      20.1410    0.0410000      53697.3      20.3220     0.209000
       53698.284      20.4560    0.0740000      53698.3      20.4550    0.0250000      53698.3      20.1240    0.0270000      53698.3      20.2030    0.0380000      53698.3      20.0880     0.121000
       53700.284      20.7460     0.127000      53700.3      20.4770    0.0300000      53700.3      20.1790    0.0350000      53700.3      20.1160    0.0470000      53700.3      20.3970     0.268000
       53704.270      20.4540    0.0730000      53704.3      20.5640    0.0290000      53704.3      20.1890    0.0270000      53704.3      20.1780    0.0390000      53704.3      19.9970     0.136000
       53705.271      20.5820    0.0880000      53705.3      20.5510    0.0270000      53705.3      20.2140    0.0260000      53705.3      20.1890    0.0340000      53705.3      20.3750     0.174000
       53975.356      20.3210    0.0610000      53975.4      20.4510    0.0200000      53975.4      20.1880    0.0290000      53975.4      20.1570    0.0330000      53975.4      19.9470     0.113000
       53989.366      20.3110     0.138000      53989.4      20.4160    0.0680000      53989.4      20.2730    0.0480000      53989.4      20.2000    0.0500000      53989.4      20.2180     0.136000
       53990.368      20.3670     0.101000      53990.4      20.5170    0.0440000      53990.4      20.2090    0.0340000      53990.4      20.1580    0.0360000      53990.4      20.0400     0.118000
       53994.379      20.3720    0.0620000      53994.4      20.3680    0.0220000      53994.4      20.1640    0.0230000      53994.4      20.1040    0.0320000      53994.4      20.3690     0.150000
       53995.380      20.3550    0.0550000      53995.4      20.3180    0.0230000      53995.4      20.0600    0.0250000      53995.4      20.0740    0.0250000      53995.4      20.2150    0.0870000
       53996.362      20.4480    0.0690000      53996.4      20.3870    0.0290000      53996.4      20.1480    0.0280000      53996.4      20.1210    0.0340000      53996.4      20.4600     0.210000
       54000.341      20.2000    0.0610000      54000.3      20.3600    0.0260000      54000.3      20.1380    0.0290000      54000.3      20.1540    0.0470000      54000.3      20.4150     0.168000
       54006.288      99.9740      99.9990      54006.3     -99.9900      99.9990      54006.3      20.0930    0.0210000      54006.3     -99.9900    0.0260000      54006.3     -99.9900     0.169000
       54007.391      20.2500    0.0620000      54007.4      20.3400    0.0270000      54007.4      20.0460    0.0330000      54007.4      20.1020    0.0430000      54007.4     -99.9900     0.130000
       54009.315      20.3950    0.0640000      54009.3     -99.9900    0.0270000      54009.3      20.0980    0.0280000      54009.3     -99.9900    0.0370000      54009.3      20.0150    0.0860000
       54010.316      20.5810    0.0550000      54010.3      20.4360    0.0230000      54010.3      20.1160    0.0200000      54010.3      20.1150    0.0260000      54010.3      20.0500    0.0880000
       54011.379      20.4560    0.0540000      54011.4      20.3590    0.0320000      54011.4      20.0560    0.0190000      54011.4      20.0980    0.0310000      54011.4      20.1270    0.0800000
       54012.309      20.3870     0.107000      54012.3      20.4230    0.0470000      54012.3      20.2180    0.0330000      54012.3      20.1420    0.0400000      54012.3      20.1970     0.136000
       54020.315     -99.9900     0.104000      54020.3      20.4170    0.0310000      54020.3      20.1160    0.0330000      54020.3      20.1630    0.0500000      54020.3      20.0850     0.148000
       54024.397      20.4130    0.0970000      54024.4      20.5080    0.0410000      54024.4      20.1130    0.0340000      54024.4      20.0680    0.0430000      54024.4      19.9720     0.203000
       54025.378      99.9740      99.9990      54025.4      20.2870    0.0350000      54025.4      20.0770    0.0360000      54025.4      20.1550    0.0550000      54025.4      20.0250     0.154000
       54028.385      20.4750    0.0940000      54028.4     -99.9900    0.0390000      54028.4      20.0670    0.0300000      54028.4      20.1770    0.0400000      54028.4      20.0720     0.145000
       54029.309      99.9700      99.9990      54029.3     -99.9900      99.9990      54029.3      20.0670    0.0370000      54029.3      20.0840    0.0350000      54029.3      20.4830     0.181000
       54030.309      20.5010    0.0570000      54030.3      20.3910    0.0300000      54030.3      20.2420    0.0320000      54030.3      20.1080    0.0270000      54030.3      20.2390     0.119000
       54035.385      20.3740     0.137000      54035.4      20.4410    0.0590000      54035.4      19.9760    0.0400000      54035.4      20.1440    0.0580000      54035.4      19.6410     0.160000
       54037.290      20.3340    0.0500000      54037.3      20.3980    0.0190000      54037.3      20.1350    0.0210000      54037.3      20.1190    0.0250000      54037.3      20.5070     0.137000
       54040.305     -99.9900    0.0900000      54040.3      20.4690    0.0440000      54040.3      20.1820    0.0380000      54040.3      20.1390    0.0370000      54040.3      20.1440     0.140000
       54049.331      20.5040     0.170000      54049.3      20.3590    0.0500000      54049.3      20.0270    0.0450000      54049.3      20.1770    0.0560000      54049.3      20.2060     0.207000
       54053.295      20.4200    0.0640000      54053.3      20.3810    0.0270000      54053.3      20.1750    0.0240000      54053.3      20.1460    0.0320000      54053.3      20.1850     0.151000
       54056.297      20.5790    0.0970000      54056.3      20.3800    0.0390000      54056.3      20.1210    0.0350000      54056.3      19.9730    0.0400000      54056.3      20.1810     0.174000
       54059.291      20.3570    0.0910000      54059.3     -99.9900    0.0300000      54059.3      20.1190    0.0370000      54059.3      20.1410    0.0440000      54059.3      20.4120     0.232000
       54061.302      20.4600     0.118000      54061.3      20.3500    0.0280000      54061.3      20.1540    0.0350000      54061.3      20.1460    0.0430000      54061.3      20.9680     0.471000
       54062.296      20.3120    0.0640000      54062.3      20.3930    0.0290000      54062.3      20.1590    0.0260000      54062.3      20.0730    0.0310000      54062.3      20.3110     0.160000
       54068.277      20.6990     0.172000      54068.3      20.4780    0.0520000      54068.3      20.1400    0.0410000      54068.3      20.1320    0.0500000      54068.3      20.3940     0.213000
       54348.376      20.7310     0.102000      54348.4      20.5940    0.0360000      54348.4      20.2120    0.0370000      54348.4      20.1990    0.0430000      54348.4      20.0600     0.117000
       54357.335      20.5660    0.0680000      54357.3      20.6860    0.0290000      54357.3      20.3000    0.0210000      54357.3      20.3800    0.0310000      54357.3      20.2860     0.120000
       54358.332      20.7550    0.0960000      54358.3      20.6690    0.0340000      54358.3      20.2680    0.0320000      54358.3      20.3560    0.0450000      54358.3      20.6130     0.222000
       54359.326      20.6240     0.240000      54359.3      20.6950    0.0930000      54359.3      20.2660    0.0660000      54359.3      20.1290     0.107000      54359.3      20.8110     0.892000
       54359.366      20.8650     0.114000      54359.4      20.6750    0.0330000      54359.4      20.3500    0.0380000      54359.4      20.3390    0.0500000      54359.4      20.4890     0.262000
       54362.384      20.7540    0.0710000      54362.4      20.6620    0.0310000      54362.4      20.3060    0.0270000      54362.4      20.3320    0.0320000      54362.4      20.2520     0.135000
       54365.365     -99.9900    0.0600000      54365.4      20.6250    0.0270000      54365.4      20.3090    0.0260000      54365.4      20.3090    0.0340000      54365.4      20.5270     0.125000
       54376.379      20.7670    0.0970000      54376.4      20.6830    0.0340000      54376.4      20.3870    0.0290000      54376.4      20.3760    0.0390000      54376.4      20.2780     0.134000
       54381.385      99.9930      99.9990      54381.4      99.9870      99.9990      54381.4      20.3820    0.0360000      54381.4      20.3450    0.0410000      54381.4      20.3650     0.129000
       54382.365      21.0530     0.163000      54382.4      20.6740    0.0340000      54382.4      20.2780    0.0480000      54382.4      20.3870    0.0590000      54382.4      21.1440     0.520000
       54384.391      20.6200    0.0680000      54384.4      20.8050    0.0310000      54384.4      20.2640    0.0250000      54384.4      20.2240    0.0350000      54384.4      19.9960    0.0940000
       54385.382      20.7120    0.0720000      54385.4      20.7210    0.0230000      54385.4      20.3630    0.0330000      54385.4      20.3140    0.0270000      54385.4      20.2550     0.110000
       54386.377      20.8230     0.117000      54386.4      20.6240    0.0350000      54386.4      20.3000    0.0360000      54386.4      20.2830    0.0750000      54386.4      20.1690     0.154000
       54387.383      20.5710     0.121000      54387.4      20.6900    0.0320000      54387.4      20.2830    0.0460000      54387.4      20.2690    0.0560000      54387.4      20.5100     0.240000
       54388.381      20.6490    0.0830000      54388.4      20.7020    0.0430000      54388.4      20.3570    0.0320000      54388.4      20.2900    0.0350000      54388.4      20.3720     0.133000
       54390.375     -99.9900     0.366000      54390.4     -99.9900     0.333000      54390.4      20.4990    0.0470000      54390.4      20.1560    0.0600000      54390.4     -99.9900      3.24000
       54391.384      20.8100     0.159000      54391.4      20.6400    0.0450000      54391.4      20.2820    0.0530000      54391.4      20.2430    0.0730000      54391.4      19.7370     0.180000
       54402.376      20.7730     0.308000      54402.4      20.7390    0.0890000      54402.4      20.3250    0.0570000      54402.4      20.3900    0.0600000      54402.4      20.4240     0.231000
       54403.295      21.0560     0.197000      54403.3      20.8350    0.0710000      54403.3      20.2990    0.0430000      54403.3      20.3170    0.0520000      54403.3      20.2490     0.159000
       54404.353      20.6550     0.188000      54404.4      20.7420    0.0600000      54404.4      20.2930    0.0590000      54404.4      20.2870    0.0650000      54404.4      20.5210     0.238000
       54405.351      20.9270     0.124000      54405.4      20.8070    0.0420000      54405.3      20.3350    0.0320000      54405.4      20.2960    0.0380000      54405.4      20.7650     0.185000
       54406.289     -99.9900    0.0690000      54406.3      20.6240    0.0310000      54406.3      20.3010    0.0260000      54406.3      20.2910    0.0330000      54406.3      20.3060     0.104000
       54412.315      20.9300     0.109000      54412.3      20.8060    0.0350000      54412.3      20.4460    0.0410000      54412.3      20.2810    0.0420000      54412.3      20.5240     0.176000
       52522.000       20.388000     0.061000000       52522.000       20.255000     0.024000000       52522.000       20.036000     0.026000000       52522.000       20.011000     0.031000000       52522.000       20.041000      0.12700000
       51075       20.177000     0.043000000       51075       20.099000     0.024000000       51075       19.880000     0.024000000       51075       19.875000     0.029000000       51075       20.113000      0.14600000
       51132       20.162000     0.035000000       51132       20.118000     0.019000000       51132       19.893000     0.027000000       51132       19.902000     0.036000000       51132       19.935000      0.13800000
       51133       20.193000     0.049000000       51133       20.167000     0.032000000       51133       19.857000     0.047000000       51133       19.840000     0.045000000       51133       19.807000      0.13100000
       51134       20.185000      0.10100000       51134       20.072000     0.027000000       51134       19.857000     0.032000000       51134       19.789000     0.054000000       51134       19.978000      0.18200000
       51819       20.162000     0.058000000       51819       20.087000     0.020000000       51819       19.918000     0.022000000       51819       19.899000     0.029000000       51819       19.795000      0.10000000
       52288       20.590000     0.060000000       52288       20.432000     0.033000000       52288       20.118000     0.028000000       52288       20.084000     0.031000000       52288       20.014000      0.10200000
       52522       20.376000     0.055000000       52522       20.280000     0.025000000       52522       20.021000     0.025000000       52522       20.006000     0.030000000       52522       20.049000      0.11400000
       52551       20.210000     0.083000000       52551       20.270000     0.025000000       52551       20.030000     0.035000000       52551       19.934000     0.038000000       52551       20.123000      0.15200000
       52552       20.328000     0.049000000       52552       20.312000     0.026000000       52552       20.037000     0.024000000       52552       20.060000     0.028000000       52552       20.209000      0.11700000
       52558       20.304000     0.051000000       52558       20.293000     0.023000000       52558       20.015000     0.020000000       52558       19.985000     0.027000000       52558       20.187000      0.10000000
       52577       20.444000     0.053000000       52577       20.392000     0.024000000       52577       20.095000     0.025000000       52577       20.017000     0.031000000       52577       20.022000      0.10600000
       52640       20.561000     0.071000000       52640       20.545000     0.032000000       52640       20.214000     0.038000000       52640       20.077000     0.053000000       52640       20.052000      0.15400000
       52910       20.421000     0.055000000       52910       20.365000     0.023000000       52910       20.082000     0.021000000       52910       20.074000     0.029000000       52910       20.146000      0.11800000
       52912       20.563000     0.057000000       52912       20.309000     0.031000000       52912       20.051000     0.028000000       52912       19.954000     0.033000000       52912       20.066000      0.10500000
       52931       20.201000     0.049000000       52931       20.166000     0.022000000       52931       20.016000     0.024000000       52931       19.958000     0.030000000       52931       20.197000      0.13000000
       52935       20.148000     0.050000000       52935       20.191000     0.021000000       52935       19.916000     0.028000000       52935       20.003000     0.037000000       52935       20.299000      0.17600000
       52959       20.831000      0.12200000       52959       20.320000     0.034000000       52959       19.972000     0.042000000       52959       19.928000     0.061000000       52959       19.884000      0.21600000
       52971       20.284000     0.046000000       52971       20.207000     0.026000000       52971       19.987000     0.023000000       52971       20.005000     0.032000000       52971       19.988000     0.099000000
       53352       20.178000     0.048000000       53352       20.139000     0.027000000       53352       19.854000     0.031000000       53352       19.859000     0.033000000       53352       20.330000      0.18500000
       54424       20.889000      0.15400000       54424       20.735000     0.055000000       54424       20.381000     0.041000000       54424       20.266000     0.041000000       54424       20.368000      0.12800000
