       51075.366      23.9680     0.812000      51075.4      22.5100     0.120000      51075.4      20.5180    0.0330000      51075.4      19.5620    0.0260000      51075.4      18.9780    0.0540000
       52170.386      23.2430     0.485000      52170.4      22.5110     0.110000      52170.4      20.5060    0.0300000      52170.4      19.5420    0.0230000      52170.4      18.8930    0.0410000
       52196.385      23.7230     0.918000      52196.4      22.6040     0.149000      52196.4      20.5670    0.0350000      52196.4      19.5740    0.0270000      52196.4      18.9940    0.0520000
       52207.352      23.4990     0.673000      52207.4      22.6910     0.132000      52207.4      20.6080    0.0340000      52207.4      19.5730    0.0230000      52207.4      18.9120    0.0390000
       52224.280     -99.9900     0.858000      52224.3      22.5590     0.107000      52224.3      20.6030    0.0310000      52224.3      19.5860    0.0210000      52224.3      18.9490    0.0380000
       52225.230      24.0430     0.837000      52225.2      22.4810     0.112000      52225.2      20.5380    0.0340000      52225.2      19.5090    0.0220000      52225.2      18.8900    0.0410000
       52231.265      23.1750     0.477000      52231.3      22.5410     0.120000      52231.3      20.5460    0.0340000      52231.3      19.5560    0.0220000      52231.3      18.9530    0.0420000
       52234.236      23.5090     0.624000      52234.2      22.8670     0.158000      52234.2      20.5820    0.0330000      52234.2      19.5740    0.0220000      52234.2      18.9910    0.0380000
       52261.200      23.7340     0.946000      52261.2      22.3040     0.114000      52261.2      20.6010    0.0430000      52261.2      19.6080    0.0260000      52261.2      18.9340    0.0460000
       52282.126      23.2110     0.534000      52282.1      22.4150     0.123000      52282.1      20.6240    0.0390000      52282.1      19.6240    0.0260000      52282.1      18.9580    0.0470000
       52287.080      23.8560     0.755000      52287.1      22.2850    0.0970000      52287.1      20.6280    0.0370000      52287.1      19.6130    0.0240000      52287.1      18.9390    0.0390000
       52552.399      26.2200     0.414000      52552.4      22.3800     0.102000      52552.4      20.6120    0.0340000      52552.4      19.6380    0.0230000      52552.4      19.0380    0.0450000
       52557.373     -99.9900     0.677000      52557.4      22.5540     0.131000      52557.4      20.6280    0.0380000      52557.4      19.6170    0.0270000      52557.4      19.1230    0.0570000
       52908.348      24.3850     0.931000      52908.3      22.5320     0.123000      52908.3      20.6460    0.0360000      52908.3      19.6560    0.0250000      52908.3      19.0330    0.0470000
       52912.327      23.2060     0.554000      52912.3      22.6630     0.137000      52912.3      20.7260    0.0360000      52912.3      19.8150    0.0280000      52912.3      19.2070    0.0520000
       52934.280      23.0810     0.617000      52934.3      22.4030     0.121000      52934.3      20.7010    0.0420000      52934.3      19.7600    0.0330000      52934.3      19.1600    0.0620000
       52936.276      23.8600     0.733000      52936.3      22.5260     0.109000      52936.3      20.7890    0.0390000      52936.3      19.7660    0.0280000      52936.3      19.1120    0.0480000
       53272.390      24.6450      1.47200      53272.4      22.8030     0.171000      53272.4      20.8750    0.0500000      53272.4      19.8120    0.0310000      53272.4      19.2380    0.0630000
       53286.358      23.4230     0.776000      53286.4      22.6220     0.190000      53286.4      20.7780    0.0430000      53286.4      19.8250    0.0300000      53286.4      19.1500    0.0460000
       53288.317      23.7140     0.746000      53288.3      22.5670     0.116000      53288.3      20.7460    0.0380000      53288.3      19.8150    0.0270000      53288.3      19.3080    0.0540000
       53294.365      23.4720     0.818000      53294.4      22.7790     0.186000      53294.4      20.7730    0.0550000      53294.4      19.7490    0.0340000      53294.4      19.1530    0.0530000
       53296.312      24.2860      2.06200      53296.3      22.6290     0.168000      53296.3      20.5920    0.0670000      53296.3      19.7850    0.0390000      53296.3      19.3560    0.0710000
       53298.361      24.6020      1.12900      53298.4      22.4640     0.138000      53298.4      20.9670    0.0680000      53298.4      19.7530    0.0360000      53298.4      19.2610    0.0680000
       53302.313      23.5870      1.83400      53302.3      22.4240     0.324000      53302.3      20.6250    0.0620000      53302.3      19.7680    0.0360000      53302.3      19.1740    0.0550000
       53312.268      100.000      99.9990      53312.3      22.6370     0.344000      53312.3      20.6900    0.0620000      53312.3      19.8510    0.0450000      53312.3      19.2520    0.0680000
       53314.269      23.8020      1.02500      53314.3      22.4960     0.168000      53314.3      20.5420    0.0420000      53314.3      19.6600    0.0320000      53314.3      19.1380    0.0630000
       53319.257      23.1480     0.809000      53319.3      23.0490     0.299000      53319.3      20.7600    0.0610000      53319.3      19.6960    0.0370000      53319.3      19.1020    0.0700000
       53616.374      23.2300     0.761000      53616.4      22.4220     0.154000      53616.4      20.7060    0.0490000      53616.4      19.7870    0.0360000      53616.4      19.1740    0.0660000
       53626.350      23.9390      1.05900      53626.4      22.5610     0.178000      53626.3      20.6900    0.0450000      53626.3      19.8480    0.0340000      53626.4      19.2690    0.0570000
       53628.335      25.1990      2.09100      53628.3      22.8250     0.476000      53628.3      20.7990    0.0660000      53628.3      19.7700    0.0350000      53628.3      19.1650    0.0580000
       53637.337      23.5090      1.44300      53637.3      22.2400     0.233000      53637.3      20.6340    0.0590000      53637.3      19.6780    0.0350000      53637.3      19.0590    0.0590000
       53639.382      24.5150      1.16400      53639.4      22.5040     0.144000      53639.4      20.7350    0.0360000      53639.4      19.7870    0.0250000      53639.4      19.2200    0.0450000
       53641.381      25.7150     0.638000      53641.4      22.3730     0.114000      53641.4      20.7820    0.0350000      53641.4      19.8270    0.0260000      53641.4      19.2680    0.0500000
       53657.340     -99.9900     0.837000      53657.3      21.5560     0.293000      53657.3      20.7640     0.138000      53657.3      19.6870    0.0630000      53657.3      19.1200     0.103000
       53663.325      23.3020      1.37300      53663.3      22.6810     0.371000      53663.3      20.7360    0.0590000      53663.3      19.7700    0.0330000      53663.3      19.2830    0.0520000
       53666.395      22.9300      1.07300      53666.4      22.4070     0.247000      53666.4      20.7900    0.0530000      53666.4      19.8200    0.0320000      53666.4      19.2220    0.0560000
       53668.314      22.6310     0.609000      53668.3      22.8570     0.273000      53668.3      20.8160    0.0560000      53668.3      19.9000    0.0400000      53668.3      19.1000    0.0590000
       53670.319      25.6690     0.810000      53670.3      22.5500     0.145000      53670.3      20.7070    0.0450000      53670.3      19.7230    0.0310000      53670.3      19.1040    0.0560000
       53673.287      23.0320     0.446000      53673.3      22.5700     0.142000      53673.3      20.7940    0.0400000      53673.3      19.8220    0.0260000      53673.3      19.1410    0.0420000
       53675.284      23.5850     0.680000      53675.3      22.5740     0.116000      53675.3      20.7470    0.0410000      53675.3      19.7860    0.0300000      53675.3      19.1310    0.0530000
       53677.305      24.4280     0.909000      53677.3      22.6560     0.125000      53677.3      20.7520    0.0400000      53677.3      19.8160    0.0270000      53677.3      19.2210    0.0440000
       53680.292      24.3970     0.991000      53680.3      22.6190     0.124000      53680.3      20.7150    0.0370000      53680.3      19.8000    0.0270000      53680.3      19.2030    0.0460000
       53686.291      21.6390     0.643000      53686.3      26.6990      1.41900      53686.3      20.6080     0.109000      53686.3      19.7180    0.0590000      53686.3      19.1630    0.0760000
       53693.294      22.8750      1.20000      53693.3      22.8120     0.432000      53693.3      20.7580    0.0680000      53693.3      19.7910    0.0330000      53693.3      19.2290    0.0530000
       53698.291      24.3200      1.11300      53698.3      22.4290     0.117000      53698.3      20.7670    0.0400000      53698.3      19.8200    0.0290000      53698.3      19.1790    0.0490000
       53704.277      22.5900     0.456000      53704.3      22.9670     0.216000      53704.3      20.7030    0.0530000      53704.3      19.7280    0.0380000      53704.3      19.2120    0.0700000
       53989.373      99.9980      99.9990      53989.4      22.1600     0.298000      53989.4      20.7940    0.0800000      53989.4      19.8140    0.0420000      53989.4      19.2380    0.0530000
       53995.388      24.9280      1.91100      53995.4      22.5410    0.0890000      53995.4      20.8080    0.0300000      53995.4      19.7950    0.0240000      53995.4      19.1790    0.0400000
       54000.348      22.7040     0.601000      54000.4      22.6440     0.149000      54000.3      20.7600    0.0440000      54000.3      19.7740    0.0340000      54000.3      19.1960    0.0540000
       54007.398     -99.9900     0.503000      54007.4      22.5710     0.146000      54007.4      20.7390    0.0390000      54007.4      19.7660    0.0300000      54007.4      19.1450    0.0550000
       54009.322      25.1550      3.16000      54009.3      22.3210    0.0860000      54009.3      20.7330    0.0350000      54009.3      19.7790    0.0290000      54009.3      19.2510    0.0460000
       54011.387      24.9820      4.35500      54011.4      22.6530    0.0880000      54011.4      20.7580    0.0300000      54011.4      19.8370    0.0250000      54011.4      19.2120    0.0390000
       54025.386      23.8050      1.25600      54025.4      22.3980     0.139000      54025.4      20.8580    0.0510000      54025.4      19.7890    0.0350000      54025.4      19.1020    0.0530000
       54029.316      26.8540      99.9990      54029.3      22.8050     0.136000      54029.3      20.8280    0.0400000      54029.3      19.9000    0.0320000      54029.3      19.3010    0.0570000
       54348.383      23.2170      2.54000      54348.4      22.8620     0.212000      54348.4      20.8360    0.0440000      54348.4      19.8730    0.0320000      54348.4      19.2450    0.0510000
       54358.339      99.9780      99.9990      54358.3      22.5790     0.133000      54358.3      20.8930    0.0620000      54358.3      19.8180    0.0390000      54358.3      19.2340    0.0640000
       54365.372      26.5870      9.61500      54365.4      22.7700     0.110000      54365.4      20.8720    0.0350000      54365.4      19.8480    0.0260000      54365.4      19.2260    0.0390000
       54381.392      24.0210      1.37100      54381.4      22.8630     0.167000      54381.4      20.8330    0.0430000      54381.4      19.8490    0.0310000      54381.4      19.1690    0.0460000
       54384.399      23.4370     0.766000      54384.4      22.5540     0.108000      54384.4      20.9250    0.0400000      54384.4      19.8290    0.0270000      54384.4      19.1760    0.0420000
       54386.384     -99.9900      3.03300      54386.4      22.6170     0.120000      54386.4      20.8140    0.0400000      54386.4      19.8050    0.0310000      54386.4      19.1660    0.0430000
       54388.389      25.3130      4.58000      54388.4      22.4570     0.110000      54388.4      20.8820    0.0490000      54388.4      19.8410    0.0300000      54388.4      19.1680    0.0480000
       54392.386      99.9890      99.9990      54392.4      22.4990     0.156000      54392.4      20.9080    0.0620000      54392.4      19.8390    0.0410000      54392.4      19.2120    0.0660000
       54404.360      99.9970      99.9990      54404.4     -99.9900      1.12300      54404.4      20.8780    0.0680000      54404.4      19.7770    0.0330000      54404.4      19.2320    0.0620000
       54405.358      22.4050     0.445000      54405.4      22.9100     0.310000      54405.4      20.7570    0.0480000      54405.4      19.8830    0.0350000      54405.4      19.2580    0.0480000
       54406.296      24.7920      1.14600      54406.3      22.6950     0.128000      54406.3      20.8750    0.0400000      54406.3      19.8850    0.0270000      54406.3      19.3010    0.0400000
       52234.000       23.456000       1.1110000       52234.000       22.861000      0.14900000       52234.000       20.590000     0.032000000       52234.000       19.564000     0.027000000       52234.000       18.976000     0.041000000
       51075       23.909000      0.64100000       51075       22.573000      0.12000000       51075       20.554000     0.033000000       51075       19.592000     0.025000000       51075       18.975000     0.052000000
       51133       22.477000      0.25000000       51133       22.290000      0.10800000       51133       20.499000     0.046000000       51133       19.529000     0.028000000       51133       18.941000     0.058000000
       51134       23.737000      0.73700000       51134       22.405000      0.11700000       51134       20.586000     0.037000000       51134       19.535000     0.029000000       51134       19.097000     0.061000000
       52170       23.077000      0.33300000       52170       22.497000      0.10100000       52170       20.565000     0.031000000       52170       19.574000     0.025000000       52170       18.898000     0.039000000
       52197       23.214000      0.59600000       52197       22.375000      0.10900000       52197       20.604000     0.038000000       52197       19.590000     0.029000000       52197       18.888000     0.042000000
       52207       23.552000      0.62600000       52207       22.739000      0.13100000       52207       20.588000     0.036000000       52207       19.553000     0.028000000       52207       18.880000     0.038000000
       52225       24.188000      0.46500000       52225       22.595000      0.11000000       52225       20.616000     0.036000000       52225       19.570000     0.025000000       52225       18.965000     0.041000000
       52231       23.131000      0.95800000       52231       22.504000      0.11400000       52231       20.578000     0.033000000       52231       19.577000     0.023000000       52231       18.954000     0.042000000
       52234       23.490000      0.97800000       52234       22.866000      0.14800000       52234       20.577000     0.035000000       52234       19.556000     0.027000000       52234       18.968000     0.040000000
       52253       25.926000      0.90200000       52253       22.508000      0.14900000       52253       20.566000     0.040000000       52253       19.570000     0.032000000       52253       18.964000     0.049000000
       52261       23.395000      0.55900000       52261       22.353000      0.11000000       52261       20.624000     0.043000000       52261       19.632000     0.034000000       52261       18.952000     0.047000000
       52282       23.072000      0.39500000       52282       22.424000      0.11800000       52282       20.611000     0.040000000       52282       19.611000     0.026000000       52282       18.950000     0.046000000
       52287       23.519000      0.70000000       52287       22.276000     0.095000000       52287       20.607000     0.037000000       52287       19.583000     0.026000000       52287       18.917000     0.039000000
       52552       25.998000      0.92300000       52552       22.320000     0.094000000       52552       20.610000     0.034000000       52552       19.638000     0.026000000       52552       19.028000     0.045000000
       52557       23.294000      0.65700000       52557       22.579000      0.12700000       52557       20.640000     0.039000000       52557       19.622000     0.029000000       52557       19.120000     0.057000000
       52578       24.200000       7.2710000       52578       22.649000      0.13000000       52578       20.733000     0.034000000       52578       19.643000     0.029000000       52578       19.144000     0.061000000
       52872       23.289000      0.64900000       52872       22.594000      0.16400000       52872       20.695000     0.036000000       52872       19.764000     0.025000000       52872       19.189000     0.046000000
       52908       24.350000      0.70000000       52908       22.630000      0.11700000       52908       20.761000     0.038000000       52908       19.746000     0.025000000       52908       19.103000     0.046000000
       52912       23.188000      0.45500000       52912       22.701000      0.13400000       52912       20.741000     0.035000000       52912       19.811000     0.029000000       52912       19.202000     0.050000000
       52934       23.154000      0.70300000       52934       22.429000      0.11600000       52934       20.743000     0.043000000       52934       19.799000     0.037000000       52934       19.208000     0.062000000
       52936       23.965000      0.52100000       52936       22.555000      0.10200000       52936       20.868000     0.040000000       52936       19.785000     0.029000000       52936       19.158000     0.047000000
       53270       26.508000       1.1320000       53270       22.948000      0.73200000       53270       20.398000     0.087000000       53270       20.452000      0.14600000       53270       18.400000      0.50800000
       53272       24.238000       1.2060000       53272       22.770000      0.15700000       53272       20.879000     0.052000000       53272       19.820000     0.032000000       53272       19.235000     0.070000000
       53286       23.624000      0.79400000       53286       22.579000      0.15200000       53286       20.787000     0.044000000       53286       19.809000     0.032000000       53286       19.141000     0.046000000
       53288       23.682000       1.3350000       53288       22.627000      0.11200000       53288       20.776000     0.040000000       53288       19.828000     0.029000000       53288       19.293000     0.052000000
       53294       23.444000      0.53500000       53294       22.751000      0.17400000       53294       20.790000     0.060000000       53294       19.772000     0.037000000       53294       19.174000     0.053000000
       53298       24.505000      0.81500000       53298       22.445000      0.13100000       53298       20.957000     0.067000000       53298       19.726000     0.036000000       53298       19.243000     0.067000000
       53312       25.042000       2.0650000       53312       22.625000      0.35300000       53312       20.689000     0.067000000       53312       19.814000     0.048000000       53312       19.220000     0.073000000
       53314       24.255000      0.95400000       53314       22.610000      0.15800000       53314       20.685000     0.043000000       53314       19.779000     0.033000000       53314       19.241000     0.061000000
       53319       22.907000       1.3390000       53319       23.043000      0.28100000       53319       20.789000     0.061000000       53319       19.723000     0.038000000       53319       19.124000     0.067000000
