       51075.364      19.9700    0.0380000      51075.4      19.9700    0.0170000      51075.4      19.9260    0.0210000      51075.4      19.9200    0.0310000      51075.4      20.1340     0.187000
       52170.385      20.2220    0.0490000      52170.4      20.2590    0.0190000      52170.4      20.1130    0.0220000      52170.4      20.1410    0.0330000      52170.4      19.9500     0.121000
       52196.383      20.3070    0.0630000      52196.4      20.3260    0.0230000      52196.4      20.1400    0.0250000      52196.4      20.1320    0.0360000      52196.4      20.3640     0.202000
       52207.350      20.3530    0.0630000      52207.4      20.3010    0.0200000      52207.3      20.2000    0.0250000      52207.3      20.0800    0.0310000      52207.4      20.3970     0.170000
       52225.228      20.2780    0.0530000      52225.2      20.2640    0.0190000      52225.2      20.1530    0.0220000      52225.2      20.1270    0.0310000      52225.2      20.1780     0.138000
       52231.264      20.2840    0.0550000      52231.3      20.3360    0.0200000      52231.3      20.1690    0.0230000      52231.3      20.1210    0.0310000      52231.3      19.9490     0.106000
       52234.235      20.4970    0.0650000      52234.2      20.3450    0.0210000      52234.2      20.1370    0.0230000      52234.2      20.1910    0.0320000      52234.2      20.0620     0.112000
       52282.125      20.3230    0.0620000      52282.1      20.3580    0.0240000      52282.1      20.1230    0.0290000      52282.1      20.1000    0.0360000      52282.1      20.1140     0.163000
       52287.078      20.2940    0.0570000      52287.1      20.3480    0.0240000      52287.1      20.1910    0.0290000      52287.1      20.1020    0.0350000      52287.1      20.1240     0.143000
       52552.397      20.1550    0.0510000      52552.4      20.1630    0.0180000      52552.4      20.0780    0.0220000      52552.4      20.0710    0.0330000      52552.4      20.0830     0.126000
       52557.372      20.2350    0.0590000      52557.4      20.1630    0.0200000      52557.4      20.0490    0.0260000      52557.4      20.0530    0.0350000      52557.4      20.2150     0.169000
       52578.268      20.2540    0.0490000      52578.3      20.1320    0.0180000      52578.3      20.0250    0.0210000      52578.3      20.0590    0.0300000      52578.3      20.2600     0.151000
       52908.346      20.3320    0.0620000      52908.3      20.3500    0.0200000      52908.3      20.2280    0.0240000      52908.3      20.2330    0.0350000      52908.3      20.1490     0.134000
       52912.326      20.4370    0.0670000      52912.3      20.4370    0.0230000      52912.3      20.2140    0.0240000      52912.3      20.1880    0.0340000      52912.3      20.2590     0.160000
       52934.278     -99.9900    0.0760000      52934.3      20.4640    0.0250000      52934.3      20.2710    0.0300000      52934.3      20.1720    0.0390000      52934.3      20.0140     0.172000
       52936.274      20.5520    0.0650000      52936.3      20.4470    0.0220000      52936.3      20.2000    0.0250000      52936.3      20.1730    0.0340000      52936.3      20.4250     0.215000
       53272.388      20.2720    0.0710000      53272.4      20.2050    0.0220000      53272.4      20.1610    0.0290000      53272.4      20.0290    0.0360000      53272.4      20.3400     0.193000
       53286.357      20.3300    0.0680000      53286.4      20.2490    0.0220000      53286.4      20.1140    0.0250000      53286.4      20.0950    0.0290000      53286.4      20.0120     0.132000
       53288.315      20.2440    0.0570000      53288.3      20.2400    0.0190000      53288.3      20.1310    0.0230000      53288.3      20.0380    0.0290000      53288.3      20.0170     0.122000
       53294.363      20.3820    0.0780000      53294.4      20.2710    0.0230000      53294.4      20.1670    0.0290000      53294.4      20.1400    0.0390000      53294.4      19.9290     0.144000
       53296.310     -99.9900     0.119000      53296.3      20.2850    0.0250000      53296.3      20.1670    0.0360000      53296.3      20.0350    0.0520000      53296.3      19.9690     0.170000
       53298.360      20.3120    0.0680000      53298.4      20.2770    0.0250000      53298.4      20.1420    0.0310000      53298.4      20.1600    0.0430000      53298.4      19.9840     0.162000
       53302.311      20.5000     0.125000      53302.3      20.3390    0.0500000      53302.3      20.1560    0.0380000      53302.3      20.0920    0.0400000      53302.3      20.4630     0.207000
       53312.266      20.4590     0.105000      53312.3      20.2770    0.0350000      53312.3      20.1140    0.0360000      53312.3      20.0030    0.0440000      53312.3      20.2690     0.223000
       53314.268      20.4200    0.0690000      53314.3      20.3180    0.0230000      53314.3      20.1290    0.0280000      53314.3      20.1390    0.0370000      53314.3      20.0190     0.141000
       53319.255      20.3730    0.0880000      53319.3      20.3550    0.0280000      53319.3      20.1530    0.0360000      53319.3      20.1650    0.0500000      53319.3      19.8030     0.149000
       53616.372      20.5550     0.105000      53616.4      20.4060    0.0250000      53616.4      20.1480    0.0320000      53616.4      20.0870    0.0450000      53616.4      20.0410     0.184000
       53626.348      20.2670    0.0830000      53626.4      20.2400    0.0260000      53626.3     -99.9900    0.0690000      53626.3     -99.9900    0.0890000      53626.3      19.9150     0.176000
       53628.333      20.3280     0.116000      53628.3      20.2150    0.0430000      53628.3      20.0830    0.0400000      53628.3      20.0500    0.0420000      53628.3      19.9610     0.143000
       53637.335      20.2540    0.0990000      53637.3      20.3020    0.0360000      53637.3      20.0940    0.0360000      53637.3      20.1360    0.0420000      53637.3      20.3540     0.213000
       53639.380      20.3950    0.0670000      53639.4      20.3000    0.0230000      53639.4      20.1140    0.0230000      53639.4      20.1490    0.0300000      53639.4      20.0380     0.113000
       53641.379      20.4020    0.0630000      53641.4      20.2760    0.0200000      53641.4      20.1290    0.0220000      53641.4      20.1270    0.0290000      53641.4      20.3520     0.147000
       53654.362      20.4150    0.0680000      53654.4      20.2710    0.0210000      53654.4      20.1550    0.0260000      53654.4      20.0560    0.0330000      53654.4      20.1550     0.159000
       53657.338      20.4150     0.247000      53657.3      20.0700    0.0820000      53657.3      19.9950    0.0710000      53657.3      19.9610    0.0800000      53657.3      19.6880     0.217000
       53663.323      20.5910     0.135000      53663.3      20.2780    0.0420000      53663.3      20.1700    0.0350000      53663.3      20.2270    0.0750000      53663.3      20.3510     0.166000
       53665.301      21.2180     0.894000      53665.3     -99.9900     0.329000      53665.3      20.2550     0.106000      53665.3      20.4090     0.167000      53665.3     -99.9900     0.618000
       53666.393      20.4130     0.120000      53666.4      20.2380    0.0360000      53666.4      20.1350    0.0330000      53666.4      20.1090    0.0370000      53666.4      20.0140     0.136000
       53668.312      20.3830    0.0930000      53668.3      20.2800    0.0300000      53668.3      20.1510    0.0320000      53668.3      20.1770    0.0470000      53668.3      19.9780     0.170000
       53670.317     -99.9900    0.0810000      53670.3      20.2490    0.0230000      53670.3      20.1510    0.0310000      53670.3      20.0930    0.0450000      53670.3      20.4280     0.205000
       53673.285      20.3320    0.0640000      53673.3      20.2900    0.0200000      53673.3      20.1610    0.0250000      53673.3      20.0930    0.0320000      53673.3      20.3550     0.147000
       53675.282      20.3970    0.0610000      53675.3      20.2980    0.0200000      53675.3      20.1330    0.0250000      53675.3      20.1800    0.0350000      53675.3      20.1840     0.144000
       53677.303      20.4120    0.0670000      53677.3      20.2870    0.0200000      53677.3      20.1360    0.0240000      53677.3      20.0840    0.0320000      53677.3      20.2140     0.126000
       53680.290      20.3810    0.0620000      53680.3      20.2990    0.0200000      53680.3      20.1570    0.0250000      53680.3      20.0820    0.0290000      53680.3      20.2480     0.138000
       53686.289      20.2330     0.176000      53686.3      20.3330    0.0820000      53686.3     -99.9900    0.0630000      53686.3     -99.9900    0.0660000      53686.3     -99.9900     0.378000
       53693.292      20.1210     0.110000      53693.3      20.3260    0.0480000      53693.3      20.0810    0.0390000      53693.3      19.9840    0.0410000      53693.3      20.3810     0.179000
       53698.289      20.5250    0.0780000      53698.3      20.2730    0.0240000      53698.3      20.1190    0.0250000      53698.3      20.0890    0.0320000      53698.3      20.2550     0.148000
       53704.275      20.2960    0.0880000      53704.3      20.2500    0.0230000      53704.3      20.1690    0.0340000      53704.3      20.1260    0.0420000      53704.3      20.0320     0.198000
       53989.371      20.0430     0.101000      53989.4      20.0010    0.0430000      53989.4      19.8920    0.0360000      53989.4      19.9140    0.0390000      53989.4      19.8940     0.126000
       53995.386      20.2370    0.0430000      53995.4      20.0500    0.0180000      53995.4      19.9210    0.0210000      53995.4      19.8750    0.0250000      53995.4      20.0350    0.0890000
       54000.346      20.2300    0.0590000      54000.3      20.0930    0.0310000      54000.3      19.8920    0.0230000      54000.3      19.9320    0.0300000      54000.3      19.9830     0.163000
       54007.397      20.1580    0.0590000      54007.4      20.0790    0.0300000      54007.4      19.9380    0.0320000      54007.4      19.8730    0.0300000      54007.4      19.7860     0.101000
       54009.320     -99.9900    0.0490000      54009.3      20.0180    0.0210000      54009.3      19.9220    0.0210000      54009.3      19.9300    0.0250000      54009.3      19.7220    0.0830000
       54011.385     -99.9900    0.0480000      54011.4      20.0370    0.0180000      54011.4      19.8970    0.0200000      54011.4      19.8960    0.0220000      54011.4      20.2170     0.101000
       54025.384      20.0900    0.0600000      54025.4      19.9910    0.0250000      54025.4      19.9030    0.0290000      54025.4      19.9080    0.0380000      54025.4      19.9950     0.153000
       54029.314      20.0030    0.0430000      54029.3      19.9780    0.0230000      54029.3      19.8900    0.0240000      54029.3      19.9100    0.0290000      54029.3      19.9290     0.111000
       54348.382     -99.9900    0.0630000      54348.4      20.1410    0.0270000      54348.4      19.9850    0.0290000      54348.4      19.9750    0.0330000      54348.4      20.1030     0.126000
       54358.338      20.3080    0.0920000      54358.3      20.1260    0.0230000      54358.3      20.0010    0.0300000      54358.3      19.9160    0.0430000      54358.3      20.1180     0.201000
       54359.332     -99.9900     0.270000      54359.3      20.2630    0.0890000      54359.3      20.0370    0.0940000      54359.3      19.7430     0.164000      54359.3      22.3370      5.94100
       54365.371      20.2810    0.0510000      54365.4      20.1370    0.0210000      54365.4      19.9760    0.0270000      54365.4      19.9690    0.0320000      54365.4      19.9060    0.0900000
       54381.390      20.2160    0.0640000      54381.4      20.1140    0.0270000      54381.4      19.9430    0.0230000      54381.4      19.9700    0.0310000      54381.4      19.8500     0.116000
       54384.397      20.2770    0.0590000      54384.4      20.1130    0.0180000      54384.4      19.9730    0.0240000      54384.4      19.9660    0.0270000      54384.4      19.9190     0.102000
       54386.382     -99.9900    0.0560000      54386.4      20.0710    0.0220000      54386.4      19.9740    0.0240000      54386.4      19.9310    0.0270000      54386.4      20.2350     0.140000
       54388.387      20.1700    0.0670000      54388.4      20.0960    0.0210000      54388.4      19.9300    0.0240000      54388.4      19.8820    0.0340000      54388.4      19.9140     0.110000
       54392.384      20.2510    0.0840000      54392.4      20.1200    0.0290000      54392.4      19.9760    0.0320000      54392.4      19.9390    0.0440000      54392.4      19.8720     0.131000
       54403.301     -99.9900     0.128000      54403.3      20.1750    0.0960000      54403.3      19.9710    0.0550000      54403.3      19.8630    0.0700000      54403.3      19.9850     0.338000
       54404.358      20.1780    0.0920000      54404.4      20.0920    0.0310000      54404.4      19.9620    0.0300000      54404.4      19.9340    0.0380000      54404.4      20.0610     0.138000
       54405.356      19.9920    0.0660000      54405.4      20.0560    0.0320000      54405.4      19.8850    0.0240000      54405.4      19.9750    0.0360000      54405.4      20.2160     0.152000
       54406.294      20.1620    0.0480000      54406.3      20.1050    0.0280000      54406.3      19.9670    0.0200000      54406.3      19.8600    0.0310000      54406.3      20.0750     0.104000
       54412.320      20.1140    0.0710000      54412.3      20.0980    0.0250000      54412.3      19.9440    0.0270000      54412.3      19.8730    0.0350000      54412.3      20.0560     0.157000
       52234.000       20.497000     0.061000000       52234.000       20.354000     0.027000000       52234.000       20.122000     0.024000000       52234.000       20.182000     0.034000000       52234.000       20.041000      0.10500000
       51075       19.952000     0.036000000       51075       19.982000     0.019000000       51075       19.933000     0.024000000       51075       19.933000     0.031000000       51075       20.110000      0.16300000
       51133       19.897000     0.041000000       51133       19.955000     0.028000000       51133       19.885000     0.029000000       51133       19.880000     0.038000000       51133       19.646000      0.11200000
       51134       19.867000     0.034000000       51134       19.968000     0.024000000       51134       19.901000     0.028000000       51134       19.859000     0.036000000       51134       19.991000      0.11600000
       52170       20.150000     0.042000000       52170       20.255000     0.026000000       52170       20.114000     0.026000000       52170       20.125000     0.031000000       52170       19.919000      0.10300000
       52197       20.325000     0.050000000       52197       20.319000     0.029000000       52197       20.173000     0.029000000       52197       20.110000     0.036000000       52197       20.055000      0.12500000
       52207       20.366000     0.055000000       52207       20.320000     0.026000000       52207       20.203000     0.027000000       52207       20.087000     0.031000000       52207       20.316000      0.14000000
       52225       20.282000     0.046000000       52225       20.288000     0.031000000       52225       20.158000     0.026000000       52225       20.118000     0.031000000       52225       20.124000      0.11800000
       52231       20.307000     0.050000000       52231       20.335000     0.028000000       52231       20.169000     0.024000000       52231       20.110000     0.030000000       52231       19.923000     0.091000000
       52234       20.508000     0.055000000       52234       20.352000     0.026000000       52234       20.118000     0.026000000       52234       20.177000     0.034000000       52234       20.033000     0.095000000
       52253       20.243000     0.057000000       52253       20.303000     0.029000000       52253       20.162000     0.029000000       52253       20.130000     0.033000000       52253       20.182000      0.17100000
       52261       20.367000     0.060000000       52261       20.396000     0.030000000       52261       20.183000     0.032000000       52261       20.126000     0.041000000       52261       20.120000      0.13300000
       52287       20.315000     0.049000000       52287       20.372000     0.029000000       52287       20.195000     0.031000000       52287       20.108000     0.035000000       52287       20.107000      0.12100000
       52282       20.450000     0.054000000       52282       20.395000     0.028000000       52282       20.155000     0.032000000       52282       20.130000     0.035000000       52282       20.136000      0.14100000
       52552       20.143000     0.052000000       52552       20.145000     0.023000000       52552       20.077000     0.028000000       52552       20.054000     0.033000000       52552       20.083000      0.11100000
       52557       20.184000     0.052000000       52557       20.170000     0.023000000       52557       20.035000     0.031000000       52557       20.048000     0.034000000       52557       20.208000      0.15500000
       52578       20.229000     0.043000000       52578       20.131000     0.026000000       52578       20.016000     0.024000000       52578       20.041000     0.031000000       52578       20.253000      0.13400000
       52872       20.309000     0.060000000       52872       20.364000     0.031000000       52872       20.153000     0.027000000       52872       20.161000     0.031000000       52872       20.291000      0.11700000
       52908       20.356000     0.053000000       52908       20.366000     0.026000000       52908       20.222000     0.026000000       52908       20.234000     0.040000000       52908       20.101000      0.11300000
       52912       20.416000     0.056000000       52912       20.467000     0.026000000       52912       20.235000     0.025000000       52912       20.195000     0.034000000       52912       20.261000      0.13700000
       52934       20.498000     0.061000000       52934       20.458000     0.034000000       52934       20.242000     0.032000000       52934       20.150000     0.038000000       52934       20.019000      0.16000000
       52936       20.553000     0.054000000       52936       20.467000     0.030000000       52936       20.204000     0.028000000       52936       20.193000     0.032000000       52936       20.317000      0.14000000
       53270       20.428000      0.17800000       53270       20.358000      0.15800000       53270       20.152000      0.11400000       53270       19.525000     0.062000000       53270       20.776000      0.69600000
       53272       20.276000     0.060000000       53272       20.229000     0.030000000       53272       20.154000     0.033000000       53272       20.045000     0.036000000       53272       20.341000      0.16500000
       53286       20.320000     0.059000000       53286       20.244000     0.040000000       53286       20.106000     0.030000000       53286       20.090000     0.032000000       53286       19.977000      0.11100000
       53288       20.227000     0.049000000       53288       20.263000     0.023000000       53288       20.156000     0.029000000       53288       20.036000     0.030000000       53288       20.027000      0.10800000
       53294       20.349000     0.073000000       53294       20.249000     0.027000000       53294       20.128000     0.033000000       53294       20.115000     0.038000000       53294       19.893000      0.12900000
       53298       20.212000     0.062000000       53298       20.279000     0.031000000       53298       20.136000     0.032000000       53298       20.166000     0.046000000       53298       19.967000      0.14600000
       53312       20.424000      0.10400000       53312       20.269000     0.039000000       53312       20.101000     0.039000000       53312       20.010000     0.052000000       53312       20.205000      0.22300000
       53314       20.411000     0.059000000       53314       20.319000     0.027000000       53314       20.106000     0.029000000       53314       20.113000     0.036000000       53314       19.983000      0.12700000
       53319       20.362000     0.075000000       53319       20.343000     0.030000000       53319       20.152000     0.052000000       53319       20.187000     0.054000000       53319       19.771000      0.13400000
