       51819.416      20.4340    0.0820000      51819.4      20.3010    0.0240000      51819.4      19.7670    0.0200000      51819.4      19.6250    0.0230000      51819.4      19.5860    0.0720000
       52288.075      20.5560    0.0720000      52288.1      20.1880    0.0220000      52288.1      19.6690    0.0200000      52288.1      19.5050    0.0200000      52288.1      19.5440    0.0710000
       52551.349      20.3720    0.0820000      52551.4      20.1680    0.0230000      52551.3      19.6790    0.0210000      52551.3      19.5380    0.0230000      52551.3      19.5480    0.0800000
       52558.382      20.4150    0.0620000      52558.4      20.1870    0.0190000      52558.4      19.6800    0.0160000      52558.4      19.5480    0.0170000      52558.4      19.6100    0.0610000
       52576.215      20.5320    0.0750000      52576.2      20.2370    0.0220000      52576.2      19.7090    0.0200000      52576.2      19.5890    0.0230000      52576.2      19.5300    0.0680000
       52577.269      20.4640    0.0690000      52577.3      20.2370    0.0190000      52577.3      19.7140    0.0180000      52577.3      19.5770    0.0200000      52577.3      19.6410    0.0720000
       52910.353      21.1570     0.125000      52910.4      20.6560    0.0300000      52910.4      20.0520    0.0230000      52910.4      19.9190    0.0250000      52910.4      20.2080     0.118000
       52935.280      20.9980     0.114000      52935.3      20.6750    0.0300000      52935.3      20.0470    0.0270000      52935.3      19.8980    0.0300000      52935.3      19.9620     0.116000
       52963.203      21.2180     0.103000      52963.2      20.7560    0.0270000      52963.2      20.1470    0.0210000      52963.2      20.0040    0.0240000      52963.2      20.1100    0.0830000
       52971.194      21.0470     0.117000      52971.2      20.7000    0.0300000      52971.2      20.1530    0.0260000      52971.2      20.0060    0.0280000      52971.2      20.0300     0.108000
       53351.126     -99.9900     0.104000      53351.1      20.4490    0.0240000      53351.1      19.9420    0.0240000      53351.1      19.8050    0.0260000      53351.1      19.8530     0.103000
       53352.174      20.8200     0.103000      53352.2      20.4800    0.0270000      53352.2      19.9520    0.0230000      53352.2      19.8320    0.0280000      53352.2      19.7830     0.104000
       53622.383      20.9800     0.150000      53622.4      20.2950    0.0270000      53622.4      19.8900    0.0260000      53622.4      19.7850    0.0330000      53622.4      19.7570     0.118000
       53634.332      21.3220     0.484000      53634.3     -99.9900    0.0980000      53634.3      19.7880    0.0470000      53634.3      19.7590    0.0490000      53634.3      19.8250     0.133000
       53638.374      20.7900     0.109000      53638.4      20.2930    0.0270000      53638.4      19.8220    0.0210000      53638.4      19.7340    0.0220000      53638.4      19.6300    0.0750000
       53640.338      20.7380     0.105000      53640.3      20.2840    0.0250000      53640.3      19.8120    0.0210000      53640.3      19.7920    0.0250000      53640.3      19.6640    0.0800000
       53655.310     -99.9900     0.119000      53655.3      20.2700    0.0280000      53655.3      19.7860    0.0250000      53655.3      19.6030    0.0320000      53655.3      19.6430     0.105000
       53664.335     -99.9900     0.242000      53664.3      20.1710    0.0700000      53664.3      19.6180    0.0710000      53664.3      19.4480    0.0710000      53664.3      19.3940     0.148000
       53669.294      20.5310    0.0730000      53669.3      20.2410    0.0210000      53669.3      19.7950    0.0190000      53669.3      19.6980    0.0220000      53669.3      19.6790    0.0740000
       53671.379      20.8540     0.155000      53671.4      20.2410    0.0260000      53671.4      19.8050    0.0250000      53671.4      19.7200    0.0260000      53671.4     -99.9900    0.0980000
       53674.278     -99.9900     0.113000      53674.3      20.2110    0.0280000      53674.3      19.7800    0.0240000      53674.3      19.6300    0.0270000      53674.3      19.6820     0.112000
       53676.368     -99.9900     0.129000      53676.4      20.2350    0.0230000      53676.4      19.7600    0.0260000      53676.4      19.6780    0.0280000      53676.4      19.6320    0.0810000
       53679.340      20.5750     0.117000      53679.3      20.2370    0.0270000      53679.3      19.7960    0.0280000      53679.3      19.6750    0.0340000      53679.3     -99.9900     0.124000
       53681.331      20.7030    0.0920000      53681.3      20.3440    0.0240000      53681.3      19.8080    0.0190000      53681.3      19.6850    0.0200000      53681.3      19.7490    0.0740000
       53685.290      20.4050     0.136000      53685.3      20.1920    0.0470000      53685.3      19.7900    0.0320000      53685.3      19.7660    0.0320000      53685.3      19.8100    0.0970000
       53694.304      20.5090     0.287000      53694.3      20.2210    0.0810000      53694.3      19.7600    0.0430000      53694.3      19.7130    0.0440000      53694.3      19.5460     0.135000
       53697.288      20.7580     0.165000      53697.3      20.3490    0.0390000      53697.3      19.8250    0.0290000      53697.3      19.7440    0.0320000      53697.3      19.8010     0.110000
       53700.287      20.5030     0.114000      53700.3      20.2630    0.0260000      53700.3      19.7830    0.0260000      53700.3      19.6680    0.0310000      53700.3      19.6780     0.116000
       53705.274      20.5000    0.0920000      53705.3      20.2200    0.0220000      53705.3      19.7710    0.0210000      53705.3      19.6530    0.0220000      53705.3      19.8110    0.0850000
       53975.359      20.5490    0.0730000      53975.4      20.2320    0.0240000      53975.4      19.7300    0.0220000      53975.4      19.5850    0.0250000      53975.4      19.6420    0.0680000
       53990.371      20.5510     0.123000      53990.4     -99.9900    0.0560000      53990.4      19.7190    0.0260000      53990.4      19.6460    0.0250000      53990.4      19.5390    0.0670000
       53994.382      20.5850    0.0730000      53994.4      20.2780    0.0300000      53994.4      19.7490    0.0210000      53994.4      19.6190    0.0210000      53994.4      19.6950    0.0740000
       53996.365      20.6130    0.0830000      53996.4      20.2860    0.0220000      53996.4      19.7370    0.0970000      53996.4      19.7520    0.0340000      53996.4      19.6480    0.0810000
       54010.320      20.6540    0.0630000      54010.3      20.2870    0.0260000      54010.3      19.8060    0.0250000      54010.3      19.6520    0.0210000      54010.3      19.6260    0.0530000
       54012.312      20.4780     0.127000      54012.3      20.3690    0.0500000      54012.3      19.8020    0.0300000      54012.3      19.6630    0.0260000      54012.3      19.8220    0.0880000
       54020.318     -99.9900     0.104000      54020.3      20.3100    0.0330000      54020.3      19.7900    0.0240000      54020.3      19.7290    0.0260000      54020.3      19.7260    0.0840000
       54024.400      20.4470     0.132000      54024.4     -99.9900    0.0390000      54024.4      19.7660    0.0340000      54024.4      19.6400    0.0370000      54024.4      19.5280     0.122000
       54028.388      20.4370    0.0860000      54028.4      20.2970    0.0320000      54028.4      19.8140    0.0330000      54028.4      19.6840    0.0410000      54028.4      19.5590    0.0930000
       54030.312      20.7300    0.0760000      54030.3      20.3120    0.0310000      54030.3      19.7800    0.0210000      54030.3      19.6940    0.0190000      54030.3      19.6870    0.0640000
       54035.388      20.7140     0.159000      54035.4      20.2960    0.0430000      54035.4     -99.9900    0.0420000      54035.4      19.6480    0.0380000      54035.4      19.8730     0.151000
       54037.293      20.5720    0.0740000      54037.3      20.3130    0.0210000      54037.3      19.7990    0.0260000      54037.3      19.6880    0.0200000      54037.3      19.6050    0.0540000
       54040.308      20.6350     0.128000      54040.3      20.3080    0.0450000      54040.3      19.8140    0.0310000      54040.3      19.7000    0.0270000      54040.3      19.5930    0.0790000
       54049.334     -99.9900     0.252000      54049.3      20.3060    0.0550000      54049.3      19.7460    0.0300000      54049.3      19.7200    0.0350000      54049.3      19.5680     0.104000
       54053.298      20.6710    0.0870000      54053.3     -99.9900    0.0230000      54053.3      19.7550    0.0240000      54053.3      19.7150    0.0340000      54053.3      19.8880    0.0940000
       54056.300      20.6350     0.122000      54056.3     -99.9900    0.0420000      54056.3      19.7480    0.0280000      54056.3      19.7620    0.0310000      54056.3      19.7090     0.104000
       54059.294      20.6290     0.103000      54059.3      20.3280    0.0280000      54059.3      19.7860    0.0280000      54059.3      19.6750    0.0420000      54059.3      19.4640    0.0800000
       54061.305      20.5160     0.123000      54061.3      20.2260    0.0590000      54061.3      19.7750    0.0280000      54061.3      19.6480    0.0300000      54061.3      19.7150     0.116000
       54062.299      20.5970    0.0860000      54062.3      20.2670    0.0260000      54062.3      19.7740    0.0250000      54062.3      19.6940    0.0240000      54062.3      19.7120    0.0890000
       54068.280     -99.9900     0.164000      54068.3     -99.9900    0.0530000      54068.3      19.8060    0.0340000      54068.3      19.7000    0.0310000      54068.3      19.7060    0.0960000
       54357.338      20.7280    0.0750000      54357.3      20.3650    0.0200000      54357.3      19.7930    0.0160000      54357.3      19.7920    0.0210000      54357.3      19.7720    0.0630000
       54359.369      20.6420    0.0930000      54359.4      20.4090    0.0310000      54359.4      19.8350    0.0220000      54359.4      19.7350    0.0300000      54359.4      19.8110     0.116000
       54362.387      20.7640    0.0740000      54362.4      20.3490    0.0260000      54362.4      19.8720    0.0220000      54362.4      19.7410    0.0250000      54362.4      19.8040    0.0820000
       54376.383      20.7710    0.0900000      54376.4      20.4140    0.0290000      54376.4      19.8980    0.0260000      54376.4      19.9500    0.0290000      54376.4      19.7590    0.0740000
       54382.368      20.6510     0.114000      54382.4      20.3150    0.0300000      54382.4     -99.9900    0.0270000      54382.4      19.7640    0.0370000      54382.4      19.8830     0.156000
       54385.385      20.7430    0.0790000      54385.4      20.3530    0.0250000      54385.4      19.8350    0.0220000      54385.4      19.7900    0.0230000      54385.4      19.7160    0.0620000
       54387.386     -99.9900     0.123000      54387.4      20.2990    0.0400000      54387.4      19.8100    0.0300000      54387.4      19.7300    0.0310000      54387.4      19.4930     0.110000
       54390.378      20.7700     0.123000      54390.4      20.2760    0.0290000      54390.4     -99.9900      1.62800      54390.4      19.6860    0.0340000      54390.4      19.6570     0.118000
       54391.387      20.6990     0.156000      54391.4      20.3410    0.0360000      54391.4      19.8240    0.0380000      54391.4      19.6640    0.0480000      54391.4      19.5870     0.144000
       54402.379     -99.9900     0.284000      54402.4     -99.9900    0.0690000      54402.4     -99.9900    0.0390000      54402.4      19.7600    0.0370000      54402.4      19.5740    0.0850000
       52522.000       20.438000     0.072000000       52522.000       20.135000     0.023000000       52522.000       19.644000     0.021000000       52522.000       19.521000     0.022000000       52522.000       19.543000     0.066000000
       51081       20.651000     0.078000000       51081       20.268000     0.028000000       51081       19.826000     0.024000000       51081       19.709000     0.030000000       51081       19.704000     0.095000000
       51132       20.480000     0.055000000       51132       20.353000     0.028000000       51132       19.824000     0.024000000       51132       19.693000     0.033000000       51132       19.812000      0.11900000
       51136       20.645000     0.064000000       51136       20.312000     0.035000000       51136       19.797000     0.023000000       51136       19.715000     0.031000000       51136       19.616000      0.10000000
       51819       20.437000     0.064000000       51819       20.292000     0.031000000       51819       19.762000     0.022000000       51819       19.614000     0.027000000       51819       19.550000     0.069000000
       52225       20.418000     0.054000000       52225       20.191000     0.039000000       52225       19.690000     0.020000000       52225       19.572000     0.026000000       52225       19.666000     0.073000000
       52288       20.558000     0.064000000       52288       20.265000     0.042000000       52288       19.755000     0.030000000       52288       19.558000     0.026000000       52288       19.615000     0.070000000
       52522       20.426000     0.060000000       52522       20.143000     0.026000000       52522       19.643000     0.019000000       52522       19.521000     0.024000000       52522       19.542000     0.066000000
       52551       20.396000     0.065000000       52551       20.182000     0.023000000       52551       19.684000     0.024000000       52551       19.551000     0.029000000       52551       19.565000     0.077000000
       52552       20.429000     0.049000000       52552       20.174000     0.028000000       52552       19.701000     0.026000000       52552       19.573000     0.021000000       52552       19.486000     0.058000000
       52558       20.435000     0.050000000       52558       20.202000     0.029000000       52558       19.679000     0.022000000       52558       19.581000     0.032000000       52558       19.618000     0.058000000
       52577       20.478000     0.058000000       52577       20.251000     0.038000000       52577       19.711000     0.022000000       52577       19.574000     0.023000000       52577       19.644000     0.071000000
       52640       20.815000     0.077000000       52640       20.290000     0.034000000       52640       19.717000     0.033000000       52640       19.604000     0.033000000       52640       19.785000      0.10000000
       52910       21.183000     0.097000000       52910       20.706000     0.067000000       52910       20.056000     0.030000000       52910       19.919000     0.027000000       52910       20.160000      0.11200000
       52935       20.970000     0.091000000       52935       20.717000     0.045000000       52935       20.076000     0.030000000       52935       19.943000     0.034000000       52935       19.960000      0.10900000
       52959       21.762000      0.25700000       52959       20.932000     0.071000000       52959       20.106000     0.050000000       52959       20.042000     0.062000000       52959       20.570000      0.34100000
       52971       21.135000     0.098000000       52971       20.724000     0.034000000       52971       20.173000     0.025000000       52971       20.046000     0.033000000       52971       20.039000      0.10400000
       53351       20.964000     0.078000000       53351       20.453000     0.040000000       53351       19.954000     0.034000000       53351       19.840000     0.030000000       53351       19.874000      0.10100000
       53352       20.829000     0.079000000       53352       20.478000     0.037000000       53352       19.955000     0.027000000       53352       19.843000     0.034000000       53352       19.767000      0.10100000
       54424       21.068000      0.19000000       54424       20.286000     0.057000000       54424       19.856000     0.028000000       54424       19.752000     0.029000000       54424       19.667000     0.069000000
