       51075.356      20.5320    0.0570000      51075.4      19.7490    0.0150000      51075.4      19.5500    0.0170000      51075.4      19.3880    0.0200000      51075.4      19.0760    0.0620000
       52196.375      20.5750    0.0740000      52196.4      19.7110    0.0150000      52196.4      19.4570    0.0160000      52196.4      19.3540    0.0190000      52196.4      19.1650    0.0630000
       52197.369      20.5290    0.0710000      52197.4      19.7110    0.0150000      52197.4      19.4830    0.0160000      52197.4      19.3870    0.0200000      52197.4      19.0230    0.0490000
       52207.342      20.5490    0.0640000      52207.3      19.7190    0.0150000      52207.3      19.4630    0.0150000      52207.3      19.3800    0.0180000      52207.3      19.1050    0.0490000
       52225.220      20.5310    0.0610000      52225.2      19.6980    0.0150000      52225.2      19.5040    0.0150000      52225.2      19.4490    0.0190000      52225.2      19.0760    0.0490000
       52231.255      20.5220    0.0600000      52231.3      19.7270    0.0150000      52231.3      19.5130    0.0150000      52231.3      19.3580    0.0180000      52231.3      19.0640    0.0460000
       52234.226      20.6900    0.0810000      52234.2      19.7080    0.0150000      52234.2      19.4930    0.0160000      52234.2      19.3380    0.0190000      52234.2      19.0610    0.0470000
       52557.363      20.6950    0.0830000      52557.4      19.7990    0.0160000      52557.4      19.5620    0.0170000      52557.4      19.4010    0.0210000      52557.4      19.1570    0.0660000
       52578.259      20.6250    0.0580000      52578.3      19.7710    0.0140000      52578.3      19.5750    0.0160000      52578.3      19.4290    0.0190000      52578.3      19.1620    0.0530000
       52908.338      20.5250    0.0630000      52908.3      19.6370    0.0140000      52908.3      19.4050    0.0150000      52908.3      19.3310    0.0180000      52908.3      19.0800    0.0490000
       52934.270      20.3740    0.0620000      52934.3      19.6250    0.0150000      52934.3      19.4180    0.0160000      52934.3      19.3110    0.0200000      52934.3      18.9620    0.0570000
       52936.266      20.3980    0.0560000      52936.3      19.6110    0.0140000      52936.3      19.4100    0.0150000      52936.3      19.4350    0.0200000      52936.3      18.9790    0.0460000
       53270.330      20.4270    0.0820000      53270.3      19.6100    0.0160000      53270.3      19.4150    0.0170000      53270.3      19.3290    0.0260000      53270.3     -99.9900    0.0470000
       53272.380      20.3540    0.0590000      53272.4      19.6480    0.0150000      53272.4      19.4420    0.0140000      53272.4      19.3050    0.0160000      53272.4      19.1220    0.0530000
       53286.348      20.4940    0.0750000      53286.4      19.6420    0.0160000      53286.3      19.4810    0.0160000      53286.3      19.3380    0.0170000      53286.3      19.1000    0.0460000
       53288.307      20.4710    0.0620000      53288.3      19.6330    0.0130000      53288.3      19.4220    0.0160000      53288.3      19.3750    0.0180000      53288.3      19.0940    0.0530000
       53294.355      20.5800    0.0720000      53294.4      19.6530    0.0170000      53294.4      19.5050    0.0170000      53294.4     -99.9900    0.0190000      53294.4     -99.9900    0.0490000
       53296.302      20.6710     0.103000      53296.3      19.6760    0.0260000      53296.3      19.4820    0.0330000      53296.3      19.3610    0.0330000      53296.3      18.9450    0.0620000
       53298.351      20.3650    0.0680000      53298.4      19.6950    0.0160000      53298.4      19.4660    0.0200000      53298.4      19.3420    0.0230000      53298.4      19.1530    0.0640000
       53302.303      20.4100     0.137000      53302.3      19.6820    0.0300000      53302.3      19.4730    0.0260000      53302.3      19.2860    0.0260000      53302.3      19.1560    0.0610000
       53312.258      20.3560     0.115000      53312.3      19.7170    0.0400000      53312.3      19.4860    0.0330000      53312.3      19.3390    0.0290000      53312.3      19.0970    0.0820000
       53314.259      20.5300    0.0690000      53314.3      19.6800    0.0150000      53314.3      19.4870    0.0180000      53314.3      19.3340    0.0200000      53314.3      19.1000    0.0580000
       53319.247      20.4930    0.0790000      53319.2      19.6860    0.0170000      53319.2      19.5140    0.0190000      53319.2      19.3140    0.0210000      53319.2      19.0720    0.0610000
       53616.364     -99.9900     0.133000      53616.4      19.9720    0.0210000      53616.4      19.7170    0.0230000      53616.4      19.6050    0.0260000      53616.4      19.2220    0.0730000
       53626.340      20.8610    0.0840000      53626.3      19.8240    0.0190000      53626.3      19.7400    0.0190000      53626.3      19.5070    0.0200000      53626.3      19.1670    0.0510000
       53628.325      20.7190     0.201000      53628.3      19.8500    0.0350000      53628.3      19.6640    0.0300000      53628.3      19.5370    0.0350000      53628.3     -99.9900    0.0730000
       53637.327      21.0290     0.202000      53637.3      19.8440    0.0260000      53637.3      19.7220    0.0290000      53637.3      19.5510    0.0300000      53637.3      19.2790    0.0770000
       53639.372     -99.9900    0.0920000      53639.4      19.9450    0.0180000      53639.4      19.7280    0.0180000      53639.4      19.5480    0.0200000      53639.4      19.2270    0.0470000
       53641.371      20.7220    0.0780000      53641.4      19.9280    0.0170000      53641.4      19.6950    0.0170000      53641.4      19.5240    0.0190000      53641.4      19.2140    0.0500000
       53654.354     -99.9900    0.0880000      53654.4      19.8970    0.0160000      53654.4      19.6940    0.0190000      53654.4      19.5760    0.0240000      53654.4      19.2080    0.0620000
       53663.315      20.9540     0.167000      53663.3      19.9460    0.0300000      53663.3      19.7200    0.0240000      53663.3      19.5780    0.0230000      53663.3      19.2380    0.0510000
       53665.293      20.3690     0.215000      53665.3     -99.9900     0.203000      53665.3      19.7290    0.0470000      53665.3      19.4960    0.0510000      53665.3     -99.9900     0.457000
       53666.385      20.9420     0.179000      53666.4      19.9150    0.0280000      53666.4      19.7020    0.0220000      53666.4      19.4880    0.0220000      53666.4      19.2200    0.0570000
       53668.304      20.7620     0.110000      53668.3      19.9500    0.0230000      53668.3      19.7330    0.0230000      53668.3      19.5150    0.0250000      53668.3      19.1730    0.0630000
       53670.309      20.8820     0.104000      53670.3      19.8900    0.0190000      53670.3      19.7020    0.0190000      53670.3      19.5700    0.0250000      53670.3      19.1790    0.0630000
       53673.277      20.8410    0.0820000      53673.3      19.9140    0.0170000      53673.3      19.6800    0.0180000      53673.3      19.5350    0.0200000      53673.3      19.2680    0.0530000
       53675.274      20.9000     0.110000      53675.3      19.8530    0.0160000      53675.3      19.6620    0.0200000      53675.3      19.5330    0.0240000      53675.3      19.2090    0.0710000
       53677.295      20.7890    0.0790000      53677.3      19.8980    0.0160000      53677.3      19.7110    0.0170000      53677.3      19.4270    0.0170000      53677.3      19.2240    0.0470000
       53680.282      20.6650    0.0750000      53680.3      19.8870    0.0170000      53680.3      19.7030    0.0180000      53680.3      19.5300    0.0200000      53680.3      19.3450    0.0570000
       53686.281      20.8540     0.258000      53686.3      19.9730    0.0560000      53686.3      19.7150    0.0390000      53686.3      19.5030    0.0360000      53686.3      19.2250    0.0760000
       53693.283      20.7800     0.189000      53693.3      19.9530    0.0360000      53693.3      19.6700    0.0260000      53693.3      19.5070    0.0250000      53693.3      19.1290    0.0550000
       53698.281      20.7760    0.0960000      53698.3      19.8970    0.0170000      53698.3      19.6900    0.0190000      53698.3      19.5200    0.0230000      53698.3      19.2140    0.0610000
       53704.267     -99.9900    0.0820000      53704.3      19.8400    0.0170000      53704.3      19.6750    0.0190000      53704.3      19.5200    0.0230000      53704.3      19.1520    0.0620000
       53989.363     -99.9900     0.126000      53989.4      19.7510    0.0380000      53989.4      19.6010    0.0280000      53989.4      19.4840    0.0270000      53989.4      19.0370    0.0490000
       53995.377      20.7570    0.0620000      53995.4      19.7760    0.0210000      53995.4      19.5730    0.0180000      53995.4      19.4640    0.0220000      53995.4      19.1790    0.0430000
       54000.338     -99.9900    0.0880000      54000.3      19.8170    0.0220000      54000.3      19.6200    0.0200000      54000.3      19.4420    0.0220000      54000.3      19.2120    0.0670000
       54006.285      20.7160    0.0660000      54006.3     -99.9900    0.0200000      54006.3      19.5650    0.0170000      54006.3     -99.9900    0.0190000      54006.3     -99.9900    0.0410000
       54007.388      20.5600    0.0820000      54007.4      19.7650    0.0360000      54007.4      19.5670    0.0230000      54007.4      19.4420    0.0230000      54007.4      19.0820    0.0580000
       54009.312      20.4280    0.0590000      54009.3     -99.9900    0.0180000      54009.3      19.5750    0.0200000      54009.3      19.4570    0.0190000      54009.3      19.0990    0.0450000
       54011.377     -99.9900    0.0480000      54011.4      19.8060    0.0190000      54011.4      19.5920    0.0150000      54011.4      19.4770    0.0260000      54011.4      19.2000    0.0400000
       54025.376      23.1100      1.10400      54025.4      19.8270    0.0220000      54025.4      19.6730    0.0340000      54025.4      19.4640    0.0310000      54025.4      19.2110    0.0830000
       54029.306      20.8050    0.0820000      54029.3      19.8120    0.0240000      54029.3      19.5800    0.0190000      54029.3      19.4280    0.0240000      54029.3      19.1120    0.0580000
       54348.373      20.5240    0.0920000      54348.4      19.7050    0.0220000      54348.4      19.4690    0.0240000      54348.4      19.3810    0.0260000      54348.4      19.1020    0.0540000
       54358.329      20.5820    0.0930000      54358.3      19.7090    0.0210000      54358.3      19.5630    0.0290000      54358.3      19.3250    0.0240000      54358.3      19.1210    0.0670000
       54359.323      20.5760     0.139000      54359.3      19.7350    0.0350000      54359.3      19.5240    0.0320000      54359.3      19.3850    0.0360000      54359.3      19.0590     0.120000
       54365.362      20.3860    0.0490000      54365.4      19.7100    0.0180000      54365.4      19.4960    0.0200000      54365.4      19.3730    0.0220000      54365.4      19.0710    0.0360000
       54381.382      20.4950    0.0690000      54381.4      19.6860    0.0220000      54381.4      19.4860    0.0190000      54381.4      19.3540    0.0240000      54381.4      19.0470    0.0450000
       54384.389      20.5380    0.0610000      54384.4      19.7200    0.0190000      54384.4      19.4810    0.0170000      54384.4      19.3450    0.0210000      54384.4      19.1470    0.0460000
       54386.374      20.6460     0.119000      54386.4      19.7320    0.0260000      54386.4      19.5060    0.0280000      54386.4      19.4000    0.0300000      54386.4      19.2680    0.0720000
       54388.378      20.4320    0.0640000      54388.4      19.7190    0.0230000      54388.4      19.4860    0.0180000      54388.4      19.3890    0.0260000      54388.4      19.1020    0.0450000
       54392.376      20.5670    0.0840000      54392.4     -99.9900    0.0300000      54392.4      19.5040    0.0240000      54392.4      19.3540    0.0260000      54392.4      18.9750    0.0600000
       54403.292      20.3440    0.0880000      54403.3      19.6900    0.0290000      54403.3      19.4560    0.0240000      54403.3      19.3450    0.0280000      54403.3      19.1330    0.0520000
       54404.350      20.4120     0.154000      54404.4      19.6790    0.0310000      54404.3      19.5050    0.0210000      54404.3      19.3280    0.0240000      54404.4      19.1340    0.0790000
       54405.348      20.6650     0.100000      54405.3      19.7030    0.0220000      54405.3      19.4980    0.0190000      54405.3      19.3320    0.0200000      54405.3      19.0470    0.0480000
       54406.286      20.5380    0.0560000      54406.3      19.7290    0.0200000      54406.3      19.5080    0.0210000      54406.3      19.3750    0.0210000      54406.3      19.1080    0.0390000
       54412.312     -99.9900     0.111000      54412.3     -99.9900    0.0370000      54412.3      19.4770    0.0250000      54412.3      19.3660    0.0290000      54412.3      19.0940    0.0710000
       52234.000       20.709000     0.075000000       52234.000       19.736000     0.021000000       52234.000       19.523000     0.020000000       52234.000       19.345000     0.029000000       52234.000       19.073000     0.052000000
       51075       20.523000     0.051000000       51075       19.753000     0.017000000       51075       19.536000     0.021000000       51075       19.354000     0.023000000       51075       19.063000     0.059000000
       51133       20.460000     0.053000000       51133       19.731000     0.039000000       51133       19.511000     0.027000000       51133       19.373000     0.027000000       51133       19.136000     0.087000000
       51134       20.489000     0.057000000       51134       19.669000     0.024000000       51134       19.521000     0.024000000       51134       19.287000     0.030000000       51134       18.927000     0.081000000
       52197       20.547000     0.062000000       52197       19.719000     0.018000000       52197       19.491000     0.018000000       52197       19.383000     0.027000000       52197       18.974000     0.047000000
       52207       20.561000     0.058000000       52207       19.753000     0.031000000       52207       19.443000     0.020000000       52207       19.392000     0.026000000       52207       19.095000     0.046000000
       52225       20.550000     0.054000000       52225       19.733000     0.020000000       52225       19.512000     0.019000000       52225       19.472000     0.031000000       52225       19.082000     0.047000000
       52231       20.566000     0.054000000       52231       19.760000     0.024000000       52231       19.529000     0.017000000       52231       19.361000     0.021000000       52231       19.080000     0.045000000
       52234       20.687000     0.067000000       52234       19.741000     0.020000000       52234       19.527000     0.021000000       52234       19.346000     0.029000000       52234       19.067000     0.047000000
       52253       20.606000     0.065000000       52253       19.766000     0.031000000       52253       19.516000     0.020000000       52253       19.347000     0.021000000       52253       19.175000     0.052000000
       52287       20.665000     0.066000000       52287       19.783000     0.020000000       52287       19.517000     0.024000000       52287       19.331000     0.023000000       52287       19.011000     0.049000000
       52557       20.672000     0.071000000       52557       19.830000     0.020000000       52557       19.567000     0.021000000       52557       19.405000     0.023000000       52557       19.168000     0.066000000
       52578       20.619000     0.051000000       52578       19.790000     0.026000000       52578       19.568000     0.018000000       52578       19.420000     0.024000000       52578       19.170000     0.051000000
       52908       20.519000     0.053000000       52908       19.668000     0.021000000       52908       19.395000     0.019000000       52908       19.329000     0.022000000       52908       19.082000     0.049000000
       52934       20.377000     0.056000000       52934       19.617000     0.021000000       52934       19.403000     0.020000000       52934       19.307000     0.021000000       52934       18.928000     0.063000000
       52936       20.432000     0.048000000       52936       19.630000     0.022000000       52936       19.438000     0.015000000       52936       19.459000     0.031000000       52936       18.983000     0.044000000
       53270       20.408000     0.070000000       53270       19.635000     0.021000000       53270       19.433000     0.020000000       53270       19.312000     0.023000000       53270       19.216000     0.050000000
       53286       20.480000     0.065000000       53286       19.682000     0.026000000       53286       19.482000     0.018000000       53286       19.346000     0.026000000       53286       19.126000     0.044000000
       53288       20.450000     0.054000000       53288       19.646000     0.018000000       53288       19.392000     0.026000000       53288       19.362000     0.030000000       53288       19.091000     0.054000000
       53294       20.516000     0.066000000       53294       19.626000     0.023000000       53294       19.506000     0.029000000       53294       19.309000     0.022000000       53294       19.041000     0.057000000
       53298       20.381000     0.059000000       53298       19.711000     0.019000000       53298       19.457000     0.021000000       53298       19.310000     0.025000000       53298       19.136000     0.065000000
       53312       20.393000      0.11500000       53312       19.737000     0.041000000       53312       19.575000     0.052000000       53312       19.303000     0.030000000       53312       19.041000     0.086000000
       53314       20.506000     0.061000000       53314       19.703000     0.030000000       53314       19.496000     0.026000000       53314       19.299000     0.037000000       53314       19.092000     0.060000000
       53319       20.485000     0.069000000       53319       19.696000     0.017000000       53319       19.532000     0.021000000       53319       19.312000     0.026000000       53319       19.098000     0.059000000
