       52234.000       21.432000      0.13200000       52234.000       20.690000     0.039000000       52234.000       20.297000     0.033000000       52234.000       20.064000     0.026000000       52234.000       19.952000     0.071000000
       51075       21.184000     0.094000000       51075       20.444000     0.030000000       51075       20.107000     0.026000000       51075       19.766000     0.028000000       51075       19.575000     0.089000000
       51133       21.082000     0.089000000       51133       20.430000     0.029000000       51133       20.002000     0.037000000       51133       19.641000     0.032000000       51133       19.388000     0.084000000
       51134       20.910000     0.070000000       51134       20.467000     0.034000000       51134       20.117000     0.032000000       51134       19.754000     0.028000000       51134       19.654000     0.086000000
       51818       20.972000      0.11300000       51818       20.340000     0.034000000       51818       20.088000     0.026000000       51818       19.796000     0.034000000       51818       19.520000     0.076000000
       51819       20.967000     0.095000000       51819       20.308000     0.041000000       51819       20.090000     0.030000000       51819       19.744000     0.030000000       51819       19.697000      0.10500000
       52170       21.286000     0.097000000       52170       20.604000     0.028000000       52170       20.238000     0.029000000       52170       19.969000     0.030000000       52170       19.778000     0.079000000
       52197       21.279000      0.14000000       52197       20.462000     0.035000000       52197       20.166000     0.029000000       52197       19.803000     0.032000000       52197       19.471000     0.089000000
       52224       21.288000     0.096000000       52224       20.649000     0.027000000       52224       20.448000     0.030000000       52224       20.184000     0.037000000       52224       19.814000     0.077000000
       52231       21.183000     0.098000000       52231       20.665000     0.036000000       52231       20.317000     0.029000000       52231       20.105000     0.032000000       52231       19.899000     0.081000000
       52234       21.457000      0.10700000       52234       20.688000     0.031000000       52234       20.320000     0.030000000       52234       20.066000     0.027000000       52234       19.959000     0.072000000
       52261       21.297000      0.11600000       52261       20.585000     0.034000000       52261       20.300000     0.030000000       52261       19.850000     0.032000000       52261       19.633000     0.072000000
       52282       20.822000     0.084000000       52282       20.503000     0.038000000       52282       20.127000     0.035000000       52282       19.743000     0.030000000       52282       19.547000     0.087000000
       52287       20.990000     0.087000000       52287       20.448000     0.029000000       52287       20.228000     0.029000000       52287       19.808000     0.026000000       52287       19.575000     0.075000000
       52552       21.204000      0.10400000       52552       20.595000     0.046000000       52552       20.288000     0.027000000       52552       19.963000     0.031000000       52552       19.655000     0.077000000
       52557       21.427000      0.12100000       52557       20.616000     0.035000000       52557       20.318000     0.031000000       52557       19.938000     0.034000000       52557       19.829000     0.095000000
       52576       0.0000000       0.0000000       52576       0.0000000       0.0000000       52576       0.0000000       0.0000000       52576       0.0000000       0.0000000       52576       0.0000000       0.0000000
       52872       21.284000      0.12800000       52872       20.814000     0.043000000       52872       20.365000     0.040000000       52872       20.026000     0.036000000       52872       19.862000     0.081000000
       52908       21.131000     0.093000000       52908       20.682000     0.030000000       52908       20.366000     0.030000000       52908       19.905000     0.029000000       52908       19.680000     0.078000000
       52912       21.187000      0.10700000       52912       20.632000     0.047000000       52912       20.329000     0.028000000       52912       20.027000     0.033000000       52912       19.571000     0.075000000
       52934       21.141000      0.12500000       52934       20.639000     0.039000000       52934       20.300000     0.031000000       52934       19.881000     0.033000000       52934       19.581000     0.093000000
       52936       21.130000     0.082000000       52936       20.851000     0.029000000       52936       20.422000     0.030000000       52936       20.062000     0.038000000       52936       19.744000     0.078000000
       53270       21.185000      0.11100000       53270       20.189000     0.049000000       53270       20.186000     0.026000000       53270       19.776000     0.029000000       53270       19.593000     0.071000000
       53272       21.085000      0.11400000       53272       20.438000     0.040000000       53272       20.175000     0.036000000       53272       19.766000     0.029000000       53272       19.531000     0.076000000
       53286       21.065000      0.10600000       53286       20.579000     0.038000000       53286       20.262000     0.029000000       53286       19.881000     0.027000000       53286       19.668000     0.071000000
       53294       21.082000     0.095000000       53294       20.499000     0.032000000       53294       20.124000     0.029000000       53294       19.769000     0.028000000       53294       19.566000     0.073000000
       53298       21.103000     0.091000000       53298       20.499000     0.031000000       53298       20.295000     0.037000000       53298       19.910000     0.032000000       53298       19.746000      0.10200000
       53312       20.845000      0.17900000       53312       20.498000     0.047000000       53312       19.903000     0.062000000       53312       19.777000     0.051000000       53312       19.495000     0.098000000
       53314       21.193000      0.11800000       53314       20.465000     0.033000000       53314       20.243000     0.031000000       53314       19.900000     0.034000000       53314       19.665000     0.081000000
       53319       21.035000      0.11100000       53319       20.447000     0.037000000       53319       20.016000     0.034000000       53319       19.643000     0.033000000       53319       19.377000     0.090000000
