       52522.000       20.211000     0.046000000       52522.000       19.882000     0.025000000       52522.000       19.227000     0.024000000       52522.000       18.936000     0.023000000       52522.000       18.416000     0.028000000
       51081       20.548000     0.057000000       51081       19.929000     0.023000000       51081       19.118000     0.026000000       51081       18.831000     0.023000000       51081       18.411000     0.031000000
       51132       20.544000     0.051000000       51132       20.046000     0.034000000       51132       19.214000     0.021000000       51132       18.785000     0.025000000       51132       18.350000     0.036000000
       51136       20.603000     0.049000000       51136       20.039000     0.022000000       51136       19.196000     0.021000000       51136       18.887000     0.019000000       51136       18.451000     0.033000000
       51819       19.394000     0.033000000       51819       19.122000     0.026000000       51819       18.734000     0.017000000       51819       18.515000     0.016000000       51819       18.095000     0.026000000
       52225       19.703000     0.033000000       52225       19.438000     0.023000000       52225       18.922000     0.017000000       52225       18.699000     0.027000000       52225       18.210000     0.026000000
       52288       19.910000     0.041000000       52288       19.530000     0.019000000       52288       18.960000     0.020000000       52288       18.696000     0.019000000       52288       18.222000     0.023000000
       52522       20.225000     0.044000000       52522       19.895000     0.020000000       52522       19.222000     0.023000000       52522       18.933000     0.017000000       52522       18.412000     0.028000000
       52551       20.103000     0.041000000       52551       19.901000     0.034000000       52551       19.140000     0.023000000       52551       18.877000     0.020000000       52551       18.372000     0.028000000
       52558       20.232000     0.043000000       52558       19.964000     0.021000000       52558       19.310000     0.026000000       52558       19.005000     0.021000000       52558       18.668000     0.046000000
       52576       20.089000     0.049000000       52576       19.700000     0.031000000       52576       19.078000     0.026000000       52576       18.777000     0.020000000       52576       18.278000     0.027000000
       52577       20.098000     0.037000000       52577       19.752000     0.031000000       52577       19.122000     0.018000000       52577       18.818000     0.022000000       52577       18.348000     0.029000000
       52585       20.176000     0.038000000       52585       19.775000     0.032000000       52585       19.209000     0.026000000       52585       18.890000     0.023000000       52585       18.395000     0.032000000
       52640       20.172000     0.041000000       52640       19.843000     0.021000000       52640       19.108000     0.041000000       52640       18.800000     0.019000000       52640       18.326000     0.032000000
       52909       19.861000     0.034000000       52909       19.579000     0.016000000       52909       19.047000     0.017000000       52909       18.780000     0.022000000       52909       18.261000     0.026000000
       52910       19.835000     0.039000000       52910       19.536000     0.028000000       52910       19.000000     0.019000000       52910       18.727000     0.016000000       52910       18.203000     0.037000000
       52935       19.989000     0.050000000       52935       19.725000     0.021000000       52935       19.096000     0.019000000       52935       18.803000     0.022000000       52935       18.328000     0.034000000
       52971       20.246000     0.045000000       52971       19.774000     0.031000000       52971       19.067000     0.019000000       52971       18.785000     0.022000000       52971       18.327000     0.027000000
       53351       20.432000     0.064000000       53351       19.989000     0.034000000       53351       19.165000     0.021000000       53351       18.808000     0.025000000       53351       18.434000     0.035000000
       54424       21.027000      0.16900000       54424       20.284000     0.049000000       54424       19.374000     0.022000000       54424       19.002000     0.024000000       54424       18.583000     0.033000000
