       52522.000       18.481000     0.022000000       52522.000       18.364000     0.018000000       52522.000       18.209000     0.014000000       52522.000       18.177000     0.018000000       52522.000       17.669000     0.022000000
       51081       18.391000     0.018000000       51081       18.298000     0.018000000       51081       18.000000     0.017000000       51081       17.957000     0.021000000       51081       17.539000     0.020000000
       51132       18.351000     0.023000000       51132       18.265000     0.023000000       51132       17.987000     0.028000000       51132       17.960000     0.020000000       51132       17.543000     0.022000000
       51136       18.326000     0.022000000       51136       18.324000     0.013000000       51136       18.087000     0.020000000       51136       18.045000     0.016000000       51136       17.622000     0.022000000
       51819       18.273000     0.028000000       51819       18.195000     0.044000000       51819       18.037000     0.023000000       51819       17.971000     0.025000000       51819       17.551000     0.022000000
       51875       18.223000     0.018000000       51875       18.153000     0.016000000       51875       18.017000     0.018000000       51875       17.959000     0.016000000       51875       17.532000     0.022000000
       52225       18.309000     0.014000000       52225       18.248000     0.014000000       52225       18.082000     0.014000000       52225       18.077000     0.013000000       52225       17.651000     0.018000000
       52288       18.351000     0.022000000       52288       18.292000     0.019000000       52288       18.087000     0.017000000       52288       18.011000     0.018000000       52288       17.637000     0.023000000
       52522       18.476000     0.020000000       52522       18.369000     0.018000000       52522       18.201000     0.014000000       52522       18.162000     0.017000000       52522       17.670000     0.023000000
       52551       18.383000     0.028000000       52551       18.344000     0.024000000       52551       18.136000     0.016000000       52551       18.051000     0.019000000       52551       17.665000     0.022000000
       52558       18.473000     0.044000000       52558       18.412000     0.019000000       52558       18.251000     0.015000000       52558       18.259000     0.023000000       52558       17.833000     0.021000000
       52576       18.364000     0.019000000       52576       18.267000     0.021000000       52576       18.089000     0.020000000       52576       18.075000     0.017000000       52576       17.596000     0.020000000
       52578       18.307000     0.022000000       52578       18.282000     0.021000000       52578       18.102000     0.021000000       52578       18.095000     0.015000000       52578       17.637000     0.021000000
       52585       18.308000     0.026000000       52585       18.258000     0.026000000       52585       18.117000     0.017000000       52585       18.090000     0.018000000       52585       17.624000     0.021000000
       52640       18.273000     0.023000000       52640       18.163000     0.022000000       52640       17.985000     0.012000000       52640       17.958000     0.014000000       52640       17.577000     0.020000000
       52909       18.304000     0.015000000       52909       18.191000     0.021000000       52909       18.026000     0.014000000       52909       18.014000     0.018000000       52909       17.614000     0.022000000
       52910       18.280000     0.023000000       52910       18.172000     0.028000000       52910       17.943000     0.042000000       52910       17.909000     0.029000000       52910       17.544000     0.021000000
       52935       18.246000     0.025000000       52935       18.121000     0.027000000       52935       17.993000     0.025000000       52935       17.946000     0.018000000       52935       17.553000     0.025000000
       52971       18.200000     0.020000000       52971       18.102000     0.014000000       52971       17.934000     0.027000000       52971       17.852000     0.014000000       52971       17.499000     0.022000000
       53351       18.457000     0.036000000       53351       18.371000     0.022000000       53351       18.142000     0.026000000       53351       18.051000     0.015000000       53351       17.688000     0.020000000
       54424       18.120000     0.040000000       54424       18.091000     0.022000000       54424       17.884000     0.015000000       54424       17.874000     0.016000000       54424       17.506000     0.024000000
