       52522.000       20.287000     0.049000000       52522.000       19.986000     0.034000000       52522.000       19.961000     0.022000000       52522.000       19.691000     0.025000000       52522.000       19.195000     0.048000000
       51078       20.579000     0.045000000       51078       20.185000     0.019000000       51078       20.112000     0.022000000       51078       19.663000     0.020000000       51078       19.363000     0.048000000
       51081       20.515000     0.058000000       51081       20.198000     0.025000000       51081       20.011000     0.027000000       51081       19.605000     0.026000000       51081       19.200000     0.066000000
       51132       20.579000     0.069000000       51132       20.235000     0.034000000       51132       20.068000     0.034000000       51132       19.493000     0.041000000       51132       19.237000     0.075000000
       51136       20.491000     0.047000000       51136       20.314000     0.026000000       51136       20.131000     0.026000000       51136       19.646000     0.027000000       51136       19.339000     0.069000000
       51819       21.286000      0.15300000       51819       21.116000     0.056000000       51819       20.529000     0.053000000       51819       19.848000     0.046000000       51819       19.366000     0.078000000
       51875       21.873000      0.14700000       51875       21.197000     0.058000000       51875       20.698000     0.039000000       51875       20.009000     0.034000000       51875       19.428000     0.074000000
       52225       20.978000     0.068000000       52225       20.573000     0.028000000       52225       20.332000     0.026000000       52225       19.866000     0.023000000       52225       19.497000     0.056000000
       52288       20.764000     0.062000000       52288       20.357000     0.026000000       52288       20.081000     0.030000000       52288       19.635000     0.031000000       52288       19.229000     0.056000000
       52522       20.288000     0.046000000       52522       19.974000     0.029000000       52522       19.961000     0.021000000       52522       19.693000     0.025000000       52522       19.213000     0.048000000
       52551       20.534000     0.053000000       52551       20.116000     0.022000000       52551       19.994000     0.025000000       52551       19.610000     0.027000000       52551       19.299000     0.052000000
       52558       20.517000     0.058000000       52558       20.163000     0.027000000       52558       20.143000     0.023000000       52558       19.791000     0.029000000       52558       19.443000     0.059000000
       52576       20.591000     0.057000000       52576       20.101000     0.021000000       52576       20.094000     0.026000000       52576       19.666000     0.024000000       52576       19.223000     0.053000000
       52578       20.463000     0.053000000       52578       20.157000     0.023000000       52578       20.028000     0.022000000       52578       19.643000     0.030000000       52578       19.287000     0.054000000
       52585       20.565000     0.049000000       52585       20.255000     0.028000000       52585       20.139000     0.027000000       52585       19.690000     0.029000000       52585       19.328000     0.068000000
       52640       20.845000     0.070000000       52640       20.359000     0.036000000       52640       20.064000     0.036000000       52640       19.566000     0.032000000       52640       19.235000     0.074000000
       52909       20.731000     0.053000000       52909       20.312000     0.024000000       52909       20.222000     0.024000000       52909       19.751000     0.023000000       52909       19.405000     0.051000000
       52910       20.615000     0.063000000       52910       20.305000     0.032000000       52910       20.055000     0.027000000       52910       19.614000     0.027000000       52910       19.247000     0.053000000
       52935       20.373000     0.052000000       52935       20.115000     0.028000000       52935       19.987000     0.028000000       52935       19.595000     0.029000000       52935       19.168000     0.061000000
       52971       20.376000     0.094000000       52971       20.048000     0.032000000       52971       19.881000     0.026000000       52971       19.418000     0.025000000       52971       19.070000     0.069000000
       53351       21.234000     0.090000000       53351       20.859000     0.032000000       53351       20.440000     0.033000000       53351       19.743000     0.032000000       53351       19.398000     0.067000000
       54424       21.234000      0.19500000       54424       21.112000     0.087000000       54424       20.669000     0.060000000       54424       20.008000     0.038000000       54424       19.629000     0.062000000
