   1   2.5000      0.07979897    0.0368422653294              1718.             50828.           1611182.       0.0726068030       0.0714248584            1591.03690
   2   7.5000      0.00033961    0.0145220978144              9490.            303069.           9653744.      -0.0025845125      -0.0025779651            9486.77819
   3  12.5000     -0.00942955    0.0096577842725             21040.            678552.          21708706.      -0.0079708661      -0.0079960470           21240.28625
   4  17.5000      0.00461273    0.0076732721162             34282.           1090160.          34652110.      -0.0004039784      -0.0004250840           34124.59245
   5  22.5000      0.00508490    0.0066473054733             45724.           1453330.          46123600.      -0.0014974189      -0.0015209976           45492.67442
   6  27.5000      0.01650522    0.0061587151843             54484.           1712309.          54161794.       0.0066920171       0.0064628442           53599.33109
   7  32.5000      0.01421001    0.0058225462622             60682.           1911414.          60405190.       0.0034761874       0.0032856846           59831.78961
   8  37.5000      0.01194253    0.0055592007867             66270.           2092107.          66099446.       0.0009411994       0.0007993277           65487.90888
   9  42.5000     -0.00050955    0.0053166642223             70682.           2259191.          71248676.      -0.0134916098      -0.0133122655           70718.03418
  10  47.5000      0.01850968    0.0052037978850             76616.           2403129.          75772716.       0.0055727386       0.0052594400           75223.63482
  11  52.5000      0.00622218    0.0050407605999             79694.           2530198.          79880612.      -0.0055998339      -0.0056071503           79201.19576
  12  57.5000      0.00827524    0.0049339967251             83520.           2646270.          83608390.      -0.0027628112      -0.0028234900           82834.52454
  13  62.5000      0.00999605    0.0048463498533             86864.           2747533.          86885504.      -0.0001273142      -0.0002272064           86004.29650
  14  67.5000      0.01326806    0.0047785032356             89928.           2835263.          89668996.       0.0032804005       0.0031145760           88750.45348
  15  72.5000      0.01532474    0.0047091140270             92974.           2925360.          92332184.       0.0033515211       0.0031271543           91570.70318
  16  77.5000      0.01811153    0.0046486203140             95934.           3010232.          94964578.       0.0056866810       0.0053893009           94227.39798
  17  82.5000      0.01274932    0.0045718706084             98140.           3095757.          97533996.      -0.0010621881      -0.0012234337           96904.53324
  18  87.5000      0.01227621    0.0045120366781            100666.           3176922.         100194900.      -0.0005049015      -0.0006552759           99445.19016
  19  92.5000      0.00880586    0.0044444237080            103042.           3263093.         102927304.      -0.0038766400      -0.0039389135          102142.54674
  20  97.5000      0.01259713    0.0043902891352            106394.           3356628.         105728228.      -0.0014503273      -0.0016066849          105070.41399
  21 102.5000      0.00676508    0.0043124682347            109002.           3458829.         108663300.      -0.0099990146      -0.0099453374          108269.54758
  22 107.5000      0.02361169    0.0042860842814            114072.           3560136.         111727884.       0.0060824580       0.0055587570          111440.69685
  23 112.5000      0.01707155    0.0042088521996            116790.           3668402.         114931846.      -0.0022618832      -0.0025475587          114829.67931
  24 117.5000      0.02394287    0.0041638145422            120948.           3773512.         118070136.       0.0034394741       0.0028761054          118119.87150
  25 122.5000      0.01519878    0.0040991123686            122674.           3860328.         121093856.      -0.0029365156      -0.0031582445          120837.41811
  26 127.5000      0.01457573    0.0040562266505            125128.           3939969.         124030822.      -0.0000212027      -0.0002336496          123330.37022
  27 132.5000      0.01430494    0.0040204954160            127294.           4009241.         126602150.       0.0027904434       0.0025930479          125498.74804
  28 137.5000      0.00334866    0.0039668896884            127948.           4073844.         128897298.      -0.0062979866      -0.0062697136          127520.97510
  29 142.5000      0.00938165    0.0039518921891            130476.           4129505.         130960054.       0.0020970954       0.0020133021          129263.29635
  30 147.5000      0.01028892    0.0039270443192            132370.           4185687.         132612046.       0.0020357671       0.0019338421          131021.92614
  31 152.5000      0.01041635    0.0039133159304            133334.           4215638.         133578752.       0.0022971614       0.0021937003          131959.46345
  32 157.5000      0.00681808    0.0038991459504            133350.           4231212.         134137732.      -0.0008417260      -0.0008874652          132446.96657
  33 162.5000      0.01100760    0.0039001625828            134392.           4246604.         134393468.       0.0016580385       0.0015394236          132928.77266
  34 167.5000      0.00673820    0.0038919256975            133824.           4246589.         134415506.      -0.0024838019      -0.0025229387          132928.30313
  35 172.5000      0.00775645    0.0038947854671            133898.           4244644.         134284306.      -0.0019754139      -0.0020315633          132867.42001
  36 177.5000      0.00715130    0.0038975147605            133550.           4236156.         134253604.      -0.0008104553      -0.0008608987          132601.72549
  37 182.5000      0.00908815    0.0038956577151            134192.           4248350.         134463244.      -0.0001715472      -0.0002540981          132983.42660
  38 187.5000      0.01815396    0.0038991704347            136368.           4278798.         135071130.       0.0063683615       0.0060774988          133936.52118
  39 192.5000      0.01584117    0.0038816129478            136980.           4307786.         135992930.       0.0040770243       0.0038417445          134843.91431
  40 197.5000      0.00963044    0.0038558269093            137126.           4338905.         137171132.      -0.0007773594      -0.0008694289          135818.01278
  41 202.5000      0.01453130    0.0038453499620            139216.           4383757.         138489748.       0.0034606465       0.0032607723          137221.98671
  42 207.5000      0.01573690    0.0038290456241            140738.           4426423.         139786786.       0.0043177464       0.0040877462          138557.53366
  43 212.5000      0.00972631    0.0038040635497            140910.           4458214.         140911864.      -0.0009015487      -0.0009952526          139552.66733
  44 217.5000      0.00713461    0.0037810670858            141898.           4501026.         142043322.      -0.0050874286      -0.0051123227          140892.78442
  45 222.5000      0.00904998    0.0037688130216            143366.           4538959.         143113286.      -0.0040395644      -0.0041048846          142080.17725
  46 227.5000      0.01143937    0.0037596599457            144748.           4571887.         144074660.      -0.0021528484      -0.0022788016          143110.90171
  47 232.5000      0.01496145    0.0037548695498            146130.           4599521.         144833718.       0.0006469949       0.0004234238          143975.91142
  48 237.5000      0.02046646    0.0037582991436            147450.           4616032.         145359260.       0.0062704881       0.0058885360          144492.74487
  49 242.5000      0.01128643    0.0037406594358            146178.           4617752.         145543890.      -0.0021434466      -0.0022659732          144546.58494
  50 247.5000      0.00664766    0.0037409957375            144814.           4595744.         145237050.      -0.0041636507      -0.0041903948          143857.68237
  51 252.5000      0.01018958    0.0037636306063            144086.           4556608.         144258886.       0.0012106948       0.0011082089          142632.63279
  52 257.5000      0.00671318    0.0037817242680            141730.           4497579.         142550430.      -0.0011697277      -0.0012133752          140784.88515
  53 262.5000      0.00949791    0.0038177802331            139836.           4425235.         140344190.       0.0022538357       0.0021685129          138520.34644
  54 267.5000      0.00165588    0.0038371424236            136286.           4346658.         137831962.      -0.0057929040      -0.0057622656          136060.70006
  55 272.5000      0.00864402    0.0038907261321            134414.           4257252.         135041454.       0.0015768222       0.0015044755          133262.08030
  56 277.5000      0.00357853    0.0039241825809            130808.           4163952.         132127010.      -0.0031825170      -0.0031851859          130341.56912
